3e-10 4e-10 1e-09 1.5e-09 1.8e-09 2e-09 2.1e-09 2.8000000000000003e-09 3.2e-09 3.6e-09 4.7e-09 5.2e-09 5.6000000000000005e-09 6.1e-09 6.4e-09 70
2e-10 3e-10 5e-10 1e-09 1.5e-09 1.8e-09 2e-09 2.1e-09 2.6e-09 2.8000000000000003e-09 4.6e-09 4.8e-09 5.3e-09 5.8e-09 6.4e-09 70
1e-10 3e-10 5e-10 1e-09 1.5e-09 2e-09 2.1e-09 2.6e-09 3.7e-09 4.7e-09 4.8e-09 5.6000000000000005e-09 5.8e-09 6.4e-09 72
3e-10 4e-10 1e-09 1.5e-09 1.8e-09 2e-09 2.1e-09 4.7e-09 4.8e-09 5.6000000000000005e-09 5.8e-09 6.4e-09 69
3e-10 4e-10 1e-09 1.5e-09 6.572645575822122e-163 3.3e-09 4.6e-09 5e-09 5.6000000000000005e-09 5.8e-09 6.4e-09 70
3e-10 1e-09 1.5e-09 1.7000000000000001e-09 2.1e-09 2.9e-09 4.5e-09 4.6e-09 4.8e-09 5.6000000000000005e-09 5.8e-09 6.6e-09 70
3e-10 5e-10 1e-09 1.5e-09 1.8e-09 2e-09 2.1e-09 2.8000000000000003e-09 0.88 4.6e-09 4.8e-09 5.6000000000000005e-09 5.8e-09 6.3e-09 6.4e-09 70
3e-10 5e-10 1e-09 1.5e-09 1.8e-09 2e-09 2.1e-09 2.8000000000000003e-09 3.2e-09 3.4000000000000003e-09 4.7e-09 4.8e-09 5.6000000000000005e-09 6.1e-09 6.4e-09 70
1e-10 3e-10 1e-09 1.5e-09 1.9e-09 2e-09 2.1e-09 4.1e-09 4.7e-09 5e-09 5.6000000000000005e-09 5.8e-09 6.4e-09 72
3e-10 4e-10 1e-09 1.5e-09 1.8e-09 2e-09 2.1e-09 2.8000000000000003e-09 3.9e-09 4.7e-09 4.8e-09 5.6000000000000005e-09 6.1e-09 6.4e-09 70
3e-10 1.7661901320212034e-120 1e-09 1.5e-09 6.0555090240726976e-120 2.9e-09 4.7e-09 4.8e-09 5.6000000000000005e-09 1.4886459684178715e-119 6.4e-09 69
3e-10 4e-10 1e-09 1.5e-09 1.8e-09 2e-09 2.1e-09 2.8000000000000003e-09 3.2e-09 4.7e-09 5.2e-09 5.3e-09 6.1e-09 6.4e-09 70
3e-10 5e-10 1e-09 1.5e-09 1.8e-09 2e-09 2.1e-09 2.9e-09 3.3e-09 4.6e-09 4.8e-09 5.6000000000000005e-09 5.8e-09 6.4e-09 70
3e-10 1.7661901320212034e-120 1e-09 1.5e-09 2.1e-09 2.9e-09 3.3e-09 4.6e-09 4.8e-09 5.6000000000000005e-09 5.8e-09 6.4e-09 70
3e-10 4e-10 1e-09 1.5e-09 1.8e-09 2e-09 2.1e-09 4.7e-09 5e-09 2.769112602628764e-217 6.1e-09 6.4e-09 69
3e-10 4e-10 1e-09 1.5e-09 1.8e-09 2e-09 2.1e-09 4.7e-09 2.9745961454720563e-301 2.769112602628764e-217 5.8e-09 6.4e-09 69
2e-10 3e-10 5e-10 1e-09 1.5e-09 1.8e-09 2e-09 2.1e-09 2.6e-09 2.8000000000000003e-09 4.7e-09 4.9e-09 5.6000000000000005e-09 6.1e-09 6.4e-09 70
3e-10 5e-10 1e-09 1.5e-09 1.8e-09 2e-09 2.1e-09 2.6e-09 2.9e-09 4.6e-09 4.8e-09 5.6000000000000005e-09 5.8e-09 6.4e-09 70
3e-10 4e-10 1e-09 1.5e-09 1.8e-09 2e-09 2.1e-09 2.8000000000000003e-09 4.7e-09 4.8e-09 5.6000000000000005e-09 5.8e-09 6.4e-09 70
3e-10 5e-10 1e-09 1.5e-09 1.8e-09 2.1e-09 2.8000000000000003e-09 3.2e-09 4.7e-09 4.8e-09 5.6000000000000005e-09 6.1e-09 6.3e-09 6.4e-09 70
3e-10 5e-10 1e-09 1.5e-09 1.8e-09 2e-09 2.1e-09 2.9e-09 4.7e-09 4.9e-09 5.6000000000000005e-09 6.1e-09 6.4e-09 70
2e-10 3e-10 4e-10 1e-09 1.5e-09 2.1e-09 0.8 4.6e-09 4.8e-09 5.6000000000000005e-09 5.8e-09 6.4e-09 68
3e-10 5e-10 1e-09 1.5e-09 1.8e-09 2e-09 2.1e-09 2.9e-09 4.5e-09 4.6e-09 4.8e-09 5.6000000000000005e-09 5.8e-09 6.4e-09 70
3e-10 6e-10 1.4000000000000001e-09 1.5e-09 2.1e-09 4.5e-09 4.6e-09 4.8e-09 5.6000000000000005e-09 5.8e-09 6.4e-09 70
3e-10 1e-09 1.5e-09 6.572645575822122e-163 1.3771305240110931e-155 2.1422030373505895e-155 4.7e-09 2.9745961454720563e-301 5.6000000000000005e-09 5.8e-09 6.4e-09 69
3e-10 6e-10 1.4000000000000001e-09 1.5e-09 2.1e-09 3.3e-09 3.5000000000000003e-09 4.5e-09 4.6e-09 5e-09 5.6000000000000005e-09 5.8e-09 6.4e-09 70
2e-10 3e-10 5e-10 1e-09 1.5e-09 1.7000000000000001e-09 2.1e-09 2.8000000000000003e-09 3.2e-09 4.7e-09 5e-09 5.6000000000000005e-09 6.1e-09 6.4e-09 70
3e-10 4e-10 1e-09 1.5e-09 1.8e-09 2e-09 2.1e-09 3.6e-09 4.7e-09 4.8e-09 5.6000000000000005e-09 6.1e-09 6.4e-09 69
3e-10 5e-10 1e-09 1.5e-09 1.8e-09 2e-09 2.1e-09 2.6e-09 2.8000000000000003e-09 4.7e-09 4.8e-09 5.6000000000000005e-09 6.1e-09 6.4e-09 70
3e-10 0.16 1e-09 1.5e-09 0.44 4.6e-09 4.8e-09 5.3e-09 5.8e-09 6.4e-09 68
3e-10 4e-10 1e-09 1.5e-09 1.8e-09 2e-09 2.1e-09 4.7e-09 5e-09 5.6000000000000005e-09 5.8e-09 6.4e-09 69
3e-10 4e-10 1e-09 1.5e-09 1.8e-09 2e-09 2.1e-09 2.8000000000000003e-09 3.2e-09 4.6e-09 5e-09 5.6000000000000005e-09 5.8e-09 6.4e-09 70
3e-10 5e-10 1e-09 1.5e-09 1.8e-09 2e-09 2.1e-09 2.8000000000000003e-09 3.2e-09 3.4000000000000003e-09 3.6e-09 4.7e-09 4.8e-09 5.6000000000000005e-09 6.1e-09 6.4e-09 70
3e-10 5e-10 1e-09 1.6e-09 1.7000000000000001e-09 2.1e-09 2.9e-09 4.7e-09 5e-09 5.6000000000000005e-09 6.1e-09 6.2e-09 6.4e-09 73
2e-10 3e-10 5e-10 1e-09 1.5e-09 1.8e-09 2e-09 2.1e-09 2.6e-09 2.8000000000000003e-09 4.7e-09 4.9e-09 5.6000000000000005e-09 5.8e-09 6.4e-09 70
3e-10 5e-10 1e-09 1.5e-09 1.8e-09 2e-09 2.1e-09 2.8000000000000003e-09 3.2e-09 3.4000000000000003e-09 3.6e-09 4.7e-09 4.8e-09 5.6000000000000005e-09 5.8e-09 6.4e-09 70
3e-10 5e-10 1e-09 1.5e-09 1.8e-09 2e-09 2.1e-09 2.8000000000000003e-09 4.7e-09 4.8e-09 5.6000000000000005e-09 5.8e-09 6.4e-09 70
3e-10 5e-10 1e-09 1.5e-09 1.8e-09 2e-09 2.1e-09 2.9e-09 4.5e-09 4.6e-09 5.2e-09 5.6000000000000005e-09 5.8e-09 6.4e-09 70
3e-10 5e-10 1e-09 1.5e-09 1.8e-09 2e-09 2.1e-09 2.8000000000000003e-09 4.7e-09 4.8e-09 5.6000000000000005e-09 6.1e-09 6.4e-09 70
3e-10 4e-10 1e-09 1.5e-09 1.8e-09 2e-09 2.1e-09 3.4000000000000003e-09 3.6e-09 4.7e-09 5e-09 5.6000000000000005e-09 6.1e-09 6.4e-09 69
3e-10 1e-09 1.5e-09 6.572645575822122e-163 1.3771305240110931e-155 4.7e-09 5e-09 5.6000000000000005e-09 5.8e-09 6.4e-09 69
3e-10 1e-09 1.5e-09 1.8e-09 2e-09 2.1e-09 2.9e-09 3.4000000000000003e-09 3.6e-09 4.7e-09 4.8e-09 5.6000000000000005e-09 6.1e-09 6.4e-09 70
2e-10 3e-10 5e-10 1e-09 1.6e-09 1.7000000000000001e-09 2.1e-09 2.8000000000000003e-09 4.6e-09 4.8e-09 5.6000000000000005e-09 5.8e-09 6.4e-09 73
3e-10 2.137730682577419e-266 1e-09 1.5e-09 1.8e-09 2e-09 2.1e-09 7.12576894192473e-266 4.6e-09 4.8e-09 5.6000000000000005e-09 5.8e-09 6.4e-09 70
3e-10 1e-09 1.5e-09 1.7000000000000001e-09 2.1e-09 2.9e-09 3.5000000000000003e-09 4.6e-09 5.2e-09 5.6000000000000005e-09 5.8e-09 6.6e-09 70
3e-10 5e-10 1e-09 1.5e-09 1.8e-09 2e-09 2.1e-09 2.6e-09 2.8000000000000003e-09 3.9e-09 4.6e-09 4.8e-09 5.6000000000000005e-09 5.8e-09 6.4e-09 70
3e-10 5e-10 1e-09 1.5e-09 1.8e-09 2e-09 2.1e-09 2.8000000000000003e-09 3.2e-09 4.7e-09 4.8e-09 5.6000000000000005e-09 5.8e-09 6.4e-09 70
3e-10 1e-09 1.5e-09 1.8e-09 2e-09 2.1e-09 2.9e-09 3.4000000000000003e-09 3.6e-09 4.7e-09 4.8e-09 5.6000000000000005e-09 5.8e-09 6.4e-09 70
3e-10 4e-10 1e-09 1.5e-09 1.8e-09 2e-09 2.1e-09 2.8000000000000003e-09 4.6e-09 4.8e-09 5.6000000000000005e-09 5.8e-09 6.4e-09 1.34 70
1e-10 3e-10 5e-10 1e-09 1.5e-09 2e-09 2.1e-09 2.6e-09 3.7e-09 4.7e-09 4.9e-09 5.6000000000000005e-09 5.8e-09 6.4e-09 72
3e-10 5e-10 1e-09 1.5e-09 1.8e-09 2e-09 2.1e-09 2.8000000000000003e-09 3.2e-09 4.7e-09 4.8e-09 5.6000000000000005e-09 5.8e-09 6.2e-09 6.4e-09 70
3e-10 4e-10 1e-09 1.5e-09 1.8e-09 2e-09 2.1e-09 2.8000000000000003e-09 3.2e-09 3.4000000000000003e-09 3.6e-09 4.7e-09 4.8e-09 5.6000000000000005e-09 5.8e-09 6.4e-09 70
3e-10 4e-10 1e-09 1.5e-09 1.8e-09 2e-09 2.1e-09 2.8000000000000003e-09 3.2e-09 4.7e-09 5.2e-09 5.3e-09 6.1e-09 6.4e-09 70
3e-10 5e-10 1e-09 1.5e-09 1.8e-09 2e-09 2.1e-09 2.8000000000000003e-09 3.2e-09 3.6e-09 4.7e-09 4.8e-09 5.6000000000000005e-09 6.1e-09 6.4e-09 70
2e-10 3e-10 5e-10 1e-09 1.5e-09 1.8e-09 2e-09 2.1e-09 2.6e-09 2.8000000000000003e-09 4.6e-09 4.8e-09 5.6000000000000005e-09 5.8e-09 6.4e-09 70
3e-10 5e-10 1e-09 1.5e-09 1.8e-09 2e-09 2.1e-09 2.8000000000000003e-09 3.9e-09 4.6e-09 4.8e-09 5.6000000000000005e-09 5.8e-09 6.4e-09 70
3e-10 2.137730682577419e-266 1e-09 1.5e-09 1.8e-09 2e-09 2.1e-09 7.12576894192473e-266 4.6e-09 4.8e-09 5.6000000000000005e-09 5.8e-09 6.4e-09 70
2e-10 3e-10 5e-10 1e-09 1.5e-09 1.7000000000000001e-09 2.1e-09 2.8000000000000003e-09 4.6e-09 2.9745961454720563e-301 5.6000000000000005e-09 5.8e-09 6.4e-09 70
3e-10 1.7661901320212034e-120 1e-09 1.5e-09 6.0555090240726976e-120 2.9e-09 3.3e-09 4.7e-09 4.8e-09 5.6000000000000005e-09 1.4886459684178715e-119 6.4e-09 69
3e-10 4e-10 1e-09 1.5e-09 1.8e-09 2e-09 2.1e-09 2.8000000000000003e-09 4.5e-09 4.6e-09 5.2e-09 5.6000000000000005e-09 5.8e-09 6.4e-09 70
3e-10 5e-10 1e-09 1.5e-09 1.8e-09 2e-09 2.1e-09 2.6e-09 2.8000000000000003e-09 3.4000000000000003e-09 3.6e-09 3.9e-09 4.7e-09 4.8e-09 5.6000000000000005e-09 6.1e-09 6.4e-09 70
3e-10 5e-10 1e-09 1.5e-09 1.8e-09 2e-09 2.1e-09 2.6e-09 2.8000000000000003e-09 4.5e-09 4.6e-09 4.8e-09 5.6000000000000005e-09 5.8e-09 6.4e-09 70
3e-10 5e-10 1e-09 1.5e-09 1.7000000000000001e-09 2.1e-09 2.9e-09 3.3e-09 4.6e-09 4.8e-09 5.6000000000000005e-09 5.8e-09 6.4e-09 70
3e-10 1.7661901320212034e-120 1e-09 1.5e-09 6.0555090240726976e-120 2.9e-09 4.6e-09 5e-09 5.6000000000000005e-09 5.8e-09 6.4e-09 69
1e-10 3e-10 5e-10 1e-09 1.5e-09 2e-09 2.1e-09 2.6e-09 3.7e-09 4.6e-09 4.8e-09 5.6000000000000005e-09 5.8e-09 6.4e-09 72
3e-10 1e-09 1.5e-09 1.8e-09 2e-09 2.1e-09 2.9e-09 3.9e-09 4.7e-09 4.8e-09 5.6000000000000005e-09 5.8e-09 6.4e-09 70
3e-10 6e-10 1.4000000000000001e-09 1.5e-09 2.1e-09 3.3e-09 3.5000000000000003e-09 4.6e-09 5.2e-09 5.6000000000000005e-09 5.8e-09 6.6e-09 70
3e-10 5e-10 1e-09 1.5e-09 1.8e-09 2e-09 2.1e-09 2.8000000000000003e-09 4.7e-09 4.8e-09 5.6000000000000005e-09 5.8e-09 6.4e-09 70
3e-10 4e-10 1e-09 1.5e-09 1.8e-09 2e-09 2.1e-09 3.6e-09 4.7e-09 5e-09 2.769112602628764e-217 5.8e-09 6.4e-09 69
1e-10 3e-10 5e-10 1e-09 1.5e-09 2e-09 2.1e-09 2.6e-09 4.1e-09 4.7e-09 5e-09 5.6000000000000005e-09 5.8e-09 6.4e-09 72
3e-10 5e-10 1e-09 1.5e-09 1.7000000000000001e-09 2.1e-09 2.9e-09 3.3e-09 4.6e-09 4.8e-09 5.6000000000000005e-09 5.8e-09 6.5e-09 70
1e-10 3e-10 5e-10 1e-09 1.5e-09 2e-09 2.1e-09 2.6e-09 3.7e-09 4.7e-09 5e-09 5.6000000000000005e-09 6.1e-09 6.4e-09 72
3e-10 1.7661901320212034e-120 1e-09 1.5e-09 6.0555090240726976e-120 2.9e-09 3.3e-09 4.7e-09 4.8e-09 5.6000000000000005e-09 1.4886459684178715e-119 6.4e-09 69
3e-10 4e-10 1e-09 1.5e-09 1.8e-09 2e-09 2.1e-09 2.8000000000000003e-09 3.4000000000000003e-09 3.6e-09 4.7e-09 4.8e-09 5.6000000000000005e-09 5.8e-09 6.4e-09 70
3e-10 5e-10 1e-09 1.5e-09 1.8e-09 2e-09 2.1e-09 2.8000000000000003e-09 3.2e-09 4.7e-09 4.8e-09 5.6000000000000005e-09 5.8e-09 6.4e-09 70
3e-10 5e-10 1e-09 1.5e-09 1.7000000000000001e-09 2.1e-09 2.9e-09 4.6e-09 5.2e-09 5.6000000000000005e-09 5.8e-09 6.6e-09 70
3e-10 4e-10 1e-09 1.5e-09 1.8e-09 2e-09 2.1e-09 2.8000000000000003e-09 3.2e-09 4.7e-09 4.8e-09 5.6000000000000005e-09 6.1e-09 6.2e-09 6.4e-09 70
3e-10 4e-10 1e-09 1.5e-09 1.8e-09 2e-09 2.1e-09 2.8000000000000003e-09 3.2e-09 3.4000000000000003e-09 3.6e-09 4.7e-09 4.8e-09 5.6000000000000005e-09 5.8e-09 6.4e-09 70
3e-10 5e-10 1e-09 1.5e-09 1.7000000000000001e-09 2.1e-09 2.9e-09 3.4000000000000003e-09 3.6e-09 3.9e-09 4.7e-09 4.8e-09 5.6000000000000005e-09 6.1e-09 6.4e-09 70
3e-10 5e-10 1e-09 1.5e-09 6.572645575822122e-163 2.9e-09 4.6e-09 4.8e-09 5.6000000000000005e-09 5.8e-09 6.4e-09 70
1e-10 3e-10 5e-10 1e-09 1.5e-09 2e-09 2.1e-09 2.6e-09 4.1e-09 4.6e-09 5e-09 5.6000000000000005e-09 5.8e-09 6.4e-09 72
3e-10 5e-10 1e-09 1.5e-09 1.8e-09 2e-09 2.1e-09 2.9e-09 4.5e-09 4.6e-09 4.8e-09 5.6000000000000005e-09 5.8e-09 6.4e-09 70
3e-10 5e-10 1e-09 1.5e-09 1.8e-09 2e-09 2.1e-09 2.8000000000000003e-09 3.2e-09 4.6e-09 4.8e-09 5.6000000000000005e-09 5.8e-09 6.4e-09 70
1e-10 3e-10 5e-10 1e-09 1.5e-09 1.8e-09 2e-09 2.1e-09 2.6e-09 4.6e-09 5e-09 5.6000000000000005e-09 5.8e-09 6.4e-09 72
3e-10 5e-10 1e-09 1.5e-09 1.8e-09 2e-09 2.1e-09 2.8000000000000003e-09 3.6e-09 4.7e-09 5e-09 5.6000000000000005e-09 5.8e-09 6.4e-09 70
3e-10 5e-10 1e-09 1.5e-09 1.7000000000000001e-09 2.1e-09 2.9e-09 3.9e-09 4.6e-09 4.8e-09 5.6000000000000005e-09 5.8e-09 6.4e-09 70
3e-10 4e-10 1e-09 1.5e-09 1.8e-09 2e-09 2.1e-09 2.8000000000000003e-09 4.6e-09 4.8e-09 5.3e-09 5.8e-09 6.4e-09 70
3e-10 5e-10 1e-09 1.6e-09 1.7000000000000001e-09 2.1e-09 2.9e-09 3.5000000000000003e-09 4.5e-09 4.6e-09 5.2e-09 5.6000000000000005e-09 5.8e-09 6.6e-09 73
3e-10 4e-10 1e-09 1.5e-09 1.8e-09 2e-09 2.1e-09 3.6e-09 4.7e-09 4.8e-09 5.6000000000000005e-09 6.1e-09 6.4e-09 69
2e-10 3e-10 5e-10 1e-09 1.5e-09 1.7000000000000001e-09 2.1e-09 2.8000000000000003e-09 4.6e-09 2.9745961454720563e-301 5.6000000000000005e-09 5.8e-09 6.4e-09 70
3e-10 5e-10 1e-09 1.5e-09 6.572645575822122e-163 2.9e-09 4.6e-09 4.8e-09 5.6000000000000005e-09 5.8e-09 6.4e-09 70
3e-10 5e-10 1e-09 1.5e-09 1.8e-09 2e-09 2.1e-09 2.8000000000000003e-09 3.6e-09 4.7e-09 4.8e-09 5.6000000000000005e-09 6.1e-09 6.2e-09 6.4e-09 70
3e-10 5e-10 1e-09 1.5e-09 1.8e-09 2.1e-09 2.8000000000000003e-09 4.6e-09 4.8e-09 5.6000000000000005e-09 5.8e-09 6.4e-09 70
2e-10 3e-10 5e-10 1e-09 1.5e-09 1.8e-09 2e-09 2.1e-09 2.6e-09 2.8000000000000003e-09 4.6e-09 4.8e-09 5.6000000000000005e-09 5.8e-09 6.4e-09 70
3e-10 2.137730682577419e-266 1e-09 1.5e-09 1.8e-09 2e-09 2.1e-09 7.12576894192473e-266 4.7e-09 4.8e-09 5.6000000000000005e-09 6.1e-09 6.4e-09 69
3e-10 1e-09 1.5e-09 1.7000000000000001e-09 2.1e-09 2.9e-09 4.5e-09 4.6e-09 4.8e-09 5.6000000000000005e-09 5.8e-09 6.4e-09 70
3e-10 5e-10 1e-09 1.5e-09 1.8e-09 2e-09 2.1e-09 2.6e-09 2.8000000000000003e-09 3.9e-09 4.6e-09 4.8e-09 5.6000000000000005e-09 5.8e-09 6.4e-09 70
3e-10 5e-10 1e-09 1.5e-09 1.8e-09 2e-09 2.1e-09 2.8000000000000003e-09 3.2e-09 3.6e-09 4.7e-09 4.8e-09 5.6000000000000005e-09 5.8e-09 6.4e-09 70
3e-10 4e-10 1e-09 1.5e-09 1.8e-09 2e-09 2.1e-09 2.8000000000000003e-09 4.6e-09 4.8e-09 5.3e-09 5.8e-09 6.4e-09 70
3e-10 4e-10 1e-09 1.5e-09 1.8e-09 2e-09 2.1e-09 2.8000000000000003e-09 3.2e-09 3.6e-09 4.7e-09 4.8e-09 5.6000000000000005e-09 6.1e-09 6.2e-09 6.4e-09 70
3e-10 5e-10 1e-09 1.5e-09 1.8e-09 2.1e-09 2.8000000000000003e-09 4.6e-09 4.8e-09 5.6000000000000005e-09 5.8e-09 6.4e-09 70
3e-10 1e-09 1.5e-09 1.8e-09 2e-09 2.1e-09 2.9e-09 4.7e-09 4.8e-09 5.3e-09 5.8e-09 6.4e-09 70
3e-10 4e-10 1e-09 1.5e-09 1.8e-09 2e-09 2.1e-09 2.8000000000000003e-09 3.2e-09 4.7e-09 4.8e-09 5.6000000000000005e-09 5.8e-09 6.2e-09 6.4e-09 70
3e-10 5e-10 1e-09 1.6e-09 1.7000000000000001e-09 2.1e-09 2.9e-09 4.6e-09 5.2e-09 5.6000000000000005e-09 5.8e-09 6.2e-09 6.4e-09 73
3e-10 5e-10 1e-09 1.5e-09 1.8e-09 2e-09 2.1e-09 2.8000000000000003e-09 4.7e-09 4.8e-09 5.6000000000000005e-09 6.1e-09 6.4e-09 70
3e-10 5e-10 1e-09 1.5e-09 1.8e-09 2.1e-09 2.8000000000000003e-09 4.7e-09 5e-09 5.6000000000000005e-09 5.8e-09 6.4e-09 70
2e-10 3e-10 5e-10 1e-09 1.5e-09 1.8e-09 2e-09 2.1e-09 2.6e-09 2.8000000000000003e-09 4.6e-09 4.8e-09 5.3e-09 5.8e-09 6.4e-09 70
2e-10 3e-10 5e-10 1e-09 1.5e-09 1.8e-09 2e-09 2.1e-09 2.6e-09 2.8000000000000003e-09 4.6e-09 4.8e-09 5.3e-09 5.8e-09 6.4e-09 70
3e-10 4e-10 1e-09 1.5e-09 1.8e-09 2e-09 2.1e-09 2.8000000000000003e-09 4.5e-09 4.6e-09 5.2e-09 5.3e-09 5.8e-09 6.4e-09 70
3e-10 5e-10 1e-09 1.5e-09 1.8e-09 2e-09 2.1e-09 2.9e-09 4.6e-09 5.2e-09 5.3e-09 5.8e-09 6.4e-09 70
3e-10 4e-10 1e-09 1.5e-09 1.8e-09 2e-09 2.1e-09 4.7e-09 4.8e-09 5.6000000000000005e-09 5.8e-09 6.4e-09 69
3e-10 5e-10 1e-09 1.5e-09 1.8e-09 2e-09 2.1e-09 2.9e-09 4.5e-09 4.6e-09 4.8e-09 5.3e-09 5.8e-09 6.4e-09 70
3e-10 5e-10 1e-09 1.5e-09 1.8e-09 2e-09 2.1e-09 2.8000000000000003e-09 4.7e-09 4.8e-09 5.6000000000000005e-09 6.1e-09 6.4e-09 70
3e-10 4e-10 1e-09 1.5e-09 1.8e-09 2e-09 2.1e-09 2.8000000000000003e-09 3.5000000000000003e-09 4.6e-09 5.2e-09 5.6000000000000005e-09 5.8e-09 6.4e-09 70
3e-10 4e-10 1e-09 1.5e-09 1.8e-09 2e-09 2.1e-09 4.7e-09 5e-09 5.6000000000000005e-09 6.1e-09 6.4e-09 69
3e-10 4e-10 1e-09 1.5e-09 1.8e-09 2e-09 2.1e-09 2.8000000000000003e-09 3.4000000000000003e-09 3.6e-09 4.7e-09 4.8e-09 5.6000000000000005e-09 5.8e-09 6.4e-09 70
3e-10 5e-10 1e-09 1.5e-09 1.8e-09 2e-09 2.1e-09 2.8000000000000003e-09 3.6e-09 4.7e-09 5e-09 5.6000000000000005e-09 5.8e-09 6.4e-09 70
3e-10 4e-10 1e-09 1.5e-09 1.8e-09 2e-09 2.1e-09 3.4000000000000003e-09 3.6e-09 4.7e-09 4.8e-09 5.6000000000000005e-09 5.8e-09 6.4e-09 69
3e-10 1.7661901320212034e-120 1e-09 1.5e-09 6.0555090240726976e-120 2.9e-09 3.3e-09 4.7e-09 4.8e-09 5.6000000000000005e-09 1.4886459684178715e-119 6.4e-09 69
3e-10 5e-10 1e-09 1.6e-09 1.7000000000000001e-09 2.1e-09 2.9e-09 4.7e-09 5e-09 5.6000000000000005e-09 6.1e-09 6.2e-09 6.4e-09 73
3e-10 5e-10 1e-09 1.5e-09 1.8e-09 2e-09 2.1e-09 2.6e-09 2.8000000000000003e-09 4.7e-09 4.8e-09 5.6000000000000005e-09 6.1e-09 6.4e-09 70
3e-10 4e-10 1e-09 1.5e-09 1.8e-09 2e-09 2.1e-09 2.8000000000000003e-09 4.7e-09 4.8e-09 5.6000000000000005e-09 5.8e-09 6.4e-09 70
3e-10 5e-10 1e-09 1.5e-09 1.8e-09 2.1e-09 2.8000000000000003e-09 3.6e-09 4.7e-09 4.8e-09 5.6000000000000005e-09 5.8e-09 6.4e-09 70
3e-10 6e-10 1.4000000000000001e-09 1.5e-09 2.1e-09 3.5000000000000003e-09 4.6e-09 5.2e-09 5.6000000000000005e-09 5.8e-09 6.6e-09 70
3e-10 1e-09 1.5e-09 1.8e-09 2e-09 2.1e-09 2.9e-09 3.9e-09 4.7e-09 4.8e-09 5.6000000000000005e-09 5.8e-09 6.4e-09 70
3e-10 6e-10 1.4000000000000001e-09 1.5e-09 2.1e-09 3.5000000000000003e-09 4.6e-09 5.2e-09 5.6000000000000005e-09 5.8e-09 6.5e-09 70
3e-10 6e-10 1.4000000000000001e-09 1.5e-09 2.1e-09 3.5000000000000003e-09 4.6e-09 5.2e-09 5.6000000000000005e-09 5.8e-09 6.6e-09 70
3e-10 4e-10 1e-09 1.5e-09 1.8e-09 2e-09 2.1e-09 4.7e-09 5e-09 5.6000000000000005e-09 6.1e-09 6.4e-09 69
3e-10 6e-10 1.4000000000000001e-09 1.5e-09 2.1e-09 4.5e-09 4.6e-09 4.8e-09 5.6000000000000005e-09 5.8e-09 6.4e-09 70
2e-10 3e-10 5e-10 1e-09 1.5e-09 1.7000000000000001e-09 2.1e-09 2.8000000000000003e-09 4.6e-09 4.8e-09 5.6000000000000005e-09 5.8e-09 6.4e-09 70
2e-10 3e-10 5e-10 1e-09 1.5e-09 1.7000000000000001e-09 2.1e-09 2.8000000000000003e-09 4.6e-09 2.9745961454720563e-301 5.6000000000000005e-09 5.8e-09 6.4e-09 70
3e-10 4e-10 1e-09 1.5e-09 1.8e-09 2e-09 2.1e-09 2.8000000000000003e-09 3.9e-09 4.7e-09 4.8e-09 5.6000000000000005e-09 6.1e-09 6.4e-09 70
3e-10 5e-10 1e-09 1.5e-09 1.7000000000000001e-09 2.1e-09 2.9e-09 3.4000000000000003e-09 3.6e-09 3.9e-09 4.7e-09 4.8e-09 5.5000000000000004e-09 5.8e-09 6.4e-09 70
3e-10 1e-09 1.5e-09 1.9e-09 2e-09 2.1e-09 2.9e-09 4.7e-09 4.8e-09 5.6000000000000005e-09 6.1e-09 6.2e-09 6.4e-09 70
3e-10 1e-09 1.5e-09 1.7000000000000001e-09 2.1e-09 2.9e-09 4.5e-09 4.6e-09 4.8e-09 5.6000000000000005e-09 5.8e-09 6.4e-09 70
3e-10 4e-10 1e-09 1.5e-09 1.8e-09 2e-09 2.1e-09 2.8000000000000003e-09 4.7e-09 5e-09 5.6000000000000005e-09 6.1e-09 6.4e-09 70
1e-10 3e-10 1e-09 1.5e-09 1.9e-09 2e-09 2.1e-09 4.1e-09 4.6e-09 4.8e-09 5.3e-09 5.8e-09 6.4e-09 72
3e-10 6e-10 1.4000000000000001e-09 1.5e-09 2.1e-09 3.5000000000000003e-09 4.6e-09 5.2e-09 5.6000000000000005e-09 5.8e-09 6.4e-09 70
3e-10 4e-10 1e-09 1.5e-09 1.8e-09 2e-09 2.1e-09 2.8000000000000003e-09 3.4000000000000003e-09 3.6e-09 4.7e-09 5e-09 5.6000000000000005e-09 5.8e-09 6.4e-09 70
3e-10 4e-10 1e-09 1.5e-09 1.8e-09 2e-09 2.1e-09 2.8000000000000003e-09 3.6e-09 4.7e-09 4.8e-09 5.6000000000000005e-09 6.1e-09 6.2e-09 6.4e-09 70
3e-10 4e-10 4.053425294860146e-264 1.5e-09 1.7000000000000001e-09 2.1e-09 4.6e-09 4.8e-09 5.6000000000000005e-09 5.8e-09 6.4e-09 70
3e-10 4e-10 1e-09 1.5e-09 1.8e-09 2e-09 2.1e-09 2.8000000000000003e-09 3.4000000000000003e-09 4.6e-09 4.8e-09 5.6000000000000005e-09 5.8e-09 6.4e-09 70
3e-10 6e-10 1e-09 1.5e-09 2.1e-09 2.9e-09 4.6e-09 4.8e-09 5.6000000000000005e-09 5.8e-09 6.4e-09 70
3e-10 5e-10 1e-09 1.5e-09 1.7000000000000001e-09 2.1e-09 2.9e-09 3.4000000000000003e-09 3.6e-09 3.9e-09 4.7e-09 4.8e-09 5.5000000000000004e-09 5.8e-09 6.4e-09 70
3e-10 5e-10 1e-09 1.5e-09 1.8e-09 2e-09 2.1e-09 2.8000000000000003e-09 3.2e-09 3.6e-09 4.7e-09 4.8e-09 5.6000000000000005e-09 5.8e-09 6.4e-09 70
3e-10 4e-10 1e-09 1.5e-09 1.8e-09 2e-09 2.1e-09 2.8000000000000003e-09 3.4000000000000003e-09 3.6e-09 4.7e-09 5e-09 5.6000000000000005e-09 5.8e-09 6.4e-09 70
3e-10 5e-10 1e-09 1.5e-09 1.8e-09 2e-09 2.1e-09 2.8000000000000003e-09 3.9e-09 4.6e-09 4.8e-09 5.6000000000000005e-09 5.8e-09 6.4e-09 70
3e-10 5e-10 1e-09 1.5e-09 1.8e-09 2.1e-09 2.8000000000000003e-09 3.6e-09 4.7e-09 4.8e-09 5.6000000000000005e-09 6.1e-09 6.4e-09 70
3e-10 1e-09 1.5e-09 6.572645575822122e-163 1.3771305240110931e-155 2.1422030373505895e-155 4.7e-09 5e-09 5.6000000000000005e-09 5.8e-09 6.4e-09 69
3e-10 4e-10 1e-09 1.5e-09 1.8e-09 2e-09 2.1e-09 2.8000000000000003e-09 3.6e-09 4.7e-09 5.2e-09 5.3e-09 5.8e-09 6.4e-09 70
3e-10 5e-10 1e-09 1.5e-09 1.8e-09 2.1e-09 2.8000000000000003e-09 4.6e-09 4.8e-09 5.6000000000000005e-09 5.8e-09 6.4e-09 70
3e-10 5e-10 1e-09 1.6e-09 1.7000000000000001e-09 2.1e-09 2.9e-09 4.7e-09 5e-09 5.6000000000000005e-09 6.1e-09 6.2e-09 6.4e-09 73
3e-10 4e-10 1e-09 1.5e-09 1.8e-09 2e-09 2.1e-09 3.4000000000000003e-09 3.6e-09 4.7e-09 5e-09 5.6000000000000005e-09 5.8e-09 6.4e-09 69
3e-10 5e-10 1e-09 1.5e-09 1.8e-09 2.1e-09 2.8000000000000003e-09 3.4000000000000003e-09 4.7e-09 4.8e-09 5.6000000000000005e-09 5.8e-09 6.4e-09 70
3e-10 5e-10 1e-09 1.5e-09 1.8e-09 2e-09 2.1e-09 2.8000000000000003e-09 3.4000000000000003e-09 4.6e-09 4.8e-09 5.6000000000000005e-09 5.8e-09 6.4e-09 70
3e-10 4e-10 1e-09 1.5e-09 1.8e-09 2e-09 2.1e-09 2.8000000000000003e-09 4.7e-09 5.2e-09 5.6000000000000005e-09 5.8e-09 6.4e-09 70
3e-10 1e-09 1.5e-09 1.8e-09 2e-09 2.1e-09 2.9e-09 4.6e-09 4.8e-09 5.6000000000000005e-09 5.8e-09 6.4e-09 70
2e-10 3e-10 5e-10 1e-09 1.5e-09 1.7000000000000001e-09 2.1e-09 2.8000000000000003e-09 4.6e-09 4.8e-09 5.6000000000000005e-09 5.8e-09 6.4e-09 70
1e-10 3e-10 5e-10 1e-09 1.5e-09 2e-09 2.1e-09 2.6e-09 3.7e-09 4.6e-09 4.8e-09 5.6000000000000005e-09 5.8e-09 6.4e-09 72
3e-10 4e-10 1e-09 1.5e-09 1.8e-09 2e-09 2.1e-09 3.4000000000000003e-09 4.7e-09 4.8e-09 5.6000000000000005e-09 6.1e-09 6.4e-09 69
3e-10 5e-10 1e-09 1.5e-09 1.8e-09 2.1e-09 2.8000000000000003e-09 4.6e-09 5e-09 5.6000000000000005e-09 5.8e-09 6.4e-09 70
3e-10 4e-10 1e-09 1.5e-09 1.8e-09 2e-09 2.1e-09 2.8000000000000003e-09 3.6e-09 4.7e-09 5.2e-09 5.3e-09 5.8e-09 6.4e-09 70
3e-10 4e-10 1e-09 1.5e-09 1.8e-09 2e-09 2.1e-09 2.8000000000000003e-09 4.7e-09 5.2e-09 5.6000000000000005e-09 6.1e-09 6.4e-09 70
3e-10 5e-10 1e-09 1.5e-09 1.8e-09 2e-09 2.1e-09 2.9e-09 3.4000000000000003e-09 3.6e-09 3.9e-09 4.7e-09 4.8e-09 5.6000000000000005e-09 6.1e-09 6.4e-09 70
3e-10 5e-10 1e-09 1.5e-09 1.8e-09 2e-09 2.1e-09 2.9e-09 4.6e-09 5.2e-09 5.3e-09 5.8e-09 6.4e-09 70
3e-10 1e-09 1.5e-09 6.572645575822122e-163 1.3771305240110931e-155 4.7e-09 2.9745961454720563e-301 5.6000000000000005e-09 5.8e-09 6.4e-09 69
3e-10 5e-10 1e-09 1.5e-09 1.8e-09 2e-09 2.1e-09 2.8000000000000003e-09 4.6e-09 4.8e-09 5.6000000000000005e-09 5.8e-09 6.3e-09 6.4e-09 70
3e-10 5e-10 1e-09 1.5e-09 6.572645575822122e-163 2.9e-09 4.6e-09 5e-09 5.6000000000000005e-09 5.8e-09 6.4e-09 70
3e-10 4e-10 1e-09 1.5e-09 1.8e-09 2e-09 2.1e-09 2.8000000000000003e-09 3.2e-09 3.4000000000000003e-09 4.6e-09 5e-09 5.6000000000000005e-09 5.8e-09 6.4e-09 70
3e-10 5e-10 1e-09 1.5e-09 1.8e-09 2e-09 2.1e-09 2.8000000000000003e-09 3.2e-09 4.7e-09 4.8e-09 5.6000000000000005e-09 5.8e-09 6.2e-09 6.4e-09 70
2e-10 3e-10 5e-10 1e-09 1.6e-09 1.7000000000000001e-09 2.1e-09 2.8000000000000003e-09 3.3e-09 4.7e-09 4.8e-09 5.6000000000000005e-09 6.1e-09 6.4e-09 73
3e-10 4e-10 1e-09 1.5e-09 1.8e-09 2e-09 2.1e-09 2.8000000000000003e-09 4.7e-09 4.8e-09 5.6000000000000005e-09 5.8e-09 6.4e-09 70
3e-10 5e-10 1e-09 1.5e-09 1.8e-09 2e-09 2.1e-09 2.8000000000000003e-09 3.9e-09 4.6e-09 5e-09 5.6000000000000005e-09 5.8e-09 6.4e-09 1.34 70
1e-10 3e-10 5e-10 1e-09 1.5e-09 2e-09 2.1e-09 2.6e-09 3.4000000000000003e-09 4.1e-09 4.7e-09 4.8e-09 5.6000000000000005e-09 6.1e-09 6.4e-09 72
3e-10 5e-10 1e-09 1.5e-09 1.8e-09 2e-09 2.1e-09 2.6e-09 2.8000000000000003e-09 4.7e-09 4.8e-09 5.6000000000000005e-09 6.1e-09 6.4e-09 70
3e-10 4e-10 1e-09 1.5e-09 6.572645575822122e-163 3.3e-09 4.6e-09 5e-09 5.6000000000000005e-09 5.8e-09 6.4e-09 70
3e-10 6e-10 1e-09 1.5e-09 2.1e-09 2.9e-09 4.7e-09 5.2e-09 5.6000000000000005e-09 5.8e-09 6.4e-09 70
1e-10 3e-10 5e-10 1e-09 1.5e-09 2e-09 2.1e-09 2.6e-09 3.7e-09 4.6e-09 4.8e-09 5.6000000000000005e-09 5.8e-09 6.4e-09 72
3e-10 5e-10 1e-09 1.5e-09 1.7000000000000001e-09 2.1e-09 2.9e-09 4.6e-09 5.2e-09 5.3e-09 5.8e-09 6.4e-09 70
3e-10 1e-09 1.5e-09 1.8e-09 2e-09 2.1e-09 2.9e-09 3.4000000000000003e-09 3.6e-09 4.7e-09 4.8e-09 5.6000000000000005e-09 6.1e-09 6.4e-09 70
3e-10 5e-10 1e-09 1.6e-09 1.7000000000000001e-09 2.1e-09 2.9e-09 4.6e-09 4.8e-09 5.3e-09 5.8e-09 6.4e-09 73
3e-10 5e-10 1e-09 1.6e-09 1.7000000000000001e-09 2.1e-09 2.9e-09 4.6e-09 4.8e-09 5.3e-09 5.8e-09 6.4e-09 73
3e-10 1.7661901320212034e-120 1e-09 1.5e-09 6.0555090240726976e-120 2.9e-09 4.6e-09 4.9e-09 5.6000000000000005e-09 5.8e-09 6.4e-09 69
3e-10 4e-10 1e-09 1.5e-09 1.9e-09 2e-09 2.1e-09 2.9e-09 4.7e-09 4.8e-09 5.6000000000000005e-09 6.1e-09 6.4e-09 70
3e-10 5e-10 1e-09 1.5e-09 1.7000000000000001e-09 2.1e-09 2.9e-09 4.5e-09 4.6e-09 5.2e-09 5.6000000000000005e-09 5.8e-09 6.4e-09 70
3e-10 5e-10 1e-09 1.5e-09 6.572645575822122e-163 2.9e-09 4.6e-09 5e-09 2.769112602628764e-217 5.8e-09 6.4e-09 70
3e-10 5e-10 1e-09 1.5e-09 1.8e-09 2e-09 2.1e-09 2.6e-09 2.8000000000000003e-09 4.7e-09 4.8e-09 5.6000000000000005e-09 6.1e-09 6.4e-09 70
3e-10 4e-10 1e-09 1.5e-09 1.8e-09 2e-09 2.1e-09 2.8000000000000003e-09 3.6e-09 4.7e-09 4.8e-09 5.6000000000000005e-09 6.1e-09 6.2e-09 6.4e-09 70
3e-10 4e-10 1e-09 1.5e-09 1.8e-09 2e-09 2.1e-09 2.8000000000000003e-09 3.2e-09 4.7e-09 5e-09 5.6000000000000005e-09 6.1e-09 6.4e-09 70
3e-10 1e-09 1.5e-09 1.8e-09 2e-09 2.1e-09 2.9e-09 3.9e-09 4.7e-09 4.8e-09 5.6000000000000005e-09 5.8e-09 6.4e-09 70
3e-10 5e-10 1e-09 1.5e-09 1.7000000000000001e-09 2.1e-09 2.9e-09 4.6e-09 4.8e-09 5.6000000000000005e-09 5.8e-09 6.4e-09 70
3e-10 5e-10 1e-09 1.5e-09 1.8e-09 2.1e-09 2.8000000000000003e-09 4.7e-09 4.8e-09 5.6000000000000005e-09 6.1e-09 6.4e-09 70
3e-10 6e-10 1.4000000000000001e-09 1.5e-09 2.1e-09 3.5000000000000003e-09 4.5e-09 4.6e-09 5.2e-09 5.6000000000000005e-09 5.8e-09 6.5e-09 70
3e-10 1e-09 1.5e-09 1.9e-09 2e-09 2.1e-09 2.9e-09 3.9e-09 4.6e-09 4.8e-09 5.3e-09 5.8e-09 6.4e-09 70
3e-10 5e-10 1e-09 1.5e-09 1.8e-09 2e-09 2.1e-09 2.8000000000000003e-09 3.2e-09 4.6e-09 5e-09 5.6000000000000005e-09 5.8e-09 6.4e-09 70
3e-10 6e-10 1.4000000000000001e-09 1.5e-09 2.1e-09 4.6e-09 4.8e-09 5.6000000000000005e-09 5.8e-09 6.4e-09 70
3e-10 4e-10 1e-09 1.5e-09 1.8e-09 2e-09 2.1e-09 2.8000000000000003e-09 4.7e-09 4.8e-09 5.6000000000000005e-09 6.1e-09 6.2e-09 6.4e-09 70
2e-10 3e-10 5e-10 1e-09 1.5e-09 1.8e-09 2e-09 2.1e-09 2.6e-09 2.8000000000000003e-09 4.6e-09 4.8e-09 5.6000000000000005e-09 5.8e-09 6.4e-09 70
3e-10 1e-09 1.5e-09 1.7000000000000001e-09 2.1e-09 2.9e-09 3.3e-09 4.6e-09 4.8e-09 5.6000000000000005e-09 5.8e-09 6.4e-09 70
3e-10 6e-10 1.4000000000000001e-09 1.5e-09 2.1e-09 4.6e-09 4.8e-09 5.6000000000000005e-09 5.8e-09 6.4e-09 70
2e-10 3e-10 5e-10 1e-09 1.5e-09 1.8e-09 2e-09 2.1e-09 2.6e-09 2.8000000000000003e-09 4.6e-09 4.8e-09 5.3e-09 5.8e-09 6.4e-09 70
3e-10 4e-10 1e-09 1.5e-09 1.8e-09 2e-09 2.1e-09 4.7e-09 2.9745961454720563e-301 2.769112602628764e-217 5.8e-09 6.4e-09 69
3e-10 1e-09 1.5e-09 6.572645575822122e-163 1.3771305240110931e-155 4.7e-09 2.9745961454720563e-301 5.6000000000000005e-09 5.8e-09 6.4e-09 69
3e-10 4e-10 1e-09 1.5e-09 1.8e-09 2e-09 2.1e-09 3.2e-09 4.7e-09 4.8e-09 5.6000000000000005e-09 5.8e-09 6.4e-09 69
3e-10 4e-10 1e-09 1.5e-09 1.8e-09 2e-09 2.1e-09 4.7e-09 5e-09 2.769112602628764e-217 6.1e-09 6.4e-09 69
3e-10 5e-10 1e-09 1.5e-09 1.8e-09 2e-09 2.1e-09 2.9e-09 4.5e-09 4.6e-09 4.8e-09 5.6000000000000005e-09 5.8e-09 6.4e-09 70
2e-10 3e-10 5e-10 1e-09 1.6e-09 1.7000000000000001e-09 2.1e-09 2.8000000000000003e-09 4.6e-09 4.8e-09 5.6000000000000005e-09 5.8e-09 6.4e-09 73
3e-10 5e-10 1e-09 1.5e-09 1.8e-09 2e-09 2.1e-09 2.8000000000000003e-09 3.2e-09 3.6e-09 4.7e-09 4.8e-09 5.6000000000000005e-09 6.1e-09 6.4e-09 70
3e-10 5e-10 1e-09 1.5e-09 1.7000000000000001e-09 2.1e-09 2.9e-09 3.3e-09 4.6e-09 4.8e-09 5.6000000000000005e-09 5.8e-09 6.4e-09 70
2e-10 3e-10 5e-10 1e-09 1.5e-09 1.7000000000000001e-09 2.1e-09 2.8000000000000003e-09 3.2e-09 4.7e-09 4.8e-09 5.6000000000000005e-09 6.1e-09 6.4e-09 70
3e-10 6e-10 1.4000000000000001e-09 1.5e-09 2.1e-09 4.6e-09 4.8e-09 5.6000000000000005e-09 5.8e-09 6.4e-09 70
3e-10 4e-10 1e-09 1.5e-09 1.8e-09 2e-09 2.1e-09 2.8000000000000003e-09 3.6e-09 3.9e-09 4.7e-09 4.9e-09 5.6000000000000005e-09 6.1e-09 6.4e-09 70
3e-10 1e-09 1.5e-09 6.572645575822122e-163 1.3771305240110931e-155 4.7e-09 5e-09 5.6000000000000005e-09 6.1e-09 6.4e-09 69
3e-10 5e-10 1e-09 1.5e-09 1.7000000000000001e-09 2.1e-09 2.9e-09 3.5000000000000003e-09 4.6e-09 5.2e-09 5.6000000000000005e-09 5.8e-09 6.4e-09 70
3e-10 1e-09 1.5e-09 1.8e-09 2e-09 2.1e-09 2.9e-09 3.4000000000000003e-09 3.6e-09 4.7e-09 4.8e-09 5.6000000000000005e-09 5.8e-09 6.4e-09 70
3e-10 6e-10 1.4000000000000001e-09 1.5e-09 2.1e-09 3.5000000000000003e-09 4.6e-09 5.2e-09 5.6000000000000005e-09 5.8e-09 6.6e-09 70
3e-10 5e-10 1e-09 1.5e-09 6.572645575822122e-163 2.9e-09 4.6e-09 5e-09 5.6000000000000005e-09 5.8e-09 6.4e-09 70
1e-10 3e-10 5e-10 1e-09 1.5e-09 2e-09 2.1e-09 2.6e-09 3.7e-09 4.7e-09 4.8e-09 5.6000000000000005e-09 5.8e-09 6.4e-09 72
2e-10 3e-10 5e-10 1e-09 1.5e-09 1.7000000000000001e-09 2.1e-09 2.8000000000000003e-09 3.2e-09 3.9e-09 4.6e-09 4.8e-09 5.3e-09 5.8e-09 6.4e-09 70
3e-10 4e-10 1e-09 1.5e-09 1.8e-09 2e-09 2.1e-09 2.8000000000000003e-09 3.2e-09 4.7e-09 4.8e-09 5.3e-09 5.8e-09 6.4e-09 70
1e-10 3e-10 5e-10 1e-09 1.5e-09 2e-09 2.1e-09 2.6e-09 3.4000000000000003e-09 4.1e-09 4.7e-09 4.8e-09 5.6000000000000005e-09 6.1e-09 6.4e-09 72
3e-10 5e-10 1e-09 1.5e-09 1.7000000000000001e-09 2.1e-09 2.9e-09 4.6e-09 4.8e-09 5.6000000000000005e-09 5.8e-09 6.6e-09 70
3e-10 5e-10 1e-09 1.5e-09 1.7000000000000001e-09 2.1e-09 2.9e-09 4.6e-09 4.8e-09 5.6000000000000005e-09 5.8e-09 6.6e-09 70
2e-10 3e-10 5e-10 1e-09 1.5e-09 1.7000000000000001e-09 2.1e-09 2.8000000000000003e-09 3.4000000000000003e-09 4.7e-09 4.8e-09 5.6000000000000005e-09 6.1e-09 6.4e-09 70
3e-10 4e-10 1e-09 1.5e-09 1.8e-09 2e-09 2.1e-09 2.8000000000000003e-09 3.2e-09 4.6e-09 4.8e-09 5.6000000000000005e-09 5.8e-09 6.4e-09 70
3e-10 1e-09 1.5e-09 1.8e-09 2.1e-09 2.8000000000000003e-09 3.9e-09 4.7e-09 4.8e-09 5.6000000000000005e-09 5.8e-09 6.4e-09 70
2e-10 3e-10 5e-10 1e-09 1.6e-09 1.7000000000000001e-09 2.1e-09 2.8000000000000003e-09 3.3e-09 3.9e-09 4.7e-09 4.8e-09 5.6000000000000005e-09 5.8e-09 6.4e-09 73
3e-10 6e-10 1e-09 1.5e-09 2.1e-09 2.9e-09 4.6e-09 5.2e-09 5.6000000000000005e-09 5.8e-09 6.6e-09 70
3e-10 6e-10 1e-09 1.5e-09 2.1e-09 2.9e-09 4.6e-09 5.2e-09 5.6000000000000005e-09 5.8e-09 6.4e-09 70
3e-10 4e-10 1e-09 1.5e-09 1.8e-09 2e-09 2.1e-09 2.8000000000000003e-09 3.2e-09 3.4000000000000003e-09 3.6e-09 4.7e-09 4.8e-09 5.6000000000000005e-09 5.8e-09 6.4e-09 70
3e-10 4e-10 1e-09 1.5e-09 1.8e-09 2e-09 2.1e-09 4.7e-09 2.9745961454720563e-301 2.769112602628764e-217 5.8e-09 6.4e-09 69
3e-10 1e-09 1.5e-09 1.9e-09 2e-09 2.1e-09 2.9e-09 4.7e-09 4.8e-09 5.6000000000000005e-09 5.8e-09 6.2e-09 6.4e-09 70
3e-10 4e-10 4.053425294860146e-264 1.5e-09 1.7000000000000001e-09 2.1e-09 4.7e-09 4.8e-09 5.6000000000000005e-09 5.8e-09 6.4e-09 70
3e-10 5e-10 1e-09 1.6e-09 1.7000000000000001e-09 2.1e-09 2.9e-09 4.6e-09 4.8e-09 5.3e-09 5.8e-09 6.4e-09 73
2e-10 3e-10 5e-10 1e-09 1.5e-09 1.7000000000000001e-09 2.1e-09 2.8000000000000003e-09 3.2e-09 4.7e-09 4.8e-09 5.6000000000000005e-09 6.1e-09 6.4e-09 70
3e-10 5e-10 4.2714295062089904e-116 1.5e-09 2.1e-09 2.8000000000000003e-09 4.6e-09 5.2e-09 5.6000000000000005e-09 5.8e-09 6.4e-09 73
3e-10 5e-10 1e-09 1.5e-09 1.8e-09 2.1e-09 2.8000000000000003e-09 3.2e-09 4.7e-09 4.8e-09 5.6000000000000005e-09 6.1e-09 6.3e-09 6.4e-09 70
3e-10 1e-09 1.5e-09 6.572645575822122e-163 1.3771305240110931e-155 2.1422030373505895e-155 4.7e-09 2.9745961454720563e-301 5.6000000000000005e-09 5.8e-09 6.4e-09 69
3e-10 5e-10 1e-09 1.6e-09 1.7000000000000001e-09 2.1e-09 2.9e-09 4.6e-09 4.8e-09 5.3e-09 5.8e-09 6.4e-09 73
3e-10 4e-10 1e-09 1.5e-09 1.8e-09 2e-09 2.1e-09 4.7e-09 5e-09 5.6000000000000005e-09 5.8e-09 6.4e-09 69
1e-10 3e-10 1e-09 1.5e-09 1.9e-09 2e-09 2.1e-09 3.7e-09 4.7e-09 4.8e-09 5.6000000000000005e-09 5.8e-09 6.4e-09 72
3e-10 6e-10 1e-09 1.5e-09 2.1e-09 2.9e-09 4.6e-09 5.2e-09 5.6000000000000005e-09 5.8e-09 6.4e-09 70
3e-10 5e-10 1e-09 1.5e-09 1.7000000000000001e-09 2.1e-09 2.9e-09 4.6e-09 4.8e-09 5.6000000000000005e-09 5.8e-09 6.4e-09 70
3e-10 2.137730682577419e-266 1e-09 1.5e-09 1.8e-09 2e-09 2.1e-09 7.12576894192473e-266 4.7e-09 4.8e-09 5.6000000000000005e-09 6.1e-09 6.4e-09 69
2e-10 3e-10 5e-10 1e-09 1.5e-09 1.7000000000000001e-09 2.1e-09 2.8000000000000003e-09 4.6e-09 2.9745961454720563e-301 5.6000000000000005e-09 5.8e-09 6.4e-09 70
3e-10 6e-10 1.4000000000000001e-09 1.5e-09 2.1e-09 3.3e-09 3.5000000000000003e-09 4.5e-09 4.6e-09 5e-09 5.6000000000000005e-09 5.8e-09 6.4e-09 70
3e-10 5e-10 1e-09 1.6e-09 1.7000000000000001e-09 2.1e-09 2.9e-09 4.6e-09 5.2e-09 5.6000000000000005e-09 5.8e-09 6.2e-09 6.4e-09 73
3e-10 4e-10 1e-09 1.5e-09 6.572645575822122e-163 4.7e-09 4.8e-09 5.6000000000000005e-09 6.1e-09 6.4e-09 70
3e-10 4e-10 1e-09 1.5e-09 1.8e-09 2e-09 2.1e-09 2.8000000000000003e-09 3.2e-09 3.4000000000000003e-09 4.7e-09 4.8e-09 5.6000000000000005e-09 6.1e-09 6.4e-09 70
3e-10 1e-09 1.5e-09 6.572645575822122e-163 1.3771305240110931e-155 2.1422030373505895e-155 4.7e-09 5e-09 5.6000000000000005e-09 5.8e-09 6.4e-09 69
3e-10 5e-10 1e-09 1.5e-09 1.8e-09 2.1e-09 2.8000000000000003e-09 4.7e-09 4.8e-09 5.6000000000000005e-09 5.8e-09 6.3e-09 6.4e-09 70
3e-10 5e-10 1e-09 1.5e-09 1.8e-09 2e-09 2.1e-09 2.8000000000000003e-09 4.7e-09 5.2e-09 5.6000000000000005e-09 5.8e-09 6.4e-09 70
1e-10 3e-10 5e-10 1e-09 1.5e-09 2e-09 2.1e-09 2.6e-09 3.7e-09 4.7e-09 5e-09 5.6000000000000005e-09 6.1e-09 6.4e-09 72
3e-10 6e-10 1.4000000000000001e-09 1.5e-09 2.1e-09 3.3e-09 3.5000000000000003e-09 4.6e-09 5.2e-09 5.6000000000000005e-09 5.8e-09 6.5e-09 70
3e-10 1e-09 1.5e-09 6.572645575822122e-163 1.3771305240110931e-155 4.7e-09 2.9745961454720563e-301 5.6000000000000005e-09 5.8e-09 6.4e-09 69
1e-10 3e-10 1e-09 1.5e-09 1.9e-09 2e-09 2.1e-09 4.1e-09 4.7e-09 5e-09 5.6000000000000005e-09 5.8e-09 6.4e-09 72
3e-10 4e-10 1e-09 1.5e-09 1.8e-09 2e-09 2.1e-09 2.8000000000000003e-09 3.4000000000000003e-09 3.9e-09 4.7e-09 5e-09 5.6000000000000005e-09 6.1e-09 6.4e-09 70
3e-10 4e-10 1e-09 1.5e-09 1.8e-09 2e-09 2.1e-09 2.8000000000000003e-09 3.5000000000000003e-09 4.6e-09 5.2e-09 5.6000000000000005e-09 5.8e-09 6.6e-09 70
3e-10 4e-10 1e-09 1.5e-09 1.8e-09 2e-09 2.1e-09 2.8000000000000003e-09 4.7e-09 5e-09 5.6000000000000005e-09 6.1e-09 6.4e-09 70
3e-10 5e-10 1e-09 1.5e-09 1.8e-09 2e-09 2.1e-09 2.8000000000000003e-09 3.2e-09 3.4000000000000003e-09 3.6e-09 4.7e-09 4.8e-09 5.6000000000000005e-09 5.8e-09 6.4e-09 70
3e-10 5e-10 1e-09 1.5e-09 1.8e-09 2.1e-09 2.8000000000000003e-09 3.4000000000000003e-09 3.6e-09 4.7e-09 5e-09 5.6000000000000005e-09 6.1e-09 6.4e-09 70
2e-10 3e-10 5e-10 1e-09 1.5e-09 1.8e-09 2e-09 2.1e-09 2.6e-09 2.8000000000000003e-09 4.6e-09 5e-09 5.3e-09 5.8e-09 6.4e-09 70
3e-10 4e-10 1e-09 1.5e-09 1.8e-09 2e-09 2.1e-09 3.6e-09 4.7e-09 4.8e-09 2.769112602628764e-217 6.1e-09 6.4e-09 69
3e-10 5e-10 1e-09 1.5e-09 1.8e-09 2e-09 2.1e-09 2.8000000000000003e-09 3.2e-09 4.7e-09 4.8e-09 5.6000000000000005e-09 5.8e-09 6.4e-09 70
3e-10 5e-10 1e-09 1.5e-09 1.8e-09 2.1e-09 2.8000000000000003e-09 4.6e-09 4.8e-09 5.6000000000000005e-09 5.8e-09 6.4e-09 70
1e-10 3e-10 5e-10 1e-09 1.5e-09 2e-09 2.1e-09 2.6e-09 3.7e-09 4.7e-09 4.9e-09 5.6000000000000005e-09 5.8e-09 6.4e-09 72
3e-10 5e-10 1e-09 1.5e-09 1.8e-09 2e-09 2.1e-09 2.6e-09 2.8000000000000003e-09 4.7e-09 4.8e-09 5.6000000000000005e-09 5.8e-09 6.4e-09 70
3e-10 5e-10 1e-09 1.5e-09 1.8e-09 2e-09 2.1e-09 2.8000000000000003e-09 4.7e-09 4.8e-09 5.6000000000000005e-09 6.1e-09 6.2e-09 6.4e-09 70
3e-10 5e-10 1e-09 1.5e-09 1.8e-09 2e-09 2.1e-09 2.6e-09 2.8000000000000003e-09 4.6e-09 4.8e-09 5.6000000000000005e-09 5.8e-09 6.4e-09 70
3e-10 4e-10 1e-09 1.5e-09 1.8e-09 2e-09 2.1e-09 2.8000000000000003e-09 3.2e-09 4.7e-09 4.8e-09 5.6000000000000005e-09 5.8e-09 6.4e-09 70
3e-10 5e-10 4.053425294860146e-264 1.5e-09 1.7000000000000001e-09 2.1e-09 2.9e-09 3.4000000000000003e-09 4.6e-09 4.8e-09 5.3e-09 5.8e-09 6.4e-09 70
2e-10 3e-10 4e-10 1e-09 1.5e-09 1.9e-09 2e-09 2.1e-09 2.9e-09 4.6e-09 4.8e-09 5.6000000000000005e-09 5.8e-09 6.4e-09 70
3e-10 6e-10 1.4000000000000001e-09 1.5e-09 2.1e-09 3.5000000000000003e-09 4.6e-09 5.2e-09 5.6000000000000005e-09 5.8e-09 6.6e-09 70
3e-10 1e-09 1.5e-09 1.8e-09 2e-09 2.1e-09 2.9e-09 3.4000000000000003e-09 3.6e-09 4.7e-09 4.8e-09 5.6000000000000005e-09 5.8e-09 6.4e-09 70
3e-10 1e-09 1.5e-09 1.9e-09 2e-09 2.1e-09 2.9e-09 4.7e-09 5.2e-09 5.6000000000000005e-09 6.1e-09 6.4e-09 70
3e-10 4e-10 1e-09 1.5e-09 1.8e-09 2e-09 2.1e-09 2.8000000000000003e-09 3.6e-09 4.7e-09 4.8e-09 5.6000000000000005e-09 6.1e-09 6.2e-09 6.4e-09 70
3e-10 5e-10 1e-09 1.5e-09 1.8e-09 2e-09 2.1e-09 2.8000000000000003e-09 3.3e-09 4.6e-09 4.8e-09 5.6000000000000005e-09 5.8e-09 6.4e-09 70
1e-10 3e-10 5e-10 1e-09 1.5e-09 2e-09 2.1e-09 2.6e-09 3.7e-09 4.7e-09 4.8e-09 5.6000000000000005e-09 6.1e-09 6.4e-09 72
3e-10 5e-10 1e-09 1.5e-09 1.8e-09 2e-09 2.1e-09 2.8000000000000003e-09 3.2e-09 3.4000000000000003e-09 3.6e-09 4.7e-09 4.8e-09 5.6000000000000005e-09 6.1e-09 6.4e-09 70
3e-10 5e-10 1e-09 1.5e-09 1.8e-09 2e-09 2.1e-09 2.9e-09 3.4000000000000003e-09 3.6e-09 3.9e-09 4.7e-09 4.8e-09 5.6000000000000005e-09 6.1e-09 6.4e-09 70
3e-10 4e-10 1e-09 1.5e-09 1.8e-09 2e-09 2.1e-09 3.6e-09 4.7e-09 4.8e-09 2.769112602628764e-217 6.1e-09 6.4e-09 69
3e-10 1.7661901320212034e-120 1e-09 1.5e-09 6.0555090240726976e-120 2.9e-09 3.3e-09 4.7e-09 4.8e-09 5.6000000000000005e-09 3.4995248770259484e-301 6.4e-09 69
1e-10 3e-10 5e-10 1e-09 1.5e-09 2e-09 2.1e-09 2.6e-09 4.1e-09 4.7e-09 5e-09 5.6000000000000005e-09 5.8e-09 6.4e-09 72
3e-10 5e-10 1e-09 1.5e-09 1.8e-09 2e-09 2.1e-09 2.6e-09 2.8000000000000003e-09 4.7e-09 4.8e-09 5.6000000000000005e-09 5.8e-09 6.4e-09 70
3e-10 5e-10 1e-09 1.5e-09 1.7000000000000001e-09 2.1e-09 2.9e-09 3.4000000000000003e-09 4.6e-09 4.8e-09 5.3e-09 5.8e-09 6.4e-09 70
3e-10 5e-10 1e-09 1.6e-09 1.7000000000000001e-09 2.1e-09 2.9e-09 4.7e-09 5e-09 5.6000000000000005e-09 5.8e-09 6.2e-09 6.4e-09 73
3e-10 5e-10 1e-09 1.5e-09 1.8e-09 2e-09 2.1e-09 2.8000000000000003e-09 3.2e-09 3.6e-09 4.7e-09 4.8e-09 5.6000000000000005e-09 5.8e-09 6.4e-09 70
3e-10 1.7661901320212034e-120 1e-09 1.5e-09 6.0555090240726976e-120 2.9e-09 3.3e-09 4.6e-09 5e-09 5.6000000000000005e-09 5.8e-09 6.4e-09 69
3e-10 5e-10 1e-09 1.5e-09 1.8e-09 2e-09 2.1e-09 2.8000000000000003e-09 3.2e-09 4.7e-09 4.8e-09 5.6000000000000005e-09 5.8e-09 6.2e-09 6.4e-09 70
3e-10 5e-10 1e-09 1.6e-09 1.7000000000000001e-09 2.1e-09 2.9e-09 3.9e-09 4.6e-09 4.8e-09 5.3e-09 5.8e-09 6.4e-09 73
3e-10 5e-10 4.053425294860146e-264 1.5e-09 1.8e-09 2.1e-09 2.9e-09 4.6e-09 4.8e-09 5.3e-09 5.8e-09 6.4e-09 70
1e-10 3e-10 1e-09 1.5e-09 1.9e-09 2e-09 2.1e-09 2.902100940820136e-155 4.6e-09 5e-09 5.6000000000000005e-09 5.8e-09 6.4e-09 72
3e-10 4e-10 4.053425294860146e-264 1.5e-09 1.7000000000000001e-09 2.1e-09 3.2e-09 4.7e-09 4.8e-09 5.6000000000000005e-09 6.1e-09 6.4e-09 70
3e-10 5e-10 1e-09 1.5e-09 1.8e-09 2e-09 2.1e-09 2.8000000000000003e-09 3.2e-09 3.6e-09 4.7e-09 4.8e-09 5.6000000000000005e-09 5.8e-09 6.4e-09 70
3e-10 6e-10 1.4000000000000001e-09 1.5e-09 2.1e-09 4.5e-09 4.6e-09 4.8e-09 5.6000000000000005e-09 5.8e-09 6.4e-09 70
3e-10 1e-09 1.5e-09 1.8e-09 2e-09 2.1e-09 2.9e-09 3.9e-09 4.7e-09 4.8e-09 5.6000000000000005e-09 5.8e-09 6.4e-09 70
3e-10 4e-10 1e-09 1.5e-09 1.8e-09 2e-09 2.1e-09 2.8000000000000003e-09 4.6e-09 4.8e-09 5.3e-09 5.8e-09 6.4e-09 70
1e-10 3e-10 5e-10 1e-09 1.5e-09 2e-09 2.1e-09 2.6e-09 2.902100940820136e-155 4.7e-09 5e-09 5.6000000000000005e-09 5.8e-09 6.4e-09 72
3e-10 4e-10 1e-09 1.5e-09 1.8e-09 2e-09 2.1e-09 2.8000000000000003e-09 4.5e-09 4.6e-09 4.8e-09 5.6000000000000005e-09 5.8e-09 6.4e-09 70
3e-10 1e-09 1.5e-09 1.8e-09 2e-09 2.1e-09 2.9e-09 4.7e-09 4.8e-09 5.6000000000000005e-09 5.8e-09 6.4e-09 70
3e-10 4e-10 1e-09 1.5e-09 1.8e-09 2e-09 2.1e-09 4.6e-09 5e-09 5.6000000000000005e-09 5.8e-09 6.4e-09 69
3e-10 4e-10 1e-09 1.5e-09 1.8e-09 2e-09 2.1e-09 3.4000000000000003e-09 3.6e-09 4.7e-09 2.9745961454720563e-301 5.6000000000000005e-09 5.8e-09 6.4e-09 69
3e-10 4e-10 1e-09 1.5e-09 1.8e-09 2e-09 2.1e-09 3.4000000000000003e-09 3.6e-09 4.7e-09 5e-09 5.6000000000000005e-09 5.8e-09 6.4e-09 69
3e-10 5e-10 1e-09 1.5e-09 1.8e-09 2e-09 2.1e-09 2.8000000000000003e-09 3.2e-09 3.4000000000000003e-09 3.6e-09 4.7e-09 4.8e-09 5.6000000000000005e-09 5.8e-09 6.4e-09 70
3e-10 4e-10 1e-09 1.5e-09 6.572645575822122e-163 3.3e-09 4.6e-09 5e-09 5.6000000000000005e-09 5.8e-09 6.4e-09 70
2e-10 3e-10 5e-10 1e-09 1.5e-09 1.8e-09 2e-09 2.1e-09 2.6e-09 2.8000000000000003e-09 4.7e-09 4.9e-09 5.6000000000000005e-09 6.1e-09 6.4e-09 70
3e-10 5e-10 1e-09 1.6e-09 1.7000000000000001e-09 2.1e-09 2.9e-09 4.6e-09 5.2e-09 5.6000000000000005e-09 5.8e-09 6.4e-09 73
3e-10 5e-10 1e-09 1.5e-09 1.8e-09 2e-09 2.1e-09 2.8000000000000003e-09 3.4000000000000003e-09 4.7e-09 4.8e-09 5.6000000000000005e-09 5.8e-09 6.4e-09 70
3e-10 4e-10 1e-09 1.5e-09 1.8e-09 2e-09 2.1e-09 2.8000000000000003e-09 3.6e-09 4.7e-09 4.8e-09 5.6000000000000005e-09 5.8e-09 6.4e-09 70
3e-10 5e-10 1e-09 1.5e-09 1.8e-09 2e-09 2.1e-09 2.8000000000000003e-09 3.2e-09 3.4000000000000003e-09 3.6e-09 4.7e-09 4.8e-09 5.6000000000000005e-09 5.8e-09 6.4e-09 70
3e-10 5e-10 1e-09 1.5e-09 1.8e-09 2e-09 2.1e-09 2.8000000000000003e-09 4.6e-09 4.8e-09 5.6000000000000005e-09 5.8e-09 6.3e-09 6.4e-09 70
2e-10 3e-10 5e-10 1e-09 1.6e-09 1.7000000000000001e-09 2.1e-09 2.8000000000000003e-09 3.3e-09 4.7e-09 4.8e-09 5.6000000000000005e-09 6.1e-09 6.4e-09 73
3e-10 4e-10 4.053425294860146e-264 1.5e-09 1.7000000000000001e-09 2.1e-09 3.2e-09 4.6e-09 4.9e-09 5.6000000000000005e-09 5.8e-09 6.4e-09 70
3e-10 4e-10 1e-09 1.5e-09 1.8e-09 2e-09 2.1e-09 2.8000000000000003e-09 3.4000000000000003e-09 4.6e-09 4.8e-09 5.6000000000000005e-09 5.8e-09 6.4e-09 70
3e-10 5e-10 1e-09 1.5e-09 1.8e-09 2e-09 2.1e-09 2.8000000000000003e-09 3.2e-09 4.7e-09 4.8e-09 5.6000000000000005e-09 6.1e-09 6.4e-09 70
3e-10 5e-10 1e-09 1.5e-09 1.7000000000000001e-09 2.1e-09 2.9e-09 4.6e-09 4.8e-09 5.6000000000000005e-09 5.8e-09 6.4e-09 70
3e-10 5e-10 4.053425294860146e-264 1.5e-09 1.7000000000000001e-09 2.1e-09 3.2e-09 4.6e-09 4.8e-09 5.6000000000000005e-09 5.8e-09 6.4e-09 68
3e-10 1e-09 1.5e-09 1.8e-09 2.1e-09 2.8000000000000003e-09 3.9e-09 4.7e-09 5e-09 5.6000000000000005e-09 6.1e-09 6.4e-09 70
3e-10 5e-10 1e-09 1.5e-09 1.8e-09 2.1e-09 2.8000000000000003e-09 4.7e-09 4.8e-09 5.6000000000000005e-09 5.8e-09 6.4e-09 70
3e-10 5e-10 1e-09 1.5e-09 1.8e-09 2.1e-09 2.8000000000000003e-09 3.4000000000000003e-09 4.7e-09 4.8e-09 5.6000000000000005e-09 5.8e-09 6.4e-09 70
2e-10 3e-10 5e-10 1e-09 1.5e-09 1.8e-09 2e-09 2.1e-09 2.6e-09 2.8000000000000003e-09 4.6e-09 4.8e-09 5.6000000000000005e-09 5.8e-09 6.4e-09 70
3e-10 6e-10 1.4000000000000001e-09 1.5e-09 2.1e-09 3.5000000000000003e-09 4.6e-09 5.2e-09 5.6000000000000005e-09 5.8e-09 6.5e-09 70
3e-10 4e-10 1e-09 1.5e-09 1.8e-09 2e-09 2.1e-09 2.8000000000000003e-09 4.7e-09 4.8e-09 5.3e-09 5.8e-09 6.4e-09 70
3e-10 5e-10 1e-09 1.5e-09 1.8e-09 2e-09 2.1e-09 2.9e-09 4.7e-09 4.9e-09 5.6000000000000005e-09 6.1e-09 6.4e-09 70
3e-10 4e-10 1e-09 1.5e-09 1.8e-09 2e-09 2.1e-09 2.8000000000000003e-09 3.6e-09 3.9e-09 4.7e-09 4.9e-09 5.6000000000000005e-09 6.1e-09 6.4e-09 70
3e-10 5e-10 1e-09 1.5e-09 1.8e-09 2e-09 2.1e-09 2.9e-09 4.5e-09 4.6e-09 5.2e-09 5.6000000000000005e-09 5.8e-09 6.4e-09 70
3e-10 5e-10 1e-09 1.5e-09 1.8e-09 2e-09 2.1e-09 2.8000000000000003e-09 4.7e-09 4.8e-09 5.6000000000000005e-09 5.8e-09 6.4e-09 70
3e-10 1.7661901320212034e-120 1e-09 1.5e-09 6.0555090240726976e-120 2.9e-09 3.3e-09 4.7e-09 4.8e-09 5.6000000000000005e-09 1.4886459684178715e-119 6.4e-09 69
3e-10 5e-10 1e-09 1.5e-09 1.8e-09 2e-09 2.1e-09 2.9e-09 3.4000000000000003e-09 3.6e-09 3.9e-09 4.7e-09 4.8e-09 5.6000000000000005e-09 6.1e-09 6.4e-09 70
3e-10 1e-09 1.5e-09 1.8e-09 2e-09 2.1e-09 2.9e-09 4.6e-09 4.8e-09 5.6000000000000005e-09 5.8e-09 6.4e-09 70
3e-10 5e-10 1e-09 1.5e-09 6.572645575822122e-163 2.9e-09 4.6e-09 5e-09 5.6000000000000005e-09 5.8e-09 6.4e-09 70
3e-10 6e-10 1e-09 1.5e-09 2.1e-09 2.9e-09 3.2e-09 4.7e-09 5.2e-09 5.6000000000000005e-09 5.8e-09 6.4e-09 70
3e-10 0.16 1e-09 1.5e-09 0.44 0.86 4.6e-09 4.8e-09 5.3e-09 5.8e-09 6.4e-09 68
3e-10 5e-10 1e-09 1.5e-09 1.8e-09 2e-09 2.1e-09 2.9e-09 3.4000000000000003e-09 3.6e-09 3.9e-09 4.7e-09 4.8e-09 5.6000000000000005e-09 6.1e-09 6.4e-09 70
3e-10 4e-10 1e-09 1.5e-09 1.8e-09 2e-09 2.1e-09 2.8000000000000003e-09 4.6e-09 4.8e-09 5.6000000000000005e-09 5.8e-09 6.4e-09 70
3e-10 5e-10 1e-09 1.5e-09 1.8e-09 2.1e-09 2.8000000000000003e-09 3.4000000000000003e-09 4.6e-09 4.8e-09 5.6000000000000005e-09 5.8e-09 6.4e-09 70
3e-10 4e-10 1e-09 1.5e-09 1.8e-09 2e-09 2.1e-09 2.8000000000000003e-09 3.4000000000000003e-09 4.6e-09 4.8e-09 5.6000000000000005e-09 5.8e-09 6.4e-09 70
3e-10 5e-10 1e-09 1.6e-09 1.7000000000000001e-09 2.1e-09 2.9e-09 3.5000000000000003e-09 4.5e-09 4.6e-09 5.2e-09 5.6000000000000005e-09 5.8e-09 6.6e-09 73
3e-10 4e-10 1e-09 1.5e-09 1.8e-09 2e-09 2.1e-09 2.8000000000000003e-09 4.6e-09 4.9e-09 5.6000000000000005e-09 5.8e-09 6.4e-09 70
3e-10 4e-10 1e-09 1.5e-09 1.8e-09 2e-09 2.1e-09 2.8000000000000003e-09 3.3e-09 4.7e-09 5.2e-09 5.6000000000000005e-09 5.8e-09 6.4e-09 70
3e-10 6e-10 1.4000000000000001e-09 1.5e-09 2.1e-09 3.5000000000000003e-09 4.6e-09 5.2e-09 5.6000000000000005e-09 5.8e-09 6.6e-09 70
3e-10 1e-09 1.5e-09 1.7000000000000001e-09 2.1e-09 2.9e-09 4.5e-09 4.6e-09 4.8e-09 5.6000000000000005e-09 5.8e-09 6.6e-09 70
3e-10 5e-10 1e-09 1.5e-09 1.8e-09 2e-09 2.1e-09 2.9e-09 3.4000000000000003e-09 3.6e-09 4.7e-09 4.8e-09 5.6000000000000005e-09 5.8e-09 6.4e-09 70
3e-10 2.137730682577419e-266 1e-09 1.5e-09 1.8e-09 2e-09 2.1e-09 7.12576894192473e-266 4.7e-09 4.8e-09 5.6000000000000005e-09 5.8e-09 6.4e-09 69
3e-10 4e-10 1e-09 1.5e-09 1.8e-09 2e-09 2.1e-09 2.8000000000000003e-09 4.7e-09 4.8e-09 5.6000000000000005e-09 5.8e-09 6.4e-09 70
3e-10 5e-10 1e-09 1.5e-09 1.8e-09 2e-09 2.1e-09 2.8000000000000003e-09 3.3e-09 4.6e-09 4.8e-09 5.6000000000000005e-09 5.8e-09 6.4e-09 70
3e-10 4e-10 1e-09 1.5e-09 1.8e-09 2e-09 2.1e-09 2.8000000000000003e-09 3.4000000000000003e-09 4.7e-09 5e-09 5.6000000000000005e-09 5.8e-09 6.4e-09 70
3e-10 4e-10 1e-09 1.5e-09 1.8e-09 2e-09 2.1e-09 2.8000000000000003e-09 3.3e-09 4.7e-09 5.2e-09 5.6000000000000005e-09 5.8e-09 6.4e-09 70
3e-10 5e-10 1e-09 1.5e-09 1.8e-09 2e-09 2.1e-09 2.8000000000000003e-09 3.2e-09 3.4000000000000003e-09 3.6e-09 4.7e-09 4.8e-09 5.6000000000000005e-09 5.8e-09 6.4e-09 70
3e-10 1.7661901320212034e-120 1e-09 1.5e-09 6.0555090240726976e-120 2.9e-09 3.3e-09 4.7e-09 4.8e-09 5.6000000000000005e-09 3.4995248770259484e-301 6.4e-09 69
3e-10 5e-10 1e-09 1.5e-09 1.8e-09 2.1e-09 2.8000000000000003e-09 4.7e-09 5e-09 5.6000000000000005e-09 6.1e-09 6.4e-09 70
3e-10 5e-10 1e-09 1.5e-09 1.8e-09 2.1e-09 2.8000000000000003e-09 3.4000000000000003e-09 4.6e-09 4.8e-09 5.6000000000000005e-09 5.8e-09 6.4e-09 70
3e-10 5e-10 1e-09 1.5e-09 1.8e-09 2e-09 2.1e-09 2.8000000000000003e-09 4.7e-09 5.2e-09 5.6000000000000005e-09 5.8e-09 6.4e-09 70
3e-10 1e-09 1.5e-09 1.8e-09 2e-09 2.1e-09 2.9e-09 4.7e-09 4.8e-09 5.6000000000000005e-09 5.8e-09 6.2e-09 6.4e-09 70
3e-10 4e-10 1e-09 1.5e-09 1.8e-09 2e-09 2.1e-09 2.8000000000000003e-09 3.2e-09 4.6e-09 5e-09 5.6000000000000005e-09 5.8e-09 6.4e-09 1.34 70
3e-10 6e-10 1.4000000000000001e-09 1.5e-09 2.1e-09 4.6e-09 4.8e-09 5.6000000000000005e-09 5.8e-09 6.4e-09 70
2e-10 3e-10 5e-10 1e-09 1.5e-09 1.8e-09 2e-09 2.1e-09 2.6e-09 2.8000000000000003e-09 4.6e-09 5e-09 5.3e-09 5.8e-09 6.4e-09 70
3e-10 4e-10 1e-09 1.5e-09 1.8e-09 2e-09 2.1e-09 2.8000000000000003e-09 3.2e-09 4.7e-09 5e-09 5.6000000000000005e-09 6.1e-09 6.4e-09 70
3e-10 4e-10 1e-09 1.5e-09 1.8e-09 2e-09 2.1e-09 2.8000000000000003e-09 3.6e-09 4.7e-09 5.2e-09 5.6000000000000005e-09 6.1e-09 6.4e-09 70
3e-10 4e-10 1e-09 1.5e-09 1.8e-09 2e-09 2.1e-09 2.8000000000000003e-09 4.7e-09 4.8e-09 5.6000000000000005e-09 6.1e-09 6.4e-09 70
3e-10 1e-09 1.5e-09 1.7000000000000001e-09 1.8e-09 2e-09 2.1e-09 4.6e-09 4.8e-09 5.6000000000000005e-09 5.8e-09 6.4e-09 70
3e-10 1e-09 1.5e-09 1.8e-09 2e-09 2.1e-09 2.9e-09 3.9e-09 4.7e-09 4.8e-09 5.6000000000000005e-09 5.8e-09 6.4e-09 70
3e-10 4e-10 1e-09 1.5e-09 1.8e-09 2e-09 2.1e-09 2.8000000000000003e-09 4.6e-09 4.8e-09 5.6000000000000005e-09 5.8e-09 6.4e-09 70
3e-10 5e-10 1e-09 1.5e-09 1.8e-09 2e-09 2.1e-09 2.8000000000000003e-09 3.4000000000000003e-09 4.6e-09 4.8e-09 5.6000000000000005e-09 5.8e-09 6.4e-09 70
3e-10 4e-10 1e-09 1.5e-09 1.8e-09 2e-09 2.1e-09 2.8000000000000003e-09 4.6e-09 4.8e-09 5.6000000000000005e-09 5.8e-09 6.4e-09 70
3e-10 5e-10 1e-09 1.5e-09 1.8e-09 2e-09 2.1e-09 2.8000000000000003e-09 0.62 3.2e-09 4.6e-09 5e-09 5.6000000000000005e-09 5.8e-09 6.4e-09 70
3e-10 1e-09 1.5e-09 1.7000000000000001e-09 2.1e-09 2.9e-09 3.5000000000000003e-09 4.6e-09 5.2e-09 5.6000000000000005e-09 5.8e-09 6.6e-09 70
3e-10 5e-10 1e-09 1.5e-09 1.8e-09 2.1e-09 2.8000000000000003e-09 4.7e-09 4.8e-09 5.6000000000000005e-09 5.8e-09 6.4e-09 70
3e-10 5e-10 1e-09 1.5e-09 1.8e-09 2e-09 2.1e-09 2.6e-09 2.8000000000000003e-09 3.4000000000000003e-09 3.6e-09 3.9e-09 4.7e-09 4.8e-09 5.6000000000000005e-09 5.8e-09 6.4e-09 70
3e-10 4e-10 1e-09 1.5e-09 1.8e-09 2e-09 2.1e-09 3.4000000000000003e-09 3.6e-09 4.7e-09 4.8e-09 5.6000000000000005e-09 5.8e-09 6.4e-09 69
3e-10 1e-09 1.5e-09 1.8e-09 2e-09 2.1e-09 2.9e-09 4.6e-09 4.8e-09 5.3e-09 5.8e-09 6.4e-09 70
3e-10 4e-10 1e-09 1.5e-09 1.8e-09 2e-09 2.1e-09 3.6e-09 4.7e-09 4.8e-09 2.769112602628764e-217 6.1e-09 6.4e-09 69
3e-10 6e-10 1.4000000000000001e-09 1.5e-09 2.1e-09 3.3e-09 3.5000000000000003e-09 4.5e-09 4.6e-09 5e-09 5.6000000000000005e-09 5.8e-09 6.4e-09 70
3e-10 4e-10 1e-09 1.5e-09 1.8e-09 2e-09 2.1e-09 3.4000000000000003e-09 3.6e-09 4.7e-09 2.9745961454720563e-301 5.6000000000000005e-09 6.1e-09 6.4e-09 69
3e-10 5e-10 1e-09 1.5e-09 1.8e-09 2e-09 2.1e-09 2.8000000000000003e-09 3.2e-09 3.4000000000000003e-09 3.6e-09 4.7e-09 4.8e-09 5.6000000000000005e-09 5.8e-09 6.4e-09 70
3e-10 5e-10 1e-09 1.5e-09 1.8e-09 2e-09 2.1e-09 2.8000000000000003e-09 4.7e-09 4.8e-09 5.6000000000000005e-09 6.1e-09 6.2e-09 6.4e-09 70
1e-10 3e-10 5e-10 1e-09 1.5e-09 2e-09 2.1e-09 2.6e-09 3.7e-09 4.7e-09 4.8e-09 5.6000000000000005e-09 6.1e-09 6.4e-09 72
3e-10 5e-10 1e-09 1.5e-09 1.8e-09 2.1e-09 2.8000000000000003e-09 3.4000000000000003e-09 4.7e-09 4.8e-09 5.6000000000000005e-09 5.8e-09 6.4e-09 70
2e-10 3e-10 4e-10 1e-09 1.5e-09 2.1e-09 0.8 4.6e-09 4.8e-09 5.6000000000000005e-09 5.8e-09 6.4e-09 68
3e-10 4e-10 4.053425294860146e-264 1.5e-09 1.7000000000000001e-09 2.1e-09 3.2e-09 4.6e-09 4.8e-09 5.3e-09 5.8e-09 6.4e-09 70
3e-10 4e-10 1e-09 1.5e-09 1.8e-09 2e-09 2.1e-09 2.8000000000000003e-09 3.3e-09 4.7e-09 5.2e-09 5.6000000000000005e-09 5.8e-09 6.4e-09 70
3e-10 4e-10 1e-09 1.5e-09 1.8e-09 2e-09 2.1e-09 4.7e-09 5e-09 5.6000000000000005e-09 5.8e-09 6.4e-09 69
3e-10 5e-10 1e-09 1.5e-09 1.8e-09 2.1e-09 2.8000000000000003e-09 4.7e-09 4.8e-09 5.6000000000000005e-09 3.4995248770259484e-301 6.4e-09 70
2e-10 3e-10 5e-10 1e-09 1.6e-09 1.7000000000000001e-09 2.1e-09 2.8000000000000003e-09 3.3e-09 3.9e-09 4.7e-09 4.8e-09 5.6000000000000005e-09 5.8e-09 6.4e-09 73
3e-10 5e-10 1e-09 1.5e-09 1.8e-09 2e-09 2.1e-09 2.6e-09 2.8000000000000003e-09 4.7e-09 4.8e-09 5.6000000000000005e-09 5.8e-09 6.4e-09 70
3e-10 4e-10 1e-09 1.5e-09 1.8e-09 2e-09 2.1e-09 2.8000000000000003e-09 3.2e-09 4.6e-09 5e-09 5.6000000000000005e-09 5.8e-09 6.4e-09 70
3e-10 5e-10 1e-09 1.5e-09 1.8e-09 2e-09 2.1e-09 2.8000000000000003e-09 3.2e-09 4.6e-09 5e-09 5.3e-09 5.8e-09 6.4e-09 70
3e-10 1e-09 1.5e-09 1.7000000000000001e-09 2.1e-09 2.9e-09 4.5e-09 4.6e-09 4.8e-09 5.6000000000000005e-09 5.8e-09 6.4e-09 70
3e-10 1e-09 1.5e-09 1.8e-09 2e-09 2.1e-09 2.9e-09 3.4000000000000003e-09 3.6e-09 4.7e-09 4.8e-09 5.6000000000000005e-09 6.1e-09 6.4e-09 70
3e-10 5e-10 1e-09 1.5e-09 1.8e-09 2e-09 2.1e-09 2.8000000000000003e-09 3.2e-09 3.4000000000000003e-09 3.6e-09 4.7e-09 4.8e-09 5.6000000000000005e-09 6.1e-09 6.4e-09 70
1e-10 3e-10 5e-10 1e-09 1.5e-09 2e-09 2.1e-09 2.6e-09 2.902100940820136e-155 4.7e-09 4.8e-09 5.6000000000000005e-09 6.1e-09 6.4e-09 72
3e-10 5e-10 1e-09 1.6e-09 1.7000000000000001e-09 2.1e-09 2.9e-09 4.7e-09 4.8e-09 5.6000000000000005e-09 5.8e-09 6.4e-09 73
2e-10 3e-10 5e-10 1e-09 1.5e-09 1.7000000000000001e-09 2.1e-09 2.8000000000000003e-09 3.2e-09 4.6e-09 4.8e-09 5.6000000000000005e-09 5.8e-09 6.4e-09 70
3e-10 5e-10 1e-09 1.5e-09 1.8e-09 2e-09 2.1e-09 2.9e-09 3.3e-09 4.7e-09 5.2e-09 5.6000000000000005e-09 5.8e-09 6.4e-09 70
2e-10 3e-10 5e-10 1e-09 1.5e-09 1.8e-09 2e-09 2.1e-09 2.6e-09 2.8000000000000003e-09 4.6e-09 4.8e-09 5.3e-09 5.8e-09 6.4e-09 70
3e-10 5e-10 1e-09 1.5e-09 1.8e-09 2.1e-09 2.8000000000000003e-09 4.7e-09 5e-09 5.6000000000000005e-09 6.1e-09 6.4e-09 70
3e-10 5e-10 1e-09 1.5e-09 1.7000000000000001e-09 2.1e-09 2.9e-09 4.6e-09 4.8e-09 5.6000000000000005e-09 5.8e-09 6.4e-09 70
3e-10 5e-10 1e-09 1.5e-09 1.8e-09 2e-09 2.1e-09 2.8000000000000003e-09 3.2e-09 4.7e-09 4.8e-09 5.6000000000000005e-09 5.8e-09 6.4e-09 70
3e-10 5e-10 1e-09 1.5e-09 1.8e-09 2e-09 2.1e-09 2.9e-09 3.2e-09 3.4000000000000003e-09 4.6e-09 4.8e-09 5.6000000000000005e-09 5.8e-09 6.4e-09 70
3e-10 5e-10 1e-09 1.5e-09 1.8e-09 2e-09 2.1e-09 2.8000000000000003e-09 3.4000000000000003e-09 4.6e-09 4.8e-09 5.6000000000000005e-09 5.8e-09 6.4e-09 70
1e-10 3e-10 5e-10 1e-09 1.5e-09 2e-09 2.1e-09 2.6e-09 3.4000000000000003e-09 4.1e-09 4.7e-09 5e-09 5.6000000000000005e-09 6.1e-09 6.4e-09 72
3e-10 4e-10 1e-09 1.5e-09 1.8e-09 2e-09 2.1e-09 2.8000000000000003e-09 3.6e-09 3.9e-09 4.7e-09 4.9e-09 5.6000000000000005e-09 6.1e-09 6.4e-09 70
3e-10 5e-10 1e-09 1.5e-09 1.8e-09 2e-09 2.1e-09 2.8000000000000003e-09 3.9e-09 4.6e-09 4.8e-09 5.6000000000000005e-09 5.8e-09 6.4e-09 70
3e-10 4e-10 1e-09 1.5e-09 1.8e-09 2e-09 2.1e-09 4.7e-09 4.9e-09 5.6000000000000005e-09 3.4995248770259484e-301 6.4e-09 69
1e-10 3e-10 1e-09 1.5e-09 1.9e-09 2e-09 2.1e-09 4.1e-09 4.7e-09 5e-09 5.6000000000000005e-09 5.8e-09 6.4e-09 72
3e-10 0.16 1e-09 1.5e-09 0.44 0.86 4.6e-09 4.8e-09 5.3e-09 5.8e-09 6.4e-09 68
3e-10 5e-10 1e-09 1.5e-09 1.8e-09 2e-09 2.1e-09 2.8000000000000003e-09 3.2e-09 3.6e-09 4.7e-09 4.8e-09 5.6000000000000005e-09 5.8e-09 6.4e-09 70
3e-10 4e-10 1e-09 1.5e-09 1.8e-09 2e-09 2.1e-09 2.8000000000000003e-09 4.7e-09 4.8e-09 5.6000000000000005e-09 6.1e-09 6.3e-09 6.4e-09 70
1e-10 3e-10 5e-10 1e-09 1.5e-09 2e-09 2.1e-09 2.6e-09 3.7e-09 4.7e-09 5e-09 5.6000000000000005e-09 5.8e-09 6.4e-09 72
3e-10 1e-09 1.5e-09 1.9e-09 2e-09 2.1e-09 2.9e-09 4.6e-09 4.8e-09 5.6000000000000005e-09 5.8e-09 6.4e-09 70
3e-10 6e-10 1.4000000000000001e-09 1.5e-09 2.1e-09 3.3e-09 3.5000000000000003e-09 4.6e-09 5.2e-09 5.6000000000000005e-09 5.8e-09 6.6e-09 70
2e-10 3e-10 5e-10 1e-09 1.5e-09 1.8e-09 2e-09 2.1e-09 2.6e-09 2.8000000000000003e-09 4.6e-09 4.8e-09 5.3e-09 5.8e-09 6.4e-09 70
3e-10 4e-10 1e-09 1.5e-09 1.8e-09 2e-09 2.1e-09 4.7e-09 2.9745961454720563e-301 5.6000000000000005e-09 6.1e-09 6.4e-09 69
3e-10 5e-10 1e-09 1.5e-09 1.7000000000000001e-09 2.1e-09 2.9e-09 3.4000000000000003e-09 3.6e-09 3.9e-09 4.7e-09 4.8e-09 5.6000000000000005e-09 5.8e-09 6.4e-09 70
3e-10 1.7661901320212034e-120 1e-09 1.5e-09 6.0555090240726976e-120 2.9e-09 3.3e-09 4.7e-09 4.8e-09 5.6000000000000005e-09 1.4886459684178715e-119 6.4e-09 69
3e-10 5e-10 1e-09 1.5e-09 1.8e-09 2e-09 2.1e-09 2.8000000000000003e-09 3.2e-09 3.4000000000000003e-09 4.7e-09 4.8e-09 5.6000000000000005e-09 5.8e-09 6.4e-09 70
1e-10 3e-10 5e-10 1e-09 1.5e-09 2e-09 2.1e-09 2.6e-09 3.7e-09 4.7e-09 4.8e-09 5.6000000000000005e-09 5.8e-09 6.4e-09 72
3e-10 5e-10 1e-09 1.5e-09 1.8e-09 2e-09 2.1e-09 2.8000000000000003e-09 3.2e-09 4.7e-09 4.8e-09 5.6000000000000005e-09 6.1e-09 6.4e-09 70
3e-10 5e-10 1e-09 1.5e-09 1.8e-09 2e-09 2.1e-09 2.8000000000000003e-09 3.2e-09 4.7e-09 5.2e-09 5.6000000000000005e-09 6.1e-09 6.4e-09 70
3e-10 4e-10 1e-09 1.5e-09 1.8e-09 2e-09 2.1e-09 2.8000000000000003e-09 3.2e-09 3.6e-09 4.7e-09 4.8e-09 5.6000000000000005e-09 5.8e-09 6.2e-09 6.4e-09 70
1e-10 3e-10 5e-10 1e-09 1.5e-09 2e-09 2.1e-09 2.6e-09 2.902100940820136e-155 4.7e-09 5e-09 5.6000000000000005e-09 5.8e-09 6.4e-09 72
3e-10 6e-10 1.4000000000000001e-09 1.5e-09 2.1e-09 4.6e-09 4.8e-09 5.6000000000000005e-09 5.8e-09 6.4e-09 70
3e-10 4e-10 1e-09 1.5e-09 1.8e-09 2e-09 2.1e-09 2.8000000000000003e-09 3.2e-09 4.6e-09 4.8e-09 5.6000000000000005e-09 5.8e-09 6.4e-09 1.34 70
1e-10 3e-10 5e-10 1e-09 1.5e-09 2e-09 2.1e-09 2.6e-09 4.1e-09 4.7e-09 5e-09 5.6000000000000005e-09 5.8e-09 6.4e-09 72
3e-10 4e-10 1e-09 1.5e-09 1.8e-09 2e-09 2.1e-09 2.8000000000000003e-09 4.6e-09 4.8e-09 5.6000000000000005e-09 5.8e-09 6.4e-09 70
3e-10 4e-10 1e-09 1.5e-09 1.8e-09 2e-09 2.1e-09 2.8000000000000003e-09 3.6e-09 4.7e-09 5.2e-09 5.6000000000000005e-09 6.1e-09 6.4e-09 70
3e-10 4e-10 1e-09 1.5e-09 1.8e-09 2e-09 2.1e-09 2.8000000000000003e-09 3.2e-09 4.6e-09 4.8e-09 5.6000000000000005e-09 5.8e-09 6.4e-09 1.34 70
3e-10 6e-10 1.4000000000000001e-09 1.5e-09 2.1e-09 3.5000000000000003e-09 4.6e-09 5.2e-09 5.6000000000000005e-09 5.8e-09 6.5e-09 70
3e-10 5e-10 1e-09 1.5e-09 1.8e-09 2.1e-09 2.8000000000000003e-09 3.6e-09 4.7e-09 4.8e-09 5.6000000000000005e-09 6.1e-09 6.4e-09 70
3e-10 5e-10 1e-09 1.5e-09 1.8e-09 2e-09 2.1e-09 2.8000000000000003e-09 4.6e-09 4.8e-09 5.6000000000000005e-09 5.8e-09 6.3e-09 6.4e-09 70
3e-10 2.137730682577419e-266 1e-09 1.5e-09 1.8e-09 2e-09 2.1e-09 7.12576894192473e-266 4.6e-09 4.8e-09 5.6000000000000005e-09 5.8e-09 6.4e-09 70
3e-10 4e-10 1e-09 1.5e-09 1.8e-09 2e-09 2.1e-09 2.8000000000000003e-09 3.6e-09 4.7e-09 5.2e-09 5.6000000000000005e-09 6.1e-09 6.4e-09 70
3e-10 5e-10 1e-09 1.5e-09 1.8e-09 2e-09 2.1e-09 2.8000000000000003e-09 3.2e-09 3.6e-09 4.7e-09 4.8e-09 5.6000000000000005e-09 6.1e-09 6.2e-09 6.4e-09 70
3e-10 5e-10 1e-09 1.5e-09 1.8e-09 2e-09 2.1e-09 2.8000000000000003e-09 3.9e-09 4.6e-09 4.8e-09 5.3e-09 5.8e-09 6.4e-09 70
3e-10 4e-10 1e-09 1.5e-09 1.8e-09 2e-09 2.1e-09 2.8000000000000003e-09 4.6e-09 4.8e-09 5.6000000000000005e-09 5.8e-09 6.4e-09 70
3e-10 4e-10 1e-09 1.5e-09 1.8e-09 2e-09 2.1e-09 3.4000000000000003e-09 3.6e-09 4.7e-09 2.9745961454720563e-301 5.6000000000000005e-09 5.8e-09 6.4e-09 69
3e-10 4e-10 1e-09 1.5e-09 1.8e-09 2e-09 2.1e-09 2.8000000000000003e-09 4.6e-09 4.8e-09 5.6000000000000005e-09 5.8e-09 6.4e-09 70
3e-10 1e-09 1.5e-09 1.7000000000000001e-09 2.1e-09 2.9e-09 4.5e-09 4.6e-09 4.8e-09 5.6000000000000005e-09 5.8e-09 6.4e-09 70
2e-10 3e-10 5e-10 1e-09 1.5e-09 1.8e-09 2e-09 2.1e-09 2.6e-09 2.8000000000000003e-09 4.7e-09 4.9e-09 5.6000000000000005e-09 6.1e-09 6.3e-09 6.4e-09 70
3e-10 5e-10 1e-09 1.5e-09 1.8e-09 2.1e-09 2.8000000000000003e-09 3.4000000000000003e-09 3.6e-09 4.7e-09 4.8e-09 5.6000000000000005e-09 5.8e-09 6.4e-09 70
3e-10 5e-10 1e-09 1.5e-09 1.8e-09 2e-09 2.1e-09 2.8000000000000003e-09 3.2e-09 4.6e-09 4.8e-09 5.6000000000000005e-09 5.8e-09 6.4e-09 70
3e-10 5e-10 1e-09 1.5e-09 1.8e-09 2e-09 2.1e-09 2.6e-09 2.9e-09 4.6e-09 4.8e-09 5.6000000000000005e-09 5.8e-09 6.4e-09 70
3e-10 5e-10 1e-09 1.5e-09 1.8e-09 2e-09 2.1e-09 2.6e-09 2.9e-09 4.6e-09 4.8e-09 5.6000000000000005e-09 5.8e-09 6.4e-09 70
2e-10 3e-10 5e-10 1e-09 1.5e-09 1.8e-09 2e-09 2.1e-09 2.6e-09 2.8000000000000003e-09 4.7e-09 4.9e-09 5.6000000000000005e-09 6.1e-09 6.3e-09 6.4e-09 70
3e-10 5e-10 1e-09 1.5e-09 1.8e-09 2e-09 2.1e-09 2.6e-09 2.8000000000000003e-09 3.9e-09 4.6e-09 4.8e-09 5.6000000000000005e-09 5.8e-09 6.4e-09 70
3e-10 5e-10 1e-09 1.5e-09 1.8e-09 2e-09 2.1e-09 2.8000000000000003e-09 3.6e-09 4.7e-09 5e-09 5.6000000000000005e-09 6.1e-09 6.4e-09 70
3e-10 4e-10 4.053425294860146e-264 1.5e-09 1.7000000000000001e-09 2.1e-09 3.2e-09 4.6e-09 4.8e-09 5.3e-09 5.8e-09 6.4e-09 70
3e-10 6e-10 1e-09 1.5e-09 2.1e-09 2.9e-09 4.7e-09 4.8e-09 5.6000000000000005e-09 5.8e-09 6.4e-09 70
3e-10 5e-10 1e-09 1.5e-09 6.572645575822122e-163 2.9e-09 4.6e-09 5e-09 5.6000000000000005e-09 5.8e-09 6.4e-09 70
3e-10 5e-10 1e-09 1.5e-09 1.8e-09 2.1e-09 2.8000000000000003e-09 3.4000000000000003e-09 3.6e-09 4.7e-09 5e-09 5.6000000000000005e-09 6.1e-09 6.4e-09 70
3e-10 4e-10 1e-09 1.5e-09 1.8e-09 2e-09 2.1e-09 2.8000000000000003e-09 4.6e-09 4.8e-09 5.3e-09 5.8e-09 6.4e-09 70
2e-10 3e-10 5e-10 1e-09 1.6e-09 1.7000000000000001e-09 2.1e-09 2.8000000000000003e-09 3.3e-09 4.7e-09 4.8e-09 5.6000000000000005e-09 5.8e-09 6.4e-09 73
3e-10 4e-10 1e-09 1.5e-09 1.8e-09 2e-09 2.1e-09 2.8000000000000003e-09 4.7e-09 4.8e-09 5.6000000000000005e-09 5.8e-09 6.3e-09 6.4e-09 70
3e-10 5e-10 1e-09 1.5e-09 1.8e-09 2.1e-09 2.8000000000000003e-09 3.2e-09 4.7e-09 4.8e-09 5.6000000000000005e-09 6.1e-09 6.3e-09 6.4e-09 70
3e-10 4e-10 1e-09 1.5e-09 1.8e-09 2e-09 2.1e-09 3.4000000000000003e-09 3.6e-09 4.7e-09 4.8e-09 5.6000000000000005e-09 5.8e-09 6.4e-09 69
3e-10 1e-09 1.5e-09 1.7000000000000001e-09 2.1e-09 2.9e-09 4.5e-09 4.6e-09 4.8e-09 5.6000000000000005e-09 5.8e-09 6.6e-09 70
3e-10 4e-10 1e-09 1.5e-09 1.8e-09 2e-09 2.1e-09 2.8000000000000003e-09 4.7e-09 4.8e-09 5.6000000000000005e-09 5.8e-09 6.4e-09 70
3e-10 4e-10 1e-09 1.5e-09 1.8e-09 2e-09 2.1e-09 2.8000000000000003e-09 3.6e-09 3.9e-09 4.7e-09 4.9e-09 5.6000000000000005e-09 6.1e-09 6.4e-09 70
2e-10 3e-10 5e-10 1e-09 1.6e-09 1.7000000000000001e-09 2.1e-09 2.8000000000000003e-09 3.3e-09 4.7e-09 4.8e-09 5.6000000000000005e-09 6.1e-09 6.4e-09 73
3e-10 5e-10 1e-09 1.5e-09 1.8e-09 2.1e-09 2.8000000000000003e-09 4.7e-09 4.8e-09 5.6000000000000005e-09 5.8e-09 6.4e-09 70
3e-10 5e-10 1e-09 1.5e-09 1.7000000000000001e-09 2.1e-09 2.9e-09 3.3e-09 4.6e-09 4.8e-09 5.6000000000000005e-09 5.8e-09 6.4e-09 70
3e-10 6e-10 1.4000000000000001e-09 1.5e-09 2.1e-09 3.3e-09 3.5000000000000003e-09 4.6e-09 5.2e-09 5.6000000000000005e-09 5.8e-09 6.4e-09 70
2e-10 3e-10 5e-10 1e-09 1.5e-09 1.8e-09 2e-09 2.1e-09 2.6e-09 2.8000000000000003e-09 4.7e-09 4.9e-09 5.6000000000000005e-09 6.1e-09 6.3e-09 6.4e-09 70
3e-10 5e-10 1e-09 1.5e-09 6.572645575822122e-163 2.9e-09 4.6e-09 5e-09 5.6000000000000005e-09 5.8e-09 6.4e-09 70
3e-10 5e-10 1e-09 1.5e-09 1.7000000000000001e-09 2.1e-09 2.9e-09 4.6e-09 4.8e-09 5.6000000000000005e-09 5.8e-09 6.6e-09 70
3e-10 4e-10 1e-09 1.5e-09 1.8e-09 2e-09 2.1e-09 2.8000000000000003e-09 4.5e-09 4.6e-09 4.8e-09 5.6000000000000005e-09 5.8e-09 6.4e-09 70
3e-10 5e-10 1e-09 1.5e-09 1.8e-09 2e-09 2.1e-09 2.9e-09 3.3e-09 4.7e-09 5.2e-09 5.6000000000000005e-09 5.8e-09 6.4e-09 70
3e-10 1e-09 1.5e-09 1.7000000000000001e-09 2.1e-09 2.9e-09 4.6e-09 4.8e-09 5.6000000000000005e-09 5.8e-09 6.4e-09 70
3e-10 4e-10 1e-09 1.5e-09 1.8e-09 2e-09 2.1e-09 2.8000000000000003e-09 4.7e-09 4.8e-09 5.6000000000000005e-09 5.8e-09 6.4e-09 70
3e-10 5e-10 1e-09 1.5e-09 6.572645575822122e-163 2.9e-09 4.6e-09 4.8e-09 5.6000000000000005e-09 5.8e-09 6.4e-09 70
3e-10 4e-10 1e-09 1.5e-09 1.8e-09 2e-09 2.1e-09 2.8000000000000003e-09 4.7e-09 4.8e-09 5.3e-09 5.8e-09 6.4e-09 70
3e-10 4e-10 1e-09 1.5e-09 1.8e-09 2e-09 2.1e-09 3.4000000000000003e-09 3.6e-09 4.7e-09 5e-09 5.6000000000000005e-09 6.1e-09 6.4e-09 69
3e-10 5e-10 1e-09 1.5e-09 1.8e-09 2e-09 2.1e-09 2.8000000000000003e-09 3.2e-09 3.4000000000000003e-09 3.6e-09 4.7e-09 4.8e-09 5.6000000000000005e-09 5.8e-09 6.4e-09 70
3e-10 5e-10 1e-09 1.5e-09 1.8e-09 2e-09 2.1e-09 2.6e-09 2.8000000000000003e-09 4.5e-09 4.6e-09 4.8e-09 5.6000000000000005e-09 5.8e-09 6.4e-09 70
3e-10 6e-10 1e-09 1.5e-09 2.1e-09 2.9e-09 4.6e-09 5.2e-09 5.6000000000000005e-09 5.8e-09 6.6e-09 70
3e-10 1e-09 1.5e-09 1.8e-09 2e-09 2.1e-09 2.9e-09 4.7e-09 4.8e-09 5.6000000000000005e-09 6.1e-09 6.2e-09 6.4e-09 70
3e-10 0.16 1.4000000000000001e-09 1.5e-09 2.1e-09 3.5000000000000003e-09 4.7e-09 2.9745961454720563e-301 5.6000000000000005e-09 6.1e-09 6.4e-09 70
3e-10 6e-10 1e-09 1.5e-09 2.1e-09 2.9e-09 4.7e-09 5e-09 5.6000000000000005e-09 6.1e-09 6.4e-09 70
2e-10 3e-10 5e-10 1e-09 1.5e-09 1.8e-09 2e-09 2.1e-09 2.6e-09 2.8000000000000003e-09 4.6e-09 4.9e-09 5.3e-09 5.8e-09 6.4e-09 70
3e-10 1e-09 1.5e-09 1.7000000000000001e-09 2.1e-09 2.9e-09 4.5e-09 4.6e-09 4.8e-09 5.6000000000000005e-09 5.8e-09 6.6e-09 70
3e-10 5e-10 1e-09 1.5e-09 1.8e-09 2.1e-09 2.8000000000000003e-09 3.4000000000000003e-09 3.6e-09 4.7e-09 4.8e-09 5.6000000000000005e-09 5.8e-09 6.4e-09 70
2e-10 3e-10 5e-10 1e-09 1.5e-09 1.8e-09 2e-09 2.1e-09 2.6e-09 2.8000000000000003e-09 4.7e-09 4.9e-09 5.6000000000000005e-09 6.1e-09 6.4e-09 70
3e-10 5e-10 1e-09 1.5e-09 1.8e-09 2e-09 2.1e-09 2.8000000000000003e-09 3.2e-09 3.4000000000000003e-09 3.6e-09 4.7e-09 4.8e-09 5.6000000000000005e-09 5.8e-09 6.4e-09 70
3e-10 5e-10 1e-09 1.5e-09 1.8e-09 2e-09 2.1e-09 2.8000000000000003e-09 3.9e-09 4.6e-09 4.8e-09 5.6000000000000005e-09 5.8e-09 6.4e-09 70
3e-10 1e-09 1.5e-09 1.9e-09 2e-09 2.1e-09 2.9e-09 4.7e-09 4.8e-09 5.6000000000000005e-09 6.1e-09 6.2e-09 6.4e-09 70
3e-10 5e-10 4.053425294860146e-264 1.5e-09 1.7000000000000001e-09 2.1e-09 2.9e-09 4.6e-09 4.8e-09 5.6000000000000005e-09 5.8e-09 6.4e-09 70
2e-10 3e-10 5e-10 1e-09 1.6e-09 1.7000000000000001e-09 2.1e-09 2.8000000000000003e-09 3.3e-09 3.9e-09 4.7e-09 4.8e-09 5.6000000000000005e-09 5.8e-09 6.4e-09 73
3e-10 5e-10 1e-09 1.5e-09 1.8e-09 2.1e-09 2.8000000000000003e-09 3.6e-09 4.7e-09 4.8e-09 5.6000000000000005e-09 6.1e-09 6.4e-09 70
2e-10 3e-10 4e-10 1e-09 1.5e-09 1.8e-09 2e-09 2.1e-09 2.8000000000000003e-09 4.7e-09 5e-09 5.6000000000000005e-09 6.1e-09 6.4e-09 70
1e-10 3e-10 5e-10 1e-09 1.5e-09 2e-09 2.1e-09 2.6e-09 2.902100940820136e-155 4.7e-09 4.8e-09 5.6000000000000005e-09 6.1e-09 6.4e-09 72
3e-10 4e-10 1e-09 1.5e-09 1.8e-09 2e-09 2.1e-09 4.6e-09 5e-09 5.3e-09 5.8e-09 6.4e-09 69
3e-10 5e-10 1e-09 1.5e-09 1.8e-09 2e-09 2.1e-09 2.8000000000000003e-09 4.7e-09 4.8e-09 2.769112602628764e-217 5.8e-09 6.4e-09 70
3e-10 4e-10 1e-09 1.5e-09 1.8e-09 2e-09 2.1e-09 2.8000000000000003e-09 3.4000000000000003e-09 3.6e-09 3.9e-09 4.7e-09 4.9e-09 5.6000000000000005e-09 6.1e-09 6.4e-09 70
3e-10 4e-10 1e-09 1.5e-09 1.8e-09 2e-09 2.1e-09 3.4000000000000003e-09 4.7e-09 4.8e-09 5.6000000000000005e-09 6.1e-09 6.4e-09 69
3e-10 5e-10 1e-09 1.5e-09 1.8e-09 2e-09 2.1e-09 2.8000000000000003e-09 3.4000000000000003e-09 3.6e-09 4.7e-09 4.8e-09 5.6000000000000005e-09 5.8e-09 6.4e-09 70
3e-10 1e-09 1.5e-09 1.9e-09 2e-09 2.1e-09 2.9e-09 3.9e-09 4.6e-09 4.8e-09 5.3e-09 5.8e-09 6.4e-09 70
1e-10 3e-10 1e-09 1.5e-09 1.9e-09 2e-09 2.1e-09 4.1e-09 4.7e-09 5e-09 5.6000000000000005e-09 5.8e-09 6.4e-09 72
3e-10 4e-10 1e-09 1.5e-09 1.8e-09 2e-09 2.1e-09 2.8000000000000003e-09 4.7e-09 5.2e-09 5.6000000000000005e-09 5.8e-09 6.4e-09 70
3e-10 1e-09 1.5e-09 6.572645575822122e-163 1.3771305240110931e-155 2.1422030373505895e-155 4.7e-09 2.9745961454720563e-301 5.6000000000000005e-09 5.8e-09 6.4e-09 69
3e-10 5e-10 1e-09 1.5e-09 1.8e-09 2e-09 2.1e-09 2.9e-09 4.7e-09 4.9e-09 5.6000000000000005e-09 5.8e-09 6.4e-09 70
3e-10 0.16 1.4000000000000001e-09 1.5e-09 2.1e-09 3.5000000000000003e-09 4.7e-09 5.2e-09 5.6000000000000005e-09 5.8e-09 6.4e-09 70
3e-10 5e-10 1e-09 1.5e-09 1.8e-09 2e-09 2.1e-09 2.8000000000000003e-09 4.7e-09 5.2e-09 5.6000000000000005e-09 5.8e-09 6.4e-09 70
3e-10 5e-10 1e-09 1.5e-09 1.8e-09 2.1e-09 2.8000000000000003e-09 3.4000000000000003e-09 3.6e-09 4.7e-09 4.8e-09 5.6000000000000005e-09 5.8e-09 6.4e-09 70
3e-10 4e-10 1e-09 1.5e-09 1.8e-09 2e-09 2.1e-09 2.8000000000000003e-09 3.2e-09 4.7e-09 4.8e-09 5.6000000000000005e-09 6.1e-09 6.2e-09 6.4e-09 70
3e-10 5e-10 1e-09 1.5e-09 1.8e-09 2e-09 2.1e-09 2.8000000000000003e-09 4.7e-09 4.8e-09 5.6000000000000005e-09 5.8e-09 6.4e-09 70
3e-10 5e-10 1e-09 1.5e-09 1.8e-09 2e-09 2.1e-09 2.8000000000000003e-09 3.2e-09 3.6e-09 4.7e-09 4.8e-09 5.6000000000000005e-09 5.8e-09 6.4e-09 70
2e-10 3e-10 5e-10 1e-09 1.5e-09 1.7000000000000001e-09 2.1e-09 2.8000000000000003e-09 3.2e-09 3.4000000000000003e-09 4.7e-09 4.8e-09 5.6000000000000005e-09 6.1e-09 6.4e-09 70
3e-10 1e-09 1.5e-09 1.8e-09 2e-09 2.1e-09 2.9e-09 3.4000000000000003e-09 3.6e-09 4.7e-09 4.8e-09 5.6000000000000005e-09 6.1e-09 6.4e-09 70
3e-10 5e-10 4.053425294860146e-264 1.5e-09 1.7000000000000001e-09 2.1e-09 2.9e-09 4.6e-09 4.8e-09 5.6000000000000005e-09 5.8e-09 6.4e-09 70
1e-10 3e-10 1e-09 1.5e-09 1.9e-09 2e-09 2.1e-09 4.1e-09 4.7e-09 4.8e-09 5.6000000000000005e-09 6.1e-09 6.4e-09 72
3e-10 5e-10 1e-09 1.5e-09 1.8e-09 2e-09 2.1e-09 2.8000000000000003e-09 4.6e-09 5.2e-09 5.6000000000000005e-09 5.8e-09 6.4e-09 70
3e-10 5e-10 1e-09 1.5e-09 1.8e-09 2e-09 2.1e-09 2.8000000000000003e-09 3.2e-09 3.6e-09 4.7e-09 4.8e-09 5.6000000000000005e-09 6.1e-09 6.4e-09 70
3e-10 6e-10 1e-09 1.5e-09 2.1e-09 2.9e-09 4.7e-09 4.8e-09 5.6000000000000005e-09 5.8e-09 6.4e-09 70
1e-10 3e-10 1e-09 1.5e-09 1.9e-09 2e-09 2.1e-09 4.1e-09 4.7e-09 5e-09 5.6000000000000005e-09 5.8e-09 6.4e-09 72
3e-10 6e-10 1e-09 1.5e-09 2.1e-09 2.9e-09 4.7e-09 5e-09 5.6000000000000005e-09 5.8e-09 6.4e-09 70
3e-10 5e-10 1e-09 1.5e-09 1.8e-09 2.1e-09 2.8000000000000003e-09 4.6e-09 4.8e-09 5.6000000000000005e-09 5.8e-09 6.4e-09 70
3e-10 5e-10 1e-09 1.5e-09 1.8e-09 2e-09 2.1e-09 2.9e-09 4.7e-09 4.9e-09 5.6000000000000005e-09 5.8e-09 6.4e-09 70
3e-10 4e-10 1e-09 1.5e-09 1.8e-09 2e-09 2.1e-09 2.8000000000000003e-09 3.2e-09 3.4000000000000003e-09 3.6e-09 4.7e-09 5e-09 5.6000000000000005e-09 5.8e-09 6.4e-09 70
3e-10 5e-10 1e-09 1.5e-09 1.7000000000000001e-09 2.1e-09 2.6e-09 2.9e-09 4.6e-09 5e-09 5.6000000000000005e-09 5.8e-09 6.6e-09 70
3e-10 5e-10 1e-09 1.5e-09 1.7000000000000001e-09 2.1e-09 2.9e-09 3.4000000000000003e-09 4.6e-09 4.8e-09 5.3e-09 5.8e-09 6.4e-09 70
3e-10 5e-10 1e-09 1.6e-09 1.7000000000000001e-09 2.1e-09 2.9e-09 4.7e-09 5e-09 5.6000000000000005e-09 6.1e-09 6.2e-09 6.4e-09 73
3e-10 5e-10 1e-09 1.5e-09 1.8e-09 2e-09 2.1e-09 2.8000000000000003e-09 3.9e-09 4.6e-09 4.8e-09 5.6000000000000005e-09 5.8e-09 6.4e-09 70
2e-10 3e-10 4e-10 1e-09 1.5e-09 1.9e-09 2e-09 2.1e-09 2.9e-09 4.6e-09 4.8e-09 5.3e-09 5.8e-09 6.4e-09 70
3e-10 5e-10 4.053425294860146e-264 1.5e-09 1.7000000000000001e-09 2.1e-09 3.2e-09 4.6e-09 4.8e-09 5.6000000000000005e-09 5.8e-09 6.4e-09 68
3e-10 5e-10 1e-09 1.5e-09 1.8e-09 2e-09 2.1e-09 2.8000000000000003e-09 3.2e-09 4.7e-09 4.8e-09 5.6000000000000005e-09 6.1e-09 6.4e-09 70
3e-10 1e-09 1.5e-09 1.7000000000000001e-09 2.1e-09 2.9e-09 4.6e-09 4.8e-09 5.6000000000000005e-09 5.8e-09 6.4e-09 70
3e-10 6e-10 1.4000000000000001e-09 1.5e-09 2.1e-09 3.5000000000000003e-09 4.6e-09 5.2e-09 5.6000000000000005e-09 5.8e-09 6.5e-09 70
3e-10 5e-10 1e-09 1.5e-09 1.8e-09 2e-09 2.1e-09 2.8000000000000003e-09 3.2e-09 3.4000000000000003e-09 3.6e-09 4.7e-09 4.8e-09 5.6000000000000005e-09 6.1e-09 6.4e-09 70
3e-10 5e-10 1e-09 1.5e-09 1.8e-09 2e-09 2.1e-09 2.8000000000000003e-09 3.2e-09 4.7e-09 4.8e-09 5.6000000000000005e-09 5.8e-09 6.2e-09 6.4e-09 70
3e-10 4e-10 1e-09 1.5e-09 1.8e-09 2e-09 2.1e-09 2.8000000000000003e-09 3.2e-09 4.7e-09 5.2e-09 5.6000000000000005e-09 5.8e-09 6.4e-09 70
3e-10 1e-09 1.5e-09 1.8e-09 2e-09 2.1e-09 2.9e-09 4.7e-09 4.8e-09 5.6000000000000005e-09 5.8e-09 6.4e-09 70
3e-10 5e-10 1e-09 1.5e-09 1.8e-09 2e-09 2.1e-09 2.6e-09 2.8000000000000003e-09 4.6e-09 4.9e-09 5.3e-09 5.8e-09 6.4e-09 70
3e-10 4e-10 1e-09 1.5e-09 1.8e-09 2e-09 2.1e-09 3.2e-09 4.7e-09 4.8e-09 2.769112602628764e-217 6.1e-09 6.4e-09 69
3e-10 4e-10 1e-09 1.5e-09 1.8e-09 2e-09 2.1e-09 3.6e-09 4.7e-09 2.9745961454720563e-301 5.6000000000000005e-09 6.1e-09 6.4e-09 69
3e-10 5e-10 1e-09 1.5e-09 1.8e-09 2e-09 2.1e-09 2.9e-09 4.6e-09 5.2e-09 5.6000000000000005e-09 5.8e-09 6.4e-09 70
3e-10 4e-10 1e-09 1.5e-09 1.8e-09 2e-09 2.1e-09 3.2e-09 4.6e-09 4.8e-09 5.6000000000000005e-09 5.8e-09 6.4e-09 69
3e-10 5e-10 1e-09 1.5e-09 1.8e-09 2e-09 2.1e-09 2.8000000000000003e-09 3.3e-09 4.6e-09 4.8e-09 5.6000000000000005e-09 5.8e-09 6.4e-09 70
3e-10 5e-10 1e-09 1.5e-09 1.7000000000000001e-09 2.1e-09 2.9e-09 4.6e-09 4.8e-09 5.6000000000000005e-09 5.8e-09 6.6e-09 70
3e-10 4e-10 1e-09 1.5e-09 1.8e-09 2e-09 2.1e-09 2.8000000000000003e-09 4.7e-09 5.2e-09 5.6000000000000005e-09 6.1e-09 6.4e-09 70
2e-10 3e-10 5e-10 1e-09 1.5e-09 1.7000000000000001e-09 2.1e-09 2.8000000000000003e-09 3.2e-09 3.4000000000000003e-09 4.7e-09 4.8e-09 5.6000000000000005e-09 6.1e-09 6.4e-09 70
3e-10 1e-09 1.5e-09 1.7000000000000001e-09 2.1e-09 2.9e-09 3.5000000000000003e-09 4.6e-09 5.2e-09 5.6000000000000005e-09 5.8e-09 6.6e-09 70
3e-10 6e-10 1.4000000000000001e-09 1.5e-09 2.1e-09 3.3e-09 3.5000000000000003e-09 4.5e-09 4.6e-09 5e-09 5.6000000000000005e-09 5.8e-09 6.4e-09 70
3e-10 1.7661901320212034e-120 1e-09 1.5e-09 6.0555090240726976e-120 1.3771305240110931e-155 4.7e-09 2.9745961454720563e-301 5.6000000000000005e-09 6.1e-09 6.4e-09 69
3e-10 4e-10 1e-09 1.5e-09 1.8e-09 2e-09 2.1e-09 2.8000000000000003e-09 4.7e-09 4.8e-09 5.6000000000000005e-09 6.1e-09 6.2e-09 6.4e-09 70
3e-10 6e-10 1.4000000000000001e-09 1.5e-09 2.1e-09 4.6e-09 4.8e-09 5.6000000000000005e-09 5.8e-09 6.4e-09 70
3e-10 4e-10 1e-09 1.5e-09 1.8e-09 2e-09 2.1e-09 2.8000000000000003e-09 3.2e-09 4.6e-09 4.8e-09 5.6000000000000005e-09 5.8e-09 6.4e-09 1.34 70
1e-10 3e-10 5e-10 1e-09 1.5e-09 2e-09 2.1e-09 2.6e-09 3.7e-09 4.7e-09 4.9e-09 5.6000000000000005e-09 5.8e-09 6.4e-09 72
2e-10 3e-10 5e-10 1e-09 1.5e-09 1.7000000000000001e-09 2.1e-09 2.8000000000000003e-09 4.6e-09 4.8e-09 5.6000000000000005e-09 5.8e-09 6.4e-09 70
3e-10 4e-10 1e-09 1.5e-09 1.8e-09 2e-09 2.1e-09 3.4000000000000003e-09 3.6e-09 4.7e-09 2.9745961454720563e-301 5.6000000000000005e-09 5.8e-09 6.4e-09 69
3e-10 5e-10 1e-09 1.5e-09 1.8e-09 2e-09 2.1e-09 2.8000000000000003e-09 3.2e-09 4.7e-09 4.8e-09 5.6000000000000005e-09 5.8e-09 6.4e-09 70
3e-10 6e-10 1.4000000000000001e-09 1.5e-09 2.1e-09 3.5000000000000003e-09 4.6e-09 5.2e-09 5.6000000000000005e-09 5.8e-09 6.4e-09 70
3e-10 5e-10 1e-09 1.5e-09 1.8e-09 2e-09 2.1e-09 2.6e-09 2.8000000000000003e-09 4.7e-09 4.8e-09 5.6000000000000005e-09 5.8e-09 6.4e-09 70
3e-10 4e-10 1e-09 1.5e-09 1.8e-09 2e-09 2.1e-09 2.8000000000000003e-09 3.4000000000000003e-09 3.6e-09 4.7e-09 4.8e-09 5.6000000000000005e-09 5.8e-09 6.4e-09 70
3e-10 5e-10 1e-09 1.5e-09 1.8e-09 2e-09 2.1e-09 2.8000000000000003e-09 4.6e-09 4.8e-09 5.6000000000000005e-09 5.8e-09 6.4e-09 70
3e-10 5e-10 1e-09 1.5e-09 1.8e-09 2e-09 2.1e-09 2.8000000000000003e-09 3.2e-09 3.6e-09 4.7e-09 4.8e-09 5.6000000000000005e-09 6.1e-09 6.4e-09 70
3e-10 5e-10 4.053425294860146e-264 1.5e-09 1.7000000000000001e-09 2.1e-09 2.9e-09 4.6e-09 4.8e-09 5.6000000000000005e-09 5.8e-09 6.4e-09 70
3e-10 4e-10 1e-09 1.5e-09 1.8e-09 2e-09 2.1e-09 2.8000000000000003e-09 4.7e-09 4.8e-09 5.6000000000000005e-09 5.8e-09 6.4e-09 70
3e-10 5e-10 1e-09 1.5e-09 1.8e-09 2e-09 2.1e-09 2.8000000000000003e-09 4.7e-09 4.8e-09 5.6000000000000005e-09 6.1e-09 6.2e-09 6.4e-09 70
3e-10 5e-10 1e-09 1.5e-09 1.8e-09 2e-09 2.1e-09 2.6e-09 2.8000000000000003e-09 3.9e-09 4.6e-09 4.8e-09 5.6000000000000005e-09 5.8e-09 6.4e-09 70
3e-10 5e-10 1e-09 1.5e-09 1.8e-09 2e-09 2.1e-09 2.9e-09 3.6e-09 4.7e-09 5e-09 5.6000000000000005e-09 5.8e-09 6.4e-09 70
3e-10 1e-09 1.5e-09 1.8e-09 2.1e-09 2.8000000000000003e-09 3.9e-09 4.7e-09 5e-09 5.6000000000000005e-09 6.1e-09 6.4e-09 70
3e-10 5e-10 1e-09 1.5e-09 1.8e-09 2e-09 2.1e-09 2.6e-09 2.8000000000000003e-09 4.7e-09 4.8e-09 5.6000000000000005e-09 5.8e-09 6.4e-09 70
3e-10 5e-10 1e-09 1.5e-09 1.8e-09 2e-09 2.1e-09 2.6e-09 2.9e-09 4.6e-09 4.8e-09 5.6000000000000005e-09 5.8e-09 6.4e-09 70
3e-10 4e-10 1e-09 1.5e-09 1.8e-09 2e-09 2.1e-09 3.6e-09 4.7e-09 4.8e-09 5.6000000000000005e-09 6.1e-09 6.4e-09 69
3e-10 6e-10 1.4000000000000001e-09 1.5e-09 2.1e-09 4.5e-09 4.6e-09 4.8e-09 5.6000000000000005e-09 5.8e-09 6.4e-09 70
3e-10 5e-10 1e-09 1.5e-09 1.8e-09 2e-09 2.1e-09 2.8000000000000003e-09 3.9e-09 4.6e-09 4.8e-09 5.6000000000000005e-09 5.8e-09 6.4e-09 1.34 70
3e-10 1.7661901320212034e-120 1e-09 1.5e-09 6.0555090240726976e-120 2.9e-09 4.6e-09 5e-09 5.6000000000000005e-09 5.8e-09 6.4e-09 69
3e-10 1e-09 1.5e-09 1.8e-09 2e-09 2.1e-09 2.9e-09 3.9e-09 4.6e-09 4.8e-09 5.6000000000000005e-09 5.8e-09 6.4e-09 70
3e-10 1e-09 1.5e-09 1.7000000000000001e-09 2.1e-09 2.9e-09 3.3e-09 4.6e-09 4.8e-09 5.6000000000000005e-09 5.8e-09 6.4e-09 70
2e-10 3e-10 5e-10 1e-09 1.5e-09 1.8e-09 2e-09 2.1e-09 2.6e-09 2.8000000000000003e-09 4.6e-09 4.8e-09 5.3e-09 5.8e-09 6.4e-09 70
3e-10 5e-10 1e-09 1.5e-09 1.8e-09 2e-09 2.1e-09 2.9e-09 3.4000000000000003e-09 3.6e-09 3.9e-09 4.7e-09 4.8e-09 5.6000000000000005e-09 6.1e-09 6.4e-09 70
3e-10 5e-10 1e-09 1.5e-09 1.8e-09 2e-09 2.1e-09 2.9e-09 3.2e-09 3.4000000000000003e-09 3.6e-09 4.7e-09 4.8e-09 5.6000000000000005e-09 5.8e-09 6.4e-09 70
3e-10 1e-09 1.5e-09 6.572645575822122e-163 1.3771305240110931e-155 4.7e-09 2.9745961454720563e-301 5.6000000000000005e-09 5.8e-09 6.4e-09 69
3e-10 4e-10 1e-09 1.5e-09 1.8e-09 2e-09 2.1e-09 2.8000000000000003e-09 3.2e-09 3.4000000000000003e-09 4.7e-09 4.8e-09 5.6000000000000005e-09 6.1e-09 6.4e-09 70
