2e-10 3e-10 4e-10 1e-09 1.5e-09 2.1e-09 0.8 4.6e-09 4.8e-09 5.6000000000000005e-09 5.8e-09 6.4e-09 68
3e-10 5e-10 1e-09 1.5e-09 1.8e-09 2e-09 2.1e-09 2.8000000000000003e-09 4.5e-09 4.6e-09 5.2e-09 5.3e-09 5.8e-09 6.4e-09 70
3e-10 4e-10 1e-09 1.5e-09 1.9e-09 2e-09 2.1e-09 2.9e-09 4.7e-09 4.8e-09 5.6000000000000005e-09 6.1e-09 6.4e-09 70
3e-10 6e-10 1.4000000000000001e-09 1.5e-09 2.1e-09 3.3e-09 3.5000000000000003e-09 4.6e-09 5.2e-09 5.6000000000000005e-09 5.8e-09 6.6e-09 70
3e-10 5e-10 1e-09 1.5e-09 1.8e-09 2e-09 2.1e-09 2.8000000000000003e-09 3.3e-09 4.6e-09 4.8e-09 5.6000000000000005e-09 5.8e-09 6.4e-09 70
3e-10 5e-10 1e-09 1.5e-09 1.8e-09 2e-09 2.1e-09 2.8000000000000003e-09 3.2e-09 3.6e-09 4.7e-09 4.8e-09 5.6000000000000005e-09 6.1e-09 6.4e-09 70
2e-10 3e-10 5e-10 1e-09 1.6e-09 1.7000000000000001e-09 2.1e-09 2.8000000000000003e-09 3.3e-09 3.9e-09 4.7e-09 4.8e-09 5.6000000000000005e-09 5.8e-09 6.4e-09 73
3e-10 1e-09 1.5e-09 1.8e-09 2e-09 2.1e-09 2.9e-09 4.7e-09 4.8e-09 5.6000000000000005e-09 5.8e-09 1.0277357761337078e-283 6.4e-09 70
3e-10 4e-10 1e-09 1.5e-09 1.8e-09 2e-09 2.1e-09 3.4000000000000003e-09 4.6e-09 5e-09 5.6000000000000005e-09 5.8e-09 6.4e-09 69
3e-10 5e-10 1e-09 1.5e-09 1.8e-09 2e-09 2.1e-09 2.8000000000000003e-09 3.2e-09 3.4000000000000003e-09 4.7e-09 4.8e-09 5.6000000000000005e-09 6.1e-09 6.4e-09 70
3e-10 4e-10 1e-09 1.5e-09 1.9e-09 2e-09 2.1e-09 2.9e-09 3.9e-09 4.6e-09 4.8e-09 5.3e-09 5.8e-09 6.4e-09 70
3e-10 6e-10 1.4000000000000001e-09 1.5e-09 2.1e-09 3.5000000000000003e-09 4.6e-09 5.2e-09 5.6000000000000005e-09 5.8e-09 6.6e-09 70
3e-10 5e-10 1e-09 1.5e-09 1.8e-09 2e-09 2.1e-09 2.8000000000000003e-09 4.7e-09 4.8e-09 5.6000000000000005e-09 5.8e-09 6.4e-09 70
3e-10 5e-10 1e-09 1.5e-09 1.8e-09 2e-09 2.1e-09 2.8000000000000003e-09 3.4000000000000003e-09 3.6e-09 4.7e-09 5e-09 5.6000000000000005e-09 5.8e-09 6.4e-09 70
1e-10 3e-10 1e-09 1.5e-09 1.9e-09 2e-09 2.1e-09 6.133261889830192e-284 4.6e-09 4.8e-09 5.5000000000000004e-09 5.8e-09 6.4e-09 72
3e-10 4e-10 1e-09 1.5e-09 1.8e-09 2e-09 2.1e-09 2.8000000000000003e-09 4.7e-09 4.8e-09 5.6000000000000005e-09 5.8e-09 6.4e-09 70
3e-10 5.157086455551911e-283 1e-09 1.5e-09 2.1e-09 2.9e-09 4.6e-09 5e-09 5.6000000000000005e-09 5.8e-09 6.4e-09 70
3e-10 4e-10 1e-09 1.5e-09 1.8e-09 2e-09 2.1e-09 2.8000000000000003e-09 4.7e-09 4.8e-09 5.6000000000000005e-09 5.8e-09 6.4e-09 70
3e-10 1e-09 1.5e-09 1.8e-09 2e-09 2.1e-09 2.9e-09 3.4000000000000003e-09 3.6e-09 4.7e-09 4.8e-09 5.6000000000000005e-09 6.1e-09 1.0277357761337078e-283 6.4e-09 70
3e-10 5.157086455551911e-283 1e-09 1.5e-09 2.1e-09 2.9e-09 4.6e-09 5e-09 5.3e-09 5.8e-09 6.4e-09 70
3e-10 4e-10 1e-09 1.5e-09 2.3e-09 4.6e-09 5e-09 5.6000000000000005e-09 5.8e-09 6.4e-09 70
3e-10 5e-10 1e-09 1.5e-09 1.8e-09 2e-09 2.1e-09 2.9e-09 3.5000000000000003e-09 4.6e-09 5.2e-09 5.6000000000000005e-09 5.8e-09 6.4e-09 70
1e-10 3e-10 1e-09 1.5e-09 1.9e-09 2e-09 2.1e-09 4.1e-09 4.6e-09 5e-09 5.6000000000000005e-09 5.8e-09 6.4e-09 72
3e-10 5.157086455551911e-283 1e-09 1.5e-09 6.697443512980948e-274 2.9e-09 4.7e-09 4.8e-09 5.6000000000000005e-09 1.18 6.4e-09 69
3e-10 5e-10 1e-09 1.5e-09 1.8e-09 2e-09 2.1e-09 2.6e-09 2.8000000000000003e-09 3.3e-09 4.6e-09 4.8e-09 5.6000000000000005e-09 5.8e-09 6.4e-09 70
3e-10 5e-10 1e-09 1.5e-09 1.8e-09 2e-09 2.1e-09 2.8000000000000003e-09 3.2e-09 4.7e-09 4.8e-09 5.6000000000000005e-09 5.8e-09 6.4e-09 70
3e-10 5e-10 1e-09 1.5e-09 1.8e-09 2e-09 2.1e-09 2.8000000000000003e-09 3.6e-09 4.7e-09 5e-09 5.6000000000000005e-09 5.8e-09 6.4e-09 70
3e-10 5e-10 1e-09 1.5e-09 1.8e-09 2e-09 2.1e-09 2.9e-09 4.7e-09 4.8e-09 5.6000000000000005e-09 5.8e-09 6.3e-09 6.4e-09 70
3e-10 6e-10 1.4000000000000001e-09 1.5e-09 2.1e-09 3.5000000000000003e-09 4.6e-09 5.2e-09 5.6000000000000005e-09 5.8e-09 6.4e-09 70
3e-10 5e-10 1e-09 1.5e-09 1.8e-09 2e-09 2.1e-09 2.8000000000000003e-09 4.5e-09 4.6e-09 5.2e-09 5.3e-09 5.8e-09 6.4e-09 70
3e-10 5e-10 1e-09 1.5e-09 1.8e-09 2e-09 2.1e-09 2.8000000000000003e-09 3.4000000000000003e-09 4.6e-09 5.2e-09 5.6000000000000005e-09 5.8e-09 6.4e-09 70
3e-10 4e-10 1e-09 1.5e-09 1.8e-09 2e-09 2.1e-09 2.8000000000000003e-09 3.9e-09 4.7e-09 4.8e-09 5.6000000000000005e-09 5.8e-09 6.4e-09 70
3e-10 4e-10 1e-09 1.5e-09 1.8e-09 2e-09 2.1e-09 2.8000000000000003e-09 3.2e-09 3.6e-09 4.7e-09 5.2e-09 5.6000000000000005e-09 5.8e-09 6.4e-09 70
3e-10 6e-10 1.4000000000000001e-09 1.5e-09 2.1e-09 4.6e-09 4.8e-09 5.6000000000000005e-09 5.8e-09 6.4e-09 70
3e-10 5e-10 1e-09 1.5e-09 1.8e-09 2e-09 2.1e-09 2.8000000000000003e-09 3.2e-09 4.7e-09 4.8e-09 5.6000000000000005e-09 6.1e-09 6.4e-09 70
3e-10 5e-10 1e-09 1.5e-09 1.8e-09 2e-09 2.1e-09 2.8000000000000003e-09 3.6e-09 4.7e-09 4.8e-09 5.6000000000000005e-09 5.8e-09 6.4e-09 70
1e-10 3e-10 5e-10 1e-09 1.5e-09 2e-09 2.1e-09 2.6e-09 6.133261889830192e-284 4.7e-09 5e-09 5.6000000000000005e-09 5.8e-09 6.4e-09 72
3e-10 5e-10 1e-09 1.5e-09 1.8e-09 2e-09 2.1e-09 2.8000000000000003e-09 4.7e-09 4.8e-09 5.6000000000000005e-09 5.8e-09 1.0277357761337078e-283 6.4e-09 70
3e-10 5e-10 1e-09 1.5e-09 1.8e-09 2.1e-09 2.8000000000000003e-09 3.4000000000000003e-09 4.6e-09 4.8e-09 5.6000000000000005e-09 5.8e-09 6.4e-09 70
3e-10 5e-10 1e-09 1.5e-09 1.8e-09 2e-09 2.1e-09 2.8000000000000003e-09 4.7e-09 4.8e-09 5.6000000000000005e-09 6.1e-09 6.4e-09 70
3e-10 4e-10 1e-09 1.5e-09 1.8e-09 2e-09 2.1e-09 4.7e-09 4.8e-09 5.6000000000000005e-09 5.8e-09 6.4e-09 69
3e-10 5e-10 1e-09 1.5e-09 1.7000000000000001e-09 2.1e-09 2.9e-09 3.4000000000000003e-09 3.6e-09 3.9e-09 4.7e-09 4.8e-09 5.5000000000000004e-09 5.8e-09 6.4e-09 70
3e-10 1e-09 1.5e-09 1.7000000000000001e-09 2.1e-09 2.9e-09 3.5000000000000003e-09 4.6e-09 5.2e-09 5.6000000000000005e-09 5.8e-09 6.6e-09 70
1e-10 3e-10 1e-09 1.5e-09 1.9e-09 2e-09 2.1e-09 4.1e-09 4.7e-09 5e-09 5.6000000000000005e-09 5.8e-09 6.4e-09 72
3e-10 4e-10 1e-09 1.5e-09 1.8e-09 2e-09 2.1e-09 4.6e-09 4.8e-09 5.6000000000000005e-09 5.8e-09 6.4e-09 69
3e-10 4e-10 1e-09 1.5e-09 1.8e-09 2e-09 2.1e-09 3.6e-09 4.7e-09 4.8e-09 5.7000000000000006e-09 6.1e-09 6.4e-09 69
3e-10 4e-10 1e-09 1.5e-09 1.8e-09 2e-09 2.1e-09 3.4000000000000003e-09 3.6e-09 4.7e-09 5e-09 5.6000000000000005e-09 5.8e-09 6.4e-09 69
3e-10 4e-10 1e-09 1.5e-09 1.8e-09 2e-09 2.1e-09 2.8000000000000003e-09 3.4000000000000003e-09 3.6e-09 4.7e-09 5e-09 5.6000000000000005e-09 5.8e-09 6.4e-09 70
3e-10 5e-10 1e-09 1.5e-09 1.8e-09 2e-09 2.1e-09 2.9e-09 4.5e-09 4.6e-09 4.8e-09 5.6000000000000005e-09 5.8e-09 6.4e-09 70
3e-10 4e-10 1e-09 1.5e-09 1.8e-09 2e-09 2.1e-09 2.8000000000000003e-09 4.7e-09 4.8e-09 5.6000000000000005e-09 6.1e-09 6.4e-09 70
3e-10 1e-09 1.5e-09 1.8e-09 2e-09 2.1e-09 2.9e-09 4.6e-09 4.8e-09 5.3e-09 5.8e-09 6.4e-09 70
3e-10 4e-10 1e-09 1.5e-09 1.8e-09 2e-09 2.1e-09 3.2e-09 4.7e-09 4.8e-09 5.6000000000000005e-09 5.8e-09 6.4e-09 69
3e-10 5e-10 1e-09 1.5e-09 1.8e-09 2e-09 2.1e-09 2.9e-09 3.3e-09 4.7e-09 4.8e-09 5.6000000000000005e-09 6.1e-09 6.4e-09 70
3e-10 4e-10 1e-09 1.5e-09 1.8e-09 2e-09 2.1e-09 3.2e-09 4.7e-09 5.1e-09 5.7000000000000006e-09 6.1e-09 6.4e-09 69
1e-10 3e-10 5e-10 1e-09 1.5e-09 2e-09 2.1e-09 2.6e-09 3.4000000000000003e-09 4.1e-09 4.7e-09 5e-09 5.6000000000000005e-09 7.584548709839844e-277 6.4e-09 72
1e-10 3e-10 1e-09 1.5e-09 1.9e-09 2e-09 2.1e-09 6.133261889830192e-284 4.6e-09 4.8e-09 5.5000000000000004e-09 5.8e-09 6.4e-09 72
3e-10 5e-10 1e-09 1.5e-09 1.7000000000000001e-09 2.1e-09 2.9e-09 4.6e-09 4.8e-09 5.3e-09 5.8e-09 6.4e-09 70
3e-10 5e-10 1e-09 1.5e-09 1.8e-09 2e-09 2.1e-09 2.8000000000000003e-09 3.2e-09 4.7e-09 4.8e-09 5.6000000000000005e-09 5.8e-09 6.4e-09 70
3e-10 6e-10 1.4000000000000001e-09 1.5e-09 2.1e-09 4.5e-09 4.6e-09 4.8e-09 5.6000000000000005e-09 5.8e-09 6.4e-09 70
3e-10 4e-10 1e-09 1.5e-09 1.8e-09 2e-09 2.1e-09 2.8000000000000003e-09 3.4000000000000003e-09 3.6e-09 4.7e-09 4.8e-09 5.6000000000000005e-09 5.8e-09 6.4e-09 70
2e-10 3e-10 5e-10 1e-09 1.5e-09 1.8e-09 2e-09 2.1e-09 2.6e-09 2.8000000000000003e-09 4.6e-09 4.8e-09 5.6000000000000005e-09 5.8e-09 6.4e-09 70
3e-10 5e-10 1e-09 1.6e-09 1.7000000000000001e-09 2.1e-09 2.9e-09 3.9e-09 4.6e-09 4.8e-09 5.3e-09 5.8e-09 6.4e-09 70
3e-10 6e-10 1.4000000000000001e-09 1.5e-09 2.1e-09 3.5000000000000003e-09 4.6e-09 5.2e-09 5.6000000000000005e-09 5.8e-09 6.4e-09 70
2e-10 3e-10 5e-10 1e-09 1.5e-09 1.8e-09 2e-09 2.1e-09 2.6e-09 2.8000000000000003e-09 4.7e-09 4.9e-09 5.6000000000000005e-09 6.1e-09 6.3e-09 6.4e-09 70
2e-10 3e-10 4e-10 1e-09 1.5e-09 1.9e-09 2e-09 2.1e-09 2.9e-09 4.6e-09 4.8e-09 5.6000000000000005e-09 5.8e-09 6.4e-09 70
3e-10 4e-10 1e-09 1.5e-09 1.8e-09 2e-09 2.1e-09 4.7e-09 5e-09 5.6000000000000005e-09 6.1e-09 6.4e-09 69
3e-10 1e-09 1.5e-09 2.3e-09 2.7e-09 4.7e-09 5e-09 5.6000000000000005e-09 6.1e-09 6.4e-09 69
3e-10 5e-10 1e-09 1.5e-09 1.8e-09 2e-09 2.1e-09 2.8000000000000003e-09 3.2e-09 4.6e-09 5e-09 5.3e-09 5.8e-09 6.4e-09 70
3e-10 4e-10 1e-09 1.5e-09 1.8e-09 2e-09 2.1e-09 2.8000000000000003e-09 4.7e-09 4.8e-09 5.6000000000000005e-09 5.8e-09 6.3e-09 6.4e-09 70
3e-10 4e-10 1e-09 1.5e-09 1.8e-09 2e-09 2.1e-09 4.7e-09 5e-09 5.6000000000000005e-09 6.1e-09 6.4e-09 69
1e-10 3e-10 1e-09 1.5e-09 1.9e-09 2e-09 2.1e-09 4.1e-09 4.7e-09 4.8e-09 5.6000000000000005e-09 6.1e-09 6.4e-09 72
3e-10 5e-10 1e-09 1.5e-09 1.8e-09 2e-09 2.1e-09 2.8000000000000003e-09 3.2e-09 3.4000000000000003e-09 3.6e-09 4.7e-09 4.8e-09 5.6000000000000005e-09 5.8e-09 6.4e-09 70
3e-10 1e-09 1.5e-09 2.3e-09 2.7e-09 0.84 4.7e-09 5.1e-09 5.6000000000000005e-09 5.8e-09 6.4e-09 69
3e-10 5e-10 1e-09 1.5e-09 1.7000000000000001e-09 2.1e-09 2.9e-09 4.5e-09 4.6e-09 4.8e-09 5.3e-09 5.8e-09 6.4e-09 70
3e-10 5e-10 1e-09 1.5e-09 1.7000000000000001e-09 2.1e-09 2.9e-09 3.3e-09 4.6e-09 4.8e-09 5.6000000000000005e-09 5.8e-09 6.5e-09 70
1e-10 3e-10 5e-10 1e-09 1.5e-09 2e-09 2.1e-09 2.6e-09 6.133261889830192e-284 4.7e-09 4.8e-09 5.6000000000000005e-09 5.8e-09 6.4e-09 72
3e-10 5.157086455551911e-283 1e-09 1.5e-09 2.1e-09 2.9e-09 3.3e-09 4.6e-09 5e-09 5.6000000000000005e-09 5.8e-09 6.4e-09 70
3e-10 4e-10 1e-09 1.5e-09 1.8e-09 2e-09 2.1e-09 2.8000000000000003e-09 3.6e-09 4.7e-09 4.8e-09 5.6000000000000005e-09 5.8e-09 6.4e-09 70
3e-10 4e-10 1e-09 1.5e-09 1.8e-09 2e-09 2.1e-09 2.8000000000000003e-09 4.7e-09 4.8e-09 5.3e-09 5.8e-09 6.4e-09 70
3e-10 5e-10 1e-09 1.5e-09 2.3e-09 2.9e-09 4.6e-09 4.8e-09 5.6000000000000005e-09 5.8e-09 6.4e-09 70
3e-10 5e-10 1e-09 1.5e-09 1.7000000000000001e-09 2.1e-09 2.9e-09 3.3e-09 4.5e-09 4.6e-09 4.8e-09 5.6000000000000005e-09 5.8e-09 6.4e-09 70
3e-10 4e-10 1e-09 1.5e-09 1.8e-09 2e-09 2.1e-09 3.6e-09 4.7e-09 5e-09 5.6000000000000005e-09 5.8e-09 6.4e-09 69
3e-10 6e-10 1.4000000000000001e-09 1.5e-09 2.1e-09 4.6e-09 4.8e-09 5.6000000000000005e-09 5.8e-09 6.4e-09 70
3e-10 5e-10 1e-09 1.5e-09 1.8e-09 2e-09 2.1e-09 2.8000000000000003e-09 3.2e-09 4.7e-09 4.8e-09 5.6000000000000005e-09 5.8e-09 1.0277357761337078e-283 6.4e-09 70
3e-10 1e-09 1.5e-09 1.8e-09 2e-09 2.1e-09 2.9e-09 4.6e-09 4.8e-09 5.6000000000000005e-09 5.8e-09 6.4e-09 70
3e-10 5e-10 1e-09 1.5e-09 1.8e-09 2e-09 2.1e-09 2.9e-09 4.7e-09 4.8e-09 5.6000000000000005e-09 5.8e-09 6.3e-09 6.4e-09 70
3e-10 6e-10 1.4000000000000001e-09 1.5e-09 2.1e-09 3.3e-09 3.5000000000000003e-09 4.6e-09 5e-09 5.6000000000000005e-09 5.8e-09 6.4e-09 70
3e-10 4e-10 1e-09 1.5e-09 1.8e-09 2e-09 2.1e-09 2.8000000000000003e-09 3.6e-09 4.7e-09 4.8e-09 5.6000000000000005e-09 6.1e-09 1.0277357761337078e-283 6.4e-09 70
3e-10 1e-09 1.5e-09 1.7000000000000001e-09 2.1e-09 2.9e-09 3.3e-09 4.6e-09 5.2e-09 5.6000000000000005e-09 5.8e-09 6.4e-09 70
3e-10 1e-09 1.5e-09 1.7000000000000001e-09 2.1e-09 2.9e-09 4.6e-09 4.8e-09 5.6000000000000005e-09 5.8e-09 6.4e-09 70
3e-10 5e-10 1e-09 1.5e-09 1.8e-09 2e-09 2.1e-09 2.6e-09 2.8000000000000003e-09 3.4000000000000003e-09 3.6e-09 3.9e-09 4.7e-09 4.8e-09 5.6000000000000005e-09 5.8e-09 6.4e-09 70
2e-10 3e-10 5e-10 1e-09 1.5e-09 1.8e-09 2e-09 2.1e-09 2.6e-09 2.8000000000000003e-09 4.7e-09 4.8e-09 5.6000000000000005e-09 6.1e-09 6.4e-09 70
3e-10 5e-10 1e-09 1.5e-09 1.8e-09 2e-09 2.1e-09 2.8000000000000003e-09 3.2e-09 3.6e-09 4.7e-09 4.8e-09 5.6000000000000005e-09 6.1e-09 6.4e-09 70
3e-10 1e-09 1.5e-09 1.8e-09 2e-09 2.1e-09 2.9e-09 3.4000000000000003e-09 3.6e-09 4.7e-09 4.8e-09 5.6000000000000005e-09 5.8e-09 6.4e-09 70
3e-10 4e-10 1e-09 1.5e-09 1.8e-09 2e-09 2.1e-09 2.8000000000000003e-09 4.6e-09 4.8e-09 5.6000000000000005e-09 5.8e-09 6.4e-09 70
3e-10 5e-10 1e-09 1.5e-09 1.8e-09 2e-09 2.1e-09 2.9e-09 4.5e-09 4.6e-09 4.8e-09 5.6000000000000005e-09 5.8e-09 6.4e-09 70
3e-10 5e-10 1e-09 1.5e-09 1.7000000000000001e-09 2.1e-09 2.9e-09 3.4000000000000003e-09 4.6e-09 5.2e-09 5.6000000000000005e-09 5.8e-09 6.4e-09 70
3e-10 5e-10 1e-09 1.5e-09 1.8e-09 2e-09 2.1e-09 2.8000000000000003e-09 3.2e-09 3.4000000000000003e-09 3.6e-09 4.7e-09 4.8e-09 5.6000000000000005e-09 6.1e-09 6.4e-09 70
3e-10 6e-10 1.4000000000000001e-09 1.5e-09 2.1e-09 3.5000000000000003e-09 4.6e-09 5.2e-09 5.6000000000000005e-09 5.8e-09 6.6e-09 70
3e-10 5e-10 1e-09 1.6e-09 1.7000000000000001e-09 2.1e-09 2.9e-09 4.6e-09 5.2e-09 5.6000000000000005e-09 5.8e-09 1.0277357761337078e-283 6.4e-09 73
3e-10 4e-10 1e-09 1.5e-09 1.8e-09 2e-09 2.1e-09 4.7e-09 5e-09 5.6000000000000005e-09 6.1e-09 6.4e-09 69
3e-10 5e-10 1e-09 1.5e-09 1.8e-09 2e-09 2.1e-09 2.8000000000000003e-09 4.7e-09 4.8e-09 5.6000000000000005e-09 5.8e-09 6.4e-09 70
2e-10 3e-10 5e-10 1e-09 1.5e-09 1.7000000000000001e-09 2.1e-09 2.8000000000000003e-09 3.2e-09 3.4000000000000003e-09 4.7e-09 4.8e-09 5.6000000000000005e-09 5.8e-09 6.4e-09 70
3e-10 5e-10 1e-09 1.5e-09 1.7000000000000001e-09 2.1e-09 2.9e-09 4.6e-09 4.8e-09 5.6000000000000005e-09 5.8e-09 6.4e-09 70
2e-10 3e-10 5e-10 1e-09 1.5e-09 1.7000000000000001e-09 2.1e-09 2.8000000000000003e-09 4.6e-09 4.8e-09 5.6000000000000005e-09 5.8e-09 6.4e-09 70
3e-10 5e-10 1e-09 1.5e-09 1.8e-09 2.1e-09 2.8000000000000003e-09 3.6e-09 4.7e-09 4.8e-09 5.6000000000000005e-09 6.1e-09 6.4e-09 70
3e-10 4e-10 1e-09 1.5e-09 1.8e-09 2e-09 2.1e-09 3.6e-09 4.7e-09 4.8e-09 5.7000000000000006e-09 6.1e-09 6.4e-09 69
3e-10 4e-10 1e-09 1.5e-09 1.8e-09 2e-09 2.1e-09 2.8000000000000003e-09 3.2e-09 4.7e-09 5.2e-09 5.6000000000000005e-09 6.1e-09 6.4e-09 70
3e-10 4e-10 1e-09 1.5e-09 1.8e-09 2e-09 2.1e-09 4.7e-09 5e-09 5.6000000000000005e-09 5.8e-09 6.4e-09 69
3e-10 4e-10 1e-09 1.5e-09 1.8e-09 2e-09 2.1e-09 2.8000000000000003e-09 3.6e-09 4.7e-09 4.8e-09 5.6000000000000005e-09 5.8e-09 6.4e-09 70
1e-10 3e-10 5e-10 1e-09 1.5e-09 2e-09 2.1e-09 2.6e-09 4.803547516231901e-277 4.7e-09 5e-09 5.6000000000000005e-09 5.8e-09 6.4e-09 72
3e-10 1e-09 1.5e-09 1.9e-09 2e-09 2.1e-09 2.9e-09 4.7e-09 4.8e-09 5.6000000000000005e-09 6.1e-09 1.0277357761337078e-283 6.4e-09 70
3e-10 5e-10 1e-09 1.5e-09 1.8e-09 2e-09 2.1e-09 2.8000000000000003e-09 0.88 4.6e-09 4.8e-09 5.6000000000000005e-09 5.8e-09 6.3e-09 6.4e-09 70
3e-10 5e-10 1e-09 1.5e-09 1.8e-09 2.1e-09 2.8000000000000003e-09 3.4000000000000003e-09 4.7e-09 4.8e-09 5.6000000000000005e-09 5.8e-09 6.4e-09 70
3e-10 5e-10 1e-09 1.5e-09 1.8e-09 2e-09 2.1e-09 2.9e-09 4.5e-09 4.6e-09 4.8e-09 5.3e-09 5.8e-09 6.4e-09 70
3e-10 4e-10 1e-09 1.5e-09 1.8e-09 2e-09 2.1e-09 2.8000000000000003e-09 4.6e-09 4.8e-09 5.6000000000000005e-09 5.8e-09 6.4e-09 70
3e-10 4e-10 1e-09 1.5e-09 1.8e-09 2e-09 2.1e-09 3.4000000000000003e-09 3.6e-09 4.7e-09 5e-09 5.6000000000000005e-09 5.8e-09 6.4e-09 69
3e-10 4e-10 1e-09 1.5e-09 1.8e-09 2e-09 2.1e-09 2.8000000000000003e-09 4.5e-09 4.6e-09 4.8e-09 5.6000000000000005e-09 5.8e-09 6.4e-09 70
3e-10 4e-10 1e-09 1.5e-09 1.8e-09 2e-09 2.1e-09 2.8000000000000003e-09 3.2e-09 3.6e-09 4.7e-09 5.2e-09 5.6000000000000005e-09 6.1e-09 6.4e-09 70
3e-10 4e-10 1e-09 1.5e-09 1.8e-09 2e-09 2.1e-09 4.7e-09 5.1e-09 5.6000000000000005e-09 6.1e-09 6.4e-09 69
3e-10 5e-10 1e-09 1.6e-09 1.7000000000000001e-09 2.1e-09 2.9e-09 4.7e-09 5e-09 5.6000000000000005e-09 5.8e-09 1.0277357761337078e-283 6.4e-09 73
3e-10 4e-10 1e-09 1.5e-09 1.8e-09 2e-09 2.1e-09 2.8000000000000003e-09 4.7e-09 4.8e-09 5.6000000000000005e-09 6.1e-09 6.4e-09 70
3e-10 9e-10 1e-09 1.5e-09 1.8e-09 2e-09 2.1e-09 3e-09 4.7e-09 5e-09 5.6000000000000005e-09 5.8e-09 6.4e-09 69
3e-10 4e-10 1e-09 1.5e-09 2.3e-09 4.6e-09 5e-09 5.6000000000000005e-09 5.8e-09 6.4e-09 70
3e-10 5e-10 1e-09 1.5e-09 1.8e-09 2e-09 2.1e-09 2.9e-09 4.7e-09 4.8e-09 5.6000000000000005e-09 5.8e-09 6.3e-09 6.4e-09 70
2e-10 3e-10 4e-10 1e-09 1.5e-09 1.9e-09 2e-09 2.1e-09 2.9e-09 4.6e-09 4.8e-09 5.6000000000000005e-09 5.8e-09 6.4e-09 70
3e-10 2.6194670865187683e-281 1e-09 1.5e-09 0.5 4.6e-09 4.8e-09 5.6000000000000005e-09 5.8e-09 6.4e-09 68
3e-10 5e-10 1e-09 1.5e-09 1.8e-09 2e-09 2.1e-09 2.8000000000000003e-09 3.4000000000000003e-09 3.6e-09 4.7e-09 4.8e-09 5.6000000000000005e-09 5.8e-09 6.4e-09 70
3e-10 4e-10 1e-09 1.5e-09 1.8e-09 2e-09 2.1e-09 2.8000000000000003e-09 3.2e-09 4.7e-09 5.2e-09 5.6000000000000005e-09 6.1e-09 6.4e-09 70
3e-10 4e-10 1e-09 1.5e-09 1.8e-09 2e-09 2.1e-09 2.8000000000000003e-09 4.6e-09 4.8e-09 5.3e-09 5.8e-09 6.4e-09 70
3e-10 4e-10 1e-09 1.5e-09 1.8e-09 2e-09 2.1e-09 2.8000000000000003e-09 3.4000000000000003e-09 3.6e-09 3.9e-09 4.7e-09 4.9e-09 5.6000000000000005e-09 5.8e-09 6.4e-09 70
3e-10 5e-10 1e-09 1.5e-09 1.8e-09 2e-09 2.1e-09 2.8000000000000003e-09 3.2e-09 3.6e-09 4.7e-09 4.8e-09 5.6000000000000005e-09 5.8e-09 6.4e-09 70
3e-10 5e-10 1e-09 1.5e-09 1.8e-09 2e-09 2.1e-09 2.8000000000000003e-09 3.2e-09 3.6e-09 4.7e-09 4.8e-09 5.6000000000000005e-09 5.8e-09 1.0277357761337078e-283 6.4e-09 70
3e-10 4e-10 1e-09 1.5e-09 1.8e-09 2e-09 2.1e-09 2.8000000000000003e-09 3.4000000000000003e-09 3.6e-09 3.9e-09 4.7e-09 4.9e-09 5.6000000000000005e-09 5.8e-09 6.4e-09 70
3e-10 4e-10 1e-09 1.5e-09 1.8e-09 2e-09 2.1e-09 3.4000000000000003e-09 3.6e-09 4.7e-09 4.8e-09 5.6000000000000005e-09 6.1e-09 6.4e-09 69
3e-10 4e-10 1e-09 1.5e-09 1.8e-09 2e-09 2.1e-09 2.8000000000000003e-09 3.6e-09 4.7e-09 4.8e-09 5.6000000000000005e-09 5.8e-09 1.0277357761337078e-283 6.4e-09 70
3e-10 4e-10 1e-09 1.5e-09 1.8e-09 2e-09 2.1e-09 2.8000000000000003e-09 3.6e-09 4.7e-09 5.2e-09 5.6000000000000005e-09 6.1e-09 6.4e-09 70
3e-10 5e-10 1e-09 1.5e-09 1.8e-09 2e-09 2.1e-09 2.8000000000000003e-09 3.9e-09 4.6e-09 4.9e-09 5.6000000000000005e-09 5.8e-09 6.4e-09 70
3e-10 5e-10 1e-09 1.5e-09 1.7000000000000001e-09 2.1e-09 2.9e-09 4.6e-09 5.2e-09 5.3e-09 5.8e-09 6.4e-09 70
3e-10 5e-10 1e-09 1.5e-09 1.8e-09 2e-09 2.1e-09 2.8000000000000003e-09 3.2e-09 4.7e-09 4.8e-09 5.6000000000000005e-09 5.8e-09 6.4e-09 70
3e-10 4e-10 1e-09 1.5e-09 2.3e-09 4.7e-09 4.8e-09 5.6000000000000005e-09 5.8e-09 6.4e-09 70
3e-10 4e-10 1e-09 1.5e-09 1.8e-09 2e-09 2.1e-09 4.6e-09 5e-09 5.6000000000000005e-09 5.8e-09 6.4e-09 69
2e-10 3e-10 5e-10 1e-09 1.5e-09 1.7000000000000001e-09 2.1e-09 2.8000000000000003e-09 3.2e-09 4.7e-09 4.8e-09 5.6000000000000005e-09 6.1e-09 6.4e-09 70
3e-10 5e-10 1e-09 1.5e-09 1.8e-09 2e-09 2.1e-09 2.8000000000000003e-09 4.7e-09 4.8e-09 5.6000000000000005e-09 6.1e-09 6.4e-09 70
3e-10 5e-10 1e-09 1.5e-09 1.8e-09 2.1e-09 2.8000000000000003e-09 4.7e-09 4.8e-09 5.6000000000000005e-09 5.8e-09 6.4e-09 70
3e-10 5e-10 1e-09 1.5e-09 1.8e-09 2e-09 2.1e-09 2.8000000000000003e-09 3.6e-09 4.7e-09 4.8e-09 5.6000000000000005e-09 6.1e-09 1.0277357761337078e-283 6.4e-09 70
1e-10 3e-10 1e-09 1.5e-09 1.9e-09 2e-09 2.1e-09 6.133261889830192e-284 4.6e-09 4.8e-09 5.6000000000000005e-09 5.8e-09 6.4e-09 72
3e-10 5e-10 1e-09 1.5e-09 1.8e-09 2e-09 2.1e-09 2.8000000000000003e-09 3.4000000000000003e-09 4.6e-09 5.2e-09 5.6000000000000005e-09 5.8e-09 6.4e-09 70
3e-10 6e-10 1.4000000000000001e-09 1.5e-09 2.1e-09 3.5000000000000003e-09 4.6e-09 5.2e-09 5.6000000000000005e-09 5.8e-09 6.6e-09 70
3e-10 4e-10 1e-09 1.5e-09 1.8e-09 2e-09 2.1e-09 2.8000000000000003e-09 4.7e-09 4.8e-09 5.6000000000000005e-09 5.8e-09 6.3e-09 6.4e-09 70
3e-10 5e-10 1e-09 1.5e-09 2.3e-09 2.9e-09 4.6e-09 5e-09 5.6000000000000005e-09 5.8e-09 6.4e-09 70
3e-10 1e-09 1.5e-09 1.8e-09 2e-09 2.1e-09 2.9e-09 4.7e-09 4.8e-09 5.6000000000000005e-09 6.1e-09 1.0277357761337078e-283 6.4e-09 70
3e-10 5e-10 1e-09 1.5e-09 1.8e-09 2e-09 2.1e-09 2.8000000000000003e-09 3.3e-09 4.6e-09 4.8e-09 5.6000000000000005e-09 5.8e-09 6.4e-09 70
3e-10 1e-09 1.5e-09 1.8e-09 2e-09 2.1e-09 2.9e-09 3.9e-09 4.7e-09 4.8e-09 5.6000000000000005e-09 5.8e-09 6.4e-09 70
3e-10 6e-10 1.4000000000000001e-09 1.5e-09 2.1e-09 3.3e-09 3.5000000000000003e-09 4.6e-09 5.2e-09 5.6000000000000005e-09 5.8e-09 6.4e-09 70
3e-10 1e-09 1.5e-09 1.8e-09 2e-09 2.1e-09 2.9e-09 3.4000000000000003e-09 3.6e-09 4.7e-09 4.8e-09 5.6000000000000005e-09 6.1e-09 1.0277357761337078e-283 6.4e-09 70
3e-10 5e-10 1e-09 1.5e-09 1.8e-09 2e-09 2.1e-09 2.8000000000000003e-09 3.3e-09 4.6e-09 4.8e-09 5.6000000000000005e-09 5.8e-09 6.4e-09 70
3e-10 4e-10 1e-09 1.5e-09 1.8e-09 2e-09 2.1e-09 2.8000000000000003e-09 4.5e-09 4.7e-09 4.8e-09 5.6000000000000005e-09 6.1e-09 6.4e-09 70
3e-10 5e-10 1e-09 1.5e-09 1.7000000000000001e-09 2.1e-09 2.9e-09 3.4000000000000003e-09 3.6e-09 3.9e-09 4.7e-09 4.8e-09 5.5000000000000004e-09 5.8e-09 6.4e-09 70
3e-10 9e-10 1e-09 1.5e-09 1.8e-09 2e-09 2.1e-09 3e-09 4.7e-09 5.2e-09 5.6000000000000005e-09 5.8e-09 6.4e-09 70
3e-10 5e-10 1e-09 1.5e-09 1.8e-09 2e-09 2.1e-09 2.6e-09 2.8000000000000003e-09 3.9e-09 4.6e-09 4.8e-09 5.6000000000000005e-09 5.8e-09 6.4e-09 70
3e-10 5e-10 1e-09 1.5e-09 1.8e-09 2e-09 2.1e-09 2.8000000000000003e-09 4.7e-09 4.8e-09 5.6000000000000005e-09 5.8e-09 6.4e-09 70
3e-10 1e-09 1.5e-09 1.9e-09 2e-09 2.1e-09 2.9e-09 3.9e-09 4.6e-09 4.8e-09 5.3e-09 5.8e-09 6.4e-09 70
3e-10 1e-09 1.5e-09 1.7000000000000001e-09 2.1e-09 2.9e-09 3.3e-09 4.6e-09 4.8e-09 5.6000000000000005e-09 5.8e-09 6.4e-09 70
3e-10 5e-10 1e-09 1.5e-09 1.8e-09 2.1e-09 2.8000000000000003e-09 3.4000000000000003e-09 3.6e-09 4.7e-09 4.8e-09 5.6000000000000005e-09 5.8e-09 6.4e-09 70
3e-10 1e-09 1.5e-09 1.8e-09 2e-09 2.1e-09 2.9e-09 4.6e-09 5.2e-09 5.3e-09 5.8e-09 6.4e-09 70
3e-10 5e-10 1e-09 1.6e-09 1.7000000000000001e-09 2.1e-09 2.9e-09 4.6e-09 4.8e-09 5.6000000000000005e-09 5.8e-09 6.4e-09 73
3e-10 6e-10 1.4000000000000001e-09 1.5e-09 2.1e-09 3.3e-09 3.5000000000000003e-09 4.5e-09 4.6e-09 5e-09 5.6000000000000005e-09 5.8e-09 6.4e-09 70
3e-10 4e-10 1e-09 1.5e-09 1.8e-09 2e-09 2.1e-09 2.8000000000000003e-09 4.6e-09 4.9e-09 5.6000000000000005e-09 5.8e-09 6.4e-09 70
3e-10 6e-10 1.4000000000000001e-09 1.5e-09 2.1e-09 3.3e-09 3.5000000000000003e-09 4.5e-09 4.6e-09 5.2e-09 5.6000000000000005e-09 5.8e-09 6.4e-09 70
3e-10 5e-10 1e-09 1.5e-09 1.8e-09 2e-09 2.1e-09 2.8000000000000003e-09 3.3e-09 4.6e-09 4.8e-09 5.6000000000000005e-09 5.8e-09 6.4e-09 70
3e-10 5e-10 1e-09 1.5e-09 1.8e-09 2e-09 2.1e-09 2.9e-09 3.4000000000000003e-09 4.7e-09 4.8e-09 5.6000000000000005e-09 6.1e-09 6.4e-09 70
3e-10 1e-09 1.5e-09 1.8e-09 2e-09 2.1e-09 2.9e-09 4.7e-09 4.8e-09 5.6000000000000005e-09 5.8e-09 1.0277357761337078e-283 6.4e-09 70
3e-10 4e-10 1e-09 1.5e-09 1.8e-09 2e-09 2.1e-09 3.6e-09 4.7e-09 4.8e-09 5.6000000000000005e-09 6.1e-09 6.4e-09 69
2e-10 3e-10 5e-10 1e-09 1.6e-09 1.7000000000000001e-09 2.1e-09 2.8000000000000003e-09 3.3e-09 4.7e-09 4.8e-09 5.6000000000000005e-09 5.8e-09 6.4e-09 73
3e-10 5e-10 1e-09 1.5e-09 1.8e-09 2e-09 2.1e-09 2.8000000000000003e-09 3.9e-09 4.6e-09 4.8e-09 5.6000000000000005e-09 5.8e-09 6.4e-09 70
3e-10 5e-10 1e-09 1.5e-09 1.7000000000000001e-09 2.1e-09 2.9e-09 3.4000000000000003e-09 3.6e-09 3.9e-09 4.7e-09 4.8e-09 5.6000000000000005e-09 5.8e-09 6.4e-09 70
3e-10 5e-10 1e-09 1.6e-09 1.7000000000000001e-09 2.1e-09 2.9e-09 3.5000000000000003e-09 4.6e-09 5.2e-09 5.6000000000000005e-09 5.8e-09 6.5e-09 73
3e-10 9e-10 1e-09 1.5e-09 1.8e-09 2e-09 2.1e-09 3e-09 4.7e-09 5e-09 5.3e-09 5.8e-09 6.4e-09 69
3e-10 5e-10 1e-09 1.5e-09 1.7000000000000001e-09 2.1e-09 2.9e-09 4.5e-09 4.6e-09 4.8e-09 5.6000000000000005e-09 5.8e-09 6.4e-09 70
3e-10 6e-10 1e-09 1.5e-09 2.1e-09 2.9e-09 3.2e-09 4.7e-09 5.2e-09 5.6000000000000005e-09 6.1e-09 6.4e-09 70
2e-10 3e-10 4e-10 1e-09 1.5e-09 1.9e-09 2e-09 2.1e-09 2.9e-09 4.6e-09 4.8e-09 5.6000000000000005e-09 5.8e-09 6.4e-09 70
1e-10 3e-10 1e-09 1.5e-09 1.9e-09 2e-09 2.1e-09 4.1e-09 4.7e-09 5e-09 5.6000000000000005e-09 5.8e-09 6.4e-09 72
3e-10 5e-10 1e-09 1.5e-09 1.8e-09 2.1e-09 2.8000000000000003e-09 3.4000000000000003e-09 3.6e-09 4.7e-09 5e-09 5.6000000000000005e-09 6.1e-09 6.4e-09 70
2e-10 3e-10 5e-10 1e-09 1.5e-09 1.7000000000000001e-09 2.1e-09 2.8000000000000003e-09 3.2e-09 3.9e-09 4.6e-09 4.8e-09 5.3e-09 5.8e-09 6.4e-09 70
3e-10 1e-09 1.5e-09 1.8e-09 2e-09 2.1e-09 2.9e-09 4.7e-09 4.8e-09 5.6000000000000005e-09 5.8e-09 6.4e-09 70
3e-10 4e-10 1e-09 1.5e-09 1.8e-09 2e-09 2.1e-09 2.8000000000000003e-09 4.6e-09 4.9e-09 5.6000000000000005e-09 5.8e-09 6.4e-09 70
3e-10 5e-10 1e-09 1.5e-09 1.8e-09 2.1e-09 2.8000000000000003e-09 3.4000000000000003e-09 4.7e-09 4.8e-09 5.6000000000000005e-09 6.1e-09 6.4e-09 70
3e-10 5e-10 1e-09 1.5e-09 2.3e-09 2.9e-09 4.6e-09 5e-09 5.6000000000000005e-09 5.8e-09 6.4e-09 70
1e-10 3e-10 5e-10 1e-09 1.5e-09 2e-09 2.1e-09 2.6e-09 3.4000000000000003e-09 4.1e-09 4.7e-09 4.8e-09 5.6000000000000005e-09 5.8e-09 6.4e-09 72
3e-10 5e-10 1e-09 1.5e-09 1.8e-09 2e-09 2.1e-09 2.8000000000000003e-09 3.2e-09 4.6e-09 4.8e-09 5.6000000000000005e-09 5.8e-09 6.4e-09 70
3e-10 6e-10 1e-09 1.5e-09 2.1e-09 2.9e-09 4.7e-09 5.2e-09 5.6000000000000005e-09 5.8e-09 6.4e-09 70
3e-10 4e-10 1e-09 1.5e-09 1.8e-09 2e-09 2.1e-09 3.4000000000000003e-09 3.6e-09 4.7e-09 5e-09 5.6000000000000005e-09 5.8e-09 6.4e-09 69
3e-10 4e-10 1e-09 1.5e-09 1.8e-09 2e-09 2.1e-09 2.8000000000000003e-09 3.6e-09 4.7e-09 4.8e-09 5.6000000000000005e-09 5.8e-09 6.4e-09 70
3e-10 4e-10 1e-09 1.5e-09 1.8e-09 2e-09 2.1e-09 2.8000000000000003e-09 3.2e-09 3.6e-09 4.7e-09 5.2e-09 5.6000000000000005e-09 6.1e-09 6.4e-09 70
3e-10 4e-10 1e-09 1.5e-09 1.9e-09 2e-09 2.1e-09 2.9e-09 4.7e-09 4.8e-09 5.6000000000000005e-09 6.1e-09 6.4e-09 70
3e-10 4e-10 1e-09 1.5e-09 1.8e-09 2e-09 2.1e-09 2.8000000000000003e-09 3.4000000000000003e-09 4.6e-09 4.8e-09 5.6000000000000005e-09 5.8e-09 6.4e-09 70
3e-10 5e-10 1e-09 1.5e-09 1.8e-09 2e-09 2.1e-09 2.9e-09 3.6e-09 4.7e-09 5e-09 5.6000000000000005e-09 5.8e-09 6.4e-09 70
3e-10 4e-10 1e-09 1.5e-09 1.8e-09 2e-09 2.1e-09 2.8000000000000003e-09 3.3e-09 4.6e-09 4.8e-09 5.6000000000000005e-09 5.8e-09 6.4e-09 70
3e-10 6e-10 1.4000000000000001e-09 1.5e-09 2.1e-09 3.3e-09 3.5000000000000003e-09 4.5e-09 4.6e-09 5e-09 5.6000000000000005e-09 5.8e-09 6.4e-09 70
1e-10 3e-10 5e-10 1e-09 1.5e-09 2e-09 2.1e-09 2.6e-09 6.133261889830192e-284 4.7e-09 4.8e-09 5.6000000000000005e-09 5.8e-09 6.4e-09 72
3e-10 5.157086455551911e-283 1e-09 1.5e-09 2.1e-09 2.9e-09 4.6e-09 5e-09 5.3e-09 5.8e-09 6.4e-09 70
2e-10 3e-10 5e-10 1e-09 1.5e-09 1.8e-09 2e-09 2.1e-09 2.6e-09 2.8000000000000003e-09 4.6e-09 4.8e-09 5.6000000000000005e-09 5.8e-09 6.4e-09 70
3e-10 5e-10 1e-09 1.5e-09 1.8e-09 2.1e-09 2.8000000000000003e-09 4.7e-09 4.8e-09 5.6000000000000005e-09 5.8e-09 6.4e-09 70
3e-10 5e-10 1e-09 1.5e-09 1.8e-09 2e-09 2.1e-09 2.9e-09 3.6e-09 4.7e-09 5e-09 5.6000000000000005e-09 5.8e-09 6.4e-09 70
3e-10 5e-10 1e-09 1.5e-09 1.8e-09 2e-09 2.1e-09 2.8000000000000003e-09 3.2e-09 3.4000000000000003e-09 3.6e-09 4.7e-09 5e-09 5.6000000000000005e-09 6.1e-09 6.4e-09 70
1e-10 3e-10 1e-09 1.5e-09 1.9e-09 2e-09 2.1e-09 6.133261889830192e-284 4.6e-09 4.8e-09 5.6000000000000005e-09 5.8e-09 6.4e-09 72
3e-10 5.157086455551911e-283 1e-09 1.5e-09 6.697443512980948e-274 2.9e-09 3.3e-09 4.7e-09 4.8e-09 5.6000000000000005e-09 7.584548709839844e-277 6.4e-09 69
3e-10 5.157086455551911e-283 1e-09 1.5e-09 2.1e-09 2.9e-09 4.6e-09 5e-09 5.3e-09 5.8e-09 6.4e-09 70
3e-10 4e-10 1e-09 1.5e-09 1.8e-09 2e-09 2.1e-09 3.3e-09 4.7e-09 4.8e-09 5.6000000000000005e-09 5.8e-09 6.4e-09 69
3e-10 4e-10 1e-09 1.5e-09 1.8e-09 2e-09 2.1e-09 2.8000000000000003e-09 4.7e-09 4.8e-09 5.6000000000000005e-09 5.8e-09 6.4e-09 70
3e-10 5e-10 1e-09 1.5e-09 1.8e-09 2.1e-09 2.8000000000000003e-09 4.7e-09 4.9e-09 5.3e-09 7.584548709839844e-277 6.4e-09 70
3e-10 1e-09 1.5e-09 1.9e-09 2e-09 2.1e-09 2.9e-09 4.7e-09 5.2e-09 5.6000000000000005e-09 6.1e-09 6.4e-09 70
3e-10 5e-10 1e-09 1.5e-09 1.8e-09 2e-09 2.1e-09 2.9e-09 3.3e-09 4.7e-09 5.2e-09 5.6000000000000005e-09 5.8e-09 6.4e-09 70
3e-10 5e-10 1e-09 1.5e-09 1.8e-09 2e-09 2.1e-09 2.8000000000000003e-09 3.2e-09 3.6e-09 4.7e-09 4.8e-09 5.6000000000000005e-09 5.8e-09 6.4e-09 70
3e-10 5e-10 1e-09 1.5e-09 1.7000000000000001e-09 2.1e-09 2.9e-09 3.5000000000000003e-09 4.6e-09 5.2e-09 5.6000000000000005e-09 5.8e-09 6.4e-09 70
3e-10 1e-09 1.5e-09 1.8e-09 2e-09 2.1e-09 2.9e-09 4.7e-09 4.8e-09 5.3e-09 5.8e-09 6.4e-09 70
3e-10 6e-10 1.4000000000000001e-09 1.5e-09 2.1e-09 4.6e-09 4.8e-09 5.6000000000000005e-09 5.8e-09 6.4e-09 70
3e-10 5e-10 1e-09 1.5e-09 1.8e-09 2e-09 2.1e-09 2.8000000000000003e-09 3.2e-09 4.7e-09 4.8e-09 5.6000000000000005e-09 6.1e-09 1.0277357761337078e-283 6.4e-09 70
3e-10 4e-10 1.2e-09 1.5e-09 1.7000000000000001e-09 2.1e-09 3.2e-09 4.6e-09 4.9e-09 5.6000000000000005e-09 5.8e-09 6.4e-09 70
3e-10 6e-10 1.4000000000000001e-09 1.5e-09 2.1e-09 3.3e-09 3.5000000000000003e-09 4.5e-09 4.6e-09 5e-09 5.6000000000000005e-09 5.8e-09 6.4e-09 70
3e-10 4e-10 1e-09 1.5e-09 1.9e-09 2e-09 2.1e-09 2.9e-09 3.9e-09 4.6e-09 4.8e-09 5.3e-09 5.8e-09 6.4e-09 70
3e-10 4e-10 1e-09 1.5e-09 2.3e-09 3.3e-09 4.6e-09 5e-09 5.6000000000000005e-09 5.8e-09 6.4e-09 70
2e-10 3e-10 5e-10 1e-09 1.5e-09 1.8e-09 2e-09 2.1e-09 2.6e-09 2.8000000000000003e-09 4.7e-09 4.9e-09 5.6000000000000005e-09 6.1e-09 6.3e-09 6.4e-09 70
3e-10 4e-10 1e-09 1.5e-09 1.8e-09 2e-09 2.1e-09 2.8000000000000003e-09 3.2e-09 4.7e-09 5.2e-09 5.3e-09 5.8e-09 6.4e-09 70
3e-10 5.157086455551911e-283 1e-09 1.5e-09 2.1e-09 2.9e-09 4.6e-09 5e-09 5.3e-09 5.8e-09 6.4e-09 70
3e-10 6e-10 1.4000000000000001e-09 1.5e-09 2.1e-09 3.5000000000000003e-09 4.6e-09 5.2e-09 5.6000000000000005e-09 5.8e-09 6.6e-09 70
1e-10 3e-10 1e-09 1.5e-09 1.9e-09 2e-09 2.1e-09 6.133261889830192e-284 4.6e-09 5e-09 5.6000000000000005e-09 5.8e-09 6.4e-09 72
1e-10 3e-10 5e-10 1e-09 1.5e-09 2e-09 2.1e-09 2.6e-09 3.4000000000000003e-09 4.1e-09 4.7e-09 4.8e-09 5.6000000000000005e-09 6.1e-09 6.4e-09 72
3e-10 9e-10 1e-09 1.5e-09 1.8e-09 2e-09 2.1e-09 3e-09 4.7e-09 5e-09 5.6000000000000005e-09 5.8e-09 6.4e-09 69
3e-10 5e-10 1e-09 1.5e-09 1.8e-09 2e-09 2.1e-09 2.8000000000000003e-09 3.2e-09 4.7e-09 4.8e-09 5.6000000000000005e-09 5.8e-09 6.4e-09 70
3e-10 1e-09 1.5e-09 1.8e-09 2e-09 2.1e-09 2.9e-09 4.7e-09 4.8e-09 5.6000000000000005e-09 6.1e-09 6.4e-09 70
3e-10 4e-10 1e-09 1.5e-09 1.8e-09 2e-09 2.1e-09 2.8000000000000003e-09 4.7e-09 4.8e-09 5.6000000000000005e-09 6.1e-09 1.0277357761337078e-283 6.4e-09 70
3e-10 5e-10 1e-09 1.5e-09 1.8e-09 2.1e-09 2.8000000000000003e-09 3.2e-09 4.7e-09 4.8e-09 5.6000000000000005e-09 6.1e-09 6.3e-09 6.4e-09 70
3e-10 5e-10 1e-09 1.5e-09 1.8e-09 2e-09 2.1e-09 2.8000000000000003e-09 3.9e-09 4.6e-09 4.8e-09 5.3e-09 5.8e-09 6.4e-09 70
2e-10 3e-10 5e-10 1e-09 1.5e-09 1.7000000000000001e-09 2.1e-09 2.8000000000000003e-09 3.2e-09 3.4000000000000003e-09 4.7e-09 4.8e-09 5.6000000000000005e-09 5.8e-09 6.4e-09 70
3e-10 5e-10 1e-09 1.6e-09 1.7000000000000001e-09 2.1e-09 2.9e-09 3.5000000000000003e-09 4.6e-09 5.2e-09 5.6000000000000005e-09 5.8e-09 6.6e-09 73
3e-10 5e-10 1e-09 1.6e-09 1.7000000000000001e-09 2.1e-09 2.9e-09 4.6e-09 5.2e-09 5.6000000000000005e-09 5.8e-09 1.0277357761337078e-283 6.4e-09 73
3e-10 5e-10 1e-09 1.5e-09 1.7000000000000001e-09 2.1e-09 2.9e-09 3.9e-09 4.6e-09 4.8e-09 5.6000000000000005e-09 5.8e-09 6.4e-09 70
3e-10 5e-10 1e-09 1.5e-09 1.8e-09 2e-09 2.1e-09 2.9e-09 3.4000000000000003e-09 3.6e-09 3.9e-09 4.7e-09 4.8e-09 5.6000000000000005e-09 6.1e-09 6.4e-09 70
3e-10 4e-10 1e-09 1.5e-09 1.8e-09 2e-09 2.1e-09 2.8000000000000003e-09 3.4000000000000003e-09 3.6e-09 4.7e-09 4.8e-09 5.6000000000000005e-09 5.8e-09 6.4e-09 70
3e-10 5e-10 1e-09 1.5e-09 1.8e-09 2e-09 2.1e-09 2.8000000000000003e-09 4.7e-09 5.2e-09 5.6000000000000005e-09 5.8e-09 6.4e-09 70
3e-10 5e-10 1e-09 1.5e-09 1.8e-09 2e-09 2.1e-09 2.8000000000000003e-09 3.4000000000000003e-09 3.6e-09 4.7e-09 4.8e-09 5.6000000000000005e-09 5.8e-09 6.4e-09 70
3e-10 5e-10 1e-09 1.5e-09 1.8e-09 2e-09 2.1e-09 2.8000000000000003e-09 4.7e-09 4.8e-09 5.6000000000000005e-09 6.1e-09 6.4e-09 70
3e-10 5e-10 1e-09 1.5e-09 1.8e-09 2e-09 2.1e-09 2.8000000000000003e-09 4.6e-09 5.2e-09 5.6000000000000005e-09 5.8e-09 6.4e-09 70
3e-10 5e-10 1e-09 1.5e-09 1.8e-09 2e-09 2.1e-09 2.6e-09 2.8000000000000003e-09 4.7e-09 4.8e-09 5.6000000000000005e-09 5.8e-09 6.4e-09 70
3e-10 4e-10 1e-09 1.5e-09 1.8e-09 2e-09 2.1e-09 2.8000000000000003e-09 4.6e-09 4.8e-09 5.6000000000000005e-09 5.8e-09 6.4e-09 70
1e-10 3e-10 5e-10 1e-09 1.5e-09 2e-09 2.1e-09 2.6e-09 6.133261889830192e-284 4.7e-09 5e-09 5.6000000000000005e-09 5.8e-09 6.4e-09 72
3e-10 4e-10 1e-09 1.5e-09 1.8e-09 2e-09 2.1e-09 4.7e-09 5e-09 5.6000000000000005e-09 5.8e-09 6.4e-09 69
3e-10 5e-10 1e-09 1.5e-09 1.7000000000000001e-09 2.1e-09 2.6e-09 2.9e-09 4.6e-09 5e-09 5.6000000000000005e-09 5.8e-09 6.6e-09 70
3e-10 4e-10 1e-09 1.5e-09 1.8e-09 2e-09 2.1e-09 2.8000000000000003e-09 3.9e-09 4.7e-09 4.8e-09 5.6000000000000005e-09 5.8e-09 6.4e-09 70
2e-10 3e-10 4e-10 1e-09 1.5e-09 1.8e-09 2e-09 2.1e-09 2.8000000000000003e-09 4.7e-09 5e-09 5.6000000000000005e-09 6.1e-09 6.4e-09 70
1e-10 3e-10 1e-09 1.5e-09 1.9e-09 2e-09 2.1e-09 4.1e-09 4.6e-09 5e-09 5.6000000000000005e-09 5.8e-09 6.4e-09 72
3e-10 4e-10 1e-09 1.5e-09 1.8e-09 2e-09 2.1e-09 2.8000000000000003e-09 4.5e-09 4.6e-09 4.8e-09 5.6000000000000005e-09 5.8e-09 6.4e-09 70
3e-10 5e-10 1e-09 1.5e-09 1.8e-09 2e-09 2.1e-09 2.8000000000000003e-09 3.9e-09 4.6e-09 4.8e-09 5.6000000000000005e-09 5.8e-09 6.4e-09 70
3e-10 5e-10 1e-09 1.5e-09 1.8e-09 2e-09 2.1e-09 2.8000000000000003e-09 3.2e-09 3.6e-09 4.7e-09 4.8e-09 5.6000000000000005e-09 6.1e-09 1.0277357761337078e-283 6.4e-09 70
3e-10 5e-10 1e-09 1.5e-09 1.8e-09 2.1e-09 2.8000000000000003e-09 3.4000000000000003e-09 4.7e-09 5e-09 5.6000000000000005e-09 6.1e-09 6.4e-09 70
3e-10 5e-10 1e-09 1.5e-09 1.8e-09 2.1e-09 2.8000000000000003e-09 4.7e-09 4.8e-09 5.6000000000000005e-09 5.8e-09 6.4e-09 70
3e-10 4e-10 1e-09 1.5e-09 1.8e-09 2e-09 2.1e-09 2.8000000000000003e-09 3.4000000000000003e-09 4.6e-09 5.2e-09 5.6000000000000005e-09 5.8e-09 6.4e-09 70
3e-10 5.157086455551911e-283 1e-09 1.5e-09 6.697443512980948e-274 2.9e-09 4.6e-09 4.9e-09 5.6000000000000005e-09 5.8e-09 6.4e-09 69
3e-10 5e-10 1e-09 1.6e-09 1.7000000000000001e-09 2.1e-09 2.9e-09 4.6e-09 5.2e-09 5.6000000000000005e-09 5.8e-09 1.0277357761337078e-283 6.4e-09 73
3e-10 4e-10 1e-09 1.5e-09 1.8e-09 2e-09 2.1e-09 2.8000000000000003e-09 3.2e-09 4.7e-09 5.2e-09 5.6000000000000005e-09 6.1e-09 6.4e-09 70
3e-10 5e-10 1e-09 1.6e-09 1.7000000000000001e-09 2.1e-09 2.9e-09 4.6e-09 4.8e-09 5.6000000000000005e-09 5.8e-09 6.4e-09 73
3e-10 4e-10 1.2e-09 1.5e-09 1.7000000000000001e-09 2.1e-09 3.2e-09 4.7e-09 4.8e-09 5.6000000000000005e-09 6.1e-09 6.4e-09 70
3e-10 5e-10 1e-09 1.5e-09 1.7000000000000001e-09 2.1e-09 2.9e-09 4.5e-09 4.6e-09 5.2e-09 5.6000000000000005e-09 5.8e-09 6.4e-09 70
3e-10 5e-10 1e-09 1.5e-09 1.8e-09 2e-09 2.1e-09 2.9e-09 4.5e-09 4.6e-09 4.8e-09 5.6000000000000005e-09 5.8e-09 6.4e-09 70
3e-10 5e-10 1e-09 1.5e-09 1.8e-09 2e-09 2.1e-09 2.8000000000000003e-09 4.7e-09 4.8e-09 5.6000000000000005e-09 6.1e-09 6.4e-09 70
3e-10 5e-10 1e-09 1.5e-09 1.8e-09 2e-09 2.1e-09 2.8000000000000003e-09 3.2e-09 3.4000000000000003e-09 3.6e-09 4.7e-09 4.8e-09 5.6000000000000005e-09 6.1e-09 6.4e-09 70
3e-10 4e-10 1e-09 1.5e-09 1.8e-09 2e-09 2.1e-09 2.8000000000000003e-09 3.4000000000000003e-09 4.6e-09 4.8e-09 5.6000000000000005e-09 5.8e-09 6.4e-09 70
3e-10 5e-10 1e-09 1.5e-09 1.8e-09 2e-09 2.1e-09 2.8000000000000003e-09 3.2e-09 3.4000000000000003e-09 3.6e-09 4.7e-09 4.8e-09 5.6000000000000005e-09 5.8e-09 6.4e-09 70
2e-10 3e-10 5e-10 1e-09 1.5e-09 1.7000000000000001e-09 2.1e-09 2.8000000000000003e-09 4.6e-09 4.8e-09 5.6000000000000005e-09 5.8e-09 6.4e-09 70
3e-10 4e-10 1e-09 1.5e-09 1.8e-09 2e-09 2.1e-09 2.8000000000000003e-09 4.6e-09 4.9e-09 5.6000000000000005e-09 5.8e-09 6.4e-09 70
3e-10 1e-09 1.5e-09 1.9e-09 2e-09 2.1e-09 2.9e-09 4.7e-09 5.2e-09 5.6000000000000005e-09 6.1e-09 6.4e-09 70
3e-10 5e-10 1e-09 1.5e-09 1.8e-09 2e-09 2.1e-09 2.8000000000000003e-09 3.2e-09 4.7e-09 4.8e-09 5.6000000000000005e-09 5.8e-09 6.4e-09 70
3e-10 5e-10 1e-09 1.5e-09 1.8e-09 2e-09 2.1e-09 2.8000000000000003e-09 4.7e-09 4.8e-09 5.6000000000000005e-09 5.8e-09 6.3e-09 6.4e-09 70
3e-10 6e-10 1.4000000000000001e-09 1.5e-09 2.1e-09 4.6e-09 5.2e-09 5.3e-09 5.8e-09 6.4e-09 70
3e-10 1e-09 1.5e-09 1.8e-09 2e-09 2.1e-09 2.9e-09 4.7e-09 4.8e-09 5.6000000000000005e-09 5.8e-09 6.4e-09 70
3e-10 4e-10 1e-09 1.5e-09 1.8e-09 2e-09 2.1e-09 4.7e-09 4.8e-09 5.6000000000000005e-09 6.1e-09 6.4e-09 69
1e-10 3e-10 5e-10 1e-09 1.5e-09 2e-09 2.1e-09 2.6e-09 6.133261889830192e-284 4.6e-09 4.8e-09 5.3e-09 5.8e-09 6.4e-09 72
3e-10 4e-10 1e-09 1.5e-09 1.8e-09 2e-09 2.1e-09 2.8000000000000003e-09 4.6e-09 4.8e-09 5.6000000000000005e-09 5.8e-09 6.4e-09 70
3e-10 5e-10 1e-09 1.6e-09 1.7000000000000001e-09 2.1e-09 2.9e-09 4.6e-09 5.2e-09 1.08 5.8e-09 6.4e-09 73
3e-10 5e-10 1e-09 1.5e-09 1.8e-09 2e-09 2.1e-09 2.6e-09 2.8000000000000003e-09 4.5e-09 4.6e-09 4.8e-09 5.6000000000000005e-09 5.8e-09 6.4e-09 70
3e-10 5e-10 1e-09 1.5e-09 1.8e-09 2e-09 2.1e-09 2.9e-09 3.6e-09 4.7e-09 5e-09 5.6000000000000005e-09 5.8e-09 6.4e-09 70
3e-10 4e-10 1e-09 1.5e-09 1.8e-09 2e-09 2.1e-09 2.8000000000000003e-09 4.7e-09 4.8e-09 5.6000000000000005e-09 6.1e-09 6.4e-09 70
3e-10 5e-10 1e-09 1.6e-09 1.7000000000000001e-09 2.1e-09 2.9e-09 4.7e-09 5.2e-09 1.08 6.1e-09 6.4e-09 73
3e-10 5.157086455551911e-283 1e-09 1.5e-09 2.1e-09 2.9e-09 3.3e-09 3.5000000000000003e-09 4.6e-09 5e-09 5.6000000000000005e-09 5.8e-09 6.4e-09 70
3e-10 5e-10 1e-09 1.5e-09 1.8e-09 2e-09 2.1e-09 2.9e-09 4.7e-09 4.8e-09 5.6000000000000005e-09 5.8e-09 6.3e-09 6.4e-09 70
3e-10 4e-10 1e-09 1.5e-09 1.8e-09 2e-09 2.1e-09 2.8000000000000003e-09 3.3e-09 3.5000000000000003e-09 4.6e-09 5.2e-09 5.6000000000000005e-09 5.8e-09 6.6e-09 70
3e-10 9e-10 1e-09 1.5e-09 1.8e-09 2e-09 2.1e-09 3e-09 4.6e-09 4.8e-09 5.6000000000000005e-09 5.8e-09 6.4e-09 70
3e-10 5e-10 1e-09 1.5e-09 1.7000000000000001e-09 2.1e-09 2.9e-09 3.4000000000000003e-09 3.6e-09 3.9e-09 4.7e-09 4.8e-09 5.6000000000000005e-09 5.8e-09 6.4e-09 70
3e-10 5e-10 1e-09 1.5e-09 1.8e-09 2.1e-09 2.8000000000000003e-09 3.4000000000000003e-09 3.6e-09 4.7e-09 5e-09 5.6000000000000005e-09 6.1e-09 6.4e-09 70
3e-10 6e-10 1.4000000000000001e-09 1.5e-09 2.1e-09 4.6e-09 5e-09 5.6000000000000005e-09 5.8e-09 6.4e-09 70
3e-10 5e-10 1e-09 1.5e-09 1.8e-09 2.1e-09 2.8000000000000003e-09 4.7e-09 5e-09 5.6000000000000005e-09 5.8e-09 6.4e-09 70
3e-10 5e-10 1e-09 1.5e-09 1.8e-09 2e-09 2.1e-09 2.6e-09 2.8000000000000003e-09 3.4000000000000003e-09 3.6e-09 3.9e-09 4.7e-09 4.8e-09 5.6000000000000005e-09 5.8e-09 6.4e-09 70
3e-10 4e-10 1e-09 1.5e-09 1.8e-09 2e-09 2.1e-09 3.4000000000000003e-09 4.7e-09 5e-09 5.6000000000000005e-09 5.8e-09 6.4e-09 69
1e-10 3e-10 5e-10 1e-09 1.5e-09 2e-09 2.1e-09 2.6e-09 4.1e-09 4.7e-09 4.8e-09 5.6000000000000005e-09 5.8e-09 6.4e-09 72
3e-10 5e-10 1e-09 1.5e-09 1.7000000000000001e-09 2.1e-09 2.9e-09 3.3e-09 4.6e-09 4.8e-09 5.6000000000000005e-09 5.8e-09 6.5e-09 70
3e-10 5e-10 1e-09 1.5e-09 1.8e-09 2e-09 2.1e-09 2.9e-09 4.7e-09 4.9e-09 5.6000000000000005e-09 6.1e-09 6.4e-09 70
3e-10 5e-10 1e-09 1.5e-09 1.8e-09 2e-09 2.1e-09 2.8000000000000003e-09 3.2e-09 3.6e-09 4.7e-09 4.8e-09 5.6000000000000005e-09 6.1e-09 1.0277357761337078e-283 6.4e-09 70
3e-10 1e-09 1.5e-09 1.7000000000000001e-09 2.1e-09 2.9e-09 4.5e-09 4.6e-09 4.8e-09 5.6000000000000005e-09 5.8e-09 6.6e-09 70
3e-10 6e-10 1.4000000000000001e-09 1.5e-09 2.1e-09 3.3e-09 4.6e-09 4.8e-09 5.6000000000000005e-09 5.8e-09 6.4e-09 70
3e-10 5e-10 1e-09 1.5e-09 1.8e-09 2e-09 2.1e-09 2.8000000000000003e-09 3.2e-09 3.6e-09 4.7e-09 4.8e-09 5.6000000000000005e-09 6.1e-09 6.4e-09 70
3e-10 5e-10 1e-09 1.5e-09 1.7000000000000001e-09 2.1e-09 2.9e-09 3.4000000000000003e-09 4.6e-09 4.8e-09 5.3e-09 5.8e-09 6.4e-09 70
3e-10 5e-10 1e-09 1.5e-09 1.8e-09 2.1e-09 2.8000000000000003e-09 3.6e-09 4.7e-09 4.8e-09 5.6000000000000005e-09 6.1e-09 6.4e-09 70
3e-10 5e-10 1e-09 1.5e-09 1.8e-09 2e-09 2.1e-09 2.8000000000000003e-09 4.7e-09 4.8e-09 5.6000000000000005e-09 5.8e-09 6.4e-09 70
3e-10 5e-10 1.2e-09 1.5e-09 1.7000000000000001e-09 2.1e-09 2.9e-09 4.6e-09 4.8e-09 5.6000000000000005e-09 5.8e-09 6.4e-09 70
3e-10 4e-10 1e-09 1.5e-09 1.8e-09 2e-09 2.1e-09 2.8000000000000003e-09 4.7e-09 5.2e-09 5.6000000000000005e-09 6.1e-09 6.4e-09 70
1e-10 3e-10 5e-10 1e-09 1.5e-09 2e-09 2.1e-09 2.6e-09 4.1e-09 4.7e-09 4.8e-09 5.6000000000000005e-09 5.8e-09 6.4e-09 72
3e-10 5e-10 1e-09 1.5e-09 1.8e-09 2e-09 2.1e-09 2.8000000000000003e-09 3.9e-09 4.6e-09 4.8e-09 5.6000000000000005e-09 5.8e-09 6.4e-09 70
3e-10 4e-10 1e-09 1.5e-09 1.8e-09 2e-09 2.1e-09 4.7e-09 4.9e-09 5.6000000000000005e-09 5.8e-09 6.4e-09 69
3e-10 5.157086455551911e-283 1e-09 1.5e-09 6.697443512980948e-274 2.9e-09 3.3e-09 4.7e-09 4.8e-09 5.6000000000000005e-09 1.18 6.4e-09 69
1e-10 3e-10 5e-10 1e-09 1.5e-09 2e-09 2.1e-09 2.6e-09 4.1e-09 4.7e-09 5e-09 5.6000000000000005e-09 5.8e-09 6.4e-09 72
3e-10 4e-10 1e-09 1.5e-09 1.8e-09 2e-09 2.1e-09 2.8000000000000003e-09 3.4000000000000003e-09 4.6e-09 4.8e-09 5.6000000000000005e-09 5.8e-09 6.4e-09 70
3e-10 6e-10 1.4000000000000001e-09 1.5e-09 2.1e-09 3.5000000000000003e-09 4.6e-09 5.2e-09 5.6000000000000005e-09 5.8e-09 6.6e-09 70
3e-10 5e-10 1e-09 1.5e-09 1.8e-09 2e-09 2.1e-09 2.9e-09 3.2e-09 3.4000000000000003e-09 4.6e-09 4.8e-09 5.6000000000000005e-09 5.8e-09 6.4e-09 70
3e-10 4e-10 1e-09 1.5e-09 1.8e-09 2e-09 2.1e-09 2.8000000000000003e-09 4.6e-09 4.8e-09 5.3e-09 5.8e-09 6.4e-09 70
2e-10 3e-10 4e-10 1e-09 1.5e-09 1.9e-09 2e-09 2.1e-09 2.9e-09 4.6e-09 4.8e-09 5.6000000000000005e-09 5.8e-09 6.4e-09 70
1e-10 3e-10 1e-09 1.5e-09 1.9e-09 2e-09 2.1e-09 6.133261889830192e-284 4.7e-09 4.8e-09 5.6000000000000005e-09 7.584548709839844e-277 6.4e-09 72
3e-10 5e-10 1e-09 1.5e-09 1.8e-09 2.1e-09 2.8000000000000003e-09 3.4000000000000003e-09 4.7e-09 4.8e-09 5.6000000000000005e-09 5.8e-09 6.4e-09 70
2e-10 3e-10 5e-10 1e-09 1.5e-09 1.8e-09 2e-09 2.1e-09 2.6e-09 2.8000000000000003e-09 4.6e-09 4.8e-09 5.3e-09 5.8e-09 6.4e-09 70
3e-10 6e-10 1.4000000000000001e-09 1.5e-09 2.1e-09 4.6e-09 5e-09 5.6000000000000005e-09 5.8e-09 6.4e-09 70
3e-10 5e-10 1e-09 1.5e-09 1.8e-09 2e-09 2.1e-09 2.9e-09 4.7e-09 4.9e-09 5.6000000000000005e-09 5.8e-09 6.4e-09 70
3e-10 4e-10 1e-09 1.5e-09 1.8e-09 2e-09 2.1e-09 2.8000000000000003e-09 3.4000000000000003e-09 4.6e-09 5.2e-09 5.6000000000000005e-09 5.8e-09 6.4e-09 70
3e-10 5e-10 1e-09 1.5e-09 1.7000000000000001e-09 2.1e-09 2.9e-09 4.6e-09 5.2e-09 5.3e-09 5.8e-09 6.4e-09 70
3e-10 5e-10 1e-09 1.5e-09 1.8e-09 2.1e-09 2.8000000000000003e-09 3.4000000000000003e-09 4.7e-09 4.8e-09 5.6000000000000005e-09 5.8e-09 6.4e-09 70
3e-10 6e-10 1e-09 1.5e-09 2.1e-09 2.9e-09 4.7e-09 4.8e-09 5.6000000000000005e-09 5.8e-09 6.4e-09 70
3e-10 1e-09 1.5e-09 1.8e-09 2e-09 2.1e-09 2.9e-09 4.7e-09 4.8e-09 5.6000000000000005e-09 5.8e-09 6.4e-09 70
3e-10 5e-10 1e-09 1.5e-09 1.8e-09 2.1e-09 2.8000000000000003e-09 3.4000000000000003e-09 4.7e-09 5e-09 5.6000000000000005e-09 6.1e-09 6.4e-09 70
3e-10 5e-10 1e-09 1.5e-09 1.7000000000000001e-09 2.1e-09 2.9e-09 3.4000000000000003e-09 3.6e-09 3.9e-09 4.7e-09 4.8e-09 5.6000000000000005e-09 6.1e-09 6.4e-09 70
3e-10 5e-10 1.997980672043749e-272 1.5e-09 2.1e-09 2.8000000000000003e-09 4.6e-09 5.2e-09 5.6000000000000005e-09 5.8e-09 6.4e-09 73
3e-10 5e-10 1e-09 1.5e-09 1.8e-09 2e-09 2.1e-09 2.8000000000000003e-09 3.2e-09 3.4000000000000003e-09 4.7e-09 4.8e-09 5.6000000000000005e-09 6.1e-09 6.4e-09 70
3e-10 4e-10 1e-09 1.5e-09 1.8e-09 2e-09 2.1e-09 2.8000000000000003e-09 4.7e-09 4.8e-09 5.6000000000000005e-09 6.1e-09 6.4e-09 70
3e-10 4e-10 1e-09 1.5e-09 1.8e-09 2e-09 2.1e-09 3.6e-09 4.7e-09 5e-09 5.6000000000000005e-09 6.1e-09 6.4e-09 69
3e-10 1e-09 1.5e-09 1.7000000000000001e-09 2.1e-09 2.9e-09 4.5e-09 4.6e-09 4.8e-09 5.6000000000000005e-09 5.8e-09 6.6e-09 70
3e-10 5e-10 1e-09 1.5e-09 1.8e-09 2e-09 2.1e-09 2.8000000000000003e-09 3.4000000000000003e-09 4.7e-09 4.8e-09 5.6000000000000005e-09 6.1e-09 6.4e-09 70
2e-10 3e-10 5e-10 1e-09 1.5e-09 1.8e-09 2e-09 2.1e-09 2.6e-09 2.8000000000000003e-09 4.6e-09 4.9e-09 5.3e-09 5.8e-09 6.4e-09 70
3e-10 4e-10 1e-09 1.5e-09 1.8e-09 2e-09 2.1e-09 2.8000000000000003e-09 4.7e-09 5e-09 5.6000000000000005e-09 5.8e-09 6.4e-09 70
3e-10 6e-10 1e-09 1.5e-09 2.1e-09 2.9e-09 4.7e-09 5e-09 5.6000000000000005e-09 5.8e-09 6.4e-09 70
3e-10 5e-10 1e-09 1.5e-09 1.8e-09 2e-09 2.1e-09 2.9e-09 4.7e-09 4.8e-09 5.6000000000000005e-09 5.8e-09 6.3e-09 6.4e-09 70
3e-10 5e-10 1e-09 1.5e-09 1.8e-09 2.1e-09 2.8000000000000003e-09 3.4000000000000003e-09 3.6e-09 4.7e-09 4.8e-09 5.6000000000000005e-09 6.1e-09 6.4e-09 70
3e-10 5e-10 1e-09 1.6e-09 1.7000000000000001e-09 2.1e-09 2.9e-09 4.6e-09 4.9e-09 5.6000000000000005e-09 5.8e-09 6.4e-09 73
3e-10 5e-10 1e-09 1.5e-09 1.8e-09 2e-09 2.1e-09 2.6e-09 2.8000000000000003e-09 4.7e-09 4.8e-09 5.6000000000000005e-09 5.8e-09 6.4e-09 70
3e-10 4e-10 1e-09 1.5e-09 1.8e-09 2e-09 2.1e-09 2.8000000000000003e-09 3.6e-09 4.7e-09 4.8e-09 5.6000000000000005e-09 5.8e-09 1.0277357761337078e-283 6.4e-09 70
3e-10 5e-10 1e-09 1.5e-09 1.8e-09 2e-09 2.1e-09 2.8000000000000003e-09 3.9e-09 4.6e-09 4.8e-09 5.6000000000000005e-09 5.8e-09 6.4e-09 70
3e-10 5e-10 1e-09 1.5e-09 1.8e-09 2e-09 2.1e-09 2.8000000000000003e-09 4.7e-09 4.8e-09 5.6000000000000005e-09 5.8e-09 6.3e-09 6.4e-09 70
3e-10 5e-10 1e-09 1.6e-09 1.7000000000000001e-09 2.1e-09 2.9e-09 4.6e-09 5.2e-09 5.6000000000000005e-09 5.8e-09 1.0277357761337078e-283 6.4e-09 73
3e-10 5e-10 1.2e-09 1.5e-09 1.7000000000000001e-09 2.1e-09 3.2e-09 4.6e-09 4.8e-09 5.6000000000000005e-09 5.8e-09 6.4e-09 68
3e-10 1e-09 1.5e-09 1.8e-09 2e-09 2.1e-09 2.9e-09 3.4000000000000003e-09 3.6e-09 4.7e-09 4.8e-09 5.6000000000000005e-09 5.8e-09 6.4e-09 70
3e-10 6e-10 1e-09 1.5e-09 2.1e-09 2.9e-09 4.7e-09 5e-09 5.6000000000000005e-09 5.8e-09 6.4e-09 70
3e-10 4e-10 1e-09 1.5e-09 1.8e-09 2e-09 2.1e-09 2.8000000000000003e-09 4.7e-09 4.8e-09 5.6000000000000005e-09 6.1e-09 1.0277357761337078e-283 6.4e-09 70
3e-10 5e-10 1e-09 1.5e-09 1.8e-09 2e-09 2.1e-09 2.8000000000000003e-09 3.2e-09 4.6e-09 5e-09 5.6000000000000005e-09 5.8e-09 6.4e-09 70
1e-10 3e-10 5e-10 1e-09 1.5e-09 2e-09 2.1e-09 2.6e-09 4.1e-09 4.6e-09 4.8e-09 5.3e-09 5.8e-09 6.4e-09 72
3e-10 5e-10 1e-09 1.5e-09 1.7000000000000001e-09 2.1e-09 2.9e-09 3.4000000000000003e-09 4.6e-09 5.2e-09 5.6000000000000005e-09 5.8e-09 6.4e-09 70
3e-10 9e-10 1e-09 1.5e-09 1.8e-09 2e-09 2.1e-09 3e-09 4.6e-09 4.8e-09 5.6000000000000005e-09 5.8e-09 6.4e-09 70
3e-10 5e-10 1e-09 1.5e-09 2.3e-09 2.9e-09 4.6e-09 4.8e-09 5.6000000000000005e-09 5.8e-09 6.4e-09 70
3e-10 6e-10 1.4000000000000001e-09 1.5e-09 2.1e-09 4.6e-09 4.8e-09 5.6000000000000005e-09 5.8e-09 6.4e-09 70
3e-10 5e-10 1e-09 1.5e-09 1.8e-09 2.1e-09 2.8000000000000003e-09 4.7e-09 5e-09 5.6000000000000005e-09 6.1e-09 6.4e-09 70
3e-10 5e-10 1e-09 1.5e-09 1.8e-09 2e-09 2.1e-09 2.6e-09 2.8000000000000003e-09 3.3e-09 4.6e-09 5.2e-09 5.6000000000000005e-09 5.8e-09 6.4e-09 70
3e-10 5e-10 1e-09 1.5e-09 1.7000000000000001e-09 2.1e-09 2.9e-09 3.3e-09 4.5e-09 4.6e-09 4.8e-09 5.6000000000000005e-09 5.8e-09 6.4e-09 70
3e-10 1e-09 1.5e-09 1.8e-09 2e-09 2.1e-09 2.9e-09 3.4000000000000003e-09 3.6e-09 4.7e-09 4.8e-09 5.6000000000000005e-09 5.8e-09 6.4e-09 70
3e-10 5e-10 1e-09 1.5e-09 1.8e-09 2e-09 2.1e-09 2.8000000000000003e-09 3.2e-09 3.6e-09 4.7e-09 4.8e-09 5.6000000000000005e-09 6.1e-09 6.4e-09 70
1e-10 3e-10 5e-10 1e-09 1.5e-09 2e-09 2.1e-09 2.6e-09 6.133261889830192e-284 4.7e-09 4.9e-09 5.6000000000000005e-09 5.8e-09 6.4e-09 72
3e-10 4e-10 1e-09 1.5e-09 1.8e-09 2e-09 2.1e-09 2.8000000000000003e-09 3.2e-09 3.4000000000000003e-09 4.6e-09 5e-09 5.6000000000000005e-09 5.8e-09 6.4e-09 70
3e-10 5e-10 1e-09 1.5e-09 1.7000000000000001e-09 2.1e-09 2.9e-09 3.3e-09 4.6e-09 4.8e-09 5.6000000000000005e-09 5.8e-09 6.4e-09 70
3e-10 2.6194670865187683e-281 1.4000000000000001e-09 1.5e-09 2.1e-09 3.5000000000000003e-09 4.7e-09 5.2e-09 5.6000000000000005e-09 6.1e-09 6.4e-09 70
1e-10 3e-10 1e-09 1.5e-09 1.9e-09 2e-09 2.1e-09 4.1e-09 4.7e-09 5e-09 5.6000000000000005e-09 5.8e-09 6.4e-09 72
2e-10 3e-10 5e-10 1e-09 1.6e-09 1.7000000000000001e-09 2.1e-09 2.8000000000000003e-09 3.3e-09 4.7e-09 4.8e-09 5.6000000000000005e-09 6.1e-09 6.4e-09 73
3e-10 6e-10 1.4000000000000001e-09 1.5e-09 2.1e-09 4.5e-09 4.6e-09 4.8e-09 5.6000000000000005e-09 5.8e-09 6.4e-09 70
3e-10 9e-10 1e-09 1.5e-09 1.8e-09 2e-09 2.1e-09 3e-09 4.7e-09 5e-09 5.3e-09 5.8e-09 6.4e-09 69
3e-10 1e-09 1.5e-09 1.8e-09 2e-09 2.1e-09 2.9e-09 4.7e-09 4.8e-09 5.6000000000000005e-09 5.8e-09 1.0277357761337078e-283 6.4e-09 70
3e-10 6e-10 1e-09 1.5e-09 2.1e-09 2.9e-09 4.7e-09 4.8e-09 5.6000000000000005e-09 6.1e-09 6.4e-09 70
3e-10 4e-10 1e-09 1.5e-09 1.8e-09 2e-09 2.1e-09 2.8000000000000003e-09 3.3e-09 3.5000000000000003e-09 4.6e-09 5.2e-09 5.6000000000000005e-09 5.8e-09 6.6e-09 70
3e-10 5e-10 1e-09 1.5e-09 1.8e-09 2e-09 2.1e-09 2.8000000000000003e-09 4.7e-09 4.8e-09 5.6000000000000005e-09 5.8e-09 6.4e-09 70
2e-10 3e-10 5e-10 1e-09 1.6e-09 1.7000000000000001e-09 2.1e-09 2.8000000000000003e-09 4.6e-09 4.8e-09 5.6000000000000005e-09 5.8e-09 6.4e-09 73
3e-10 5e-10 1e-09 1.5e-09 1.8e-09 2.1e-09 2.8000000000000003e-09 3.4000000000000003e-09 4.7e-09 4.8e-09 5.6000000000000005e-09 6.1e-09 6.4e-09 70
3e-10 5e-10 1e-09 1.5e-09 1.8e-09 2e-09 2.1e-09 2.8000000000000003e-09 3.9e-09 4.6e-09 4.8e-09 5.6000000000000005e-09 5.8e-09 6.4e-09 70
1e-10 3e-10 5e-10 1e-09 1.5e-09 2e-09 2.1e-09 2.6e-09 6.133261889830192e-284 4.6e-09 4.8e-09 5.6000000000000005e-09 5.8e-09 6.4e-09 72
3e-10 5e-10 1e-09 1.5e-09 1.8e-09 2.1e-09 2.8000000000000003e-09 3.4000000000000003e-09 3.6e-09 4.7e-09 4.8e-09 5.6000000000000005e-09 5.8e-09 6.4e-09 70
3e-10 4e-10 1e-09 1.5e-09 1.8e-09 2e-09 2.1e-09 2.8000000000000003e-09 3.2e-09 4.7e-09 5.2e-09 5.3e-09 5.8e-09 6.4e-09 70
3e-10 9e-10 1e-09 1.5e-09 1.8e-09 2e-09 2.1e-09 3e-09 4.7e-09 4.8e-09 5.6000000000000005e-09 6.1e-09 6.4e-09 69
1e-10 3e-10 5e-10 1e-09 1.5e-09 2e-09 2.1e-09 2.6e-09 6.133261889830192e-284 4.7e-09 4.8e-09 5.6000000000000005e-09 5.8e-09 6.4e-09 72
3e-10 5e-10 1.2e-09 1.5e-09 1.7000000000000001e-09 2.1e-09 3.2e-09 4.6e-09 4.8e-09 5.6000000000000005e-09 5.8e-09 6.4e-09 68
3e-10 5e-10 1e-09 1.5e-09 1.7000000000000001e-09 2.1e-09 2.9e-09 4.5e-09 4.6e-09 5.2e-09 5.6000000000000005e-09 5.8e-09 6.4e-09 70
3e-10 5e-10 1e-09 1.5e-09 1.8e-09 2.1e-09 2.8000000000000003e-09 3.4000000000000003e-09 3.6e-09 4.7e-09 4.8e-09 5.6000000000000005e-09 5.8e-09 6.4e-09 70
3e-10 4e-10 1e-09 1.5e-09 1.8e-09 2e-09 2.1e-09 2.8000000000000003e-09 3.9e-09 4.7e-09 4.8e-09 5.6000000000000005e-09 6.1e-09 6.4e-09 70
3e-10 4e-10 1e-09 1.5e-09 1.8e-09 2e-09 2.1e-09 2.8000000000000003e-09 4.6e-09 4.9e-09 5.6000000000000005e-09 5.8e-09 6.4e-09 70
3e-10 1e-09 1.5e-09 1.9e-09 2e-09 2.1e-09 2.9e-09 4.7e-09 5.2e-09 5.6000000000000005e-09 6.1e-09 6.4e-09 70
3e-10 1e-09 1.5e-09 1.8e-09 2e-09 2.1e-09 2.9e-09 4.7e-09 4.8e-09 5.6000000000000005e-09 5.8e-09 1.0277357761337078e-283 6.4e-09 70
3e-10 5.157086455551911e-283 1e-09 1.5e-09 6.697443512980948e-274 2.9e-09 3.3e-09 4.7e-09 4.8e-09 5.6000000000000005e-09 1.18 6.4e-09 69
2e-10 3e-10 4e-10 1e-09 1.5e-09 1.8e-09 2e-09 2.1e-09 2.8000000000000003e-09 4.7e-09 5e-09 5.6000000000000005e-09 6.1e-09 6.4e-09 70
3e-10 6e-10 1.4000000000000001e-09 1.5e-09 2.1e-09 4.6e-09 4.8e-09 5.6000000000000005e-09 5.8e-09 6.4e-09 70
2e-10 3e-10 5e-10 1e-09 1.5e-09 1.8e-09 2e-09 2.1e-09 2.6e-09 2.8000000000000003e-09 4.7e-09 4.8e-09 5.6000000000000005e-09 6.1e-09 6.4e-09 70
3e-10 5e-10 1e-09 1.5e-09 1.8e-09 2.1e-09 2.8000000000000003e-09 3.4000000000000003e-09 3.6e-09 4.7e-09 4.8e-09 5.6000000000000005e-09 6.1e-09 6.4e-09 70
3e-10 5.157086455551911e-283 1e-09 1.5e-09 6.697443512980948e-274 2.9e-09 3.3e-09 4.7e-09 4.8e-09 5.6000000000000005e-09 1.18 6.4e-09 69
3e-10 5e-10 1e-09 1.6e-09 1.7000000000000001e-09 2.1e-09 2.9e-09 3.9e-09 4.6e-09 4.8e-09 5.3e-09 5.8e-09 6.4e-09 70
3e-10 4e-10 1e-09 1.5e-09 1.8e-09 2e-09 2.1e-09 2.8000000000000003e-09 4.6e-09 4.8e-09 5.3e-09 5.8e-09 6.4e-09 70
3e-10 5e-10 1e-09 1.5e-09 1.8e-09 2e-09 2.1e-09 2.8000000000000003e-09 4.7e-09 5.2e-09 5.6000000000000005e-09 5.8e-09 6.4e-09 70
3e-10 5e-10 1e-09 1.5e-09 1.8e-09 2e-09 2.1e-09 2.8000000000000003e-09 3.4000000000000003e-09 4.7e-09 4.8e-09 5.6000000000000005e-09 5.8e-09 6.4e-09 70
3e-10 4e-10 1e-09 1.5e-09 1.8e-09 2e-09 2.1e-09 3.6e-09 4.7e-09 4.8e-09 5.7000000000000006e-09 6.1e-09 6.4e-09 69
3e-10 4e-10 1e-09 1.5e-09 1.8e-09 2e-09 2.1e-09 3.4000000000000003e-09 3.6e-09 4.7e-09 5e-09 5.6000000000000005e-09 6.1e-09 6.4e-09 69
3e-10 1e-09 1.5e-09 1.8e-09 2e-09 2.1e-09 2.9e-09 3.9e-09 4.7e-09 4.8e-09 5.6000000000000005e-09 5.8e-09 6.4e-09 70
3e-10 5e-10 1e-09 1.5e-09 1.7000000000000001e-09 2.1e-09 2.9e-09 4.5e-09 4.6e-09 4.8e-09 5.3e-09 5.8e-09 6.4e-09 70
3e-10 5e-10 1e-09 1.6e-09 1.7000000000000001e-09 2.1e-09 2.9e-09 4.7e-09 5.2e-09 1.08 6.1e-09 6.4e-09 73
3e-10 4e-10 1e-09 1.5e-09 1.8e-09 2e-09 2.1e-09 2.8000000000000003e-09 3.4000000000000003e-09 4.6e-09 5.2e-09 5.6000000000000005e-09 5.8e-09 6.4e-09 70
3e-10 4e-10 1e-09 1.5e-09 1.8e-09 2e-09 2.1e-09 3.3e-09 4.7e-09 4.8e-09 5.6000000000000005e-09 5.8e-09 6.4e-09 69
3e-10 5e-10 1e-09 1.5e-09 1.8e-09 2e-09 2.1e-09 2.8000000000000003e-09 4.7e-09 4.8e-09 5.6000000000000005e-09 6.1e-09 1.0277357761337078e-283 6.4e-09 70
3e-10 5e-10 1e-09 1.5e-09 1.8e-09 2.1e-09 2.8000000000000003e-09 4.6e-09 4.8e-09 5.6000000000000005e-09 5.8e-09 6.4e-09 70
3e-10 5e-10 1e-09 1.5e-09 1.8e-09 2e-09 2.1e-09 2.6e-09 2.8000000000000003e-09 4.7e-09 4.8e-09 5.6000000000000005e-09 6.1e-09 6.4e-09 70
3e-10 5e-10 1e-09 1.5e-09 1.8e-09 2e-09 2.1e-09 2.8000000000000003e-09 3.2e-09 4.7e-09 4.8e-09 5.6000000000000005e-09 5.8e-09 6.4e-09 70
3e-10 4e-10 1e-09 1.5e-09 1.8e-09 2e-09 2.1e-09 2.8000000000000003e-09 4.7e-09 5.2e-09 5.6000000000000005e-09 6.1e-09 6.4e-09 70
1e-10 3e-10 5e-10 1e-09 1.5e-09 2e-09 2.1e-09 2.6e-09 4.1e-09 4.7e-09 5e-09 5.6000000000000005e-09 5.8e-09 6.4e-09 72
3e-10 4e-10 1e-09 1.5e-09 1.8e-09 2e-09 2.1e-09 4.6e-09 4.8e-09 5.3e-09 5.8e-09 6.4e-09 69
3e-10 5e-10 1e-09 1.5e-09 1.8e-09 2e-09 2.1e-09 2.8000000000000003e-09 4.7e-09 4.8e-09 5.6000000000000005e-09 5.8e-09 6.4e-09 70
3e-10 5e-10 1e-09 1.5e-09 1.8e-09 2.1e-09 2.8000000000000003e-09 3.4000000000000003e-09 4.7e-09 4.8e-09 5.6000000000000005e-09 5.8e-09 6.4e-09 70
3e-10 5e-10 1e-09 1.6e-09 1.7000000000000001e-09 2.1e-09 2.9e-09 3.5000000000000003e-09 4.5e-09 4.6e-09 5.2e-09 5.6000000000000005e-09 5.8e-09 6.6e-09 73
3e-10 1e-09 1.5e-09 2.3e-09 2.7e-09 0.84 4.7e-09 5.1e-09 5.6000000000000005e-09 5.8e-09 6.4e-09 69
3e-10 5e-10 1e-09 1.5e-09 1.8e-09 2.1e-09 2.8000000000000003e-09 4.7e-09 4.8e-09 5.6000000000000005e-09 5.8e-09 6.3e-09 6.4e-09 70
3e-10 4e-10 1e-09 1.5e-09 1.8e-09 2e-09 2.1e-09 2.8000000000000003e-09 3.3e-09 4.6e-09 4.8e-09 5.6000000000000005e-09 5.8e-09 6.4e-09 70
3e-10 5e-10 1e-09 1.5e-09 1.8e-09 2e-09 2.1e-09 2.8000000000000003e-09 3.2e-09 4.7e-09 4.8e-09 5.6000000000000005e-09 6.1e-09 6.4e-09 70
3e-10 4e-10 1e-09 1.5e-09 1.8e-09 2e-09 2.1e-09 2.8000000000000003e-09 3.4000000000000003e-09 3.6e-09 4.7e-09 4.8e-09 5.6000000000000005e-09 5.8e-09 6.4e-09 70
3e-10 5e-10 1e-09 1.5e-09 1.8e-09 2e-09 2.1e-09 2.6e-09 2.8000000000000003e-09 3.3e-09 4.6e-09 5.2e-09 5.6000000000000005e-09 5.8e-09 6.4e-09 70
3e-10 5e-10 1e-09 1.5e-09 1.8e-09 2e-09 2.1e-09 2.6e-09 2.8000000000000003e-09 3.3e-09 4.6e-09 5.2e-09 5.6000000000000005e-09 5.8e-09 6.4e-09 70
3e-10 6e-10 1.4000000000000001e-09 1.5e-09 2.1e-09 4.5e-09 4.6e-09 4.8e-09 5.6000000000000005e-09 5.8e-09 6.4e-09 70
3e-10 4e-10 1e-09 1.5e-09 2.3e-09 4.6e-09 5e-09 5.6000000000000005e-09 5.8e-09 6.4e-09 70
3e-10 4e-10 1e-09 1.5e-09 1.8e-09 2e-09 2.1e-09 2.8000000000000003e-09 3.9e-09 4.7e-09 4.8e-09 5.6000000000000005e-09 5.8e-09 6.4e-09 70
3e-10 5e-10 1e-09 1.5e-09 1.8e-09 2e-09 2.1e-09 2.8000000000000003e-09 3.2e-09 3.6e-09 4.7e-09 4.8e-09 5.6000000000000005e-09 6.1e-09 6.4e-09 70
3e-10 5e-10 1e-09 1.5e-09 1.7000000000000001e-09 2.1e-09 2.9e-09 3.5000000000000003e-09 4.6e-09 5.2e-09 5.6000000000000005e-09 5.8e-09 6.6e-09 70
1e-10 3e-10 5e-10 1e-09 1.5e-09 2e-09 2.1e-09 2.6e-09 4.1e-09 4.6e-09 4.8e-09 5.3e-09 5.8e-09 6.4e-09 72
3e-10 5e-10 1.997980672043749e-272 1.5e-09 2.1e-09 2.8000000000000003e-09 4.6e-09 5.2e-09 5.6000000000000005e-09 5.8e-09 6.4e-09 73
3e-10 5e-10 1e-09 1.5e-09 1.8e-09 2e-09 2.1e-09 2.9e-09 3.3e-09 4.6e-09 4.8e-09 5.6000000000000005e-09 5.8e-09 6.4e-09 70
3e-10 4e-10 1e-09 1.5e-09 1.8e-09 2e-09 2.1e-09 2.8000000000000003e-09 3.2e-09 4.7e-09 4.8e-09 5.6000000000000005e-09 5.8e-09 1.0277357761337078e-283 6.4e-09 70
3e-10 6e-10 1.4000000000000001e-09 1.5e-09 2.1e-09 4.6e-09 4.8e-09 5.6000000000000005e-09 5.8e-09 6.4e-09 70
3e-10 5e-10 1e-09 1.5e-09 1.8e-09 2e-09 2.1e-09 2.9e-09 3.3e-09 4.7e-09 5.2e-09 5.6000000000000005e-09 5.8e-09 6.4e-09 70
3e-10 4e-10 1e-09 1.5e-09 1.8e-09 2e-09 2.1e-09 4.7e-09 5e-09 5.6000000000000005e-09 5.8e-09 6.4e-09 69
3e-10 4e-10 1e-09 1.5e-09 1.8e-09 2e-09 2.1e-09 3.6e-09 4.7e-09 4.8e-09 5.6000000000000005e-09 6.1e-09 6.4e-09 69
3e-10 5e-10 1e-09 1.5e-09 1.8e-09 2.1e-09 2.8000000000000003e-09 4.7e-09 4.8e-09 5.3e-09 6.1e-09 6.4e-09 70
3e-10 4e-10 1e-09 1.5e-09 1.8e-09 2e-09 2.1e-09 2.8000000000000003e-09 3.6e-09 3.9e-09 4.7e-09 4.9e-09 5.6000000000000005e-09 6.1e-09 6.4e-09 70
3e-10 5e-10 1e-09 1.6e-09 1.7000000000000001e-09 2.1e-09 2.9e-09 4.7e-09 5e-09 5.6000000000000005e-09 6.1e-09 1.0277357761337078e-283 6.4e-09 73
3e-10 5e-10 1e-09 1.5e-09 1.8e-09 2e-09 2.1e-09 2.8000000000000003e-09 3.2e-09 3.4000000000000003e-09 3.6e-09 4.7e-09 5e-09 5.6000000000000005e-09 6.1e-09 6.4e-09 70
3e-10 4e-10 1e-09 1.5e-09 1.8e-09 2e-09 2.1e-09 2.8000000000000003e-09 4.7e-09 4.8e-09 5.6000000000000005e-09 5.8e-09 6.4e-09 70
3e-10 4e-10 1e-09 1.5e-09 1.8e-09 2e-09 2.1e-09 2.8000000000000003e-09 3.6e-09 4.7e-09 4.8e-09 5.6000000000000005e-09 6.1e-09 1.0277357761337078e-283 6.4e-09 70
2e-10 3e-10 5e-10 1e-09 1.5e-09 1.8e-09 2e-09 2.1e-09 2.6e-09 2.8000000000000003e-09 4.6e-09 4.8e-09 5.6000000000000005e-09 5.8e-09 6.4e-09 70
3e-10 1e-09 1.5e-09 1.7000000000000001e-09 2.1e-09 2.9e-09 3.3e-09 4.6e-09 4.8e-09 5.6000000000000005e-09 5.8e-09 6.4e-09 70
3e-10 4e-10 1e-09 1.5e-09 1.8e-09 2e-09 2.1e-09 2.8000000000000003e-09 4.7e-09 5.2e-09 5.6000000000000005e-09 5.8e-09 6.4e-09 70
3e-10 5e-10 1e-09 1.5e-09 1.8e-09 2e-09 2.1e-09 2.6e-09 2.8000000000000003e-09 4.6e-09 4.8e-09 5.6000000000000005e-09 5.8e-09 6.4e-09 70
1e-10 3e-10 5e-10 1e-09 1.5e-09 2e-09 2.1e-09 2.6e-09 4.1e-09 4.6e-09 5e-09 5.6000000000000005e-09 5.8e-09 6.4e-09 72
3e-10 5e-10 1e-09 1.5e-09 1.7000000000000001e-09 2.1e-09 2.9e-09 4.6e-09 5.2e-09 5.3e-09 5.8e-09 6.4e-09 70
3e-10 4e-10 1e-09 1.5e-09 1.8e-09 2e-09 2.1e-09 4.6e-09 4.8e-09 5.6000000000000005e-09 5.8e-09 6.4e-09 69
3e-10 4e-10 1e-09 1.5e-09 2.3e-09 4.6e-09 5e-09 5.6000000000000005e-09 5.8e-09 6.4e-09 70
1e-10 3e-10 1e-09 1.5e-09 1.9e-09 2e-09 2.1e-09 4.1e-09 4.7e-09 5e-09 5.6000000000000005e-09 5.8e-09 6.4e-09 72
3e-10 5e-10 1e-09 1.5e-09 1.7000000000000001e-09 2.1e-09 2.9e-09 3.5000000000000003e-09 4.6e-09 5.2e-09 5.6000000000000005e-09 5.8e-09 6.6e-09 70
3e-10 5e-10 1e-09 1.5e-09 1.8e-09 2e-09 2.1e-09 2.8000000000000003e-09 3.2e-09 3.6e-09 4.7e-09 4.8e-09 5.6000000000000005e-09 6.1e-09 6.4e-09 70
1e-10 3e-10 5e-10 1e-09 1.5e-09 2e-09 2.1e-09 2.6e-09 6.133261889830192e-284 4.7e-09 4.8e-09 5.6000000000000005e-09 5.8e-09 6.4e-09 72
3e-10 4e-10 1e-09 1.5e-09 1.8e-09 2e-09 2.1e-09 2.8000000000000003e-09 4.6e-09 4.8e-09 5.6000000000000005e-09 5.8e-09 6.4e-09 70
3e-10 4e-10 1e-09 1.5e-09 2.3e-09 3.3e-09 4.6e-09 5e-09 5.6000000000000005e-09 5.8e-09 6.4e-09 70
3e-10 4e-10 1e-09 1.5e-09 1.8e-09 2e-09 2.1e-09 4.7e-09 5e-09 5.6000000000000005e-09 6.1e-09 6.4e-09 69
3e-10 5.157086455551911e-283 1e-09 1.5e-09 2.1e-09 2.9e-09 4.6e-09 5e-09 5.6000000000000005e-09 5.8e-09 6.4e-09 70
3e-10 5e-10 1e-09 1.5e-09 1.8e-09 2e-09 2.1e-09 2.6e-09 2.8000000000000003e-09 4.7e-09 4.8e-09 5.6000000000000005e-09 6.1e-09 6.4e-09 70
3e-10 5e-10 1e-09 1.5e-09 1.8e-09 2e-09 2.1e-09 2.6e-09 2.8000000000000003e-09 4.6e-09 4.8e-09 5.3e-09 5.8e-09 6.4e-09 70
3e-10 4e-10 1e-09 1.5e-09 1.8e-09 2e-09 2.1e-09 2.8000000000000003e-09 3.4000000000000003e-09 3.6e-09 4.7e-09 4.8e-09 5.6000000000000005e-09 5.8e-09 6.4e-09 70
2e-10 3e-10 5e-10 1e-09 1.5e-09 1.7000000000000001e-09 2.1e-09 2.8000000000000003e-09 3.2e-09 3.9e-09 4.6e-09 4.8e-09 5.3e-09 5.8e-09 6.4e-09 70
2e-10 3e-10 5e-10 1e-09 1.5e-09 1.7000000000000001e-09 2.1e-09 2.8000000000000003e-09 3.2e-09 4.7e-09 4.8e-09 5.6000000000000005e-09 5.8e-09 6.4e-09 70
3e-10 5e-10 1e-09 1.5e-09 1.8e-09 2e-09 2.1e-09 2.9e-09 4.7e-09 4.8e-09 5.6000000000000005e-09 5.8e-09 6.3e-09 6.4e-09 70
3e-10 1e-09 1.5e-09 1.8e-09 2e-09 2.1e-09 2.9e-09 3.9e-09 4.7e-09 4.8e-09 5.6000000000000005e-09 5.8e-09 6.4e-09 70
3e-10 4e-10 1e-09 1.5e-09 1.8e-09 2e-09 2.1e-09 2.8000000000000003e-09 3.2e-09 3.6e-09 4.7e-09 5.2e-09 5.6000000000000005e-09 5.8e-09 6.4e-09 70
3e-10 5e-10 1e-09 1.5e-09 1.8e-09 2.1e-09 2.8000000000000003e-09 4.7e-09 4.8e-09 5.6000000000000005e-09 5.8e-09 6.3e-09 6.4e-09 70
3e-10 4e-10 1e-09 1.5e-09 1.8e-09 2e-09 2.1e-09 2.8000000000000003e-09 3.4000000000000003e-09 3.6e-09 3.9e-09 4.7e-09 4.8e-09 5.3e-09 5.8e-09 6.4e-09 70
1e-10 3e-10 1e-09 1.5e-09 1.9e-09 2e-09 2.1e-09 4.1e-09 4.6e-09 5e-09 5.6000000000000005e-09 5.8e-09 6.4e-09 72
3e-10 5.157086455551911e-283 1e-09 1.5e-09 6.697443512980948e-274 2.9e-09 4.6e-09 4.9e-09 5.6000000000000005e-09 5.8e-09 6.4e-09 69
3e-10 5e-10 1e-09 1.5e-09 1.8e-09 2e-09 2.1e-09 2.8000000000000003e-09 3.2e-09 4.6e-09 4.8e-09 5.6000000000000005e-09 5.8e-09 6.4e-09 70
3e-10 1e-09 1.5e-09 1.7000000000000001e-09 2.1e-09 2.9e-09 4.5e-09 4.6e-09 4.8e-09 5.6000000000000005e-09 5.8e-09 6.4e-09 70
3e-10 6e-10 1.4000000000000001e-09 1.5e-09 2.1e-09 4.6e-09 5e-09 5.6000000000000005e-09 5.8e-09 6.4e-09 70
1e-10 3e-10 1e-09 1.5e-09 1.9e-09 2e-09 2.1e-09 6.133261889830192e-284 4.7e-09 4.8e-09 5.6000000000000005e-09 7.584548709839844e-277 6.4e-09 72
3e-10 5e-10 1e-09 1.5e-09 1.8e-09 2e-09 2.1e-09 2.8000000000000003e-09 3.2e-09 3.4000000000000003e-09 4.7e-09 4.8e-09 5.6000000000000005e-09 6.1e-09 6.4e-09 70
3e-10 5e-10 1e-09 1.5e-09 1.8e-09 2.1e-09 2.8000000000000003e-09 4.7e-09 4.8e-09 5.6000000000000005e-09 5.8e-09 6.4e-09 70
3e-10 5e-10 1e-09 1.5e-09 1.8e-09 2e-09 2.1e-09 2.8000000000000003e-09 4.6e-09 4.8e-09 5.6000000000000005e-09 5.8e-09 6.3e-09 6.4e-09 70
3e-10 5e-10 1e-09 1.5e-09 1.7000000000000001e-09 2.1e-09 2.9e-09 4.5e-09 4.6e-09 4.8e-09 5.3e-09 5.8e-09 6.4e-09 70
3e-10 5e-10 1e-09 1.5e-09 1.8e-09 2e-09 2.1e-09 2.9e-09 4.5e-09 4.6e-09 4.8e-09 5.6000000000000005e-09 5.8e-09 6.4e-09 70
3e-10 5e-10 1e-09 1.5e-09 1.8e-09 2e-09 2.1e-09 2.6e-09 2.8000000000000003e-09 3.9e-09 4.6e-09 4.8e-09 5.6000000000000005e-09 5.8e-09 6.4e-09 70
3e-10 4e-10 1e-09 1.5e-09 1.8e-09 2e-09 2.1e-09 4.7e-09 5e-09 5.7000000000000006e-09 6.1e-09 6.4e-09 69
3e-10 4e-10 1e-09 1.5e-09 1.8e-09 2e-09 2.1e-09 2.8000000000000003e-09 3.2e-09 3.6e-09 4.7e-09 5.2e-09 5.6000000000000005e-09 5.8e-09 6.4e-09 70
3e-10 5e-10 1e-09 1.5e-09 1.8e-09 2e-09 2.1e-09 2.8000000000000003e-09 4.7e-09 5.2e-09 5.6000000000000005e-09 5.8e-09 6.4e-09 70
2e-10 3e-10 5e-10 1e-09 1.5e-09 1.8e-09 2e-09 2.1e-09 2.6e-09 2.8000000000000003e-09 4.6e-09 4.8e-09 5.6000000000000005e-09 5.8e-09 6.4e-09 70
3e-10 5e-10 1e-09 1.5e-09 1.8e-09 2e-09 2.1e-09 2.8000000000000003e-09 3.2e-09 3.6e-09 4.7e-09 4.8e-09 5.6000000000000005e-09 6.1e-09 1.0277357761337078e-283 6.4e-09 70
3e-10 5.157086455551911e-283 1e-09 1.5e-09 2.1e-09 2.9e-09 3.3e-09 4.6e-09 5e-09 5.6000000000000005e-09 5.8e-09 6.4e-09 70
1e-10 3e-10 5e-10 1e-09 1.5e-09 2e-09 2.1e-09 2.6e-09 6.133261889830192e-284 4.6e-09 4.8e-09 5.5000000000000004e-09 5.8e-09 6.4e-09 72
3e-10 5e-10 1e-09 1.5e-09 1.8e-09 2e-09 2.1e-09 2.8000000000000003e-09 4.7e-09 4.8e-09 5.6000000000000005e-09 5.8e-09 6.3e-09 6.4e-09 70
1e-10 3e-10 5e-10 1e-09 1.5e-09 2e-09 2.1e-09 2.6e-09 4.1e-09 4.6e-09 5e-09 5.6000000000000005e-09 5.8e-09 6.4e-09 72
3e-10 4e-10 1e-09 1.5e-09 1.8e-09 2e-09 2.1e-09 4.7e-09 5e-09 5.6000000000000005e-09 5.8e-09 6.4e-09 69
3e-10 4e-10 1e-09 1.5e-09 1.8e-09 2e-09 2.1e-09 2.8000000000000003e-09 4.7e-09 5.2e-09 5.6000000000000005e-09 6.1e-09 6.4e-09 70
3e-10 5e-10 1e-09 1.5e-09 1.8e-09 2e-09 2.1e-09 2.9e-09 4.7e-09 4.8e-09 5.6000000000000005e-09 6.1e-09 6.3e-09 6.4e-09 70
3e-10 5e-10 1e-09 1.5e-09 1.7000000000000001e-09 2.1e-09 2.9e-09 3.5000000000000003e-09 4.6e-09 5.2e-09 5.6000000000000005e-09 5.8e-09 6.4e-09 70
3e-10 2.6194670865187683e-281 1e-09 1.5e-09 0.5 4.6e-09 4.8e-09 5.6000000000000005e-09 5.8e-09 6.4e-09 68
3e-10 4e-10 1e-09 1.5e-09 1.8e-09 2e-09 2.1e-09 2.8000000000000003e-09 4.7e-09 4.8e-09 5.6000000000000005e-09 6.1e-09 1.0277357761337078e-283 6.4e-09 70
3e-10 1e-09 1.5e-09 1.7000000000000001e-09 2.1e-09 2.9e-09 3.3e-09 4.6e-09 5.2e-09 5.6000000000000005e-09 5.8e-09 6.4e-09 70
3e-10 5e-10 1e-09 1.5e-09 1.8e-09 2.1e-09 2.8000000000000003e-09 3.2e-09 4.7e-09 4.8e-09 5.6000000000000005e-09 5.8e-09 6.3e-09 6.4e-09 70
3e-10 5e-10 1e-09 1.5e-09 1.8e-09 2.1e-09 2.8000000000000003e-09 3.4000000000000003e-09 4.6e-09 4.8e-09 5.6000000000000005e-09 5.8e-09 6.4e-09 70
3e-10 5e-10 1e-09 1.5e-09 1.8e-09 2e-09 2.1e-09 2.8000000000000003e-09 3.2e-09 3.6e-09 4.7e-09 4.8e-09 5.6000000000000005e-09 6.1e-09 6.4e-09 70
3e-10 6e-10 1.4000000000000001e-09 1.5e-09 2.1e-09 3.3e-09 3.5000000000000003e-09 4.5e-09 4.6e-09 5.2e-09 5.6000000000000005e-09 5.8e-09 6.4e-09 70
3e-10 4e-10 1e-09 1.5e-09 1.8e-09 2e-09 2.1e-09 2.8000000000000003e-09 4.5e-09 4.7e-09 4.8e-09 5.6000000000000005e-09 6.1e-09 6.4e-09 70
3e-10 5e-10 1e-09 1.6e-09 1.7000000000000001e-09 2.1e-09 2.9e-09 3.9e-09 4.6e-09 4.8e-09 5.3e-09 5.8e-09 6.4e-09 73
3e-10 4e-10 1e-09 1.5e-09 1.8e-09 2e-09 2.1e-09 2.8000000000000003e-09 3.5000000000000003e-09 4.6e-09 5.2e-09 5.6000000000000005e-09 5.8e-09 6.4e-09 70
3e-10 4e-10 1e-09 1.5e-09 1.8e-09 2e-09 2.1e-09 2.8000000000000003e-09 4.7e-09 4.8e-09 5.6000000000000005e-09 6.1e-09 6.4e-09 70
3e-10 6e-10 1.4000000000000001e-09 1.5e-09 2.1e-09 3.5000000000000003e-09 4.6e-09 5.2e-09 5.6000000000000005e-09 5.8e-09 6.4e-09 70
1e-10 3e-10 5e-10 1e-09 1.5e-09 2e-09 2.1e-09 2.6e-09 4.1e-09 4.7e-09 5e-09 5.6000000000000005e-09 7.584548709839844e-277 6.4e-09 72
1e-10 3e-10 1e-09 1.5e-09 1.9e-09 2e-09 2.1e-09 4.1e-09 4.7e-09 5e-09 5.6000000000000005e-09 5.8e-09 6.4e-09 72
3e-10 5e-10 1e-09 1.5e-09 1.8e-09 2.1e-09 2.8000000000000003e-09 4.7e-09 4.8e-09 5.6000000000000005e-09 6.1e-09 6.4e-09 70
3e-10 5e-10 1e-09 1.5e-09 1.8e-09 2e-09 2.1e-09 2.8000000000000003e-09 3.2e-09 4.6e-09 5e-09 5.3e-09 5.8e-09 6.4e-09 70
3e-10 4e-10 1e-09 1.5e-09 1.8e-09 2e-09 2.1e-09 2.8000000000000003e-09 3.4000000000000003e-09 4.6e-09 4.8e-09 5.6000000000000005e-09 5.8e-09 6.4e-09 70
3e-10 5e-10 1e-09 1.5e-09 1.7000000000000001e-09 2.1e-09 2.9e-09 3.4000000000000003e-09 3.6e-09 3.9e-09 4.7e-09 4.8e-09 5.5000000000000004e-09 5.8e-09 6.4e-09 70
3e-10 5e-10 1e-09 1.5e-09 1.7000000000000001e-09 2.1e-09 2.9e-09 4.6e-09 5.2e-09 5.6000000000000005e-09 5.8e-09 6.6e-09 70
3e-10 5e-10 1e-09 1.5e-09 1.8e-09 2.1e-09 2.8000000000000003e-09 4.6e-09 4.8e-09 5.6000000000000005e-09 5.8e-09 6.4e-09 70
2e-10 3e-10 5e-10 1e-09 1.5e-09 1.7000000000000001e-09 2.1e-09 2.8000000000000003e-09 3.2e-09 3.9e-09 4.6e-09 4.8e-09 5.3e-09 5.8e-09 6.4e-09 70
3e-10 5e-10 1e-09 1.5e-09 1.8e-09 2e-09 2.1e-09 2.8000000000000003e-09 3.2e-09 3.4000000000000003e-09 4.7e-09 4.8e-09 5.6000000000000005e-09 5.8e-09 6.4e-09 70
3e-10 5e-10 1e-09 1.5e-09 1.8e-09 2.1e-09 2.8000000000000003e-09 4.6e-09 4.8e-09 5.6000000000000005e-09 5.8e-09 6.3e-09 6.4e-09 70
3e-10 6e-10 1.4000000000000001e-09 1.5e-09 2.1e-09 3.3e-09 4.6e-09 4.8e-09 5.6000000000000005e-09 5.8e-09 6.4e-09 70
3e-10 5e-10 1e-09 1.5e-09 1.7000000000000001e-09 2.1e-09 2.9e-09 3.4000000000000003e-09 3.6e-09 3.9e-09 4.7e-09 4.8e-09 5.6000000000000005e-09 6.1e-09 6.4e-09 70
3e-10 1e-09 1.5e-09 1.8e-09 2e-09 2.1e-09 2.9e-09 3.4000000000000003e-09 3.6e-09 4.7e-09 4.8e-09 5.6000000000000005e-09 6.1e-09 6.4e-09 70
3e-10 4e-10 1e-09 1.5e-09 1.8e-09 2e-09 2.1e-09 2.8000000000000003e-09 3.9e-09 4.6e-09 4.8e-09 5.6000000000000005e-09 5.8e-09 6.4e-09 70
3e-10 1e-09 1.5e-09 1.7000000000000001e-09 2.1e-09 2.9e-09 4.5e-09 4.6e-09 4.9e-09 5.6000000000000005e-09 5.8e-09 6.4e-09 70
3e-10 4e-10 1e-09 1.5e-09 1.8e-09 2e-09 2.1e-09 3.2e-09 4.7e-09 4.8e-09 5.6000000000000005e-09 5.8e-09 6.4e-09 69
3e-10 1e-09 1.5e-09 1.8e-09 2e-09 2.1e-09 2.9e-09 3.4000000000000003e-09 3.6e-09 4.7e-09 4.8e-09 5.6000000000000005e-09 6.1e-09 6.4e-09 70
3e-10 5e-10 1e-09 1.5e-09 1.8e-09 2e-09 2.1e-09 2.8000000000000003e-09 3.2e-09 3.6e-09 4.7e-09 4.8e-09 5.6000000000000005e-09 6.1e-09 6.4e-09 70
3e-10 5e-10 1e-09 1.5e-09 1.8e-09 2e-09 2.1e-09 2.8000000000000003e-09 3.2e-09 3.4000000000000003e-09 4.7e-09 4.8e-09 5.6000000000000005e-09 6.1e-09 6.4e-09 70
3e-10 4e-10 1e-09 1.5e-09 1.8e-09 2e-09 2.1e-09 3.4000000000000003e-09 4.7e-09 4.8e-09 5.6000000000000005e-09 6.1e-09 6.4e-09 69
3e-10 5e-10 1e-09 1.5e-09 1.8e-09 2e-09 2.1e-09 2.8000000000000003e-09 3.2e-09 4.7e-09 4.8e-09 5.6000000000000005e-09 5.8e-09 1.0277357761337078e-283 6.4e-09 70
3e-10 4e-10 1e-09 1.5e-09 1.8e-09 2e-09 2.1e-09 2.8000000000000003e-09 4.7e-09 4.8e-09 5.6000000000000005e-09 5.8e-09 6.4e-09 70
3e-10 4e-10 1e-09 1.5e-09 1.8e-09 2e-09 2.1e-09 2.8000000000000003e-09 3.5000000000000003e-09 4.6e-09 5.2e-09 5.6000000000000005e-09 5.8e-09 6.4e-09 70
3e-10 1e-09 1.5e-09 1.8e-09 2e-09 2.1e-09 2.9e-09 3.9e-09 4.6e-09 4.8e-09 5.6000000000000005e-09 5.8e-09 6.4e-09 70
3e-10 5e-10 1e-09 1.5e-09 1.8e-09 2e-09 2.1e-09 2.8000000000000003e-09 3.2e-09 3.6e-09 4.7e-09 4.8e-09 5.6000000000000005e-09 5.8e-09 6.4e-09 70
3e-10 5e-10 1e-09 1.5e-09 1.8e-09 2.1e-09 2.8000000000000003e-09 4.7e-09 4.8e-09 5.6000000000000005e-09 6.1e-09 6.4e-09 70
1e-10 3e-10 5e-10 1e-09 1.5e-09 2e-09 2.1e-09 2.6e-09 4.803547516231901e-277 4.6e-09 5e-09 5.6000000000000005e-09 5.8e-09 6.4e-09 72
3e-10 5e-10 1e-09 1.5e-09 1.8e-09 2e-09 2.1e-09 2.8000000000000003e-09 4.7e-09 4.8e-09 5.7000000000000006e-09 5.8e-09 6.4e-09 70
3e-10 4e-10 1e-09 1.5e-09 1.8e-09 2e-09 2.1e-09 2.8000000000000003e-09 4.6e-09 4.9e-09 5.6000000000000005e-09 5.8e-09 6.4e-09 70
3e-10 5e-10 1e-09 1.5e-09 1.8e-09 2e-09 2.1e-09 2.8000000000000003e-09 3.2e-09 3.4000000000000003e-09 3.6e-09 4.7e-09 4.8e-09 5.6000000000000005e-09 5.8e-09 6.4e-09 70
3e-10 5e-10 1e-09 1.5e-09 1.8e-09 2e-09 2.1e-09 2.8000000000000003e-09 3.4000000000000003e-09 4.6e-09 5.2e-09 5.6000000000000005e-09 5.8e-09 6.4e-09 70
3e-10 5e-10 1e-09 1.5e-09 1.8e-09 2e-09 2.1e-09 2.8000000000000003e-09 3.3e-09 4.6e-09 4.8e-09 5.6000000000000005e-09 5.8e-09 6.4e-09 70
3e-10 5e-10 1e-09 1.5e-09 1.8e-09 2.1e-09 2.8000000000000003e-09 3.2e-09 4.7e-09 4.8e-09 5.6000000000000005e-09 5.8e-09 6.3e-09 6.4e-09 70
3e-10 5e-10 1e-09 1.5e-09 1.7000000000000001e-09 2.1e-09 2.9e-09 3.4000000000000003e-09 4.6e-09 4.8e-09 5.3e-09 5.8e-09 6.4e-09 70
3e-10 5e-10 1e-09 1.6e-09 1.7000000000000001e-09 2.1e-09 2.9e-09 3.5000000000000003e-09 4.5e-09 4.6e-09 5.2e-09 5.6000000000000005e-09 5.8e-09 6.6e-09 73
1e-10 3e-10 5e-10 1e-09 1.5e-09 1.8e-09 2e-09 2.1e-09 2.6e-09 4.6e-09 5e-09 5.6000000000000005e-09 5.8e-09 6.4e-09 72
2e-10 3e-10 5e-10 1e-09 1.5e-09 1.8e-09 2e-09 2.1e-09 2.6e-09 2.8000000000000003e-09 4.7e-09 4.9e-09 5.6000000000000005e-09 6.1e-09 6.4e-09 70
3e-10 4e-10 1e-09 1.5e-09 1.8e-09 2e-09 2.1e-09 2.8000000000000003e-09 4.7e-09 4.8e-09 5.6000000000000005e-09 6.1e-09 6.4e-09 70
3e-10 4e-10 1e-09 1.5e-09 1.8e-09 2e-09 2.1e-09 2.8000000000000003e-09 4.7e-09 5.2e-09 5.6000000000000005e-09 6.1e-09 6.4e-09 70
3e-10 5e-10 1e-09 1.5e-09 1.8e-09 2e-09 2.1e-09 2.8000000000000003e-09 3.4000000000000003e-09 3.6e-09 4.7e-09 5.2e-09 5.6000000000000005e-09 5.8e-09 6.4e-09 70
3e-10 5e-10 1e-09 1.5e-09 2.3e-09 2.9e-09 4.6e-09 5e-09 5.6000000000000005e-09 5.8e-09 6.4e-09 70
3e-10 2.6194670865187683e-281 1e-09 1.5e-09 2.825199005085003e-189 4.6e-09 4.8e-09 5.6000000000000005e-09 5.8e-09 6.4e-09 68
3e-10 5e-10 1e-09 1.5e-09 1.8e-09 2.1e-09 2.8000000000000003e-09 3.2e-09 4.7e-09 4.8e-09 5.6000000000000005e-09 5.8e-09 6.3e-09 6.4e-09 70
3e-10 4e-10 1e-09 1.5e-09 1.8e-09 2e-09 2.1e-09 2.8000000000000003e-09 3.9e-09 4.7e-09 4.8e-09 5.6000000000000005e-09 5.8e-09 6.4e-09 70
3e-10 4e-10 1e-09 1.5e-09 1.8e-09 2e-09 2.1e-09 2.8000000000000003e-09 3.4000000000000003e-09 3.6e-09 4.7e-09 5e-09 5.6000000000000005e-09 5.8e-09 6.4e-09 70
3e-10 4e-10 1e-09 1.5e-09 1.8e-09 2e-09 2.1e-09 2.8000000000000003e-09 3.4000000000000003e-09 3.6e-09 3.9e-09 4.7e-09 4.9e-09 5.6000000000000005e-09 5.8e-09 6.4e-09 70
1e-10 3e-10 1e-09 1.5e-09 1.9e-09 2e-09 2.1e-09 6.133261889830192e-284 4.6e-09 4.8e-09 5.5000000000000004e-09 5.8e-09 6.4e-09 72
3e-10 5e-10 1e-09 1.5e-09 1.8e-09 2e-09 2.1e-09 2.8000000000000003e-09 3.2e-09 3.4000000000000003e-09 4.7e-09 4.8e-09 5.6000000000000005e-09 6.1e-09 6.4e-09 70
3e-10 5e-10 1e-09 1.5e-09 1.8e-09 2e-09 2.1e-09 2.6e-09 2.8000000000000003e-09 4.7e-09 4.8e-09 5.6000000000000005e-09 5.8e-09 6.4e-09 70
3e-10 5e-10 1e-09 1.5e-09 1.8e-09 2e-09 2.1e-09 2.8000000000000003e-09 3.6e-09 4.7e-09 5e-09 5.6000000000000005e-09 5.8e-09 6.4e-09 70
3e-10 5e-10 1e-09 1.5e-09 1.8e-09 2e-09 2.1e-09 2.8000000000000003e-09 4.6e-09 5.2e-09 5.6000000000000005e-09 5.8e-09 6.4e-09 70
3e-10 4e-10 1e-09 1.5e-09 1.8e-09 2e-09 2.1e-09 2.8000000000000003e-09 4.6e-09 4.8e-09 5.3e-09 5.8e-09 6.4e-09 70
3e-10 5e-10 1e-09 1.5e-09 1.8e-09 2e-09 2.1e-09 2.6e-09 2.8000000000000003e-09 4.5e-09 4.6e-09 4.8e-09 5.6000000000000005e-09 5.8e-09 6.4e-09 70
3e-10 4e-10 1e-09 1.5e-09 1.8e-09 2e-09 2.1e-09 2.8000000000000003e-09 3.9e-09 4.7e-09 4.8e-09 5.6000000000000005e-09 6.1e-09 6.4e-09 70
3e-10 1e-09 1.5e-09 1.7000000000000001e-09 2.1e-09 2.9e-09 4.5e-09 4.6e-09 4.8e-09 5.6000000000000005e-09 5.8e-09 6.6e-09 70
3e-10 5e-10 1e-09 1.5e-09 1.8e-09 2e-09 2.1e-09 2.9e-09 4.7e-09 4.8e-09 5.6000000000000005e-09 5.8e-09 6.3e-09 6.4e-09 70
1e-10 3e-10 5e-10 1e-09 1.5e-09 2e-09 2.1e-09 2.6e-09 4.1e-09 4.6e-09 4.8e-09 5.3e-09 5.8e-09 6.4e-09 72
3e-10 5.157086455551911e-283 1e-09 1.5e-09 2.1e-09 2.9e-09 4.6e-09 5e-09 5.3e-09 5.8e-09 6.4e-09 70
1e-10 3e-10 5e-10 1e-09 1.5e-09 2e-09 2.1e-09 2.6e-09 4.1e-09 4.6e-09 4.8e-09 5.3e-09 5.8e-09 6.4e-09 72
3e-10 4e-10 1e-09 1.5e-09 1.8e-09 2e-09 2.1e-09 2.8000000000000003e-09 3.3e-09 3.5000000000000003e-09 4.6e-09 5.2e-09 5.6000000000000005e-09 5.8e-09 6.6e-09 70
3e-10 4e-10 1e-09 1.5e-09 1.8e-09 2e-09 2.1e-09 2.8000000000000003e-09 4.7e-09 4.8e-09 5.3e-09 5.8e-09 6.4e-09 70
3e-10 1e-09 1.5e-09 1.7000000000000001e-09 2.1e-09 2.9e-09 4.5e-09 4.6e-09 4.8e-09 5.6000000000000005e-09 5.8e-09 6.4e-09 70
3e-10 5e-10 1e-09 1.5e-09 1.8e-09 2.1e-09 2.8000000000000003e-09 4.7e-09 4.8e-09 5.6000000000000005e-09 5.8e-09 6.4e-09 70
3e-10 5e-10 1e-09 1.5e-09 1.8e-09 2e-09 2.1e-09 2.6e-09 2.8000000000000003e-09 3.9e-09 4.6e-09 4.8e-09 5.6000000000000005e-09 5.8e-09 6.4e-09 70
3e-10 6e-10 1e-09 1.5e-09 2.1e-09 2.9e-09 3.2e-09 4.7e-09 5.2e-09 5.6000000000000005e-09 6.1e-09 6.4e-09 70
3e-10 5e-10 1e-09 1.5e-09 1.8e-09 2.1e-09 2.8000000000000003e-09 3.4000000000000003e-09 4.7e-09 4.8e-09 5.6000000000000005e-09 5.8e-09 6.4e-09 70
3e-10 5e-10 1e-09 1.5e-09 1.8e-09 2e-09 2.1e-09 2.8000000000000003e-09 3.3e-09 4.6e-09 4.8e-09 5.6000000000000005e-09 5.8e-09 6.4e-09 70
3e-10 5e-10 1e-09 1.5e-09 1.7000000000000001e-09 2.1e-09 2.9e-09 3.9e-09 4.6e-09 4.8e-09 5.6000000000000005e-09 5.8e-09 6.4e-09 70
3e-10 5e-10 1e-09 1.6e-09 1.7000000000000001e-09 2.1e-09 2.9e-09 3.9e-09 4.6e-09 4.8e-09 5.3e-09 5.8e-09 6.4e-09 70
