3e-10 6e-10 1e-09 1.5e-09 2.1e-09 2.9e-09 3.2e-09 4.7e-09 5e-09 5.6000000000000005e-09 5.8e-09 6.4e-09 70
3e-10 5e-10 1e-09 1.5e-09 1.8e-09 2e-09 2.1e-09 2.8000000000000003e-09 3.9e-09 4.6e-09 4.8e-09 5.6000000000000005e-09 5.8e-09 6.4e-09 70
3e-10 5e-10 1e-09 1.5e-09 1.8e-09 2e-09 2.1e-09 2.6e-09 2.8000000000000003e-09 3.4000000000000003e-09 3.6e-09 3.9e-09 4.7e-09 4.8e-09 5.6000000000000005e-09 5.8e-09 6.4e-09 70
3e-10 5e-10 1e-09 1.5e-09 1.8e-09 2e-09 2.1e-09 2.9e-09 3.5000000000000003e-09 4.6e-09 5.2e-09 5.6000000000000005e-09 5.8e-09 6.4e-09 70
3e-10 4e-10 1e-09 1.5e-09 1.8e-09 2e-09 2.1e-09 2.8000000000000003e-09 3.2e-09 4.7e-09 5.2e-09 5.6000000000000005e-09 6.1e-09 6.4e-09 70
3e-10 6e-10 1.4000000000000001e-09 1.5e-09 2.1e-09 4.6e-09 5.2e-09 5.3e-09 5.8e-09 6.4e-09 70
2e-10 3e-10 5e-10 1e-09 1.5e-09 1.7000000000000001e-09 2.1e-09 2.8000000000000003e-09 3.2e-09 4.7e-09 4.8e-09 5.6000000000000005e-09 6.1e-09 6.4e-09 70
3e-10 5e-10 1e-09 1.5e-09 1.8e-09 2e-09 2.1e-09 2.8000000000000003e-09 3.2e-09 4.7e-09 4.8e-09 5.6000000000000005e-09 5.8e-09 6.4e-09 70
3e-10 4e-10 1e-09 1.5e-09 1.8e-09 2e-09 2.1e-09 2.8000000000000003e-09 3.9e-09 4.7e-09 4.9e-09 5.6000000000000005e-09 6.1e-09 6.4e-09 70
3e-10 5e-10 1e-09 1.5e-09 1.7000000000000001e-09 2.1e-09 2.9e-09 4.6e-09 5.2e-09 5.3e-09 5.8e-09 6.4e-09 70
3e-10 5e-10 1e-09 1.5e-09 1.8e-09 2e-09 2.1e-09 2.8000000000000003e-09 3.2e-09 4.7e-09 4.8e-09 5.6000000000000005e-09 6.1e-09 6.4e-09 70
3e-10 5e-10 1e-09 1.5e-09 1.8e-09 2e-09 2.1e-09 2.8000000000000003e-09 4.6e-09 4.8e-09 5.6000000000000005e-09 5.8e-09 5.293263453748798e-187 6.4e-09 70
3e-10 5e-10 1e-09 1.5e-09 1.8e-09 2e-09 2.1e-09 2.8000000000000003e-09 4.7e-09 4.8e-09 5.6000000000000005e-09 6.1e-09 6.4e-09 70
3e-10 5e-10 1e-09 1.6e-09 1.7000000000000001e-09 2.1e-09 2.9e-09 4.7e-09 5e-09 5.6000000000000005e-09 5.8e-09 6.2e-09 6.4e-09 73
3e-10 9e-10 1e-09 1.5e-09 1.8e-09 2e-09 2.1e-09 3e-09 4.7e-09 4.8e-09 5.6000000000000005e-09 5.8e-09 6.4e-09 69
3e-10 4e-10 1e-09 1.5e-09 1.8e-09 2e-09 2.1e-09 3.6e-09 4.7e-09 5.1e-09 5.6000000000000005e-09 5.8e-09 6.4e-09 69
3e-10 5e-10 1e-09 1.5e-09 1.8e-09 2e-09 2.1e-09 2.8000000000000003e-09 3.6e-09 4.7e-09 5e-09 5.6000000000000005e-09 6.1e-09 6.4e-09 70
3e-10 4e-10 1e-09 1.5e-09 1.8e-09 2e-09 2.1e-09 2.8000000000000003e-09 3.4000000000000003e-09 3.6e-09 4.7e-09 4.8e-09 5.6000000000000005e-09 5.8e-09 6.4e-09 70
3e-10 4e-10 1e-09 1.5e-09 1.8e-09 2e-09 2.1e-09 2.8000000000000003e-09 3.6e-09 4.7e-09 4.8e-09 5.6000000000000005e-09 5.8e-09 6.4e-09 70
3e-10 5e-10 1e-09 1.5e-09 1.8e-09 2e-09 2.1e-09 2.8000000000000003e-09 3.2e-09 4.6e-09 4.8e-09 5.6000000000000005e-09 5.8e-09 6.4e-09 70
3e-10 5e-10 1e-09 1.5e-09 1.8e-09 2e-09 2.1e-09 2.8000000000000003e-09 4.7e-09 4.8e-09 5.6000000000000005e-09 5.8e-09 6.2e-09 6.4e-09 70
3e-10 5e-10 1e-09 1.5e-09 1.8e-09 2.1e-09 2.8000000000000003e-09 3.4000000000000003e-09 3.6e-09 4.7e-09 4.8e-09 5.6000000000000005e-09 6.1e-09 6.4e-09 70
2e-10 3e-10 5e-10 1e-09 1.5e-09 1.8e-09 2e-09 2.1e-09 2.6e-09 2.8000000000000003e-09 4.6e-09 4.8e-09 5.6000000000000005e-09 5.8e-09 6.4e-09 70
3e-10 4e-10 1e-09 1.5e-09 1.8e-09 2e-09 2.1e-09 4.7e-09 5e-09 5.6000000000000005e-09 5.8e-09 6.4e-09 69
3e-10 5e-10 1e-09 1.5e-09 1.7000000000000001e-09 2.1e-09 2.6e-09 2.9e-09 4.6e-09 5e-09 5.6000000000000005e-09 5.8e-09 6.6e-09 70
3e-10 8e-10 1.4000000000000001e-09 1.5e-09 2.1e-09 4.6e-09 5.2e-09 5.6000000000000005e-09 5.8e-09 6.4e-09 70
3e-10 5e-10 1e-09 1.5e-09 1.8e-09 2.1e-09 2.8000000000000003e-09 4.6e-09 4.8e-09 5.6000000000000005e-09 5.8e-09 6.4e-09 70
3e-10 4e-10 1.2e-09 1.5e-09 1.7000000000000001e-09 2.1e-09 4.6e-09 4.8e-09 5.6000000000000005e-09 5.8e-09 6.4e-09 70
3e-10 5e-10 1e-09 1.5e-09 1.8e-09 2e-09 2.1e-09 2.8000000000000003e-09 3.9e-09 4.6e-09 4.8e-09 5.6000000000000005e-09 5.8e-09 6.4e-09 70
3e-10 4e-10 1e-09 1.5e-09 1.8e-09 2e-09 2.1e-09 2.8000000000000003e-09 4.7e-09 4.8e-09 5.6000000000000005e-09 5.8e-09 5.293263453748798e-187 6.4e-09 70
3e-10 4e-10 1e-09 1.5e-09 1.8e-09 2e-09 2.1e-09 2.8000000000000003e-09 3.2e-09 3.4000000000000003e-09 3.6e-09 4.7e-09 5e-09 5.6000000000000005e-09 5.8e-09 6.4e-09 70
3e-10 5e-10 1e-09 1.5e-09 1.8e-09 2e-09 2.1e-09 2.8000000000000003e-09 3.2e-09 3.6e-09 4.7e-09 4.8e-09 5.6000000000000005e-09 6.1e-09 6.4e-09 70
3e-10 5e-10 1e-09 1.5e-09 1.8e-09 2e-09 2.1e-09 2.6e-09 2.8000000000000003e-09 3.4000000000000003e-09 3.6e-09 3.9e-09 4.7e-09 4.8e-09 5.6000000000000005e-09 5.8e-09 6.4e-09 70
3e-10 5e-10 1.2e-09 1.5e-09 1.7000000000000001e-09 2.1e-09 2.9e-09 4.6e-09 4.8e-09 5.6000000000000005e-09 5.8e-09 6.4e-09 70
3e-10 4e-10 1e-09 1.5e-09 1.8e-09 2e-09 2.1e-09 2.8000000000000003e-09 3.4000000000000003e-09 3.6e-09 4.7e-09 4.8e-09 5.6000000000000005e-09 5.8e-09 6.4e-09 70
3e-10 5e-10 1e-09 1.5e-09 1.8e-09 2.1e-09 2.8000000000000003e-09 4.6e-09 4.8e-09 5.6000000000000005e-09 5.8e-09 6.4e-09 70
2e-10 3e-10 5e-10 1e-09 1.5e-09 1.8e-09 2e-09 2.1e-09 2.6e-09 2.8000000000000003e-09 4.7e-09 4.8e-09 5.6000000000000005e-09 5.8e-09 6.4e-09 70
2e-10 3e-10 5e-10 1e-09 1.5e-09 1.7000000000000001e-09 2.1e-09 2.8000000000000003e-09 4.6e-09 4.8e-09 5.6000000000000005e-09 5.8e-09 6.4e-09 70
2e-10 3e-10 5e-10 1e-09 1.5e-09 1.8e-09 2e-09 2.1e-09 2.6e-09 2.8000000000000003e-09 4.6e-09 4.9e-09 5.3e-09 5.8e-09 6.4e-09 70
3e-10 6e-10 1e-09 1.5e-09 2.1e-09 2.9e-09 3.2e-09 4.7e-09 5e-09 5.6000000000000005e-09 5.8e-09 6.4e-09 70
3e-10 4e-10 1e-09 1.5e-09 1.8e-09 2e-09 2.1e-09 4.7e-09 4.8e-09 5.6000000000000005e-09 5.8e-09 6.4e-09 69
2e-10 3e-10 5e-10 1e-09 1.5e-09 1.7000000000000001e-09 2.1e-09 2.8000000000000003e-09 4.6e-09 4.8e-09 5.6000000000000005e-09 5.8e-09 6.4e-09 70
1e-10 3e-10 1e-09 1.5e-09 1.9e-09 2e-09 2.1e-09 4.1e-09 4.7e-09 4.8e-09 5.6000000000000005e-09 6.1e-09 6.4e-09 72
3e-10 5e-10 1e-09 1.5e-09 1.8e-09 2e-09 2.1e-09 2.8000000000000003e-09 3.2e-09 4.7e-09 4.8e-09 5.6000000000000005e-09 6.1e-09 6.4e-09 70
1e-10 3e-10 1e-09 1.5e-09 1.9e-09 2e-09 2.1e-09 3.7e-09 4.6e-09 4.8e-09 5.6000000000000005e-09 5.8e-09 6.4e-09 72
3e-10 9e-10 1e-09 1.5e-09 1.8e-09 2e-09 2.1e-09 3e-09 4.7e-09 5e-09 5.6000000000000005e-09 5.8e-09 6.4e-09 69
3e-10 4e-10 1e-09 1.5e-09 1.9e-09 2e-09 2.1e-09 2.9e-09 3.9e-09 4.6e-09 4.8e-09 5.3e-09 5.8e-09 6.4e-09 70
3e-10 6e-10 1e-09 1.5e-09 2.1e-09 2.9e-09 4.7e-09 5.2e-09 5.6000000000000005e-09 5.8e-09 6.4e-09 70
3e-10 4e-10 1e-09 1.5e-09 1.8e-09 2e-09 2.1e-09 2.8000000000000003e-09 3.6e-09 4.7e-09 4.8e-09 5.6000000000000005e-09 5.8e-09 6.4e-09 70
3e-10 4e-10 1e-09 1.5e-09 1.8e-09 2e-09 2.1e-09 2.8000000000000003e-09 3.4000000000000003e-09 3.6e-09 4.7e-09 4.8e-09 5.6000000000000005e-09 5.8e-09 6.4e-09 70
3e-10 4e-10 1e-09 1.5e-09 1.8e-09 2e-09 2.1e-09 2.8000000000000003e-09 3.4000000000000003e-09 3.6e-09 3.9e-09 4.7e-09 4.8e-09 5.6000000000000005e-09 5.8e-09 6.4e-09 70
3e-10 5e-10 1e-09 1.5e-09 1.8e-09 2.1e-09 2.8000000000000003e-09 3.4000000000000003e-09 4.7e-09 4.8e-09 5.6000000000000005e-09 6.1e-09 6.4e-09 70
3e-10 4e-10 1e-09 1.5e-09 1.8e-09 2e-09 2.1e-09 2.8000000000000003e-09 4.7e-09 4.8e-09 5.6000000000000005e-09 5.8e-09 6.4e-09 70
2e-10 3e-10 5e-10 1e-09 1.6e-09 1.7000000000000001e-09 2.1e-09 2.8000000000000003e-09 3.3e-09 4.7e-09 4.8e-09 5.6000000000000005e-09 5.8e-09 6.4e-09 73
3e-10 4e-10 1e-09 1.5e-09 1.8e-09 2e-09 2.1e-09 2.8000000000000003e-09 4.7e-09 4.8e-09 5.6000000000000005e-09 6.1e-09 6.4e-09 70
3e-10 6e-10 1.4000000000000001e-09 1.5e-09 2.1e-09 4.5e-09 4.6e-09 4.8e-09 5.6000000000000005e-09 5.8e-09 6.4e-09 70
2e-10 3e-10 5e-10 1e-09 1.5e-09 1.7000000000000001e-09 2.1e-09 2.8000000000000003e-09 4.6e-09 4.8e-09 5.6000000000000005e-09 5.8e-09 6.4e-09 70
3e-10 6e-10 1e-09 1.5e-09 2.1e-09 2.9e-09 4.6e-09 5.2e-09 5.6000000000000005e-09 5.8e-09 6.6e-09 70
3e-10 6e-10 1.4000000000000001e-09 1.5e-09 2.1e-09 4.6e-09 4.8e-09 5.6000000000000005e-09 5.8e-09 6.4e-09 70
3e-10 4e-10 1e-09 1.5e-09 1.8e-09 2e-09 2.1e-09 2.8000000000000003e-09 4.6e-09 4.8e-09 5.6000000000000005e-09 5.8e-09 6.4e-09 70
3e-10 4e-10 1e-09 1.5e-09 1.8e-09 2e-09 2.1e-09 4.6e-09 5e-09 5.3e-09 5.8e-09 6.4e-09 69
3e-10 6e-10 1.4000000000000001e-09 1.5e-09 2.1e-09 3.5000000000000003e-09 4.6e-09 5.2e-09 5.6000000000000005e-09 5.8e-09 6.6e-09 70
3e-10 4e-10 1e-09 1.5e-09 1.8e-09 2e-09 2.1e-09 4.7e-09 5e-09 5.6000000000000005e-09 5.8e-09 6.4e-09 69
3e-10 4e-10 1e-09 1.5e-09 1.8e-09 2e-09 2.1e-09 2.8000000000000003e-09 3.4000000000000003e-09 3.6e-09 3.9e-09 4.7e-09 5e-09 5.6000000000000005e-09 6.1e-09 6.4e-09 70
3e-10 5e-10 1e-09 1.6e-09 1.7000000000000001e-09 2.1e-09 2.9e-09 4.6e-09 4.9e-09 5.6000000000000005e-09 5.8e-09 6.4e-09 73
2e-10 3e-10 5e-10 1e-09 1.5e-09 1.7000000000000001e-09 2.1e-09 2.8000000000000003e-09 3.2e-09 4.7e-09 4.8e-09 5.6000000000000005e-09 5.8e-09 6.4e-09 70
1e-10 3e-10 5e-10 1e-09 1.5e-09 2e-09 2.1e-09 2.6e-09 4.1e-09 4.7e-09 5e-09 5.6000000000000005e-09 5.8e-09 6.4e-09 72
3e-10 6e-10 1.4000000000000001e-09 1.5e-09 2.1e-09 4.6e-09 5e-09 5.6000000000000005e-09 5.8e-09 6.4e-09 70
3e-10 5e-10 1e-09 1.5e-09 1.8e-09 2e-09 2.1e-09 2.9e-09 3.3e-09 4.6e-09 4.8e-09 5.6000000000000005e-09 5.8e-09 6.4e-09 70
3e-10 5e-10 1e-09 1.5e-09 1.8e-09 2e-09 2.1e-09 2.6e-09 2.8000000000000003e-09 3.4000000000000003e-09 3.6e-09 3.9e-09 4.7e-09 4.9e-09 5.6000000000000005e-09 5.8e-09 6.4e-09 70
3e-10 4e-10 1e-09 1.5e-09 1.8e-09 2e-09 2.1e-09 2.8000000000000003e-09 3.4000000000000003e-09 4.6e-09 4.8e-09 5.6000000000000005e-09 5.8e-09 6.4e-09 70
3e-10 4e-10 1e-09 1.5e-09 1.8e-09 2e-09 2.1e-09 2.8000000000000003e-09 3.2e-09 4.6e-09 4.8e-09 5.6000000000000005e-09 5.8e-09 6.4e-09 70
3e-10 6e-10 1.4000000000000001e-09 1.5e-09 2.1e-09 3.3e-09 3.5000000000000003e-09 4.5e-09 4.6e-09 5e-09 5.6000000000000005e-09 5.8e-09 6.4e-09 70
3e-10 4e-10 1e-09 1.5e-09 1.8e-09 2e-09 2.1e-09 2.8000000000000003e-09 3.3e-09 3.5000000000000003e-09 4.6e-09 5.2e-09 5.6000000000000005e-09 5.8e-09 6.6e-09 70
3e-10 5e-10 1e-09 1.5e-09 1.8e-09 2.1e-09 2.8000000000000003e-09 4.7e-09 4.8e-09 5.6000000000000005e-09 6.1e-09 5.293263453748798e-187 6.4e-09 70
3e-10 5e-10 1e-09 1.5e-09 1.8e-09 2e-09 2.1e-09 2.9e-09 3.4000000000000003e-09 3.6e-09 3.9e-09 4.7e-09 4.8e-09 5.6000000000000005e-09 6.1e-09 6.4e-09 70
3e-10 5e-10 1e-09 1.5e-09 1.7000000000000001e-09 2.1e-09 2.9e-09 4.5e-09 4.6e-09 5.2e-09 5.6000000000000005e-09 5.8e-09 6.6e-09 70
3e-10 5e-10 1e-09 1.5e-09 1.7000000000000001e-09 2.1e-09 2.9e-09 3.4000000000000003e-09 3.6e-09 3.9e-09 4.7e-09 4.8e-09 4.621103015177523e-187 5.8e-09 6.4e-09 70
3e-10 1e-09 1.5e-09 1.7000000000000001e-09 2.1e-09 2.9e-09 4.6e-09 4.8e-09 5.6000000000000005e-09 5.8e-09 6.4e-09 70
3e-10 7.000000000000001e-10 1e-09 1.5e-09 2.1e-09 2.9e-09 4.6e-09 5e-09 5.6000000000000005e-09 5.8e-09 6.4e-09 70
2e-10 3e-10 5e-10 1e-09 1.5e-09 1.7000000000000001e-09 2.1e-09 2.8000000000000003e-09 4.6e-09 5.1e-09 5.6000000000000005e-09 5.8e-09 6.4e-09 70
3e-10 5e-10 1e-09 1.5e-09 1.8e-09 2e-09 2.1e-09 2.8000000000000003e-09 4.5e-09 4.6e-09 5.2e-09 5.6000000000000005e-09 5.8e-09 6.4e-09 70
3e-10 4e-10 1e-09 1.5e-09 1.9e-09 2e-09 2.1e-09 2.9e-09 3.9e-09 4.6e-09 4.8e-09 5.3e-09 5.8e-09 6.4e-09 70
3e-10 7.000000000000001e-10 1e-09 1.5e-09 5.910114264584733e-184 2.9e-09 3.3e-09 4.7e-09 4.8e-09 5.6000000000000005e-09 2.974631343123595e-185 6.4e-09 69
3e-10 6e-10 1.4000000000000001e-09 1.5e-09 2.1e-09 4.6e-09 4.8e-09 5.6000000000000005e-09 5.8e-09 6.4e-09 70
3e-10 4e-10 1e-09 1.5e-09 1.8e-09 2e-09 2.1e-09 2.8000000000000003e-09 4.7e-09 4.8e-09 5.6000000000000005e-09 5.8e-09 6.4e-09 70
3e-10 1e-09 1.5e-09 1.7000000000000001e-09 2.1e-09 2.9e-09 4.5e-09 4.6e-09 4.8e-09 5.6000000000000005e-09 5.8e-09 6.6e-09 70
3e-10 5e-10 1e-09 1.5e-09 1.8e-09 2.1e-09 2.8000000000000003e-09 4.7e-09 5e-09 5.6000000000000005e-09 6.1e-09 6.4e-09 70
2e-10 3e-10 5e-10 1e-09 1.5e-09 1.8e-09 2e-09 2.1e-09 2.6e-09 2.8000000000000003e-09 4.6e-09 4.8e-09 5.6000000000000005e-09 5.8e-09 6.4e-09 70
2e-10 3e-10 5e-10 1e-09 1.5e-09 1.7000000000000001e-09 2.1e-09 2.8000000000000003e-09 3.2e-09 4.7e-09 4.8e-09 5.6000000000000005e-09 5.8e-09 6.4e-09 70
3e-10 5e-10 1e-09 1.5e-09 1.8e-09 2e-09 2.1e-09 2.9e-09 3.4000000000000003e-09 4.7e-09 4.8e-09 5.6000000000000005e-09 6.1e-09 6.4e-09 70
3e-10 4e-10 1e-09 1.5e-09 1.8e-09 2e-09 2.1e-09 4.7e-09 5e-09 5.6000000000000005e-09 5.8e-09 6.4e-09 69
3e-10 4e-10 1.2e-09 1.5e-09 1.7000000000000001e-09 2.1e-09 4.7e-09 4.8e-09 5.6000000000000005e-09 5.8e-09 6.4e-09 70
3e-10 1e-09 1.5e-09 1.9e-09 2e-09 2.1e-09 2.9e-09 4.7e-09 4.8e-09 5.6000000000000005e-09 6.1e-09 6.2e-09 6.4e-09 70
3e-10 5e-10 1e-09 1.5e-09 1.8e-09 2e-09 2.1e-09 2.8000000000000003e-09 4.6e-09 4.8e-09 5.6000000000000005e-09 5.8e-09 6.4e-09 70
3e-10 5e-10 1e-09 1.5e-09 1.8e-09 2.1e-09 2.8000000000000003e-09 3.4000000000000003e-09 4.7e-09 4.8e-09 5.6000000000000005e-09 5.8e-09 6.4e-09 70
1e-10 3e-10 1e-09 1.5e-09 1.9e-09 2e-09 2.1e-09 3.7e-09 4.6e-09 4.8e-09 4.621103015177523e-187 5.8e-09 6.4e-09 72
3e-10 4e-10 1e-09 1.5e-09 1.9e-09 2e-09 2.1e-09 2.9e-09 3.9e-09 4.6e-09 4.8e-09 5.3e-09 5.8e-09 6.4e-09 70
1e-10 3e-10 1e-09 1.5e-09 1.9e-09 2e-09 2.1e-09 4.1e-09 4.7e-09 5e-09 5.6000000000000005e-09 5.8e-09 6.4e-09 72
3e-10 5e-10 1e-09 1.5e-09 1.8e-09 2.1e-09 2.8000000000000003e-09 4.6e-09 4.8e-09 5.6000000000000005e-09 5.8e-09 6.4e-09 70
2e-10 3e-10 5e-10 1e-09 1.5e-09 1.8e-09 2e-09 2.1e-09 2.6e-09 2.8000000000000003e-09 4.6e-09 4.8e-09 5.6000000000000005e-09 5.8e-09 6.4e-09 70
3e-10 4e-10 1e-09 1.5e-09 1.8e-09 2e-09 2.1e-09 2.8000000000000003e-09 3.4000000000000003e-09 3.6e-09 3.9e-09 4.7e-09 4.9e-09 5.6000000000000005e-09 5.8e-09 6.4e-09 70
3e-10 5e-10 1e-09 1.5e-09 1.8e-09 2e-09 2.1e-09 2.8000000000000003e-09 3.4000000000000003e-09 4.7e-09 4.8e-09 5.6000000000000005e-09 5.8e-09 6.4e-09 70
3e-10 1e-09 1.5e-09 1.9e-09 2e-09 2.1e-09 2.9e-09 4.7e-09 4.8e-09 5.6000000000000005e-09 6.1e-09 6.2e-09 6.4e-09 70
3e-10 5e-10 1e-09 1.5e-09 1.8e-09 2e-09 2.1e-09 2.8000000000000003e-09 3.9e-09 4.6e-09 4.8e-09 5.6000000000000005e-09 5.8e-09 6.4e-09 6.7000000000000004e-09 70
3e-10 1e-09 1.5e-09 1.7000000000000001e-09 2.1e-09 2.9e-09 4.5e-09 4.6e-09 4.9e-09 5.6000000000000005e-09 5.8e-09 6.4e-09 70
2e-10 3e-10 5e-10 1e-09 1.5e-09 1.7000000000000001e-09 2.1e-09 2.8000000000000003e-09 3.2e-09 4.7e-09 4.8e-09 5.6000000000000005e-09 5.8e-09 6.4e-09 70
2e-10 3e-10 5e-10 1e-09 1.5e-09 1.7000000000000001e-09 2.1e-09 2.8000000000000003e-09 4.6e-09 4.8e-09 5.6000000000000005e-09 5.8e-09 6.4e-09 70
3e-10 4e-10 1e-09 1.5e-09 1.8e-09 2e-09 2.1e-09 4.6e-09 4.8e-09 5.3e-09 5.8e-09 6.4e-09 69
3e-10 5e-10 1e-09 1.6e-09 1.7000000000000001e-09 2.1e-09 2.9e-09 4.6e-09 5.2e-09 5.6000000000000005e-09 5.8e-09 6.2e-09 6.4e-09 73
3e-10 4e-10 1e-09 1.5e-09 1.8e-09 2e-09 2.1e-09 2.8000000000000003e-09 4.6e-09 4.8e-09 5.6000000000000005e-09 5.8e-09 6.4e-09 70
3e-10 4e-10 1e-09 1.5e-09 1.8e-09 2e-09 2.1e-09 2.8000000000000003e-09 3.4000000000000003e-09 3.6e-09 3.9e-09 4.7e-09 4.9e-09 5.6000000000000005e-09 5.8e-09 6.4e-09 70
1e-10 3e-10 5e-10 1e-09 1.5e-09 2e-09 2.1e-09 2.6e-09 3.7e-09 4.6e-09 4.8e-09 4.621103015177523e-187 5.8e-09 6.4e-09 72
3e-10 5e-10 1e-09 1.5e-09 1.8e-09 2.1e-09 2.8000000000000003e-09 4.7e-09 4.8e-09 5.6000000000000005e-09 6.1e-09 5.293263453748798e-187 6.4e-09 70
1e-10 3e-10 5e-10 1e-09 1.5e-09 2e-09 2.1e-09 2.6e-09 3.4000000000000003e-09 3.7e-09 4.6e-09 4.8e-09 5.6000000000000005e-09 5.8e-09 6.4e-09 72
3e-10 4e-10 1e-09 1.5e-09 1.8e-09 2e-09 2.1e-09 2.8000000000000003e-09 3.4000000000000003e-09 3.6e-09 4.7e-09 4.8e-09 5.6000000000000005e-09 5.8e-09 6.4e-09 70
3e-10 4e-10 1e-09 1.5e-09 1.8e-09 2e-09 2.1e-09 2.8000000000000003e-09 3.4000000000000003e-09 3.6e-09 4.7e-09 4.8e-09 5.6000000000000005e-09 5.8e-09 6.4e-09 70
3e-10 4e-10 1e-09 1.5e-09 1.8e-09 2e-09 2.1e-09 2.8000000000000003e-09 3.6e-09 3.9e-09 4.7e-09 4.9e-09 5.6000000000000005e-09 6.1e-09 6.4e-09 70
2e-10 3e-10 5e-10 1e-09 1.5e-09 1.7000000000000001e-09 2.1e-09 2.8000000000000003e-09 4.6e-09 4.8e-09 5.6000000000000005e-09 5.8e-09 6.4e-09 70
3e-10 5e-10 1e-09 1.5e-09 1.8e-09 2e-09 2.1e-09 2.6e-09 2.8000000000000003e-09 4.7e-09 4.8e-09 5.6000000000000005e-09 5.8e-09 6.4e-09 70
3e-10 4e-10 1.2e-09 1.5e-09 1.7000000000000001e-09 2.1e-09 4.7e-09 4.8e-09 5.6000000000000005e-09 5.8e-09 6.4e-09 70
3e-10 5e-10 1.2e-09 1.5e-09 1.8e-09 2.1e-09 2.9e-09 4.6e-09 4.8e-09 5.6000000000000005e-09 5.8e-09 6.4e-09 70
3e-10 5e-10 1e-09 1.5e-09 1.7000000000000001e-09 2.1e-09 2.9e-09 3.4000000000000003e-09 3.6e-09 3.9e-09 4.7e-09 4.8e-09 5.6000000000000005e-09 5.8e-09 6.4e-09 70
3e-10 5e-10 1e-09 1.5e-09 1.8e-09 2e-09 2.1e-09 2.8000000000000003e-09 3.2e-09 3.6e-09 4.7e-09 4.8e-09 5.6000000000000005e-09 5.8e-09 6.4e-09 70
1e-10 3e-10 1e-09 1.5e-09 1.9e-09 2e-09 2.1e-09 4.1e-09 4.7e-09 5e-09 5.6000000000000005e-09 5.8e-09 6.4e-09 72
3e-10 8e-10 1.4000000000000001e-09 1.5e-09 2.1e-09 3.5000000000000003e-09 4.7e-09 5.1e-09 5.6000000000000005e-09 6.1e-09 6.4e-09 70
3e-10 6e-10 1e-09 1.5e-09 2.1e-09 2.9e-09 4.6e-09 5e-09 5.6000000000000005e-09 5.8e-09 6.4e-09 70
1e-10 3e-10 1e-09 1.5e-09 1.9e-09 2e-09 2.1e-09 4.1e-09 4.7e-09 4.8e-09 5.6000000000000005e-09 6.1e-09 6.4e-09 72
2e-10 3e-10 5e-10 1e-09 1.6e-09 1.7000000000000001e-09 2.1e-09 2.8000000000000003e-09 3.3e-09 4.7e-09 4.8e-09 5.6000000000000005e-09 5.8e-09 6.4e-09 73
3e-10 4e-10 1e-09 1.5e-09 1.8e-09 2e-09 2.1e-09 2.8000000000000003e-09 4.7e-09 4.8e-09 5.6000000000000005e-09 6.1e-09 6.4e-09 70
3e-10 5e-10 1e-09 1.5e-09 1.8e-09 2e-09 2.1e-09 2.9e-09 3.6e-09 4.7e-09 5e-09 5.6000000000000005e-09 5.8e-09 6.4e-09 70
3e-10 5e-10 1e-09 1.6e-09 1.7000000000000001e-09 2.1e-09 2.9e-09 4.6e-09 4.9e-09 5.6000000000000005e-09 5.8e-09 6.2e-09 6.4e-09 73
3e-10 4e-10 1e-09 1.5e-09 1.8e-09 2e-09 2.1e-09 3.6e-09 4.7e-09 5.1e-09 5.6000000000000005e-09 5.8e-09 6.4e-09 69
1e-10 3e-10 1e-09 1.5e-09 1.9e-09 2e-09 2.1e-09 4.1e-09 4.6e-09 4.8e-09 4.621103015177523e-187 5.8e-09 6.4e-09 72
2e-10 3e-10 4e-10 1e-09 1.5e-09 1.9e-09 2e-09 2.1e-09 2.9e-09 4.6e-09 4.8e-09 5.6000000000000005e-09 5.8e-09 6.4e-09 70
3e-10 5e-10 1e-09 1.5e-09 1.8e-09 2.1e-09 2.8000000000000003e-09 4.7e-09 4.8e-09 5.6000000000000005e-09 5.8e-09 6.4e-09 70
3e-10 6e-10 1.4000000000000001e-09 1.5e-09 2.1e-09 4.6e-09 4.8e-09 5.6000000000000005e-09 5.8e-09 6.4e-09 70
3e-10 4e-10 1e-09 1.5e-09 1.8e-09 2e-09 2.1e-09 2.8000000000000003e-09 3.2e-09 4.6e-09 5e-09 5.6000000000000005e-09 5.8e-09 6.4e-09 6.7000000000000004e-09 70
3e-10 4e-10 1e-09 1.5e-09 1.8e-09 2e-09 2.1e-09 2.8000000000000003e-09 4.6e-09 4.9e-09 5.6000000000000005e-09 5.8e-09 6.4e-09 70
3e-10 6e-10 1.4000000000000001e-09 1.5e-09 2.1e-09 3.3e-09 3.5000000000000003e-09 4.5e-09 4.6e-09 5.2e-09 5.6000000000000005e-09 5.8e-09 6.4e-09 70
3e-10 4e-10 1e-09 1.5e-09 1.8e-09 2e-09 2.1e-09 3.4000000000000003e-09 3.6e-09 4.7e-09 5e-09 5.7000000000000006e-09 6.1e-09 6.4e-09 69
3e-10 5e-10 1e-09 1.5e-09 1.8e-09 2e-09 2.1e-09 2.8000000000000003e-09 3.4000000000000003e-09 4.7e-09 4.8e-09 5.6000000000000005e-09 6.1e-09 6.4e-09 70
3e-10 5e-10 1e-09 1.5e-09 1.8e-09 2e-09 2.1e-09 2.6e-09 2.8000000000000003e-09 4.6e-09 4.8e-09 5.3e-09 5.8e-09 6.4e-09 70
3e-10 4e-10 1e-09 1.5e-09 1.8e-09 2e-09 2.1e-09 2.8000000000000003e-09 4.6e-09 4.8e-09 5.6000000000000005e-09 5.8e-09 6.4e-09 70
3e-10 4e-10 1e-09 1.5e-09 1.8e-09 2e-09 2.1e-09 3.6e-09 4.7e-09 5e-09 5.7000000000000006e-09 6.1e-09 6.4e-09 69
3e-10 4e-10 1e-09 1.5e-09 1.8e-09 2e-09 2.1e-09 2.8000000000000003e-09 3.9e-09 4.7e-09 4.8e-09 5.6000000000000005e-09 6.1e-09 6.4e-09 70
3e-10 6e-10 1.4000000000000001e-09 1.5e-09 2.1e-09 3.5000000000000003e-09 4.6e-09 5.2e-09 5.6000000000000005e-09 5.8e-09 6.6e-09 70
1e-10 3e-10 5e-10 1e-09 1.5e-09 2e-09 2.1e-09 2.6e-09 4.1e-09 4.7e-09 4.8e-09 5.6000000000000005e-09 2.974631343123595e-185 6.4e-09 72
3e-10 6e-10 1.4000000000000001e-09 1.5e-09 2.1e-09 3.3e-09 3.5000000000000003e-09 4.5e-09 4.6e-09 5.2e-09 5.6000000000000005e-09 5.8e-09 6.4e-09 70
3e-10 5e-10 1e-09 1.6e-09 1.7000000000000001e-09 2.1e-09 2.9e-09 3.5000000000000003e-09 4.5e-09 4.6e-09 5.2e-09 5.6000000000000005e-09 5.8e-09 6.6e-09 73
2e-10 3e-10 4e-10 1e-09 1.5e-09 1.9e-09 2e-09 2.1e-09 2.9e-09 4.6e-09 4.8e-09 5.6000000000000005e-09 5.8e-09 6.4e-09 70
3e-10 7.000000000000001e-10 1e-09 1.5e-09 2.1e-09 2.9e-09 3.3e-09 4.6e-09 4.8e-09 5.6000000000000005e-09 5.8e-09 6.4e-09 70
3e-10 5e-10 1e-09 1.5e-09 1.8e-09 2e-09 2.1e-09 2.8000000000000003e-09 3.2e-09 3.6e-09 4.7e-09 4.8e-09 5.6000000000000005e-09 6.1e-09 6.2e-09 6.4e-09 70
1e-10 3e-10 5e-10 1e-09 1.5e-09 2e-09 2.1e-09 2.6e-09 4.1e-09 4.6e-09 5e-09 5.3e-09 5.8e-09 6.4e-09 72
3e-10 4e-10 1e-09 1.5e-09 1.8e-09 2e-09 2.1e-09 2.8000000000000003e-09 4.7e-09 5e-09 5.6000000000000005e-09 5.8e-09 6.4e-09 70
3e-10 5e-10 1e-09 1.5e-09 2.3e-09 2.9e-09 4.6e-09 4.8e-09 5.6000000000000005e-09 5.8e-09 6.4e-09 70
3e-10 5e-10 1e-09 1.5e-09 1.8e-09 2e-09 2.1e-09 2.8000000000000003e-09 3.2e-09 3.4000000000000003e-09 3.6e-09 4.7e-09 4.8e-09 5.6000000000000005e-09 5.8e-09 6.4e-09 70
3e-10 5e-10 1e-09 1.5e-09 1.8e-09 2e-09 2.1e-09 2.8000000000000003e-09 4.7e-09 4.8e-09 5.6000000000000005e-09 5.8e-09 6.4e-09 70
2e-10 3e-10 4e-10 1e-09 1.5e-09 1.9e-09 2e-09 2.1e-09 2.9e-09 4.6e-09 4.8e-09 5.3e-09 5.8e-09 6.4e-09 70
3e-10 4e-10 1e-09 1.5e-09 1.8e-09 2e-09 2.1e-09 2.8000000000000003e-09 3.4000000000000003e-09 3.6e-09 3.9e-09 4.7e-09 4.9e-09 5.6000000000000005e-09 6.1e-09 6.4e-09 70
3e-10 4e-10 1e-09 1.5e-09 1.8e-09 2e-09 2.1e-09 2.8000000000000003e-09 4.7e-09 4.8e-09 5.6000000000000005e-09 5.8e-09 6.4e-09 70
1e-10 3e-10 1e-09 1.5e-09 1.9e-09 2e-09 2.1e-09 1.8839331839782766e-185 4.7e-09 5e-09 5.6000000000000005e-09 5.8e-09 6.4e-09 72
3e-10 1e-09 1.5e-09 1.8e-09 2e-09 2.1e-09 2.9e-09 3.4000000000000003e-09 3.6e-09 4.7e-09 4.8e-09 5.6000000000000005e-09 6.1e-09 6.2e-09 6.4e-09 70
3e-10 4e-10 1e-09 1.5e-09 1.8e-09 2e-09 2.1e-09 2.8000000000000003e-09 3.2e-09 4.6e-09 4.8e-09 5.6000000000000005e-09 5.8e-09 6.4e-09 70
3e-10 4e-10 1e-09 1.5e-09 1.8e-09 2e-09 2.1e-09 4.6e-09 5e-09 5.6000000000000005e-09 5.8e-09 6.4e-09 69
3e-10 4e-10 1e-09 1.5e-09 1.8e-09 2e-09 2.1e-09 4.6e-09 4.8e-09 5.6000000000000005e-09 5.8e-09 6.4e-09 69
3e-10 6e-10 1.4000000000000001e-09 1.5e-09 2.1e-09 4.5e-09 4.6e-09 4.8e-09 5.6000000000000005e-09 5.8e-09 6.4e-09 70
3e-10 5e-10 1e-09 1.5e-09 1.8e-09 2e-09 2.1e-09 2.8000000000000003e-09 3.2e-09 3.6e-09 4.7e-09 4.8e-09 5.6000000000000005e-09 6.1e-09 6.4e-09 70
3e-10 5e-10 1e-09 1.5e-09 1.8e-09 2e-09 2.1e-09 2.8000000000000003e-09 3.9e-09 4.6e-09 5e-09 5.6000000000000005e-09 5.8e-09 6.4e-09 6.7000000000000004e-09 70
3e-10 5e-10 1e-09 1.5e-09 1.8e-09 2.1e-09 2.8000000000000003e-09 3.4000000000000003e-09 3.6e-09 4.7e-09 4.8e-09 5.6000000000000005e-09 6.1e-09 6.4e-09 70
3e-10 4e-10 1e-09 1.5e-09 1.8e-09 2e-09 2.1e-09 2.8000000000000003e-09 3.2e-09 3.6e-09 4.7e-09 4.8e-09 5.6000000000000005e-09 5.8e-09 6.2e-09 6.4e-09 70
3e-10 4e-10 1e-09 1.5e-09 1.8e-09 2e-09 2.1e-09 3.3e-09 4.7e-09 4.8e-09 5.6000000000000005e-09 5.8e-09 6.4e-09 69
3e-10 4e-10 1.2e-09 1.5e-09 1.7000000000000001e-09 2.1e-09 3.2e-09 4.7e-09 4.8e-09 5.6000000000000005e-09 6.1e-09 6.4e-09 70
1e-10 3e-10 1e-09 1.5e-09 1.9e-09 2e-09 2.1e-09 3.7e-09 4.6e-09 4.8e-09 5.6000000000000005e-09 5.8e-09 6.4e-09 72
3e-10 5e-10 1e-09 1.5e-09 1.8e-09 2e-09 2.1e-09 2.8000000000000003e-09 3.2e-09 3.4000000000000003e-09 4.7e-09 4.8e-09 5.6000000000000005e-09 5.8e-09 6.4e-09 70
2e-10 3e-10 5e-10 1e-09 1.5e-09 1.8e-09 2e-09 2.1e-09 2.6e-09 2.8000000000000003e-09 4.7e-09 4.9e-09 5.6000000000000005e-09 6.1e-09 6.4e-09 70
3e-10 5e-10 1e-09 1.5e-09 1.7000000000000001e-09 2.1e-09 2.9e-09 3.5000000000000003e-09 4.6e-09 5.2e-09 5.6000000000000005e-09 5.8e-09 6.4e-09 70
1e-10 3e-10 5e-10 1e-09 1.5e-09 2e-09 2.1e-09 2.6e-09 3.4000000000000003e-09 4.6e-09 5e-09 5.6000000000000005e-09 5.8e-09 6.4e-09 72
3e-10 5e-10 1e-09 1.5e-09 1.8e-09 2e-09 2.1e-09 2.8000000000000003e-09 4.7e-09 4.8e-09 5.6000000000000005e-09 5.8e-09 6.4e-09 70
3e-10 1e-09 1.5e-09 1.8e-09 2e-09 2.1e-09 2.9e-09 3.9e-09 4.7e-09 4.8e-09 5.6000000000000005e-09 6.1e-09 6.4e-09 70
3e-10 5e-10 1e-09 1.5e-09 1.8e-09 2.1e-09 2.8000000000000003e-09 3.4000000000000003e-09 4.7e-09 4.8e-09 5.6000000000000005e-09 6.1e-09 6.4e-09 70
3e-10 5e-10 1.2e-09 1.5e-09 1.7000000000000001e-09 2.1e-09 2.9e-09 4.6e-09 4.8e-09 5.6000000000000005e-09 5.8e-09 6.4e-09 70
3e-10 4e-10 1e-09 1.5e-09 1.8e-09 2e-09 2.1e-09 2.8000000000000003e-09 4.6e-09 4.8e-09 5.6000000000000005e-09 5.8e-09 6.4e-09 70
3e-10 5e-10 1e-09 1.6e-09 1.7000000000000001e-09 2.1e-09 2.9e-09 4.6e-09 5.2e-09 5.6000000000000005e-09 5.8e-09 6.2e-09 6.4e-09 73
3e-10 5e-10 1e-09 1.5e-09 1.8e-09 2e-09 2.1e-09 2.6e-09 2.9e-09 4.6e-09 4.8e-09 5.6000000000000005e-09 5.8e-09 6.4e-09 70
3e-10 5e-10 1e-09 1.5e-09 1.8e-09 2.1e-09 2.8000000000000003e-09 4.6e-09 4.8e-09 5.6000000000000005e-09 5.8e-09 6.4e-09 70
3e-10 8e-10 1.4000000000000001e-09 1.5e-09 2.1e-09 4.6e-09 5.2e-09 5.6000000000000005e-09 5.8e-09 6.4e-09 70
3e-10 4e-10 1e-09 1.5e-09 1.8e-09 2e-09 2.1e-09 2.8000000000000003e-09 4.5e-09 4.7e-09 5.2e-09 5.6000000000000005e-09 5.8e-09 6.4e-09 70
3e-10 5e-10 1e-09 1.5e-09 1.8e-09 2e-09 2.1e-09 2.8000000000000003e-09 4.7e-09 5.2e-09 5.6000000000000005e-09 5.8e-09 6.4e-09 70
2e-10 3e-10 5e-10 1e-09 1.5e-09 1.8e-09 2e-09 2.1e-09 2.6e-09 2.8000000000000003e-09 4.6e-09 4.8e-09 5.3e-09 5.8e-09 6.4e-09 70
3e-10 4e-10 1e-09 1.5e-09 1.8e-09 2e-09 2.1e-09 3.4000000000000003e-09 3.6e-09 4.7e-09 4.8e-09 5.6000000000000005e-09 6.1e-09 6.4e-09 69
3e-10 5e-10 1e-09 1.5e-09 1.8e-09 2.1e-09 2.8000000000000003e-09 3.4000000000000003e-09 3.6e-09 4.7e-09 4.8e-09 5.6000000000000005e-09 5.8e-09 6.4e-09 70
3e-10 4e-10 1e-09 1.5e-09 1.8e-09 2e-09 2.1e-09 2.8000000000000003e-09 4.7e-09 4.8e-09 5.6000000000000005e-09 5.8e-09 6.4e-09 70
2e-10 3e-10 4e-10 1e-09 1.5e-09 2.1e-09 0.8 4.6e-09 4.8e-09 5.6000000000000005e-09 5.8e-09 6.4e-09 68
3e-10 8e-10 1e-09 1.5e-09 2.2000000000000003e-09 4.6e-09 4.8e-09 5.6000000000000005e-09 5.8e-09 6.4e-09 68
3e-10 8e-10 1.4000000000000001e-09 1.5e-09 2.1e-09 4.6e-09 5.2e-09 5.6000000000000005e-09 5.8e-09 6.4e-09 70
3e-10 5e-10 1e-09 1.5e-09 1.7000000000000001e-09 2.1e-09 2.9e-09 3.5000000000000003e-09 4.6e-09 5.2e-09 5.6000000000000005e-09 5.8e-09 6.4e-09 70
3e-10 4e-10 1e-09 1.5e-09 1.8e-09 2e-09 2.1e-09 2.8000000000000003e-09 3.4000000000000003e-09 3.6e-09 4.7e-09 4.8e-09 5.6000000000000005e-09 5.8e-09 6.4e-09 70
3e-10 1e-09 1.5e-09 1.7000000000000001e-09 2.1e-09 2.9e-09 3.3e-09 4.6e-09 4.8e-09 5.6000000000000005e-09 5.8e-09 6.4e-09 70
3e-10 5e-10 1e-09 1.5e-09 1.8e-09 2e-09 2.1e-09 2.9e-09 4.7e-09 4.8e-09 5.6000000000000005e-09 5.8e-09 5.293263453748798e-187 6.4e-09 70
3e-10 4e-10 1e-09 1.5e-09 1.8e-09 2e-09 2.1e-09 2.8000000000000003e-09 4.7e-09 4.8e-09 5.6000000000000005e-09 6.1e-09 6.2e-09 6.4e-09 70
3e-10 4e-10 1e-09 1.5e-09 1.8e-09 2e-09 2.1e-09 2.8000000000000003e-09 3.2e-09 4.6e-09 4.8e-09 5.6000000000000005e-09 5.8e-09 6.4e-09 70
3e-10 5e-10 1e-09 1.5e-09 1.8e-09 2e-09 2.1e-09 2.8000000000000003e-09 3.9e-09 4.6e-09 4.8e-09 5.6000000000000005e-09 5.8e-09 6.4e-09 70
3e-10 6e-10 1e-09 1.5e-09 2.1e-09 2.9e-09 4.6e-09 5.2e-09 5.6000000000000005e-09 5.8e-09 6.6e-09 70
3e-10 4e-10 1e-09 1.5e-09 1.8e-09 2e-09 2.1e-09 2.8000000000000003e-09 4.7e-09 4.8e-09 5.6000000000000005e-09 6.1e-09 5.293263453748798e-187 6.4e-09 70
3e-10 4e-10 1e-09 1.5e-09 1.8e-09 2e-09 2.1e-09 2.8000000000000003e-09 3.2e-09 3.6e-09 4.7e-09 4.8e-09 5.6000000000000005e-09 5.8e-09 6.2e-09 6.4e-09 70
1e-10 3e-10 5e-10 1e-09 1.5e-09 2e-09 2.1e-09 2.6e-09 1.8839331839782766e-185 4.6e-09 4.8e-09 5.6000000000000005e-09 5.8e-09 6.4e-09 72
2e-10 3e-10 5e-10 1e-09 1.5e-09 1.8e-09 2e-09 2.1e-09 2.6e-09 2.8000000000000003e-09 4.6e-09 4.8e-09 5.3e-09 5.8e-09 6.4e-09 70
1e-10 3e-10 5e-10 1e-09 1.5e-09 2e-09 2.1e-09 2.6e-09 3.7e-09 4.6e-09 4.8e-09 5.3e-09 5.8e-09 6.4e-09 72
3e-10 5e-10 1e-09 1.5e-09 1.8e-09 2.1e-09 2.8000000000000003e-09 3.9e-09 4.6e-09 4.8e-09 5.6000000000000005e-09 5.8e-09 6.4e-09 70
3e-10 4e-10 1e-09 1.5e-09 1.8e-09 2e-09 2.1e-09 2.8000000000000003e-09 3.6e-09 4.7e-09 4.8e-09 5.6000000000000005e-09 6.1e-09 6.2e-09 6.4e-09 70
3e-10 4e-10 1e-09 1.5e-09 1.8e-09 2e-09 2.1e-09 2.8000000000000003e-09 3.4000000000000003e-09 3.6e-09 4.7e-09 5.2e-09 5.6000000000000005e-09 5.8e-09 6.4e-09 70
3e-10 5e-10 1e-09 1.5e-09 1.8e-09 2.1e-09 2.8000000000000003e-09 3.4000000000000003e-09 4.7e-09 4.8e-09 5.6000000000000005e-09 5.8e-09 6.4e-09 70
2e-10 3e-10 5e-10 1e-09 1.5e-09 1.8e-09 2e-09 2.1e-09 2.6e-09 2.8000000000000003e-09 4.6e-09 4.8e-09 5.6000000000000005e-09 5.8e-09 6.4e-09 70
3e-10 6e-10 1.4000000000000001e-09 1.5e-09 2.1e-09 3.3e-09 3.5000000000000003e-09 4.5e-09 4.6e-09 5e-09 5.6000000000000005e-09 5.8e-09 6.4e-09 70
3e-10 5e-10 1e-09 1.5e-09 1.7000000000000001e-09 2.1e-09 2.9e-09 4.5e-09 4.6e-09 4.8e-09 5.3e-09 5.8e-09 6.4e-09 70
3e-10 4e-10 1e-09 1.5e-09 1.8e-09 2e-09 2.1e-09 3.6e-09 4.7e-09 5e-09 5.6000000000000005e-09 5.8e-09 6.4e-09 69
3e-10 4e-10 1e-09 1.5e-09 1.8e-09 2e-09 2.1e-09 2.8000000000000003e-09 3.9e-09 4.7e-09 4.8e-09 5.6000000000000005e-09 5.8e-09 6.4e-09 70
3e-10 5e-10 1e-09 1.5e-09 1.8e-09 2e-09 2.1e-09 2.8000000000000003e-09 3.2e-09 4.7e-09 4.8e-09 5.6000000000000005e-09 5.8e-09 6.2e-09 6.4e-09 70
3e-10 4e-10 1e-09 1.5e-09 1.8e-09 2e-09 2.1e-09 2.8000000000000003e-09 3.2e-09 3.6e-09 4.7e-09 4.8e-09 5.6000000000000005e-09 5.8e-09 6.2e-09 6.4e-09 70
3e-10 6e-10 1e-09 1.5e-09 2.1e-09 2.9e-09 4.7e-09 5.2e-09 5.6000000000000005e-09 5.8e-09 6.4e-09 70
3e-10 5e-10 1e-09 1.5e-09 1.8e-09 2e-09 2.1e-09 2.8000000000000003e-09 3.3e-09 4.6e-09 4.8e-09 5.6000000000000005e-09 5.8e-09 6.4e-09 70
3e-10 5e-10 1e-09 1.6e-09 1.7000000000000001e-09 2.1e-09 2.9e-09 4.6e-09 4.8e-09 5.3e-09 5.8e-09 6.4e-09 73
2e-10 3e-10 5e-10 1e-09 1.5e-09 1.8e-09 2e-09 2.1e-09 2.6e-09 2.8000000000000003e-09 4.6e-09 4.8e-09 5.6000000000000005e-09 5.8e-09 6.4e-09 70
3e-10 4e-10 1e-09 1.5e-09 1.8e-09 2e-09 2.1e-09 4.6e-09 4.8e-09 5.6000000000000005e-09 5.8e-09 6.4e-09 69
3e-10 5e-10 1e-09 1.5e-09 1.8e-09 2e-09 2.1e-09 2.9e-09 4.6e-09 4.8e-09 5.3e-09 5.8e-09 6.4e-09 70
3e-10 4e-10 1e-09 1.5e-09 1.8e-09 2e-09 2.1e-09 2.8000000000000003e-09 3.5000000000000003e-09 4.6e-09 5.2e-09 5.6000000000000005e-09 5.8e-09 6.6e-09 70
3e-10 5e-10 1e-09 1.5e-09 1.8e-09 2e-09 2.1e-09 2.9e-09 4.7e-09 4.9e-09 5.6000000000000005e-09 6.1e-09 6.4e-09 70
3e-10 5e-10 1e-09 1.5e-09 1.8e-09 2e-09 2.1e-09 2.8000000000000003e-09 4.7e-09 4.8e-09 5.6000000000000005e-09 5.8e-09 5.293263453748798e-187 6.4e-09 70
3e-10 4e-10 1e-09 1.5e-09 1.8e-09 2e-09 2.1e-09 2.8000000000000003e-09 4.7e-09 4.8e-09 5.6000000000000005e-09 6.1e-09 6.2e-09 6.4e-09 70
3e-10 5e-10 1e-09 1.6e-09 1.7000000000000001e-09 2.1e-09 2.9e-09 3.9e-09 4.6e-09 4.8e-09 5.3e-09 5.8e-09 6.4e-09 73
3e-10 4e-10 1e-09 1.5e-09 1.8e-09 2e-09 2.1e-09 2.8000000000000003e-09 3.6e-09 4.7e-09 4.8e-09 5.6000000000000005e-09 6.1e-09 6.2e-09 6.4e-09 70
3e-10 1e-09 1.5e-09 1.7000000000000001e-09 2.1e-09 2.9e-09 4.5e-09 4.6e-09 4.8e-09 5.6000000000000005e-09 5.8e-09 6.6e-09 70
3e-10 5e-10 1e-09 1.5e-09 1.8e-09 2e-09 2.1e-09 2.8000000000000003e-09 4.7e-09 4.8e-09 5.6000000000000005e-09 6.1e-09 6.4e-09 70
3e-10 5e-10 1e-09 1.5e-09 1.7000000000000001e-09 2.1e-09 2.9e-09 3.4000000000000003e-09 3.6e-09 3.9e-09 4.7e-09 4.8e-09 5.6000000000000005e-09 5.8e-09 6.4e-09 70
3e-10 4e-10 1e-09 1.5e-09 1.8e-09 2e-09 2.1e-09 2.8000000000000003e-09 3.6e-09 4.7e-09 5.2e-09 5.6000000000000005e-09 6.1e-09 6.4e-09 70
3e-10 4e-10 1e-09 1.5e-09 1.8e-09 2e-09 2.1e-09 2.8000000000000003e-09 3.2e-09 3.6e-09 4.7e-09 5.2e-09 5.6000000000000005e-09 6.1e-09 6.4e-09 70
3e-10 5e-10 1e-09 1.5e-09 1.8e-09 2e-09 2.1e-09 2.8000000000000003e-09 4.7e-09 4.8e-09 5.6000000000000005e-09 6.1e-09 6.2e-09 6.4e-09 70
3e-10 6e-10 1e-09 1.5e-09 2.1e-09 2.9e-09 4.7e-09 5.2e-09 5.6000000000000005e-09 5.8e-09 6.4e-09 70
3e-10 1e-09 1.5e-09 1.9e-09 2e-09 2.1e-09 2.9e-09 4.6e-09 4.8e-09 5.6000000000000005e-09 5.8e-09 6.4e-09 70
1e-10 3e-10 1e-09 1.5e-09 1.9e-09 2e-09 2.1e-09 4.1e-09 4.7e-09 5e-09 5.6000000000000005e-09 5.8e-09 6.4e-09 72
3e-10 5e-10 1e-09 1.5e-09 1.8e-09 2.1e-09 2.8000000000000003e-09 4.7e-09 4.8e-09 5.3e-09 6.1e-09 6.4e-09 70
3e-10 4e-10 1e-09 1.5e-09 2.3e-09 4.7e-09 4.8e-09 5.6000000000000005e-09 5.8e-09 6.4e-09 70
3e-10 5e-10 1e-09 1.5e-09 1.8e-09 2.1e-09 2.8000000000000003e-09 4.7e-09 4.8e-09 5.6000000000000005e-09 6.1e-09 6.4e-09 70
3e-10 5e-10 1e-09 1.5e-09 1.8e-09 2.1e-09 2.8000000000000003e-09 4.6e-09 4.8e-09 5.6000000000000005e-09 5.8e-09 6.4e-09 70
3e-10 4e-10 1e-09 1.5e-09 1.8e-09 2e-09 2.1e-09 2.8000000000000003e-09 3.9e-09 4.7e-09 4.8e-09 5.6000000000000005e-09 5.8e-09 6.4e-09 70
3e-10 5e-10 1e-09 1.5e-09 1.8e-09 2e-09 2.1e-09 2.8000000000000003e-09 4.7e-09 5.2e-09 5.6000000000000005e-09 5.8e-09 6.4e-09 70
3e-10 1e-09 1.5e-09 1.8e-09 2e-09 2.1e-09 2.9e-09 3.9e-09 4.7e-09 4.8e-09 5.6000000000000005e-09 5.8e-09 6.4e-09 70
3e-10 4e-10 1e-09 1.5e-09 1.8e-09 2e-09 2.1e-09 4.7e-09 5e-09 5.6000000000000005e-09 5.8e-09 6.4e-09 69
3e-10 6e-10 1.4000000000000001e-09 1.5e-09 2.1e-09 4.5e-09 4.6e-09 4.8e-09 5.6000000000000005e-09 5.8e-09 6.4e-09 70
3e-10 4e-10 1e-09 1.5e-09 1.8e-09 2e-09 2.1e-09 2.8000000000000003e-09 3.4000000000000003e-09 4.6e-09 4.8e-09 5.6000000000000005e-09 5.8e-09 6.4e-09 70
3e-10 5e-10 1e-09 1.5e-09 1.8e-09 2.1e-09 2.8000000000000003e-09 3.4000000000000003e-09 3.6e-09 4.7e-09 4.8e-09 5.6000000000000005e-09 5.8e-09 6.4e-09 70
3e-10 5e-10 1e-09 1.5e-09 1.7000000000000001e-09 2.1e-09 2.9e-09 3.3e-09 4.6e-09 4.8e-09 5.6000000000000005e-09 5.8e-09 6.5e-09 70
3e-10 5e-10 1e-09 1.5e-09 1.8e-09 2e-09 2.1e-09 2.8000000000000003e-09 4.6e-09 4.8e-09 5.6000000000000005e-09 5.8e-09 5.293263453748798e-187 6.4e-09 70
3e-10 5e-10 1e-09 1.5e-09 1.7000000000000001e-09 2.1e-09 2.9e-09 4.5e-09 4.6e-09 4.8e-09 5.6000000000000005e-09 5.8e-09 6.4e-09 70
3e-10 4e-10 1e-09 1.5e-09 1.8e-09 2e-09 2.1e-09 3.6e-09 4.7e-09 4.8e-09 5.6000000000000005e-09 5.8e-09 6.4e-09 69
3e-10 4e-10 1e-09 1.5e-09 1.8e-09 2e-09 2.1e-09 2.8000000000000003e-09 4.6e-09 4.8e-09 5.3e-09 5.8e-09 6.4e-09 70
3e-10 4e-10 1e-09 1.5e-09 1.8e-09 2e-09 2.1e-09 2.8000000000000003e-09 4.7e-09 4.8e-09 5.6000000000000005e-09 5.8e-09 6.4e-09 70
3e-10 6e-10 1e-09 1.5e-09 2.1e-09 2.9e-09 4.7e-09 5.2e-09 5.6000000000000005e-09 5.8e-09 6.4e-09 70
1e-10 3e-10 1e-09 1.5e-09 1.9e-09 2e-09 2.1e-09 3.7e-09 4.7e-09 4.8e-09 5.6000000000000005e-09 5.8e-09 6.4e-09 72
1e-10 3e-10 1e-09 1.5e-09 1.9e-09 2e-09 2.1e-09 1.8839331839782766e-185 4.7e-09 5e-09 5.6000000000000005e-09 5.8e-09 6.4e-09 72
3e-10 4e-10 1e-09 1.5e-09 2.3e-09 4.7e-09 4.8e-09 5.6000000000000005e-09 5.8e-09 6.4e-09 70
3e-10 5e-10 1e-09 1.5e-09 1.8e-09 2.1e-09 2.8000000000000003e-09 3.4000000000000003e-09 3.6e-09 4.7e-09 4.8e-09 5.6000000000000005e-09 5.8e-09 6.4e-09 70
3e-10 5e-10 1e-09 1.5e-09 1.8e-09 2e-09 2.1e-09 2.8000000000000003e-09 3.2e-09 4.7e-09 4.8e-09 5.6000000000000005e-09 6.1e-09 6.4e-09 70
3e-10 5e-10 1e-09 1.5e-09 1.8e-09 2.1e-09 2.8000000000000003e-09 3.2e-09 4.7e-09 4.8e-09 5.6000000000000005e-09 6.1e-09 5.293263453748798e-187 6.4e-09 70
3e-10 5e-10 1e-09 1.5e-09 1.8e-09 2e-09 2.1e-09 2.8000000000000003e-09 3.9e-09 4.6e-09 5e-09 5.6000000000000005e-09 5.8e-09 6.4e-09 6.7000000000000004e-09 70
1e-10 3e-10 5e-10 1e-09 1.5e-09 2e-09 2.1e-09 2.6e-09 1.8839331839782766e-185 4.7e-09 5e-09 5.6000000000000005e-09 5.8e-09 6.4e-09 72
3e-10 6e-10 1.4000000000000001e-09 1.5e-09 2.1e-09 3.3e-09 3.5000000000000003e-09 4.5e-09 4.6e-09 5.2e-09 5.6000000000000005e-09 5.8e-09 6.4e-09 70
1e-10 3e-10 5e-10 1e-09 1.5e-09 2e-09 2.1e-09 2.6e-09 1.8839331839782766e-185 4.6e-09 4.8e-09 5.6000000000000005e-09 5.8e-09 6.4e-09 72
3e-10 1e-09 1.5e-09 2.3e-09 7.074370614335465e-185 4.7e-09 5.1e-09 5.6000000000000005e-09 5.8e-09 6.4e-09 69
3e-10 8e-10 1.4000000000000001e-09 1.5e-09 2.1e-09 3.5000000000000003e-09 4.7e-09 5.2e-09 5.6000000000000005e-09 6.1e-09 6.4e-09 70
3e-10 1e-09 1.5e-09 1.7000000000000001e-09 1.8e-09 2e-09 2.1e-09 4.6e-09 5.2e-09 5.6000000000000005e-09 5.8e-09 6.4e-09 70
3e-10 5e-10 1e-09 1.5e-09 1.7000000000000001e-09 2.1e-09 2.9e-09 3.5000000000000003e-09 4.6e-09 5.2e-09 5.6000000000000005e-09 5.8e-09 6.4e-09 70
3e-10 5e-10 1.2e-09 1.5e-09 1.7000000000000001e-09 2.1e-09 2.9e-09 3.4000000000000003e-09 4.6e-09 4.8e-09 5.3e-09 5.8e-09 6.4e-09 70
3e-10 4e-10 1e-09 1.5e-09 1.8e-09 2e-09 2.1e-09 2.8000000000000003e-09 3.9e-09 4.7e-09 4.9e-09 5.6000000000000005e-09 6.1e-09 6.4e-09 70
3e-10 1e-09 1.5e-09 1.8e-09 2e-09 2.1e-09 2.9e-09 4.7e-09 4.8e-09 5.6000000000000005e-09 5.8e-09 6.2e-09 6.4e-09 70
3e-10 5e-10 1e-09 1.5e-09 1.8e-09 2e-09 2.1e-09 2.8000000000000003e-09 3.2e-09 4.7e-09 4.8e-09 5.6000000000000005e-09 5.8e-09 6.2e-09 6.4e-09 70
1e-10 3e-10 1e-09 1.5e-09 1.9e-09 2e-09 2.1e-09 4.1e-09 4.7e-09 4.8e-09 5.6000000000000005e-09 6.1e-09 6.4e-09 72
3e-10 5e-10 1e-09 1.6e-09 1.7000000000000001e-09 2.1e-09 2.9e-09 4.6e-09 5.2e-09 5.6000000000000005e-09 5.8e-09 6.4e-09 73
3e-10 5e-10 1e-09 1.5e-09 1.8e-09 2e-09 2.1e-09 2.8000000000000003e-09 3.2e-09 3.6e-09 4.7e-09 4.8e-09 5.6000000000000005e-09 5.8e-09 6.4e-09 70
3e-10 4e-10 1e-09 1.5e-09 1.8e-09 2e-09 2.1e-09 2.8000000000000003e-09 4.5e-09 4.6e-09 5.2e-09 5.6000000000000005e-09 5.8e-09 6.4e-09 70
3e-10 9e-10 1e-09 1.5e-09 1.8e-09 2e-09 2.1e-09 3e-09 4.7e-09 5.2e-09 5.6000000000000005e-09 5.8e-09 6.4e-09 70
3e-10 4e-10 1e-09 1.5e-09 1.8e-09 2e-09 2.1e-09 2.8000000000000003e-09 3.2e-09 3.4000000000000003e-09 4.7e-09 4.8e-09 5.6000000000000005e-09 5.8e-09 6.4e-09 70
3e-10 5e-10 1e-09 1.5e-09 1.8e-09 2e-09 2.1e-09 2.8000000000000003e-09 3.2e-09 3.4000000000000003e-09 4.7e-09 4.8e-09 5.6000000000000005e-09 6.1e-09 6.4e-09 70
3e-10 1e-09 1.5e-09 1.9e-09 2e-09 2.1e-09 2.9e-09 4.7e-09 4.8e-09 5.6000000000000005e-09 6.1e-09 6.2e-09 6.4e-09 70
3e-10 4e-10 1e-09 1.5e-09 1.8e-09 2e-09 2.1e-09 2.8000000000000003e-09 4.7e-09 4.8e-09 5.6000000000000005e-09 6.1e-09 6.4e-09 70
3e-10 5e-10 1e-09 1.5e-09 1.8e-09 2e-09 2.1e-09 2.8000000000000003e-09 4.6e-09 4.8e-09 5.6000000000000005e-09 5.8e-09 6.4e-09 70
3e-10 4e-10 1e-09 1.5e-09 1.8e-09 2e-09 2.1e-09 3.6e-09 4.7e-09 5e-09 5.6000000000000005e-09 6.1e-09 6.4e-09 69
3e-10 4e-10 1e-09 1.5e-09 1.8e-09 2e-09 2.1e-09 2.8000000000000003e-09 4.7e-09 4.8e-09 5.6000000000000005e-09 6.1e-09 6.2e-09 6.4e-09 70
3e-10 5e-10 1e-09 1.5e-09 1.8e-09 2.1e-09 2.8000000000000003e-09 4.6e-09 4.8e-09 5.6000000000000005e-09 5.8e-09 6.4e-09 70
3e-10 5e-10 1e-09 1.5e-09 1.7000000000000001e-09 2.1e-09 2.9e-09 4.5e-09 4.6e-09 4.8e-09 5.6000000000000005e-09 5.8e-09 6.6e-09 70
3e-10 4e-10 1e-09 1.5e-09 1.8e-09 2e-09 2.1e-09 2.8000000000000003e-09 3.2e-09 3.6e-09 4.7e-09 4.8e-09 5.6000000000000005e-09 6.1e-09 6.2e-09 6.4e-09 70
2e-10 3e-10 5e-10 1e-09 1.6e-09 1.7000000000000001e-09 2.1e-09 2.8000000000000003e-09 3.3e-09 4.7e-09 4.8e-09 5.6000000000000005e-09 5.8e-09 6.4e-09 73
3e-10 5e-10 1e-09 1.6e-09 1.7000000000000001e-09 2.1e-09 2.9e-09 3.9e-09 4.6e-09 4.8e-09 5.3e-09 5.8e-09 6.4e-09 70
3e-10 1e-09 1.5e-09 1.7000000000000001e-09 2.1e-09 2.9e-09 4.5e-09 4.6e-09 4.8e-09 5.3e-09 5.8e-09 6.4e-09 70
1e-10 3e-10 5e-10 1e-09 1.5e-09 2e-09 2.1e-09 2.6e-09 3.7e-09 4.7e-09 4.9e-09 5.6000000000000005e-09 5.8e-09 6.4e-09 72
3e-10 5e-10 1e-09 1.5e-09 1.8e-09 2e-09 2.1e-09 2.6e-09 2.8000000000000003e-09 3.4000000000000003e-09 3.6e-09 3.9e-09 4.7e-09 4.8e-09 5.6000000000000005e-09 5.8e-09 6.4e-09 70
3e-10 4e-10 1e-09 1.5e-09 1.8e-09 2e-09 2.1e-09 2.8000000000000003e-09 4.6e-09 4.8e-09 5.6000000000000005e-09 5.8e-09 6.4e-09 70
3e-10 5e-10 1.2e-09 1.5e-09 1.7000000000000001e-09 2.1e-09 3.2e-09 4.6e-09 4.8e-09 5.6000000000000005e-09 5.8e-09 6.4e-09 68
1e-10 3e-10 1e-09 1.5e-09 1.9e-09 2e-09 2.1e-09 4.1e-09 4.7e-09 4.8e-09 5.6000000000000005e-09 6.1e-09 6.4e-09 72
3e-10 5e-10 1e-09 1.5e-09 1.8e-09 2e-09 2.1e-09 2.6e-09 2.8000000000000003e-09 3.4000000000000003e-09 3.6e-09 3.9e-09 4.7e-09 4.8e-09 5.6000000000000005e-09 6.1e-09 6.4e-09 70
2e-10 3e-10 5e-10 1e-09 1.6e-09 1.7000000000000001e-09 2.1e-09 2.8000000000000003e-09 3.3e-09 4.7e-09 4.8e-09 5.6000000000000005e-09 5.8e-09 6.4e-09 73
3e-10 5e-10 1e-09 1.5e-09 1.8e-09 2.1e-09 2.8000000000000003e-09 4.6e-09 4.8e-09 5.6000000000000005e-09 5.8e-09 6.4e-09 70
3e-10 5e-10 1e-09 1.5e-09 1.8e-09 2e-09 2.1e-09 2.8000000000000003e-09 3.2e-09 4.7e-09 4.8e-09 5.6000000000000005e-09 5.8e-09 6.4e-09 70
3e-10 5e-10 1e-09 1.5e-09 1.7000000000000001e-09 2.1e-09 2.9e-09 4.6e-09 5.2e-09 5.6000000000000005e-09 5.8e-09 6.6e-09 70
3e-10 4e-10 1e-09 1.5e-09 1.8e-09 2e-09 2.1e-09 2.8000000000000003e-09 3.3e-09 3.5000000000000003e-09 4.6e-09 5.2e-09 5.6000000000000005e-09 5.8e-09 6.6e-09 70
2e-10 3e-10 5e-10 1e-09 1.5e-09 1.8e-09 2e-09 2.1e-09 2.6e-09 2.8000000000000003e-09 4.7e-09 4.8e-09 5.6000000000000005e-09 5.8e-09 6.4e-09 70
2e-10 3e-10 5e-10 1e-09 1.5e-09 1.8e-09 2e-09 2.1e-09 2.6e-09 2.8000000000000003e-09 4.7e-09 4.9e-09 5.6000000000000005e-09 6.1e-09 5.293263453748798e-187 6.4e-09 70
3e-10 7.000000000000001e-10 1e-09 1.5e-09 5.910114264584733e-184 7.074370614335465e-185 4.7e-09 5.1e-09 5.6000000000000005e-09 6.1e-09 6.4e-09 69
3e-10 4e-10 1e-09 1.5e-09 1.8e-09 2e-09 2.1e-09 2.8000000000000003e-09 4.6e-09 4.8e-09 5.6000000000000005e-09 5.8e-09 6.4e-09 70
3e-10 4e-10 1e-09 1.5e-09 1.8e-09 2e-09 2.1e-09 2.8000000000000003e-09 3.4000000000000003e-09 3.6e-09 3.9e-09 4.7e-09 4.8e-09 5.6000000000000005e-09 6.1e-09 6.4e-09 70
3e-10 1e-09 1.5e-09 1.9e-09 2e-09 2.1e-09 2.9e-09 4.7e-09 4.8e-09 5.6000000000000005e-09 6.1e-09 6.2e-09 6.4e-09 70
3e-10 5e-10 1e-09 1.5e-09 1.8e-09 2e-09 2.1e-09 2.8000000000000003e-09 4.7e-09 4.8e-09 5.6000000000000005e-09 5.8e-09 6.4e-09 70
3e-10 4e-10 1e-09 1.5e-09 1.8e-09 2e-09 2.1e-09 2.8000000000000003e-09 3.6e-09 4.7e-09 4.8e-09 5.6000000000000005e-09 5.8e-09 6.4e-09 70
2e-10 3e-10 5e-10 1e-09 1.5e-09 1.8e-09 2e-09 2.1e-09 2.6e-09 2.8000000000000003e-09 4.6e-09 4.8e-09 5.3e-09 5.8e-09 6.4e-09 70
3e-10 4e-10 1e-09 1.5e-09 1.8e-09 2e-09 2.1e-09 3.4000000000000003e-09 3.6e-09 4.7e-09 4.8e-09 5.6000000000000005e-09 5.8e-09 6.4e-09 69
1e-10 3e-10 5e-10 1e-09 1.5e-09 2e-09 2.1e-09 2.6e-09 3.7e-09 4.6e-09 4.8e-09 5.3e-09 5.8e-09 6.4e-09 72
3e-10 4e-10 1e-09 1.5e-09 1.8e-09 2e-09 2.1e-09 2.8000000000000003e-09 4.7e-09 4.8e-09 5.6000000000000005e-09 6.1e-09 6.2e-09 6.4e-09 70
3e-10 5e-10 1e-09 1.5e-09 1.8e-09 2e-09 2.1e-09 2.8000000000000003e-09 3.2e-09 4.7e-09 4.8e-09 5.6000000000000005e-09 5.8e-09 6.4e-09 70
3e-10 1e-09 1.5e-09 1.8e-09 2e-09 2.1e-09 2.9e-09 3.9e-09 4.7e-09 4.8e-09 5.6000000000000005e-09 5.8e-09 6.4e-09 70
3e-10 5e-10 1e-09 1.5e-09 1.8e-09 2e-09 2.1e-09 2.6e-09 2.8000000000000003e-09 3.4000000000000003e-09 3.6e-09 3.9e-09 4.7e-09 4.8e-09 5.6000000000000005e-09 5.8e-09 6.4e-09 70
2e-10 3e-10 5e-10 1e-09 1.5e-09 1.7000000000000001e-09 2.1e-09 2.8000000000000003e-09 3.2e-09 4.6e-09 5e-09 5.6000000000000005e-09 5.8e-09 6.4e-09 70
3e-10 5e-10 1e-09 1.5e-09 1.7000000000000001e-09 2.1e-09 2.9e-09 3.4000000000000003e-09 3.6e-09 3.9e-09 4.7e-09 4.8e-09 5.6000000000000005e-09 5.8e-09 6.4e-09 70
3e-10 5e-10 1e-09 1.5e-09 1.8e-09 2e-09 2.1e-09 2.8000000000000003e-09 3.2e-09 3.6e-09 4.7e-09 4.8e-09 5.6000000000000005e-09 6.1e-09 6.4e-09 70
3e-10 5e-10 1e-09 1.5e-09 1.8e-09 2e-09 2.1e-09 2.8000000000000003e-09 3.2e-09 3.6e-09 4.7e-09 4.8e-09 5.6000000000000005e-09 6.1e-09 6.4e-09 70
3e-10 4e-10 1e-09 1.5e-09 1.8e-09 2e-09 2.1e-09 2.8000000000000003e-09 4.6e-09 4.8e-09 5.6000000000000005e-09 5.8e-09 6.4e-09 70
2e-10 3e-10 5e-10 1e-09 1.5e-09 1.8e-09 2e-09 2.1e-09 2.6e-09 2.8000000000000003e-09 4.6e-09 4.8e-09 5.3e-09 5.8e-09 6.4e-09 70
3e-10 4e-10 1e-09 1.5e-09 1.8e-09 2e-09 2.1e-09 2.8000000000000003e-09 3.2e-09 3.4000000000000003e-09 3.6e-09 4.7e-09 4.8e-09 5.6000000000000005e-09 5.8e-09 6.4e-09 70
3e-10 4e-10 1e-09 1.5e-09 1.8e-09 2e-09 2.1e-09 2.8000000000000003e-09 4.5e-09 4.6e-09 4.8e-09 5.6000000000000005e-09 5.8e-09 6.4e-09 70
1e-10 3e-10 5e-10 1e-09 1.5e-09 2e-09 2.1e-09 2.6e-09 3.4000000000000003e-09 4.1e-09 4.7e-09 4.8e-09 5.6000000000000005e-09 6.1e-09 6.4e-09 72
3e-10 4e-10 1e-09 1.5e-09 1.8e-09 2e-09 2.1e-09 2.8000000000000003e-09 3.2e-09 3.4000000000000003e-09 3.6e-09 4.7e-09 5e-09 5.6000000000000005e-09 6.1e-09 6.4e-09 70
2e-10 3e-10 4e-10 1e-09 1.5e-09 1.9e-09 2e-09 2.1e-09 2.9e-09 4.6e-09 4.8e-09 5.3e-09 5.8e-09 6.4e-09 70
3e-10 4e-10 1e-09 1.5e-09 1.8e-09 2e-09 2.1e-09 2.8000000000000003e-09 3.2e-09 3.4000000000000003e-09 4.6e-09 5e-09 5.6000000000000005e-09 5.8e-09 6.4e-09 70
2e-10 3e-10 4e-10 1e-09 1.5e-09 2.1e-09 0.8 4.6e-09 4.8e-09 5.6000000000000005e-09 5.8e-09 6.4e-09 68
3e-10 9e-10 1e-09 1.5e-09 1.8e-09 2e-09 2.1e-09 3e-09 4.6e-09 4.8e-09 5.6000000000000005e-09 5.8e-09 6.4e-09 70
2e-10 3e-10 5e-10 1e-09 1.5e-09 1.7000000000000001e-09 2.1e-09 2.8000000000000003e-09 3.2e-09 4.7e-09 4.8e-09 5.6000000000000005e-09 6.1e-09 6.4e-09 70
3e-10 5e-10 1e-09 1.5e-09 1.8e-09 2e-09 2.1e-09 2.8000000000000003e-09 3.2e-09 4.7e-09 4.8e-09 5.6000000000000005e-09 5.8e-09 6.4e-09 70
3e-10 5e-10 1e-09 1.5e-09 1.8e-09 2e-09 2.1e-09 2.8000000000000003e-09 3.2e-09 4.7e-09 4.8e-09 5.6000000000000005e-09 6.1e-09 6.2e-09 6.4e-09 70
3e-10 1e-09 1.5e-09 1.8e-09 2e-09 2.1e-09 2.9e-09 4.6e-09 4.8e-09 5.3e-09 5.8e-09 6.4e-09 70
3e-10 4e-10 1e-09 1.5e-09 1.8e-09 2e-09 2.1e-09 2.8000000000000003e-09 3.2e-09 4.6e-09 4.8e-09 5.6000000000000005e-09 5.8e-09 6.4e-09 70
1e-10 3e-10 5e-10 1e-09 1.5e-09 1.8e-09 2e-09 2.1e-09 2.6e-09 4.6e-09 4.9e-09 5.6000000000000005e-09 5.8e-09 6.4e-09 72
3e-10 4e-10 1e-09 1.5e-09 1.8e-09 2e-09 2.1e-09 2.8000000000000003e-09 3.4000000000000003e-09 3.9e-09 4.6e-09 4.8e-09 5.6000000000000005e-09 5.8e-09 6.4e-09 70
3e-10 5e-10 1e-09 1.6e-09 1.7000000000000001e-09 2.1e-09 2.9e-09 3.9e-09 4.6e-09 4.8e-09 5.3e-09 5.8e-09 6.4e-09 70
3e-10 4e-10 1e-09 1.5e-09 1.8e-09 2e-09 2.1e-09 4.7e-09 4.8e-09 5.6000000000000005e-09 5.8e-09 6.4e-09 69
3e-10 4e-10 1e-09 1.5e-09 1.8e-09 2e-09 2.1e-09 3.2e-09 4.7e-09 4.8e-09 5.6000000000000005e-09 5.8e-09 6.4e-09 69
3e-10 6e-10 1.4000000000000001e-09 1.5e-09 2.1e-09 4.6e-09 4.8e-09 5.6000000000000005e-09 5.8e-09 6.4e-09 70
3e-10 1e-09 1.5e-09 1.8e-09 2e-09 2.1e-09 2.9e-09 4.7e-09 4.8e-09 5.6000000000000005e-09 5.8e-09 6.2e-09 6.4e-09 70
3e-10 1e-09 1.5e-09 1.8e-09 2e-09 2.1e-09 2.9e-09 4.6e-09 4.8e-09 5.3e-09 5.8e-09 6.4e-09 70
3e-10 4e-10 1.2e-09 1.5e-09 1.7000000000000001e-09 2.1e-09 4.7e-09 4.8e-09 5.6000000000000005e-09 5.8e-09 6.4e-09 70
3e-10 5e-10 1e-09 1.5e-09 1.8e-09 2e-09 2.1e-09 2.8000000000000003e-09 3.2e-09 3.4000000000000003e-09 4.7e-09 4.8e-09 5.6000000000000005e-09 6.1e-09 6.4e-09 70
3e-10 5e-10 1e-09 1.5e-09 1.8e-09 2e-09 2.1e-09 2.8000000000000003e-09 3.9e-09 4.6e-09 5e-09 5.6000000000000005e-09 5.8e-09 6.4e-09 6.7000000000000004e-09 70
3e-10 9e-10 1e-09 1.5e-09 1.8e-09 2e-09 2.1e-09 3e-09 4.6e-09 4.9e-09 5.7000000000000006e-09 5.8e-09 6.4e-09 69
3e-10 5e-10 1e-09 1.5e-09 1.8e-09 2e-09 2.1e-09 2.8000000000000003e-09 3.9e-09 4.6e-09 4.8e-09 5.6000000000000005e-09 5.8e-09 6.4e-09 6.7000000000000004e-09 70
2e-10 3e-10 5e-10 1e-09 1.5e-09 1.8e-09 2e-09 2.1e-09 2.6e-09 2.8000000000000003e-09 4.6e-09 5e-09 5.3e-09 5.8e-09 6.4e-09 70
3e-10 5e-10 1e-09 1.5e-09 1.8e-09 2.1e-09 2.8000000000000003e-09 4.6e-09 4.8e-09 5.6000000000000005e-09 5.8e-09 6.4e-09 70
3e-10 6e-10 1.4000000000000001e-09 1.5e-09 2.1e-09 4.6e-09 4.8e-09 5.6000000000000005e-09 5.8e-09 6.4e-09 70
3e-10 1e-09 1.5e-09 1.8e-09 2e-09 2.1e-09 2.9e-09 4.7e-09 4.8e-09 5.6000000000000005e-09 5.8e-09 6.4e-09 70
1e-10 3e-10 5e-10 1e-09 1.5e-09 2e-09 2.1e-09 2.6e-09 3.7e-09 4.6e-09 4.8e-09 5.6000000000000005e-09 5.8e-09 6.4e-09 72
1e-10 3e-10 1e-09 1.5e-09 1.9e-09 2e-09 2.1e-09 3.7e-09 4.6e-09 4.8e-09 4.621103015177523e-187 5.8e-09 6.4e-09 72
3e-10 5e-10 1e-09 1.6e-09 1.7000000000000001e-09 2.1e-09 2.9e-09 4.6e-09 4.9e-09 5.6000000000000005e-09 5.8e-09 6.2e-09 6.4e-09 73
3e-10 4e-10 1e-09 1.5e-09 1.8e-09 2e-09 2.1e-09 2.8000000000000003e-09 4.5e-09 4.6e-09 4.8e-09 5.6000000000000005e-09 5.8e-09 6.4e-09 70
3e-10 8e-10 1.4000000000000001e-09 1.5e-09 2.1e-09 3.5000000000000003e-09 4.7e-09 5.1e-09 5.6000000000000005e-09 6.1e-09 6.4e-09 70
3e-10 4e-10 1e-09 1.5e-09 1.8e-09 2e-09 2.1e-09 3.4000000000000003e-09 4.6e-09 5e-09 5.6000000000000005e-09 5.8e-09 6.4e-09 69
3e-10 4e-10 1e-09 1.5e-09 1.8e-09 2e-09 2.1e-09 3.6e-09 4.7e-09 5e-09 5.6000000000000005e-09 5.8e-09 6.4e-09 69
3e-10 5e-10 1e-09 1.5e-09 1.8e-09 2e-09 2.1e-09 2.8000000000000003e-09 3.2e-09 4.7e-09 4.8e-09 5.6000000000000005e-09 6.1e-09 6.4e-09 70
3e-10 5e-10 1e-09 1.5e-09 1.8e-09 2.1e-09 2.8000000000000003e-09 4.6e-09 4.8e-09 5.6000000000000005e-09 5.8e-09 6.4e-09 70
3e-10 9e-10 1e-09 1.5e-09 1.8e-09 2e-09 2.1e-09 3e-09 4.6e-09 4.8e-09 5.6000000000000005e-09 5.8e-09 6.4e-09 70
3e-10 5e-10 1e-09 1.5e-09 1.7000000000000001e-09 2.1e-09 2.9e-09 4.6e-09 4.8e-09 5.6000000000000005e-09 5.8e-09 6.4e-09 70
1e-10 3e-10 5e-10 1e-09 1.5e-09 2e-09 2.1e-09 2.6e-09 3.7e-09 4.7e-09 4.8e-09 5.6000000000000005e-09 5.8e-09 6.4e-09 72
3e-10 6e-10 1.4000000000000001e-09 1.5e-09 2.1e-09 4.6e-09 4.8e-09 5.6000000000000005e-09 5.8e-09 6.4e-09 70
3e-10 4e-10 1e-09 1.5e-09 1.8e-09 2e-09 2.1e-09 2.8000000000000003e-09 3.2e-09 4.7e-09 5e-09 5.6000000000000005e-09 5.8e-09 6.4e-09 70
3e-10 5e-10 1.2e-09 1.5e-09 1.8e-09 2.1e-09 2.9e-09 4.6e-09 4.8e-09 5.3e-09 5.8e-09 6.4e-09 70
3e-10 1e-09 1.5e-09 1.8e-09 2e-09 2.1e-09 2.9e-09 4.7e-09 4.8e-09 5.6000000000000005e-09 5.8e-09 6.4e-09 70
3e-10 4e-10 1e-09 1.5e-09 1.8e-09 2e-09 2.1e-09 2.8000000000000003e-09 3.4000000000000003e-09 3.9e-09 4.7e-09 5e-09 5.6000000000000005e-09 6.1e-09 6.4e-09 70
2e-10 3e-10 5e-10 1e-09 1.5e-09 1.8e-09 2e-09 2.1e-09 2.6e-09 2.8000000000000003e-09 4.6e-09 5.1e-09 5.6000000000000005e-09 5.8e-09 6.4e-09 70
3e-10 5e-10 1e-09 1.5e-09 1.8e-09 2.1e-09 2.8000000000000003e-09 3.6e-09 4.7e-09 4.8e-09 5.6000000000000005e-09 6.1e-09 6.4e-09 70
3e-10 6e-10 1.4000000000000001e-09 1.5e-09 2.1e-09 3.5000000000000003e-09 4.6e-09 5.2e-09 5.6000000000000005e-09 5.8e-09 6.6e-09 70
3e-10 5e-10 1e-09 1.5e-09 1.8e-09 2.1e-09 2.8000000000000003e-09 4.7e-09 5e-09 5.6000000000000005e-09 5.8e-09 6.4e-09 70
3e-10 4e-10 1e-09 1.5e-09 1.8e-09 2e-09 2.1e-09 2.8000000000000003e-09 3.9e-09 4.7e-09 4.8e-09 5.6000000000000005e-09 6.1e-09 6.4e-09 70
1e-10 3e-10 1e-09 1.5e-09 1.9e-09 2e-09 2.1e-09 3.7e-09 4.6e-09 5e-09 5.6000000000000005e-09 5.8e-09 6.4e-09 72
3e-10 1e-09 1.5e-09 1.7000000000000001e-09 2.1e-09 2.9e-09 4.5e-09 4.6e-09 4.9e-09 5.6000000000000005e-09 5.8e-09 6.4e-09 70
3e-10 1e-09 1.5e-09 1.8e-09 2e-09 2.1e-09 2.9e-09 4.7e-09 4.8e-09 5.3e-09 5.8e-09 6.4e-09 70
3e-10 4e-10 1e-09 1.5e-09 1.8e-09 2e-09 2.1e-09 3.3e-09 4.7e-09 4.8e-09 5.6000000000000005e-09 5.8e-09 6.4e-09 69
3e-10 1e-09 1.5e-09 1.9e-09 2e-09 2.1e-09 2.9e-09 4.7e-09 5.2e-09 5.6000000000000005e-09 6.1e-09 6.4e-09 70
3e-10 5e-10 1e-09 1.5e-09 1.8e-09 2e-09 2.1e-09 2.6e-09 2.8000000000000003e-09 3.4000000000000003e-09 3.6e-09 3.9e-09 4.7e-09 4.8e-09 5.6000000000000005e-09 6.1e-09 6.4e-09 70
3e-10 5e-10 1e-09 1.5e-09 1.8e-09 2e-09 2.1e-09 2.8000000000000003e-09 3.6e-09 4.7e-09 4.8e-09 5.6000000000000005e-09 6.1e-09 6.2e-09 6.4e-09 70
3e-10 1e-09 1.5e-09 1.9e-09 2e-09 2.1e-09 2.9e-09 4.7e-09 4.8e-09 5.6000000000000005e-09 6.1e-09 6.2e-09 6.4e-09 70
3e-10 4e-10 1e-09 1.5e-09 1.8e-09 2e-09 2.1e-09 2.8000000000000003e-09 4.7e-09 4.8e-09 5.6000000000000005e-09 5.8e-09 6.4e-09 70
3e-10 4e-10 1e-09 1.5e-09 1.8e-09 2e-09 2.1e-09 2.8000000000000003e-09 4.6e-09 4.8e-09 5.6000000000000005e-09 5.8e-09 6.4e-09 70
3e-10 5e-10 1e-09 1.5e-09 1.8e-09 2e-09 2.1e-09 2.6e-09 2.8000000000000003e-09 4.6e-09 4.9e-09 5.3e-09 5.8e-09 6.4e-09 70
1e-10 3e-10 1e-09 1.5e-09 1.9e-09 2e-09 2.1e-09 4.1e-09 4.7e-09 5e-09 5.6000000000000005e-09 5.8e-09 6.4e-09 72
1e-10 3e-10 1e-09 1.5e-09 1.9e-09 2e-09 2.1e-09 4.1e-09 4.7e-09 4.8e-09 5.6000000000000005e-09 6.1e-09 6.4e-09 72
3e-10 6e-10 1.4000000000000001e-09 1.5e-09 2.1e-09 3.3e-09 3.5000000000000003e-09 4.5e-09 4.6e-09 5e-09 5.6000000000000005e-09 5.8e-09 6.4e-09 70
3e-10 5e-10 1e-09 1.5e-09 1.8e-09 2e-09 2.1e-09 2.8000000000000003e-09 3.4000000000000003e-09 4.6e-09 5.2e-09 5.6000000000000005e-09 5.8e-09 6.4e-09 70
3e-10 4e-10 1e-09 1.5e-09 1.8e-09 2e-09 2.1e-09 2.8000000000000003e-09 4.6e-09 4.9e-09 5.6000000000000005e-09 5.8e-09 6.4e-09 70
3e-10 5e-10 1e-09 1.5e-09 1.8e-09 2e-09 2.1e-09 2.8000000000000003e-09 3.6e-09 4.7e-09 5e-09 5.6000000000000005e-09 6.1e-09 6.4e-09 70
3e-10 9e-10 1e-09 1.5e-09 1.8e-09 2e-09 2.1e-09 3e-09 4.6e-09 4.8e-09 5.6000000000000005e-09 5.8e-09 6.4e-09 70
3e-10 5e-10 1e-09 1.5e-09 1.8e-09 2.1e-09 2.8000000000000003e-09 4.7e-09 4.8e-09 5.6000000000000005e-09 5.8e-09 6.4e-09 70
3e-10 5e-10 1e-09 1.5e-09 1.8e-09 2.1e-09 2.8000000000000003e-09 4.6e-09 4.8e-09 5.6000000000000005e-09 5.8e-09 6.4e-09 70
3e-10 4e-10 1e-09 1.5e-09 1.8e-09 2e-09 2.1e-09 2.8000000000000003e-09 3.2e-09 4.7e-09 5.2e-09 5.6000000000000005e-09 6.1e-09 6.4e-09 70
3e-10 5e-10 1.2e-09 1.5e-09 1.7000000000000001e-09 2.1e-09 2.9e-09 3.4000000000000003e-09 4.6e-09 4.8e-09 5.3e-09 5.8e-09 6.4e-09 70
3e-10 4e-10 1e-09 1.5e-09 1.8e-09 2e-09 2.1e-09 2.8000000000000003e-09 3.2e-09 3.6e-09 4.7e-09 5.2e-09 5.6000000000000005e-09 5.8e-09 6.4e-09 70
3e-10 5e-10 1e-09 1.5e-09 1.8e-09 2.1e-09 2.8000000000000003e-09 4.6e-09 5e-09 5.6000000000000005e-09 5.8e-09 6.4e-09 70
3e-10 5e-10 1e-09 1.5e-09 1.8e-09 2.1e-09 2.8000000000000003e-09 4.7e-09 4.8e-09 5.6000000000000005e-09 6.1e-09 5.293263453748798e-187 6.4e-09 70
2e-10 3e-10 5e-10 1e-09 1.5e-09 1.7000000000000001e-09 2.1e-09 2.8000000000000003e-09 4.6e-09 4.8e-09 5.6000000000000005e-09 5.8e-09 6.4e-09 70
3e-10 4e-10 1e-09 1.5e-09 1.8e-09 2e-09 2.1e-09 2.8000000000000003e-09 3.2e-09 3.4000000000000003e-09 4.7e-09 4.8e-09 5.6000000000000005e-09 5.8e-09 6.4e-09 70
3e-10 6e-10 1e-09 1.5e-09 2.1e-09 2.9e-09 3.2e-09 4.7e-09 5e-09 5.6000000000000005e-09 5.8e-09 6.4e-09 70
3e-10 5e-10 1e-09 1.5e-09 1.8e-09 2e-09 2.1e-09 2.8000000000000003e-09 4.7e-09 4.8e-09 5.6000000000000005e-09 6.1e-09 6.4e-09 70
3e-10 1e-09 1.5e-09 1.8e-09 2e-09 2.1e-09 2.9e-09 4.6e-09 4.8e-09 5.6000000000000005e-09 5.8e-09 6.4e-09 70
3e-10 4e-10 1e-09 1.5e-09 1.8e-09 2e-09 2.1e-09 2.8000000000000003e-09 3.2e-09 4.7e-09 5e-09 5.6000000000000005e-09 6.1e-09 6.4e-09 70
3e-10 6e-10 1.4000000000000001e-09 1.5e-09 2.1e-09 3.3e-09 3.5000000000000003e-09 4.6e-09 5.2e-09 5.6000000000000005e-09 5.8e-09 6.5e-09 70
3e-10 4e-10 1e-09 1.5e-09 1.8e-09 2e-09 2.1e-09 3.3e-09 4.7e-09 4.8e-09 5.6000000000000005e-09 5.8e-09 6.4e-09 69
1e-10 3e-10 5e-10 1e-09 1.5e-09 2e-09 2.1e-09 2.6e-09 4.1e-09 4.6e-09 4.8e-09 5.3e-09 5.8e-09 6.4e-09 72
3e-10 5e-10 1e-09 1.5e-09 1.8e-09 2.1e-09 2.8000000000000003e-09 4.6e-09 4.8e-09 5.6000000000000005e-09 5.8e-09 5.293263453748798e-187 6.4e-09 70
3e-10 1e-09 1.5e-09 1.9e-09 2e-09 2.1e-09 2.9e-09 4.6e-09 4.8e-09 5.6000000000000005e-09 5.8e-09 6.4e-09 70
3e-10 5e-10 1e-09 1.5e-09 1.8e-09 2.1e-09 2.8000000000000003e-09 4.6e-09 5e-09 5.6000000000000005e-09 5.8e-09 6.4e-09 70
3e-10 5e-10 1e-09 1.6e-09 1.7000000000000001e-09 2.1e-09 2.9e-09 4.7e-09 5.2e-09 1.08 6.1e-09 6.4e-09 73
3e-10 5e-10 1e-09 1.5e-09 2.3e-09 2.9e-09 4.6e-09 5e-09 5.7000000000000006e-09 5.8e-09 6.4e-09 70
3e-10 5e-10 1e-09 1.6e-09 1.7000000000000001e-09 2.1e-09 2.9e-09 4.6e-09 5.2e-09 5.6000000000000005e-09 5.8e-09 6.2e-09 6.4e-09 73
3e-10 5e-10 1e-09 1.5e-09 1.8e-09 2e-09 2.1e-09 2.8000000000000003e-09 3.2e-09 3.6e-09 4.7e-09 4.8e-09 5.6000000000000005e-09 6.1e-09 6.2e-09 6.4e-09 70
3e-10 1e-09 1.5e-09 1.9e-09 2e-09 2.1e-09 2.9e-09 4.7e-09 4.8e-09 5.6000000000000005e-09 5.8e-09 6.2e-09 6.4e-09 70
3e-10 5e-10 1e-09 1.5e-09 1.8e-09 2.1e-09 2.8000000000000003e-09 4.6e-09 4.8e-09 5.6000000000000005e-09 5.8e-09 6.4e-09 70
3e-10 4e-10 1.2e-09 1.5e-09 1.7000000000000001e-09 2.1e-09 4.7e-09 4.8e-09 5.6000000000000005e-09 5.8e-09 6.4e-09 70
3e-10 4e-10 1e-09 1.5e-09 1.8e-09 2e-09 2.1e-09 3.4000000000000003e-09 3.6e-09 4.7e-09 5e-09 5.6000000000000005e-09 6.1e-09 6.4e-09 69
3e-10 5e-10 1e-09 1.5e-09 1.7000000000000001e-09 2.1e-09 2.9e-09 4.6e-09 4.8e-09 5.3e-09 5.8e-09 6.4e-09 70
3e-10 5e-10 1e-09 1.5e-09 1.8e-09 2.1e-09 2.8000000000000003e-09 3.4000000000000003e-09 4.7e-09 4.8e-09 5.6000000000000005e-09 5.8e-09 6.4e-09 70
3e-10 5e-10 1e-09 1.5e-09 1.7000000000000001e-09 2.1e-09 2.9e-09 4.6e-09 4.8e-09 5.6000000000000005e-09 5.8e-09 6.6e-09 70
3e-10 5e-10 1e-09 1.5e-09 1.8e-09 2.1e-09 2.8000000000000003e-09 4.6e-09 4.8e-09 5.6000000000000005e-09 5.8e-09 6.4e-09 70
3e-10 7.000000000000001e-10 1e-09 1.5e-09 2.1e-09 2.9e-09 4.6e-09 5e-09 5.6000000000000005e-09 5.8e-09 6.4e-09 70
3e-10 5e-10 1e-09 1.5e-09 1.8e-09 2e-09 2.1e-09 2.8000000000000003e-09 3.2e-09 3.4000000000000003e-09 4.7e-09 4.8e-09 5.6000000000000005e-09 5.8e-09 6.4e-09 70
3e-10 5e-10 1e-09 1.5e-09 1.8e-09 2e-09 2.1e-09 2.8000000000000003e-09 3.2e-09 3.4000000000000003e-09 3.6e-09 4.7e-09 4.8e-09 5.6000000000000005e-09 5.8e-09 6.4e-09 70
3e-10 4e-10 1e-09 1.5e-09 1.8e-09 2e-09 2.1e-09 2.8000000000000003e-09 4.7e-09 4.8e-09 5.6000000000000005e-09 6.1e-09 6.2e-09 6.4e-09 70
3e-10 5e-10 1e-09 1.5e-09 1.8e-09 2e-09 2.1e-09 2.6e-09 2.8000000000000003e-09 4.7e-09 4.8e-09 5.6000000000000005e-09 6.1e-09 6.4e-09 70
3e-10 5e-10 1e-09 1.5e-09 1.8e-09 2.1e-09 2.8000000000000003e-09 4.7e-09 4.8e-09 5.6000000000000005e-09 5.8e-09 6.4e-09 70
3e-10 5e-10 1e-09 1.5e-09 1.8e-09 2.1e-09 2.8000000000000003e-09 4.6e-09 4.8e-09 5.6000000000000005e-09 5.8e-09 6.4e-09 70
3e-10 4e-10 1e-09 1.5e-09 1.8e-09 2e-09 2.1e-09 2.8000000000000003e-09 4.7e-09 4.8e-09 5.6000000000000005e-09 5.8e-09 5.293263453748798e-187 6.4e-09 70
3e-10 7.000000000000001e-10 1e-09 1.5e-09 5.910114264584733e-184 2.9e-09 3.3e-09 4.7e-09 4.9e-09 5.6000000000000005e-09 1.18 6.4e-09 69
3e-10 6e-10 1.4000000000000001e-09 1.5e-09 2.1e-09 4.6e-09 4.8e-09 5.6000000000000005e-09 5.8e-09 6.4e-09 70
3e-10 5e-10 1e-09 1.6e-09 1.7000000000000001e-09 2.1e-09 2.9e-09 3.5000000000000003e-09 4.6e-09 5.2e-09 5.6000000000000005e-09 5.8e-09 6.6e-09 73
3e-10 4e-10 1e-09 1.5e-09 1.8e-09 2e-09 2.1e-09 4.7e-09 5e-09 5.6000000000000005e-09 5.8e-09 6.4e-09 69
2e-10 3e-10 4e-10 1e-09 1.5e-09 1.8e-09 2e-09 2.1e-09 2.8000000000000003e-09 4.6e-09 5e-09 5.6000000000000005e-09 5.8e-09 6.4e-09 6.7000000000000004e-09 70
3e-10 5e-10 1e-09 1.5e-09 1.8e-09 2e-09 2.1e-09 2.8000000000000003e-09 3.2e-09 3.6e-09 4.7e-09 4.8e-09 5.6000000000000005e-09 5.8e-09 6.4e-09 70
3e-10 4e-10 1e-09 1.5e-09 1.8e-09 2e-09 2.1e-09 2.8000000000000003e-09 3.5000000000000003e-09 4.6e-09 5.2e-09 5.6000000000000005e-09 5.8e-09 6.6e-09 70
3e-10 5e-10 1e-09 1.5e-09 1.7000000000000001e-09 2.1e-09 2.9e-09 4.6e-09 4.8e-09 5.6000000000000005e-09 5.8e-09 6.4e-09 70
3e-10 5e-10 1e-09 1.5e-09 1.8e-09 2e-09 2.1e-09 2.9e-09 3.4000000000000003e-09 3.6e-09 3.9e-09 4.7e-09 4.8e-09 5.6000000000000005e-09 6.1e-09 6.4e-09 70
1e-10 3e-10 1e-09 1.5e-09 1.9e-09 2e-09 2.1e-09 3.7e-09 4.6e-09 5e-09 5.6000000000000005e-09 5.8e-09 6.4e-09 72
3e-10 4e-10 1e-09 1.5e-09 1.8e-09 2e-09 2.1e-09 2.8000000000000003e-09 3.4000000000000003e-09 3.6e-09 3.9e-09 4.7e-09 4.8e-09 5.6000000000000005e-09 5.8e-09 6.4e-09 70
3e-10 6e-10 1.4000000000000001e-09 1.5e-09 2.1e-09 3.5000000000000003e-09 4.6e-09 5.2e-09 5.6000000000000005e-09 5.8e-09 6.6e-09 70
3e-10 6e-10 1.4000000000000001e-09 1.5e-09 2.1e-09 3.5000000000000003e-09 4.6e-09 5.2e-09 5.6000000000000005e-09 5.8e-09 6.5e-09 70
1e-10 3e-10 5e-10 1e-09 1.5e-09 2e-09 2.1e-09 2.6e-09 3.7e-09 4.6e-09 4.8e-09 5.6000000000000005e-09 5.8e-09 6.4e-09 72
3e-10 4e-10 1e-09 1.5e-09 1.8e-09 2e-09 2.1e-09 3.4000000000000003e-09 3.6e-09 4.7e-09 4.8e-09 5.6000000000000005e-09 6.1e-09 6.4e-09 69
3e-10 5e-10 1e-09 1.5e-09 1.8e-09 2e-09 2.1e-09 2.9e-09 4.5e-09 4.6e-09 4.8e-09 5.3e-09 5.8e-09 6.4e-09 70
3e-10 4e-10 1e-09 1.5e-09 1.8e-09 2e-09 2.1e-09 2.8000000000000003e-09 4.7e-09 4.8e-09 5.6000000000000005e-09 6.1e-09 6.4e-09 70
3e-10 1e-09 1.5e-09 2.3e-09 7.074370614335465e-185 0.84 4.7e-09 5e-09 5.6000000000000005e-09 5.8e-09 6.4e-09 69
3e-10 6e-10 1.4000000000000001e-09 1.5e-09 2.1e-09 3.5000000000000003e-09 4.6e-09 5.2e-09 5.6000000000000005e-09 5.8e-09 6.5e-09 70
3e-10 6e-10 1.4000000000000001e-09 1.5e-09 2.1e-09 3.3e-09 3.5000000000000003e-09 4.6e-09 5.2e-09 5.6000000000000005e-09 5.8e-09 6.4e-09 70
3e-10 5e-10 1e-09 1.5e-09 1.8e-09 2e-09 2.1e-09 2.8000000000000003e-09 3.2e-09 3.6e-09 4.7e-09 4.8e-09 5.6000000000000005e-09 5.8e-09 6.4e-09 70
3e-10 4e-10 1e-09 1.5e-09 1.8e-09 2e-09 2.1e-09 2.8000000000000003e-09 4.7e-09 4.8e-09 5.6000000000000005e-09 6.1e-09 6.2e-09 6.4e-09 70
3e-10 5e-10 1e-09 1.5e-09 1.7000000000000001e-09 2.1e-09 2.9e-09 3.3e-09 4.6e-09 4.8e-09 5.6000000000000005e-09 5.8e-09 6.5e-09 70
3e-10 4e-10 1e-09 1.5e-09 1.8e-09 2e-09 2.1e-09 2.8000000000000003e-09 3.3e-09 4.6e-09 4.8e-09 5.6000000000000005e-09 5.8e-09 6.4e-09 70
3e-10 1e-09 1.5e-09 1.8e-09 2e-09 2.1e-09 2.9e-09 3.4000000000000003e-09 3.6e-09 4.7e-09 4.8e-09 5.6000000000000005e-09 6.1e-09 6.4e-09 70
3e-10 4e-10 1e-09 1.5e-09 1.8e-09 2e-09 2.1e-09 2.8000000000000003e-09 4.6e-09 4.9e-09 5.6000000000000005e-09 5.8e-09 6.4e-09 70
3e-10 4e-10 1e-09 1.5e-09 1.8e-09 2e-09 2.1e-09 2.8000000000000003e-09 3.2e-09 4.6e-09 5e-09 5.6000000000000005e-09 5.8e-09 6.4e-09 70
3e-10 4e-10 1e-09 1.5e-09 1.8e-09 2e-09 2.1e-09 2.8000000000000003e-09 3.2e-09 3.4000000000000003e-09 4.6e-09 5e-09 5.6000000000000005e-09 5.8e-09 6.4e-09 70
3e-10 5e-10 1e-09 1.5e-09 1.8e-09 2e-09 2.1e-09 2.6e-09 2.9e-09 4.6e-09 4.8e-09 5.6000000000000005e-09 5.8e-09 6.4e-09 70
2e-10 3e-10 5e-10 1e-09 1.5e-09 1.7000000000000001e-09 2.1e-09 2.8000000000000003e-09 4.6e-09 5.1e-09 5.6000000000000005e-09 5.8e-09 6.4e-09 70
3e-10 6e-10 1.4000000000000001e-09 1.5e-09 2.1e-09 3.3e-09 3.5000000000000003e-09 4.6e-09 5.2e-09 5.6000000000000005e-09 5.8e-09 6.4e-09 70
3e-10 5e-10 1e-09 1.6e-09 1.7000000000000001e-09 2.1e-09 2.9e-09 4.7e-09 5.2e-09 1.08 6.1e-09 6.4e-09 73
3e-10 5e-10 1e-09 1.5e-09 1.8e-09 2e-09 2.1e-09 2.6e-09 2.8000000000000003e-09 3.4000000000000003e-09 3.6e-09 3.9e-09 4.7e-09 4.9e-09 5.6000000000000005e-09 5.8e-09 6.4e-09 70
3e-10 4e-10 1e-09 1.5e-09 1.8e-09 2e-09 2.1e-09 2.8000000000000003e-09 4.5e-09 4.6e-09 4.8e-09 5.6000000000000005e-09 5.8e-09 6.4e-09 70
3e-10 5e-10 1e-09 1.5e-09 1.8e-09 2e-09 2.1e-09 2.8000000000000003e-09 4.5e-09 4.6e-09 5.2e-09 5.6000000000000005e-09 5.8e-09 6.4e-09 70
3e-10 6e-10 1.4000000000000001e-09 1.5e-09 2.1e-09 4.6e-09 4.8e-09 5.6000000000000005e-09 5.8e-09 6.4e-09 70
3e-10 5e-10 1e-09 1.5e-09 1.8e-09 2.1e-09 2.8000000000000003e-09 4.6e-09 4.8e-09 5.6000000000000005e-09 5.8e-09 6.4e-09 70
3e-10 6e-10 1.4000000000000001e-09 1.5e-09 2.1e-09 4.6e-09 4.8e-09 5.6000000000000005e-09 5.8e-09 6.4e-09 70
3e-10 4e-10 1e-09 1.5e-09 1.8e-09 2e-09 2.1e-09 3.4000000000000003e-09 4.7e-09 5e-09 5.6000000000000005e-09 5.8e-09 6.4e-09 69
3e-10 4e-10 1e-09 1.5e-09 1.8e-09 2e-09 2.1e-09 2.8000000000000003e-09 3.2e-09 3.4000000000000003e-09 3.6e-09 4.7e-09 5e-09 5.6000000000000005e-09 6.1e-09 6.4e-09 70
3e-10 5e-10 1e-09 1.5e-09 1.8e-09 2e-09 2.1e-09 2.6e-09 2.8000000000000003e-09 3.4000000000000003e-09 3.6e-09 3.9e-09 4.7e-09 4.8e-09 5.6000000000000005e-09 5.8e-09 6.4e-09 70
3e-10 5e-10 1e-09 1.5e-09 1.7000000000000001e-09 2.1e-09 2.9e-09 4.5e-09 4.6e-09 5.2e-09 5.6000000000000005e-09 5.8e-09 6.4e-09 70
3e-10 5e-10 1e-09 1.5e-09 1.8e-09 2.1e-09 2.8000000000000003e-09 3.4000000000000003e-09 4.7e-09 4.8e-09 5.6000000000000005e-09 5.8e-09 6.4e-09 70
3e-10 6e-10 1.4000000000000001e-09 1.5e-09 2.1e-09 4.6e-09 4.8e-09 5.6000000000000005e-09 5.8e-09 6.4e-09 70
3e-10 5e-10 1e-09 1.6e-09 1.7000000000000001e-09 2.1e-09 2.9e-09 3.5000000000000003e-09 4.5e-09 4.6e-09 5.2e-09 5.6000000000000005e-09 5.8e-09 6.6e-09 73
1e-10 3e-10 5e-10 1e-09 1.5e-09 2e-09 2.1e-09 2.6e-09 1.8839331839782766e-185 4.7e-09 5e-09 5.6000000000000005e-09 5.8e-09 6.4e-09 72
3e-10 5e-10 1e-09 1.5e-09 1.8e-09 2.1e-09 2.8000000000000003e-09 3.4000000000000003e-09 4.6e-09 4.8e-09 5.6000000000000005e-09 5.8e-09 6.4e-09 70
3e-10 4e-10 1e-09 1.5e-09 1.8e-09 2e-09 2.1e-09 2.8000000000000003e-09 3.4000000000000003e-09 3.6e-09 3.9e-09 4.7e-09 5e-09 5.6000000000000005e-09 6.1e-09 6.4e-09 70
3e-10 4e-10 1e-09 1.5e-09 1.8e-09 2e-09 2.1e-09 2.8000000000000003e-09 3.4000000000000003e-09 3.6e-09 3.9e-09 4.7e-09 4.8e-09 5.3e-09 5.8e-09 6.4e-09 70
3e-10 5e-10 1e-09 1.5e-09 1.8e-09 2e-09 2.1e-09 2.9e-09 3.4000000000000003e-09 3.6e-09 3.9e-09 4.7e-09 4.8e-09 5.6000000000000005e-09 6.1e-09 6.4e-09 70
3e-10 4e-10 1e-09 1.5e-09 1.8e-09 2e-09 2.1e-09 2.8000000000000003e-09 3.3e-09 3.5000000000000003e-09 4.6e-09 5.2e-09 5.6000000000000005e-09 5.8e-09 6.6e-09 70
3e-10 5e-10 1e-09 1.5e-09 1.8e-09 2e-09 2.1e-09 2.8000000000000003e-09 3.2e-09 3.4000000000000003e-09 3.6e-09 4.7e-09 4.8e-09 5.6000000000000005e-09 6.1e-09 6.4e-09 70
3e-10 5e-10 1e-09 1.5e-09 1.8e-09 2e-09 2.1e-09 2.8000000000000003e-09 3.4000000000000003e-09 3.6e-09 4.7e-09 5.2e-09 5.6000000000000005e-09 5.8e-09 6.4e-09 70
3e-10 5e-10 1e-09 1.5e-09 1.8e-09 2e-09 2.1e-09 2.8000000000000003e-09 4.6e-09 4.8e-09 5.6000000000000005e-09 5.8e-09 6.4e-09 70
3e-10 5e-10 1e-09 1.5e-09 1.8e-09 2e-09 2.1e-09 2.6e-09 2.8000000000000003e-09 3.4000000000000003e-09 3.6e-09 3.9e-09 4.7e-09 4.8e-09 5.6000000000000005e-09 6.1e-09 6.4e-09 70
3e-10 4e-10 1e-09 1.5e-09 1.8e-09 2e-09 2.1e-09 2.8000000000000003e-09 3.2e-09 4.7e-09 5.2e-09 5.6000000000000005e-09 6.1e-09 6.4e-09 70
3e-10 5e-10 1e-09 1.5e-09 1.8e-09 2e-09 2.1e-09 2.9e-09 4.6e-09 5.2e-09 5.6000000000000005e-09 5.8e-09 6.4e-09 70
1e-10 3e-10 1e-09 1.5e-09 1.9e-09 2e-09 2.1e-09 4.1e-09 4.7e-09 4.8e-09 5.6000000000000005e-09 2.974631343123595e-185 6.4e-09 72
3e-10 5e-10 1e-09 1.5e-09 1.8e-09 2e-09 2.1e-09 2.8000000000000003e-09 3.2e-09 4.7e-09 5.2e-09 5.6000000000000005e-09 6.1e-09 6.4e-09 70
3e-10 5e-10 1e-09 1.5e-09 1.8e-09 2.1e-09 2.8000000000000003e-09 4.6e-09 4.8e-09 5.6000000000000005e-09 5.8e-09 6.4e-09 70
3e-10 5e-10 1e-09 1.5e-09 1.8e-09 2e-09 2.1e-09 2.9e-09 4.7e-09 4.9e-09 5.6000000000000005e-09 5.8e-09 6.4e-09 70
3e-10 4e-10 1e-09 1.5e-09 1.8e-09 2e-09 2.1e-09 2.8000000000000003e-09 4.7e-09 4.8e-09 5.6000000000000005e-09 6.1e-09 6.4e-09 70
3e-10 9e-10 1e-09 1.5e-09 1.8e-09 2e-09 2.1e-09 3e-09 4.7e-09 4.8e-09 5.6000000000000005e-09 6.1e-09 6.4e-09 69
3e-10 5e-10 1e-09 1.5e-09 1.8e-09 2e-09 2.1e-09 2.8000000000000003e-09 3.2e-09 3.4000000000000003e-09 3.6e-09 4.7e-09 4.8e-09 5.6000000000000005e-09 6.1e-09 6.4e-09 70
3e-10 4e-10 1e-09 1.5e-09 1.8e-09 2e-09 2.1e-09 4.7e-09 4.9e-09 5.6000000000000005e-09 5.8e-09 6.4e-09 69
3e-10 7.000000000000001e-10 1e-09 1.5e-09 5.910114264584733e-184 2.9e-09 4.7e-09 4.9e-09 5.6000000000000005e-09 1.18 6.4e-09 69
3e-10 4e-10 1e-09 1.5e-09 1.8e-09 2e-09 2.1e-09 2.8000000000000003e-09 4.5e-09 4.7e-09 5.2e-09 5.6000000000000005e-09 5.8e-09 6.4e-09 70
3e-10 6e-10 1.4000000000000001e-09 1.5e-09 2.1e-09 3.3e-09 3.5000000000000003e-09 4.6e-09 5e-09 5.6000000000000005e-09 5.8e-09 6.4e-09 70
3e-10 5e-10 1e-09 1.5e-09 1.8e-09 2e-09 2.1e-09 2.8000000000000003e-09 3.4000000000000003e-09 4.6e-09 4.8e-09 5.6000000000000005e-09 5.8e-09 6.4e-09 70
3e-10 5e-10 1e-09 1.5e-09 1.8e-09 2.1e-09 2.8000000000000003e-09 3.4000000000000003e-09 4.7e-09 4.8e-09 5.6000000000000005e-09 6.1e-09 6.4e-09 70
3e-10 5e-10 1e-09 1.5e-09 1.8e-09 2.1e-09 2.8000000000000003e-09 3.2e-09 4.7e-09 4.8e-09 5.6000000000000005e-09 6.1e-09 5.293263453748798e-187 6.4e-09 70
3e-10 5e-10 1e-09 1.5e-09 1.7000000000000001e-09 2.1e-09 2.9e-09 3.3e-09 4.6e-09 4.8e-09 5.6000000000000005e-09 5.8e-09 6.4e-09 70
3e-10 6e-10 1.4000000000000001e-09 1.5e-09 2.1e-09 3.5000000000000003e-09 4.6e-09 5.2e-09 5.6000000000000005e-09 5.8e-09 6.6e-09 70
3e-10 7.000000000000001e-10 1e-09 1.5e-09 2.1e-09 2.9e-09 4.6e-09 5e-09 5.6000000000000005e-09 5.8e-09 6.4e-09 70
3e-10 4e-10 1e-09 1.5e-09 1.8e-09 2e-09 2.1e-09 2.8000000000000003e-09 4.7e-09 4.8e-09 5.6000000000000005e-09 5.8e-09 6.4e-09 70
3e-10 4e-10 1e-09 1.5e-09 1.8e-09 2e-09 2.1e-09 2.8000000000000003e-09 4.7e-09 4.8e-09 5.6000000000000005e-09 6.1e-09 6.4e-09 70
3e-10 5e-10 1e-09 1.5e-09 1.7000000000000001e-09 2.1e-09 2.9e-09 4.5e-09 4.6e-09 4.8e-09 5.6000000000000005e-09 5.8e-09 6.4e-09 70
3e-10 5e-10 1e-09 1.5e-09 1.8e-09 2e-09 2.1e-09 2.8000000000000003e-09 4.7e-09 4.8e-09 5.6000000000000005e-09 5.8e-09 5.293263453748798e-187 6.4e-09 70
3e-10 4e-10 1e-09 1.5e-09 1.8e-09 2e-09 2.1e-09 2.8000000000000003e-09 3.2e-09 4.7e-09 5e-09 5.6000000000000005e-09 6.1e-09 6.4e-09 70
3e-10 4e-10 1e-09 1.5e-09 1.8e-09 2e-09 2.1e-09 2.8000000000000003e-09 3.2e-09 3.6e-09 4.7e-09 4.8e-09 5.6000000000000005e-09 6.1e-09 6.2e-09 6.4e-09 70
3e-10 8e-10 1e-09 1.5e-09 0.5 4.6e-09 4.8e-09 5.6000000000000005e-09 5.8e-09 6.4e-09 68
3e-10 5e-10 1e-09 1.5e-09 1.8e-09 2.1e-09 2.8000000000000003e-09 4.6e-09 4.8e-09 5.6000000000000005e-09 5.8e-09 6.4e-09 70
3e-10 5e-10 1e-09 1.5e-09 1.8e-09 2e-09 2.1e-09 2.8000000000000003e-09 3.4000000000000003e-09 4.7e-09 4.8e-09 5.6000000000000005e-09 5.8e-09 6.4e-09 70
3e-10 6e-10 1e-09 1.5e-09 2.1e-09 2.9e-09 3.2e-09 4.7e-09 5e-09 5.6000000000000005e-09 5.8e-09 6.4e-09 70
3e-10 6e-10 1.4000000000000001e-09 1.5e-09 2.1e-09 4.6e-09 4.8e-09 5.6000000000000005e-09 5.8e-09 6.4e-09 70
3e-10 4e-10 1e-09 1.5e-09 1.8e-09 2e-09 2.1e-09 2.8000000000000003e-09 3.2e-09 4.7e-09 5.2e-09 5.6000000000000005e-09 5.8e-09 6.4e-09 70
2e-10 3e-10 5e-10 1e-09 1.5e-09 1.7000000000000001e-09 2.1e-09 2.8000000000000003e-09 3.2e-09 4.6e-09 4.8e-09 5.6000000000000005e-09 5.8e-09 6.4e-09 70
3e-10 6e-10 1.4000000000000001e-09 1.5e-09 2.1e-09 3.5000000000000003e-09 4.6e-09 5.2e-09 5.6000000000000005e-09 5.8e-09 6.6e-09 70
3e-10 5e-10 1e-09 1.5e-09 1.8e-09 2e-09 2.1e-09 2.8000000000000003e-09 3.2e-09 4.7e-09 4.8e-09 5.6000000000000005e-09 5.8e-09 6.4e-09 70
3e-10 5e-10 1e-09 1.5e-09 1.8e-09 2e-09 2.1e-09 2.6e-09 2.8000000000000003e-09 3.9e-09 4.6e-09 4.8e-09 5.6000000000000005e-09 5.8e-09 6.4e-09 70
3e-10 4e-10 1e-09 1.5e-09 1.8e-09 2e-09 2.1e-09 2.8000000000000003e-09 3.2e-09 4.7e-09 4.8e-09 5.6000000000000005e-09 5.8e-09 6.4e-09 70
3e-10 9e-10 1e-09 1.5e-09 1.8e-09 2e-09 2.1e-09 3e-09 4.6e-09 4.9e-09 5.7000000000000006e-09 5.8e-09 6.4e-09 69
3e-10 6e-10 1.4000000000000001e-09 1.5e-09 2.1e-09 4.6e-09 4.8e-09 5.6000000000000005e-09 5.8e-09 6.4e-09 70
3e-10 5e-10 1e-09 1.5e-09 1.8e-09 2.1e-09 2.8000000000000003e-09 4.7e-09 4.8e-09 5.6000000000000005e-09 5.8e-09 6.4e-09 70
3e-10 5e-10 1e-09 1.5e-09 1.8e-09 2e-09 2.1e-09 2.8000000000000003e-09 3.2e-09 3.6e-09 4.7e-09 4.8e-09 5.6000000000000005e-09 6.1e-09 6.4e-09 70
3e-10 5e-10 1e-09 1.5e-09 1.8e-09 2e-09 2.1e-09 2.6e-09 2.8000000000000003e-09 4.7e-09 4.8e-09 5.6000000000000005e-09 6.1e-09 6.4e-09 70
3e-10 5e-10 1e-09 1.5e-09 1.8e-09 2e-09 2.1e-09 2.8000000000000003e-09 4.5e-09 4.6e-09 5.2e-09 5.6000000000000005e-09 5.8e-09 6.4e-09 70
3e-10 4e-10 1e-09 1.5e-09 1.8e-09 2e-09 2.1e-09 2.8000000000000003e-09 4.7e-09 4.8e-09 5.6000000000000005e-09 6.1e-09 6.4e-09 70
3e-10 5e-10 1e-09 1.5e-09 1.8e-09 2e-09 2.1e-09 2.9e-09 3.4000000000000003e-09 3.6e-09 3.9e-09 4.7e-09 4.8e-09 5.6000000000000005e-09 6.1e-09 6.4e-09 70
1e-10 3e-10 5e-10 1e-09 1.5e-09 2e-09 2.1e-09 2.6e-09 3.4000000000000003e-09 4.1e-09 4.7e-09 4.8e-09 5.6000000000000005e-09 5.8e-09 6.4e-09 72
1e-10 3e-10 5e-10 1e-09 1.5e-09 2e-09 2.1e-09 2.6e-09 4.1e-09 4.7e-09 4.8e-09 5.6000000000000005e-09 2.974631343123595e-185 6.4e-09 72
3e-10 1e-09 1.5e-09 1.7000000000000001e-09 2.1e-09 2.9e-09 4.5e-09 4.6e-09 4.8e-09 5.3e-09 5.8e-09 6.4e-09 70
3e-10 6e-10 1.4000000000000001e-09 1.5e-09 2.1e-09 4.6e-09 4.8e-09 5.6000000000000005e-09 5.8e-09 6.4e-09 70
3e-10 4e-10 1e-09 1.5e-09 1.8e-09 2e-09 2.1e-09 4.7e-09 4.9e-09 5.6000000000000005e-09 5.8e-09 6.4e-09 69
3e-10 4e-10 1.2e-09 1.5e-09 1.7000000000000001e-09 2.1e-09 3.2e-09 4.7e-09 4.8e-09 5.6000000000000005e-09 6.1e-09 6.4e-09 70
3e-10 4e-10 1e-09 1.5e-09 1.8e-09 2e-09 2.1e-09 2.8000000000000003e-09 3.5000000000000003e-09 4.6e-09 5.2e-09 5.6000000000000005e-09 5.8e-09 6.4e-09 70
3e-10 5e-10 1e-09 1.5e-09 1.7000000000000001e-09 2.1e-09 2.9e-09 3.5000000000000003e-09 4.6e-09 5.2e-09 5.6000000000000005e-09 5.8e-09 6.4e-09 70
3e-10 6e-10 1e-09 1.5e-09 2.1e-09 2.9e-09 3.2e-09 4.7e-09 5.2e-09 5.6000000000000005e-09 6.1e-09 6.4e-09 70
3e-10 5e-10 1e-09 1.5e-09 1.8e-09 2.1e-09 2.8000000000000003e-09 3.4000000000000003e-09 3.6e-09 4.7e-09 4.8e-09 5.6000000000000005e-09 5.8e-09 6.4e-09 70
3e-10 5e-10 1e-09 1.5e-09 1.8e-09 2e-09 2.1e-09 2.9e-09 3.3e-09 4.6e-09 4.8e-09 5.6000000000000005e-09 5.8e-09 6.4e-09 70
3e-10 5e-10 1e-09 1.5e-09 1.8e-09 2e-09 2.1e-09 2.8000000000000003e-09 4.7e-09 4.8e-09 5.6000000000000005e-09 5.8e-09 5.293263453748798e-187 6.4e-09 70
3e-10 5e-10 1e-09 1.5e-09 1.8e-09 2e-09 2.1e-09 2.6e-09 2.8000000000000003e-09 3.4000000000000003e-09 3.6e-09 3.9e-09 4.7e-09 4.9e-09 5.6000000000000005e-09 5.8e-09 6.4e-09 70
3e-10 1e-09 1.5e-09 1.8e-09 2e-09 2.1e-09 2.9e-09 4.7e-09 4.8e-09 5.6000000000000005e-09 5.8e-09 6.2e-09 6.4e-09 70
3e-10 6e-10 1.4000000000000001e-09 1.5e-09 2.1e-09 3.5000000000000003e-09 4.5e-09 4.6e-09 5.2e-09 5.6000000000000005e-09 5.8e-09 6.5e-09 70
3e-10 5e-10 1e-09 1.5e-09 1.8e-09 2e-09 2.1e-09 2.8000000000000003e-09 4.6e-09 4.8e-09 5.6000000000000005e-09 5.8e-09 6.4e-09 70
1e-10 3e-10 1e-09 1.5e-09 1.9e-09 2e-09 2.1e-09 4.1e-09 4.6e-09 5e-09 5.6000000000000005e-09 5.8e-09 6.4e-09 72
3e-10 5e-10 1e-09 1.5e-09 1.8e-09 2e-09 2.1e-09 2.9e-09 3.3e-09 4.7e-09 4.8e-09 5.6000000000000005e-09 6.1e-09 6.4e-09 70
3e-10 5e-10 1e-09 1.5e-09 1.8e-09 2e-09 2.1e-09 2.6e-09 2.8000000000000003e-09 4.5e-09 4.6e-09 4.8e-09 5.6000000000000005e-09 5.8e-09 6.4e-09 70
3e-10 5e-10 1e-09 1.5e-09 1.8e-09 2e-09 2.1e-09 2.6e-09 2.8000000000000003e-09 3.3e-09 4.6e-09 5.2e-09 5.6000000000000005e-09 5.8e-09 6.4e-09 70
3e-10 1e-09 1.5e-09 1.8e-09 2e-09 2.1e-09 2.9e-09 4.6e-09 4.8e-09 5.3e-09 5.8e-09 6.4e-09 70
2e-10 3e-10 5e-10 1e-09 1.5e-09 1.7000000000000001e-09 2.1e-09 2.8000000000000003e-09 3.2e-09 3.9e-09 4.6e-09 4.8e-09 5.3e-09 5.8e-09 6.4e-09 70
3e-10 4e-10 1e-09 1.5e-09 1.8e-09 2e-09 2.1e-09 4.6e-09 5e-09 5.6000000000000005e-09 5.8e-09 6.4e-09 69
3e-10 1e-09 1.5e-09 1.8e-09 2e-09 2.1e-09 2.9e-09 3.4000000000000003e-09 3.6e-09 4.7e-09 4.8e-09 5.6000000000000005e-09 5.8e-09 6.2e-09 6.4e-09 70
3e-10 5e-10 1e-09 1.6e-09 1.7000000000000001e-09 2.1e-09 2.9e-09 4.7e-09 5e-09 5.6000000000000005e-09 5.8e-09 6.2e-09 6.4e-09 73
3e-10 5e-10 1e-09 1.5e-09 1.7000000000000001e-09 2.1e-09 2.9e-09 3.5000000000000003e-09 4.6e-09 5.2e-09 5.6000000000000005e-09 5.8e-09 6.4e-09 70
3e-10 5e-10 1e-09 1.5e-09 1.8e-09 2.1e-09 2.8000000000000003e-09 4.7e-09 5e-09 5.6000000000000005e-09 6.1e-09 6.4e-09 70
1e-10 3e-10 5e-10 1e-09 1.5e-09 2e-09 2.1e-09 2.6e-09 3.4000000000000003e-09 3.7e-09 4.6e-09 5e-09 5.6000000000000005e-09 5.8e-09 6.4e-09 72
3e-10 5e-10 1e-09 1.6e-09 1.7000000000000001e-09 2.1e-09 2.9e-09 4.6e-09 4.9e-09 5.6000000000000005e-09 5.8e-09 6.2e-09 6.4e-09 73
3e-10 4e-10 1e-09 1.5e-09 1.8e-09 2e-09 2.1e-09 2.8000000000000003e-09 4.7e-09 5.2e-09 5.6000000000000005e-09 6.1e-09 6.4e-09 70
3e-10 5e-10 1e-09 1.6e-09 1.7000000000000001e-09 2.1e-09 2.9e-09 3.5000000000000003e-09 4.5e-09 4.6e-09 5.2e-09 5.6000000000000005e-09 5.8e-09 6.6e-09 73
1e-10 3e-10 5e-10 1e-09 1.5e-09 2e-09 2.1e-09 2.6e-09 4.1e-09 4.6e-09 5e-09 5.3e-09 5.8e-09 6.4e-09 72
3e-10 4e-10 1e-09 1.5e-09 1.8e-09 2e-09 2.1e-09 2.8000000000000003e-09 3.2e-09 3.6e-09 4.7e-09 5.2e-09 5.6000000000000005e-09 5.8e-09 6.4e-09 70
3e-10 4e-10 1e-09 1.5e-09 1.8e-09 2e-09 2.1e-09 4.7e-09 5e-09 5.6000000000000005e-09 6.1e-09 6.4e-09 69
2e-10 3e-10 4e-10 1e-09 1.5e-09 1.8e-09 2e-09 2.1e-09 2.8000000000000003e-09 4.6e-09 5e-09 5.6000000000000005e-09 5.8e-09 6.4e-09 6.7000000000000004e-09 70
3e-10 9e-10 1e-09 1.5e-09 1.8e-09 2e-09 2.1e-09 3e-09 4.7e-09 5e-09 5.3e-09 5.8e-09 6.4e-09 69
1e-10 3e-10 5e-10 1e-09 1.5e-09 2e-09 2.1e-09 2.6e-09 4.1e-09 4.7e-09 5e-09 5.6000000000000005e-09 5.8e-09 6.4e-09 72
3e-10 5e-10 1e-09 1.5e-09 1.8e-09 2e-09 2.1e-09 2.8000000000000003e-09 3.9e-09 4.6e-09 4.8e-09 5.6000000000000005e-09 5.8e-09 6.4e-09 70
2e-10 3e-10 5e-10 1e-09 1.5e-09 1.8e-09 2e-09 2.1e-09 2.6e-09 2.8000000000000003e-09 4.6e-09 5.1e-09 5.6000000000000005e-09 5.8e-09 6.4e-09 70
