3e-10 5e-10 1e-09 1.5e-09 1.7000000000000001e-09 2.1e-09 2.9e-09 4.6e-09 4.8e-09 5.3e-09 5.8e-09 6.4e-09 70
3e-10 5e-10 1e-09 1.5e-09 1.8e-09 2e-09 2.1e-09 2.9e-09 4.5e-09 4.6e-09 4.8e-09 5.6000000000000005e-09 5.8e-09 6.4e-09 70
3e-10 5e-10 1e-09 1.5e-09 1.8e-09 2.1e-09 2.8000000000000003e-09 3.9e-09 4.6e-09 4.8e-09 5.6000000000000005e-09 5.8e-09 6.4e-09 70
3e-10 6e-10 1.4000000000000001e-09 1.5e-09 2.1e-09 4.5e-09 4.6e-09 4.8e-09 5.6000000000000005e-09 5.8e-09 6.4e-09 70
3e-10 5e-10 1e-09 1.5e-09 1.8e-09 2e-09 2.1e-09 2.9e-09 3.2e-09 3.4000000000000003e-09 4.6e-09 4.8e-09 5.6000000000000005e-09 5.8e-09 6.4e-09 70
3e-10 4e-10 1e-09 1.5e-09 1.8e-09 2e-09 2.1e-09 2.8000000000000003e-09 4.7e-09 4.8e-09 5.6000000000000005e-09 5.8e-09 1.9768570512550468e-156 6.4e-09 70
3e-10 4e-10 1e-09 1.5e-09 1.8e-09 2e-09 2.1e-09 3.4000000000000003e-09 3.6e-09 4.7e-09 5e-09 5.6000000000000005e-09 6.1e-09 6.4e-09 69
3e-10 5e-10 1e-09 1.5e-09 1.7000000000000001e-09 2.1e-09 2.9e-09 3.4000000000000003e-09 4.6e-09 4.8e-09 5.3e-09 5.8e-09 6.4e-09 70
3e-10 4e-10 1e-09 1.5e-09 1.8e-09 2e-09 2.1e-09 3.6e-09 4.7e-09 5e-09 8.015374670885809e-300 6.1e-09 6.4e-09 69
3e-10 4e-10 1e-09 1.5e-09 1.8e-09 2e-09 2.1e-09 2.8000000000000003e-09 4.5e-09 4.7e-09 4.8e-09 5.6000000000000005e-09 6.1e-09 6.4e-09 70
3e-10 4e-10 1e-09 1.5e-09 1.8e-09 2e-09 2.1e-09 2.8000000000000003e-09 4.7e-09 4.8e-09 5.6000000000000005e-09 5.8e-09 6.4e-09 70
3e-10 5e-10 1e-09 1.5e-09 1.7000000000000001e-09 2.1e-09 2.9e-09 3.4000000000000003e-09 3.6e-09 3.9e-09 4.7e-09 4.8e-09 1.725827584429009e-156 5.8e-09 6.4e-09 70
3e-10 4e-10 1e-09 1.5e-09 1.8e-09 2e-09 2.1e-09 2.8000000000000003e-09 3.4000000000000003e-09 3.6e-09 3.9e-09 4.7e-09 4.8e-09 5.6000000000000005e-09 6.1e-09 6.4e-09 70
3e-10 5e-10 1e-09 1.5e-09 1.8e-09 2.1e-09 2.8000000000000003e-09 4.6e-09 4.8e-09 5.6000000000000005e-09 5.8e-09 6.4e-09 70
3e-10 5e-10 1e-09 1.5e-09 1.8e-09 2e-09 2.1e-09 2.9e-09 3.3e-09 4.6e-09 4.8e-09 5.6000000000000005e-09 5.8e-09 6.4e-09 70
3e-10 4e-10 1e-09 1.5e-09 1.8e-09 2e-09 2.1e-09 2.8000000000000003e-09 4.7e-09 4.8e-09 5.6000000000000005e-09 5.8e-09 6.4e-09 70
3e-10 4e-10 1e-09 1.5e-09 1.8e-09 2e-09 2.1e-09 2.8000000000000003e-09 3.9e-09 4.7e-09 4.8e-09 5.6000000000000005e-09 6.1e-09 6.4e-09 70
3e-10 5e-10 1e-09 1.5e-09 1.8e-09 2.1e-09 2.8000000000000003e-09 3.4000000000000003e-09 4.7e-09 4.8e-09 5.6000000000000005e-09 5.8e-09 6.4e-09 70
3e-10 4e-10 1e-09 1.5e-09 1.8e-09 2e-09 2.1e-09 2.8000000000000003e-09 4.5e-09 4.6e-09 4.8e-09 5.6000000000000005e-09 5.8e-09 6.4e-09 70
3e-10 5e-10 1e-09 1.5e-09 1.8e-09 2e-09 2.1e-09 2.9e-09 4.6e-09 5.2e-09 5.3e-09 5.8e-09 6.4e-09 70
3e-10 5e-10 1e-09 1.5e-09 1.8e-09 2.1e-09 2.8000000000000003e-09 4.6e-09 4.8e-09 5.6000000000000005e-09 5.8e-09 6.4e-09 70
3e-10 4e-10 1e-09 1.5e-09 1.8e-09 2e-09 2.1e-09 3.2e-09 4.7e-09 5e-09 8.015374670885809e-300 6.1e-09 6.4e-09 69
3e-10 6e-10 1.4000000000000001e-09 1.5e-09 2.1e-09 3.5000000000000003e-09 4.6e-09 5e-09 5.6000000000000005e-09 5.8e-09 6.4e-09 70
3e-10 6e-10 1.4000000000000001e-09 1.5e-09 2.1e-09 4.6e-09 4.8e-09 5.6000000000000005e-09 5.8e-09 6.4e-09 70
3e-10 5e-10 1e-09 1.5e-09 1.8e-09 2.1e-09 2.8000000000000003e-09 3.4000000000000003e-09 4.6e-09 5e-09 5.6000000000000005e-09 5.8e-09 6.4e-09 70
3e-10 5e-10 1e-09 1.6e-09 1.7000000000000001e-09 2.1e-09 2.9e-09 3.5000000000000003e-09 4.5e-09 4.6e-09 5.2e-09 5.6000000000000005e-09 5.8e-09 6.6e-09 73
3e-10 4e-10 1.1061481174583726e-302 1.5e-09 1.7000000000000001e-09 2.1e-09 4.7e-09 4.8e-09 5.6000000000000005e-09 5.8e-09 6.4e-09 70
3e-10 5e-10 3.1283636118671765e-238 1.5e-09 2.1e-09 2.8000000000000003e-09 4.6e-09 5.2e-09 5.6000000000000005e-09 5.8e-09 6.4e-09 73
3e-10 1e-09 1.5e-09 1.8e-09 2e-09 2.1e-09 2.9e-09 4.6e-09 4.8e-09 5.3e-09 5.8e-09 6.4e-09 70
3e-10 4e-10 1e-09 1.5e-09 1.8e-09 2e-09 2.1e-09 2.8000000000000003e-09 4.7e-09 4.8e-09 5.6000000000000005e-09 6.1e-09 6.4e-09 70
3e-10 5e-10 1e-09 1.5e-09 1.8e-09 2.1e-09 2.8000000000000003e-09 4.6e-09 4.8e-09 5.6000000000000005e-09 5.8e-09 6.4e-09 70
3e-10 5e-10 1e-09 1.5e-09 1.8e-09 2e-09 2.1e-09 2.6e-09 2.8000000000000003e-09 3.3e-09 4.6e-09 5.2e-09 5.6000000000000005e-09 5.8e-09 6.4e-09 70
3e-10 5e-10 1e-09 1.5e-09 1.8e-09 2e-09 2.1e-09 2.8000000000000003e-09 4.7e-09 4.8e-09 5.6000000000000005e-09 5.8e-09 6.2e-09 6.4e-09 70
3e-10 4e-10 1e-09 1.5e-09 1.8e-09 2e-09 2.1e-09 3.4000000000000003e-09 3.6e-09 4.7e-09 5e-09 5.6000000000000005e-09 6.1e-09 6.4e-09 69
1e-10 3e-10 5e-10 1e-09 1.5e-09 1.8e-09 2e-09 2.1e-09 2.6e-09 4.6e-09 4.9e-09 5.6000000000000005e-09 5.8e-09 6.4e-09 72
1e-10 3e-10 5e-10 1e-09 1.5e-09 2e-09 2.1e-09 2.6e-09 3.7e-09 4.7e-09 4.8e-09 5.6000000000000005e-09 5.8e-09 6.4e-09 72
3e-10 4e-10 1e-09 1.5e-09 1.8e-09 2e-09 2.1e-09 3.4000000000000003e-09 4.7e-09 4.8e-09 5.6000000000000005e-09 6.1e-09 6.4e-09 69
3e-10 5e-10 1e-09 1.5e-09 1.7000000000000001e-09 2.1e-09 2.9e-09 3.4000000000000003e-09 3.6e-09 3.9e-09 4.7e-09 4.8e-09 1.725827584429009e-156 5.8e-09 6.4e-09 70
3e-10 4e-10 1e-09 1.5e-09 1.8e-09 2e-09 2.1e-09 3.6e-09 4.7e-09 7.412041558346335e-301 5.6000000000000005e-09 5.8e-09 6.4e-09 69
3e-10 5e-10 1e-09 1.5e-09 1.8e-09 2e-09 2.1e-09 2.8000000000000003e-09 3.2e-09 4.7e-09 4.8e-09 5.6000000000000005e-09 6.1e-09 6.4e-09 70
3e-10 5e-10 1e-09 1.5e-09 1.8e-09 2.1e-09 2.8000000000000003e-09 4.6e-09 4.8e-09 5.6000000000000005e-09 5.8e-09 1.9768570512550468e-156 6.4e-09 70
3e-10 4e-10 1e-09 1.5e-09 1.8e-09 2e-09 2.1e-09 3.4000000000000003e-09 4.7e-09 5e-09 5.6000000000000005e-09 5.8e-09 6.4e-09 69
3e-10 5e-10 1e-09 1.5e-09 1.8e-09 2e-09 2.1e-09 2.8000000000000003e-09 3.2e-09 3.4000000000000003e-09 3.6e-09 4.7e-09 4.8e-09 5.6000000000000005e-09 6.1e-09 6.4e-09 70
3e-10 5e-10 1e-09 1.5e-09 1.8e-09 2e-09 2.1e-09 2.6e-09 2.8000000000000003e-09 3.4000000000000003e-09 3.6e-09 3.9e-09 4.7e-09 4.8e-09 5.6000000000000005e-09 5.8e-09 6.4e-09 70
3e-10 5e-10 3.1283636118671765e-238 1.5e-09 2.1e-09 2.8000000000000003e-09 4.6e-09 5.2e-09 5.6000000000000005e-09 5.8e-09 6.4e-09 73
3e-10 5e-10 1e-09 1.6e-09 1.7000000000000001e-09 2.1e-09 2.9e-09 4.6e-09 5.2e-09 5.6000000000000005e-09 5.8e-09 6.2e-09 6.4e-09 73
3e-10 4e-10 1e-09 1.5e-09 1.8e-09 2e-09 2.1e-09 4.7e-09 4.9e-09 5.6000000000000005e-09 5.8e-09 6.4e-09 69
3e-10 4e-10 1e-09 1.5e-09 8.145335788418425e-301 3.3e-09 4.6e-09 5e-09 5.6000000000000005e-09 5.8e-09 6.4e-09 70
3e-10 5e-10 1e-09 1.5e-09 1.7000000000000001e-09 2.1e-09 2.9e-09 3.3e-09 4.5e-09 4.6e-09 4.8e-09 5.6000000000000005e-09 5.8e-09 6.4e-09 70
1e-10 3e-10 1e-09 1.5e-09 1.870781361069266e-304 2e-09 2.1e-09 4.1e-09 4.7e-09 4.8e-09 5.6000000000000005e-09 8.843366560036184e-243 6.4e-09 72
3e-10 3.294142357958874e-302 1e-09 1.5e-09 1.8e-09 2e-09 2.1e-09 1.098047452652958e-301 4.7e-09 5.2e-09 5.6000000000000005e-09 5.8e-09 6.4e-09 70
3e-10 5e-10 1e-09 1.5e-09 1.7000000000000001e-09 2.1e-09 2.9e-09 4.6e-09 5.2e-09 5.6000000000000005e-09 5.8e-09 6.6e-09 70
3e-10 5e-10 1e-09 1.5e-09 1.8e-09 2e-09 2.1e-09 2.8000000000000003e-09 3.2e-09 4.7e-09 4.8e-09 5.6000000000000005e-09 5.8e-09 6.4e-09 70
3e-10 4e-10 1e-09 1.5e-09 1.8e-09 2e-09 2.1e-09 4.7e-09 5e-09 5.6000000000000005e-09 5.8e-09 6.4e-09 69
3e-10 5e-10 1e-09 1.5e-09 1.7000000000000001e-09 2.1e-09 2.9e-09 3.4000000000000003e-09 3.6e-09 3.9e-09 4.7e-09 4.8e-09 1.725827584429009e-156 5.8e-09 6.4e-09 70
3e-10 3.294142357958874e-302 1e-09 1.5e-09 1.8e-09 2e-09 2.1e-09 1.098047452652958e-301 4.7e-09 5e-09 5.6000000000000005e-09 5.8e-09 6.4e-09 69
3e-10 5e-10 1e-09 1.5e-09 1.8e-09 2e-09 2.1e-09 2.6e-09 2.8000000000000003e-09 4.7e-09 4.8e-09 5.6000000000000005e-09 6.1e-09 6.4e-09 70
3e-10 4e-10 1e-09 1.5e-09 1.8e-09 2e-09 2.1e-09 3.6e-09 4.7e-09 5e-09 5.6000000000000005e-09 5.8e-09 6.4e-09 69
3e-10 5e-10 1e-09 1.5e-09 8.145335788418425e-301 2.9e-09 4.6e-09 4.8e-09 5.6000000000000005e-09 5.8e-09 6.4e-09 70
3e-10 5e-10 1e-09 1.5e-09 1.8e-09 2e-09 2.1e-09 2.6e-09 2.8000000000000003e-09 3.4000000000000003e-09 3.6e-09 3.9e-09 4.7e-09 4.9e-09 5.6000000000000005e-09 6.1e-09 6.4e-09 70
1e-10 3e-10 5e-10 1e-09 1.5e-09 2e-09 2.1e-09 2.6e-09 3.4000000000000003e-09 4.6e-09 4.8e-09 5.6000000000000005e-09 5.8e-09 6.4e-09 72
3e-10 7.000000000000001e-10 1e-09 1.5e-09 2.1e-09 2.9e-09 3.3e-09 4.6e-09 5e-09 5.6000000000000005e-09 5.8e-09 6.4e-09 70
3e-10 6e-10 1e-09 1.5e-09 2.1e-09 2.9e-09 4.7e-09 5.2e-09 5.6000000000000005e-09 5.8e-09 6.4e-09 70
3e-10 4e-10 1e-09 1.5e-09 1.8e-09 2e-09 2.1e-09 4.7e-09 5e-09 8.015374670885809e-300 5.8e-09 6.4e-09 69
3e-10 5e-10 1e-09 1.5e-09 1.8e-09 2e-09 2.1e-09 2.8000000000000003e-09 4.7e-09 4.8e-09 5.6000000000000005e-09 5.8e-09 6.4e-09 70
3e-10 5e-10 1e-09 1.5e-09 1.8e-09 2.1e-09 2.8000000000000003e-09 4.6e-09 4.8e-09 5.6000000000000005e-09 5.8e-09 1.9768570512550468e-156 6.4e-09 70
3e-10 1e-09 1.5e-09 8.145335788418425e-301 3.254974562725364e-155 0.84 4.7e-09 5e-09 5.6000000000000005e-09 5.8e-09 6.4e-09 69
2e-10 3e-10 5e-10 1e-09 1.6e-09 1.7000000000000001e-09 2.1e-09 2.8000000000000003e-09 3.3e-09 3.9e-09 4.7e-09 4.9e-09 5.6000000000000005e-09 5.8e-09 6.4e-09 73
1e-10 3e-10 5e-10 1e-09 1.5e-09 1.8e-09 2e-09 2.1e-09 2.6e-09 4.6e-09 5e-09 5.6000000000000005e-09 5.8e-09 6.4e-09 72
3e-10 4e-10 1e-09 1.5e-09 1.8e-09 2e-09 2.1e-09 3.6e-09 4.7e-09 7.412041558346335e-301 5.6000000000000005e-09 6.1e-09 6.4e-09 69
3e-10 4e-10 1e-09 1.5e-09 1.870781361069266e-304 2e-09 2.1e-09 2.9e-09 4.7e-09 4.8e-09 5.6000000000000005e-09 6.1e-09 6.4e-09 70
3e-10 5e-10 1e-09 1.5e-09 1.8e-09 2e-09 2.1e-09 2.9e-09 4.6e-09 4.8e-09 5.3e-09 5.8e-09 6.4e-09 70
3e-10 5e-10 1e-09 1.5e-09 1.8e-09 2.1e-09 2.8000000000000003e-09 3.4000000000000003e-09 3.6e-09 4.7e-09 4.8e-09 5.6000000000000005e-09 6.1e-09 6.4e-09 70
3e-10 6e-10 1.4000000000000001e-09 1.5e-09 2.1e-09 4.6e-09 4.8e-09 5.6000000000000005e-09 5.8e-09 6.4e-09 70
3e-10 4e-10 1e-09 1.5e-09 1.8e-09 2e-09 2.1e-09 2.8000000000000003e-09 4.7e-09 4.8e-09 5.6000000000000005e-09 6.1e-09 6.4e-09 70
3e-10 5e-10 1e-09 1.5e-09 1.8e-09 2e-09 2.1e-09 2.6e-09 2.9e-09 4.6e-09 5.2e-09 5.6000000000000005e-09 5.8e-09 6.4e-09 70
3e-10 5e-10 1e-09 1.5e-09 1.8e-09 2e-09 2.1e-09 2.8000000000000003e-09 3.2e-09 3.6e-09 4.7e-09 4.8e-09 5.6000000000000005e-09 6.1e-09 6.4e-09 70
3e-10 1e-09 1.5e-09 1.8e-09 2e-09 2.1e-09 2.9e-09 4.6e-09 4.8e-09 5.6000000000000005e-09 5.8e-09 6.4e-09 70
3e-10 4e-10 1e-09 1.5e-09 1.8e-09 2e-09 2.1e-09 2.8000000000000003e-09 3.2e-09 3.4000000000000003e-09 3.6e-09 4.7e-09 5e-09 5.6000000000000005e-09 5.8e-09 6.4e-09 70
3e-10 5e-10 1e-09 1.5e-09 1.8e-09 2.1e-09 2.8000000000000003e-09 4.7e-09 4.8e-09 5.6000000000000005e-09 5.8e-09 6.4e-09 70
3e-10 1e-09 1.5e-09 1.870781361069266e-304 2e-09 2.1e-09 2.9e-09 4.7e-09 4.8e-09 5.6000000000000005e-09 6.1e-09 6.2e-09 6.4e-09 70
3e-10 4e-10 1e-09 1.5e-09 8.145335788418425e-301 4.6e-09 5e-09 5.6000000000000005e-09 5.8e-09 6.4e-09 70
1e-10 3e-10 1e-09 1.5e-09 1.870781361069266e-304 2e-09 2.1e-09 4.1e-09 4.6e-09 4.8e-09 5.3e-09 5.8e-09 6.4e-09 72
3e-10 4e-10 1.1061481174583726e-302 1.5e-09 1.7000000000000001e-09 2.1e-09 3.2e-09 4.7e-09 4.8e-09 5.6000000000000005e-09 5.8e-09 6.4e-09 70
3e-10 5e-10 1e-09 1.5e-09 1.8e-09 2e-09 2.1e-09 2.9e-09 4.5e-09 4.6e-09 5.2e-09 5.6000000000000005e-09 5.8e-09 6.4e-09 70
3e-10 8e-10 1.4000000000000001e-09 1.5e-09 2.1e-09 3.5000000000000003e-09 4.7e-09 5.2e-09 5.6000000000000005e-09 6.1e-09 6.4e-09 70
3e-10 5e-10 1.1061481174583726e-302 1.5e-09 1.7000000000000001e-09 2.1e-09 2.9e-09 4.6e-09 4.8e-09 5.6000000000000005e-09 5.8e-09 6.4e-09 70
3e-10 6e-10 1.4000000000000001e-09 1.5e-09 2.1e-09 3.3e-09 3.5000000000000003e-09 4.6e-09 5.2e-09 5.6000000000000005e-09 5.8e-09 6.4000414983948576e-304 70
3e-10 1e-09 1.5e-09 1.7000000000000001e-09 2.1e-09 2.9e-09 3.5000000000000003e-09 4.6e-09 5.2e-09 5.6000000000000005e-09 5.8e-09 6.6e-09 70
1e-10 3e-10 5e-10 1e-09 1.5e-09 2e-09 2.1e-09 2.6e-09 3.7e-09 4.7e-09 4.9e-09 5.6000000000000005e-09 5.8e-09 6.4e-09 72
3e-10 4e-10 1e-09 1.5e-09 1.8e-09 2e-09 2.1e-09 2.8000000000000003e-09 3.9e-09 4.7e-09 4.9e-09 5.6000000000000005e-09 6.1e-09 6.4e-09 70
3e-10 5e-10 1e-09 1.5e-09 1.8e-09 2e-09 2.1e-09 2.6e-09 2.9e-09 4.6e-09 4.8e-09 5.6000000000000005e-09 5.8e-09 6.4e-09 70
3e-10 1e-09 1.5e-09 1.870781361069266e-304 2e-09 2.1e-09 2.9e-09 4.7e-09 4.8e-09 5.6000000000000005e-09 6.1e-09 6.2e-09 6.4e-09 70
3e-10 4e-10 1e-09 1.5e-09 1.8e-09 2e-09 2.1e-09 2.8000000000000003e-09 4.7e-09 4.8e-09 5.6000000000000005e-09 5.8e-09 1.9768570512550468e-156 6.4e-09 70
3e-10 5e-10 1e-09 1.5e-09 1.8e-09 2e-09 2.1e-09 2.9e-09 3.3e-09 4.7e-09 4.8e-09 5.6000000000000005e-09 6.1e-09 6.4e-09 70
3e-10 5e-10 1e-09 1.5e-09 1.8e-09 2e-09 2.1e-09 2.6e-09 2.9e-09 4.6e-09 4.8e-09 5.6000000000000005e-09 5.8e-09 6.4e-09 70
1e-10 3e-10 1e-09 1.5e-09 1.870781361069266e-304 2e-09 2.1e-09 3.7e-09 4.6e-09 4.8e-09 5.3e-09 5.8e-09 6.4e-09 72
3e-10 5e-10 1e-09 1.5e-09 1.8e-09 2e-09 2.1e-09 2.9e-09 4.7e-09 4.8e-09 5.6000000000000005e-09 5.8e-09 1.9768570512550468e-156 6.4e-09 70
2e-10 3e-10 5e-10 1e-09 1.5e-09 1.8e-09 2e-09 2.1e-09 2.6e-09 2.8000000000000003e-09 4.7e-09 4.9e-09 5.6000000000000005e-09 6.1e-09 6.4e-09 70
3e-10 1e-09 1.5e-09 8.145335788418425e-301 3.254974562725364e-155 4.7e-09 7.412041558346335e-301 5.6000000000000005e-09 5.8e-09 6.4e-09 69
2e-10 3e-10 5e-10 1e-09 1.5e-09 1.8e-09 2e-09 2.1e-09 2.6e-09 2.8000000000000003e-09 4.6e-09 4.8e-09 5.6000000000000005e-09 5.8e-09 6.4e-09 70
3e-10 6e-10 1.4000000000000001e-09 1.5e-09 2.1e-09 4.6e-09 5e-09 5.6000000000000005e-09 5.8e-09 6.4e-09 70
3e-10 4e-10 1e-09 1.5e-09 1.8e-09 2e-09 2.1e-09 4.7e-09 5e-09 5.6000000000000005e-09 5.8e-09 6.4e-09 69
3e-10 1e-09 1.5e-09 1.8e-09 2e-09 2.1e-09 2.9e-09 3.9e-09 4.7e-09 4.8e-09 5.6000000000000005e-09 5.8e-09 6.4e-09 70
3e-10 5e-10 1e-09 1.5e-09 1.8e-09 2e-09 2.1e-09 2.6e-09 2.8000000000000003e-09 4.6e-09 4.8e-09 5.6000000000000005e-09 5.8e-09 6.4e-09 70
3e-10 4e-10 1e-09 1.5e-09 1.8e-09 2e-09 2.1e-09 2.8000000000000003e-09 3.4000000000000003e-09 3.9e-09 4.6e-09 4.8e-09 5.6000000000000005e-09 5.8e-09 6.4e-09 70
3e-10 4e-10 1e-09 1.5e-09 1.8e-09 2e-09 2.1e-09 2.8000000000000003e-09 4.7e-09 4.8e-09 5.6000000000000005e-09 6.1e-09 6.2e-09 6.4e-09 70
3e-10 5e-10 1e-09 1.5e-09 1.8e-09 2e-09 2.1e-09 2.6e-09 2.8000000000000003e-09 3.4000000000000003e-09 3.6e-09 3.9e-09 4.7e-09 4.9e-09 5.6000000000000005e-09 5.8e-09 6.4e-09 70
3e-10 4e-10 1e-09 1.5e-09 1.8e-09 2e-09 2.1e-09 3.4000000000000003e-09 3.6e-09 4.7e-09 4.8e-09 5.6000000000000005e-09 6.1e-09 6.4e-09 69
3e-10 7.000000000000001e-10 1e-09 1.5e-09 2.1e-09 2.9e-09 4.6e-09 5e-09 5.6000000000000005e-09 5.8e-09 6.4e-09 70
3e-10 4e-10 1e-09 1.5e-09 1.8e-09 2e-09 2.1e-09 2.8000000000000003e-09 4.5e-09 4.6e-09 4.8e-09 5.6000000000000005e-09 5.8e-09 6.4e-09 70
3e-10 6e-10 1.4000000000000001e-09 1.5e-09 2.1e-09 3.5000000000000003e-09 4.6e-09 5.2e-09 5.6000000000000005e-09 5.8e-09 6.4e-09 70
3e-10 4e-10 1e-09 1.5e-09 1.8e-09 2e-09 2.1e-09 3.4000000000000003e-09 3.6e-09 4.7e-09 4.8e-09 5.6000000000000005e-09 5.8e-09 6.4e-09 69
3e-10 5e-10 1e-09 1.5e-09 1.8e-09 2e-09 2.1e-09 2.9e-09 4.7e-09 4.9e-09 5.6000000000000005e-09 6.1e-09 6.4e-09 70
3e-10 5e-10 1e-09 1.5e-09 1.7000000000000001e-09 2.1e-09 2.9e-09 3.4000000000000003e-09 3.6e-09 3.9e-09 4.7e-09 4.8e-09 1.725827584429009e-156 5.8e-09 6.4e-09 70
3e-10 4e-10 1e-09 1.5e-09 1.8e-09 2e-09 2.1e-09 4.6e-09 4.8e-09 5.3e-09 5.8e-09 6.4e-09 69
3e-10 4e-10 1e-09 1.5e-09 1.8e-09 2e-09 2.1e-09 2.8000000000000003e-09 3.2e-09 4.7e-09 4.8e-09 5.6000000000000005e-09 5.8e-09 6.4e-09 70
3e-10 5e-10 1.1061481174583726e-302 1.5e-09 1.7000000000000001e-09 2.1e-09 2.9e-09 4.6e-09 4.8e-09 5.6000000000000005e-09 5.8e-09 6.4e-09 70
3e-10 5e-10 1e-09 1.5e-09 1.8e-09 2.1e-09 2.8000000000000003e-09 3.2e-09 4.7e-09 4.8e-09 5.6000000000000005e-09 6.1e-09 1.9768570512550468e-156 6.4e-09 70
3e-10 4e-10 1e-09 1.5e-09 8.145335788418425e-301 3.3e-09 4.6e-09 5e-09 5.6000000000000005e-09 5.8e-09 6.4e-09 70
3e-10 4e-10 1e-09 1.5e-09 1.8e-09 2e-09 2.1e-09 2.8000000000000003e-09 4.5e-09 4.6e-09 4.8e-09 5.6000000000000005e-09 5.8e-09 6.4e-09 70
3e-10 4e-10 1e-09 1.5e-09 1.8e-09 2e-09 2.1e-09 2.8000000000000003e-09 4.7e-09 5.2e-09 5.6000000000000005e-09 6.1e-09 6.4e-09 70
3e-10 7.000000000000001e-10 1e-09 1.5e-09 9.419645465367256e-241 2.9e-09 3.3e-09 4.6e-09 5e-09 5.6000000000000005e-09 5.8e-09 6.4e-09 69
3e-10 4e-10 1.1061481174583726e-302 1.5e-09 1.7000000000000001e-09 2.1e-09 3.2e-09 4.7e-09 4.8e-09 5.6000000000000005e-09 6.1e-09 6.4e-09 70
3e-10 1e-09 1.5e-09 1.8e-09 2e-09 2.1e-09 2.9e-09 3.9e-09 4.7e-09 4.8e-09 5.6000000000000005e-09 5.8e-09 6.4e-09 70
3e-10 4e-10 1e-09 1.5e-09 1.8e-09 2e-09 2.1e-09 2.8000000000000003e-09 4.6e-09 4.8e-09 5.6000000000000005e-09 5.8e-09 6.4e-09 70
1e-10 3e-10 1e-09 1.5e-09 1.870781361069266e-304 2e-09 2.1e-09 5.60079882135625e-243 4.6e-09 5e-09 5.6000000000000005e-09 5.8e-09 6.4e-09 72
3e-10 1e-09 1.5e-09 1.7000000000000001e-09 2.1e-09 2.9e-09 4.5e-09 4.6e-09 4.8e-09 5.6000000000000005e-09 5.8e-09 6.4e-09 70
3e-10 5e-10 1e-09 1.5e-09 1.8e-09 2e-09 2.1e-09 2.9e-09 3.4000000000000003e-09 4.7e-09 4.8e-09 5.6000000000000005e-09 6.1e-09 6.4e-09 70
3e-10 5e-10 1e-09 1.5e-09 1.7000000000000001e-09 2.1e-09 2.9e-09 4.6e-09 4.8e-09 5.3e-09 5.8e-09 6.4e-09 70
3e-10 5e-10 1e-09 1.5e-09 1.8e-09 2e-09 2.1e-09 2.8000000000000003e-09 4.7e-09 4.8e-09 5.6000000000000005e-09 5.8e-09 6.4e-09 70
3e-10 4e-10 1e-09 1.5e-09 1.8e-09 2e-09 2.1e-09 4.6e-09 4.8e-09 5.3e-09 5.8e-09 6.4e-09 69
3e-10 1e-09 1.5e-09 1.8e-09 2e-09 2.1e-09 2.9e-09 3.4000000000000003e-09 3.6e-09 4.7e-09 4.8e-09 5.6000000000000005e-09 5.8e-09 6.4e-09 70
3e-10 4e-10 1e-09 1.5e-09 1.8e-09 2e-09 2.1e-09 3.4000000000000003e-09 4.7e-09 4.8e-09 5.6000000000000005e-09 6.1e-09 6.4e-09 69
3e-10 6e-10 1.4000000000000001e-09 1.5e-09 2.1e-09 3.5000000000000003e-09 4.6e-09 5.2e-09 5.6000000000000005e-09 5.8e-09 6.6e-09 70
3e-10 5e-10 1e-09 1.5e-09 1.8e-09 2e-09 2.1e-09 2.8000000000000003e-09 3.4000000000000003e-09 3.6e-09 4.7e-09 5.2e-09 5.6000000000000005e-09 5.8e-09 6.4e-09 70
3e-10 5e-10 1e-09 1.5e-09 1.8e-09 2e-09 2.1e-09 2.9e-09 4.5e-09 4.6e-09 4.8e-09 5.3e-09 5.8e-09 6.4e-09 70
3e-10 5e-10 1e-09 1.6e-09 1.7000000000000001e-09 2.1e-09 2.9e-09 3.9e-09 4.6e-09 4.8e-09 5.3e-09 5.8e-09 6.4e-09 73
2e-10 3e-10 5e-10 1e-09 1.5e-09 1.7000000000000001e-09 2.1e-09 2.8000000000000003e-09 4.6e-09 4.8e-09 5.6000000000000005e-09 5.8e-09 6.4e-09 70
3e-10 5e-10 1e-09 1.5e-09 1.8e-09 2.1e-09 2.8000000000000003e-09 3.4000000000000003e-09 4.7e-09 4.8e-09 5.6000000000000005e-09 5.8e-09 6.4e-09 70
3e-10 4e-10 1e-09 1.5e-09 1.8e-09 2e-09 2.1e-09 2.8000000000000003e-09 3.4000000000000003e-09 3.9e-09 4.7e-09 5e-09 5.6000000000000005e-09 6.1e-09 6.4e-09 70
3e-10 5e-10 1e-09 1.5e-09 1.8e-09 2e-09 2.1e-09 2.8000000000000003e-09 3.3e-09 4.6e-09 4.8e-09 5.6000000000000005e-09 5.8e-09 6.4e-09 70
3e-10 6e-10 1.4000000000000001e-09 1.5e-09 2.1e-09 4.6e-09 4.8e-09 5.6000000000000005e-09 5.8e-09 6.4e-09 70
3e-10 5e-10 1e-09 1.5e-09 1.8e-09 2e-09 2.1e-09 2.6e-09 2.8000000000000003e-09 4.5e-09 4.6e-09 4.8e-09 5.6000000000000005e-09 5.8e-09 6.4e-09 70
3e-10 5e-10 1e-09 1.5e-09 1.7000000000000001e-09 2.1e-09 2.9e-09 3.9e-09 4.6e-09 4.8e-09 5.6000000000000005e-09 5.8e-09 6.4e-09 70
3e-10 4e-10 1e-09 1.5e-09 1.8e-09 2e-09 2.1e-09 2.8000000000000003e-09 3.2e-09 4.7e-09 5.2e-09 5.6000000000000005e-09 6.1e-09 6.4e-09 70
3e-10 5e-10 1e-09 1.5e-09 1.8e-09 2e-09 2.1e-09 2.8000000000000003e-09 3.9e-09 4.6e-09 4.8e-09 5.6000000000000005e-09 5.8e-09 6.4e-09 6.7000000000000004e-09 70
3e-10 4e-10 1e-09 1.5e-09 1.8e-09 2e-09 2.1e-09 4.7e-09 4.8e-09 5.6000000000000005e-09 5.8e-09 6.4e-09 69
3e-10 4e-10 1e-09 1.5e-09 1.8e-09 2e-09 2.1e-09 2.8000000000000003e-09 4.7e-09 4.8e-09 5.6000000000000005e-09 5.8e-09 6.4e-09 70
3e-10 4e-10 1e-09 1.5e-09 1.8e-09 2e-09 2.1e-09 2.8000000000000003e-09 3.9e-09 4.7e-09 4.8e-09 5.6000000000000005e-09 6.1e-09 6.4e-09 70
1e-10 3e-10 1e-09 1.5e-09 1.870781361069266e-304 2e-09 2.1e-09 4.1e-09 4.7e-09 5e-09 5.6000000000000005e-09 5.8e-09 6.4e-09 72
1e-10 3e-10 5e-10 1e-09 1.5e-09 2e-09 2.1e-09 2.6e-09 3.7e-09 4.7e-09 4.8e-09 5.6000000000000005e-09 5.8e-09 6.4e-09 72
3e-10 5e-10 1e-09 1.5e-09 1.8e-09 2e-09 2.1e-09 2.9e-09 3.2e-09 3.4000000000000003e-09 3.6e-09 4.7e-09 4.8e-09 5.6000000000000005e-09 5.8e-09 6.4e-09 70
3e-10 5e-10 1e-09 1.5e-09 1.8e-09 2.1e-09 2.8000000000000003e-09 3.4000000000000003e-09 4.7e-09 5e-09 5.6000000000000005e-09 6.1e-09 6.4e-09 70
1e-10 3e-10 1e-09 1.5e-09 1.870781361069266e-304 2e-09 2.1e-09 4.1e-09 4.7e-09 4.8e-09 5.6000000000000005e-09 6.1e-09 6.4e-09 72
3e-10 5e-10 1e-09 1.6e-09 1.7000000000000001e-09 2.1e-09 2.9e-09 3.5000000000000003e-09 4.6e-09 5.2e-09 5.6000000000000005e-09 5.8e-09 6.4000414983948576e-304 73
3e-10 5e-10 1e-09 1.5e-09 1.8e-09 2e-09 2.1e-09 2.8000000000000003e-09 3.2e-09 3.6e-09 4.7e-09 4.8e-09 5.6000000000000005e-09 6.1e-09 6.2e-09 6.4e-09 70
3e-10 6e-10 1.4000000000000001e-09 1.5e-09 2.1e-09 3.3e-09 3.5000000000000003e-09 4.6e-09 5e-09 5.6000000000000005e-09 5.8e-09 6.4e-09 70
2e-10 3e-10 4e-10 1e-09 1.5e-09 2.1e-09 0.8 4.6e-09 4.8e-09 5.6000000000000005e-09 5.8e-09 6.4e-09 68
3e-10 5e-10 1e-09 1.5e-09 1.8e-09 2e-09 2.1e-09 2.6e-09 2.8000000000000003e-09 3.3e-09 4.6e-09 4.8e-09 5.6000000000000005e-09 5.8e-09 6.4e-09 70
3e-10 4e-10 1e-09 1.5e-09 1.8e-09 2e-09 2.1e-09 2.8000000000000003e-09 4.6e-09 4.8e-09 5.6000000000000005e-09 5.8e-09 6.4e-09 70
3e-10 6e-10 1.4000000000000001e-09 1.5e-09 2.1e-09 4.6e-09 4.8e-09 5.6000000000000005e-09 5.8e-09 6.4e-09 70
3e-10 6e-10 1.4000000000000001e-09 1.5e-09 2.1e-09 4.6e-09 4.8e-09 5.6000000000000005e-09 5.8e-09 6.4e-09 70
3e-10 5e-10 1e-09 1.5e-09 1.8e-09 2e-09 2.1e-09 2.8000000000000003e-09 4.6e-09 4.8e-09 5.6000000000000005e-09 5.8e-09 6.4e-09 70
3e-10 5e-10 1e-09 1.5e-09 1.8e-09 2e-09 2.1e-09 2.8000000000000003e-09 3.2e-09 3.6e-09 4.7e-09 4.8e-09 5.6000000000000005e-09 6.1e-09 6.4e-09 70
3e-10 1e-09 1.5e-09 8.145335788418425e-301 3.254974562725364e-155 0.84 4.7e-09 7.412041558346335e-301 5.6000000000000005e-09 5.8e-09 6.4e-09 69
2e-10 3e-10 5e-10 1e-09 1.5e-09 1.7000000000000001e-09 2.1e-09 2.8000000000000003e-09 3.2e-09 4.7e-09 4.8e-09 5.6000000000000005e-09 5.8e-09 6.4e-09 70
3e-10 4e-10 1e-09 1.5e-09 1.8e-09 2e-09 2.1e-09 4.7e-09 7.412041558346335e-301 8.015374670885809e-300 5.8e-09 6.4e-09 69
3e-10 4e-10 1e-09 1.5e-09 1.8e-09 2e-09 2.1e-09 4.6e-09 5e-09 5.6000000000000005e-09 5.8e-09 6.4e-09 69
3e-10 5e-10 1e-09 1.5e-09 1.8e-09 2e-09 2.1e-09 2.8000000000000003e-09 4.7e-09 4.8e-09 5.6000000000000005e-09 5.8e-09 6.4e-09 70
3e-10 5e-10 1e-09 1.5e-09 1.8e-09 2.1e-09 2.8000000000000003e-09 4.6e-09 4.8e-09 5.6000000000000005e-09 5.8e-09 1.9768570512550468e-156 6.4e-09 70
2e-10 3e-10 4e-10 1e-09 1.5e-09 2.1e-09 0.8 4.6e-09 4.8e-09 5.6000000000000005e-09 5.8e-09 6.4e-09 68
3e-10 4e-10 1e-09 1.5e-09 1.8e-09 2e-09 2.1e-09 3.4000000000000003e-09 4.7e-09 4.8e-09 5.6000000000000005e-09 6.1e-09 6.4e-09 69
3e-10 5e-10 1e-09 1.5e-09 1.8e-09 2.1e-09 2.8000000000000003e-09 3.4000000000000003e-09 4.6e-09 4.8e-09 5.6000000000000005e-09 5.8e-09 6.4e-09 70
3e-10 4e-10 1e-09 1.5e-09 1.8e-09 2e-09 2.1e-09 2.8000000000000003e-09 3.9e-09 4.7e-09 4.8e-09 5.6000000000000005e-09 5.8e-09 6.4e-09 70
3e-10 1e-09 1.5e-09 1.7000000000000001e-09 2.1e-09 2.9e-09 4.5e-09 4.6e-09 4.8e-09 5.6000000000000005e-09 5.8e-09 6.6e-09 70
3e-10 5e-10 1e-09 1.5e-09 1.7000000000000001e-09 2.1e-09 2.9e-09 4.6e-09 4.8e-09 5.6000000000000005e-09 5.8e-09 6.6e-09 70
3e-10 4e-10 1e-09 1.5e-09 1.8e-09 2e-09 2.1e-09 2.8000000000000003e-09 3.5000000000000003e-09 4.6e-09 5.2e-09 5.6000000000000005e-09 5.8e-09 6.6e-09 70
3e-10 5e-10 1e-09 1.5e-09 1.8e-09 2e-09 2.1e-09 2.8000000000000003e-09 3.2e-09 4.7e-09 4.8e-09 5.6000000000000005e-09 5.8e-09 6.4e-09 70
3e-10 5e-10 1e-09 1.5e-09 1.8e-09 2.1e-09 2.8000000000000003e-09 3.4000000000000003e-09 3.6e-09 4.7e-09 4.8e-09 5.6000000000000005e-09 5.8e-09 6.4e-09 70
3e-10 4e-10 1e-09 1.5e-09 1.8e-09 2e-09 2.1e-09 2.8000000000000003e-09 4.7e-09 4.8e-09 5.6000000000000005e-09 5.8e-09 6.4e-09 70
3e-10 7.000000000000001e-10 1e-09 1.5e-09 2.1e-09 2.9e-09 3.3e-09 4.6e-09 4.8e-09 5.6000000000000005e-09 5.8e-09 6.4e-09 70
3e-10 6e-10 1.4000000000000001e-09 1.5e-09 2.1e-09 3.3e-09 3.5000000000000003e-09 4.5e-09 4.6e-09 5.2e-09 5.6000000000000005e-09 5.8e-09 6.4e-09 70
3e-10 6e-10 1.4000000000000001e-09 1.5e-09 2.1e-09 4.5e-09 4.6e-09 4.8e-09 5.6000000000000005e-09 5.8e-09 6.4e-09 70
3e-10 5e-10 1e-09 1.5e-09 1.8e-09 2e-09 2.1e-09 2.8000000000000003e-09 3.3e-09 4.6e-09 4.8e-09 5.6000000000000005e-09 5.8e-09 6.4e-09 70
3e-10 6e-10 1e-09 1.5e-09 2.1e-09 2.9e-09 3.2e-09 4.7e-09 5.2e-09 5.6000000000000005e-09 6.1e-09 6.4e-09 70
1e-10 3e-10 5e-10 1e-09 1.5e-09 2e-09 2.1e-09 2.6e-09 3.4000000000000003e-09 4.1e-09 4.7e-09 5e-09 5.6000000000000005e-09 8.843366560036184e-243 6.4e-09 72
3e-10 4e-10 1e-09 1.5e-09 1.8e-09 2e-09 2.1e-09 2.8000000000000003e-09 3.3e-09 3.5000000000000003e-09 4.6e-09 5.2e-09 5.6000000000000005e-09 5.8e-09 6.6e-09 70
3e-10 5e-10 1e-09 1.5e-09 1.8e-09 2e-09 2.1e-09 2.8000000000000003e-09 4.7e-09 4.8e-09 5.6000000000000005e-09 6.1e-09 6.2e-09 6.4e-09 70
3e-10 5e-10 1e-09 1.5e-09 1.8e-09 2e-09 2.1e-09 2.8000000000000003e-09 3.9e-09 4.6e-09 5e-09 5.6000000000000005e-09 5.8e-09 6.4e-09 6.7000000000000004e-09 70
1e-10 3e-10 5e-10 1e-09 1.5e-09 2e-09 2.1e-09 2.6e-09 3.7e-09 4.7e-09 4.8e-09 5.6000000000000005e-09 5.8e-09 6.4e-09 72
3e-10 5e-10 1e-09 1.5e-09 1.8e-09 2e-09 2.1e-09 2.8000000000000003e-09 3.3e-09 4.6e-09 4.8e-09 5.6000000000000005e-09 5.8e-09 6.4e-09 70
3e-10 5e-10 1e-09 1.5e-09 1.8e-09 2.1e-09 2.8000000000000003e-09 4.6e-09 4.8e-09 5.6000000000000005e-09 5.8e-09 6.4e-09 70
3e-10 5e-10 1e-09 1.5e-09 1.7000000000000001e-09 2.1e-09 2.9e-09 4.5e-09 4.6e-09 4.8e-09 5.3e-09 5.8e-09 6.4e-09 70
3e-10 5e-10 1e-09 1.5e-09 1.8e-09 2e-09 2.1e-09 2.8000000000000003e-09 3.2e-09 3.6e-09 4.7e-09 4.8e-09 5.6000000000000005e-09 6.1e-09 6.4e-09 70
3e-10 5e-10 1e-09 1.5e-09 1.8e-09 2.1e-09 2.8000000000000003e-09 4.6e-09 4.8e-09 5.6000000000000005e-09 5.8e-09 6.4e-09 70
3e-10 4e-10 1e-09 1.5e-09 1.8e-09 2e-09 2.1e-09 2.8000000000000003e-09 4.5e-09 4.6e-09 5.2e-09 5.6000000000000005e-09 5.8e-09 6.4e-09 70
3e-10 5e-10 1e-09 1.5e-09 1.8e-09 2e-09 2.1e-09 2.6e-09 2.8000000000000003e-09 4.7e-09 4.8e-09 5.6000000000000005e-09 5.8e-09 6.4e-09 70
1e-10 3e-10 5e-10 1e-09 1.5e-09 2e-09 2.1e-09 2.6e-09 3.4000000000000003e-09 3.7e-09 4.6e-09 5e-09 5.6000000000000005e-09 5.8e-09 6.4e-09 72
3e-10 5e-10 1e-09 1.5e-09 1.7000000000000001e-09 2.1e-09 2.9e-09 4.6e-09 5.2e-09 5.3e-09 5.8e-09 6.4e-09 70
3e-10 4e-10 1e-09 1.5e-09 1.8e-09 2e-09 2.1e-09 2.8000000000000003e-09 4.7e-09 4.8e-09 5.6000000000000005e-09 6.1e-09 6.2e-09 6.4e-09 70
3e-10 1e-09 1.5e-09 1.8e-09 2e-09 2.1e-09 2.9e-09 4.7e-09 4.8e-09 5.3e-09 5.8e-09 6.4e-09 70
3e-10 7.000000000000001e-10 1e-09 1.5e-09 9.419645465367256e-241 2.9e-09 4.6e-09 4.9e-09 5.6000000000000005e-09 5.8e-09 6.4e-09 69
3e-10 4e-10 1e-09 1.5e-09 1.8e-09 2e-09 2.1e-09 2.8000000000000003e-09 3.6e-09 4.7e-09 4.8e-09 5.6000000000000005e-09 5.8e-09 6.4e-09 70
3e-10 5e-10 1e-09 1.5e-09 1.8e-09 2e-09 2.1e-09 2.8000000000000003e-09 3.4000000000000003e-09 4.7e-09 4.8e-09 5.6000000000000005e-09 6.1e-09 6.4e-09 70
1e-10 3e-10 1e-09 1.5e-09 1.870781361069266e-304 2e-09 2.1e-09 3.7e-09 4.6e-09 4.8e-09 1.725827584429009e-156 5.8e-09 6.4e-09 72
1e-10 3e-10 1e-09 1.5e-09 1.870781361069266e-304 2e-09 2.1e-09 3.7e-09 4.6e-09 5e-09 5.6000000000000005e-09 5.8e-09 6.4e-09 72
3e-10 4e-10 1e-09 1.5e-09 1.8e-09 2e-09 2.1e-09 2.8000000000000003e-09 3.2e-09 3.6e-09 4.7e-09 5.2e-09 5.6000000000000005e-09 5.8e-09 6.4e-09 70
3e-10 4e-10 1e-09 1.5e-09 1.8e-09 2e-09 2.1e-09 2.8000000000000003e-09 4.6e-09 4.8e-09 5.6000000000000005e-09 5.8e-09 6.4e-09 70
3e-10 5e-10 1e-09 1.5e-09 1.8e-09 2e-09 2.1e-09 2.8000000000000003e-09 4.7e-09 4.8e-09 5.6000000000000005e-09 5.8e-09 6.2e-09 6.4e-09 70
3e-10 4e-10 1e-09 1.5e-09 1.8e-09 2e-09 2.1e-09 4.7e-09 5e-09 5.6000000000000005e-09 5.8e-09 6.4e-09 69
3e-10 4e-10 1e-09 1.5e-09 1.8e-09 2e-09 2.1e-09 2.8000000000000003e-09 4.6e-09 4.9e-09 5.6000000000000005e-09 5.8e-09 6.4e-09 70
3e-10 1e-09 1.5e-09 1.8e-09 2e-09 2.1e-09 2.9e-09 4.7e-09 4.8e-09 5.6000000000000005e-09 5.8e-09 6.4e-09 70
3e-10 1e-09 1.5e-09 1.870781361069266e-304 2e-09 2.1e-09 2.9e-09 4.6e-09 4.8e-09 5.6000000000000005e-09 5.8e-09 6.4e-09 70
3e-10 1e-09 1.5e-09 1.8e-09 2e-09 2.1e-09 2.9e-09 4.7e-09 4.8e-09 5.3e-09 5.8e-09 6.4e-09 70
3e-10 5e-10 1e-09 1.5e-09 1.8e-09 2e-09 2.1e-09 2.8000000000000003e-09 3.2e-09 4.7e-09 4.8e-09 5.6000000000000005e-09 5.8e-09 6.4e-09 70
3e-10 6e-10 1.4000000000000001e-09 1.5e-09 2.1e-09 4.6e-09 4.8e-09 5.6000000000000005e-09 5.8e-09 6.4e-09 70
3e-10 3.294142357958874e-302 1e-09 1.5e-09 1.8e-09 2e-09 2.1e-09 1.098047452652958e-301 4.7e-09 4.8e-09 5.6000000000000005e-09 5.8e-09 6.4e-09 69
3e-10 5e-10 1e-09 1.5e-09 1.7000000000000001e-09 2.1e-09 2.9e-09 3.3e-09 4.6e-09 5.2e-09 5.6000000000000005e-09 5.8e-09 6.6e-09 70
3e-10 7.000000000000001e-10 1e-09 1.5e-09 9.419645465367256e-241 2.9e-09 3.3e-09 4.6e-09 4.9e-09 5.6000000000000005e-09 5.8e-09 6.4e-09 69
3e-10 4e-10 1e-09 1.5e-09 1.8e-09 2e-09 2.1e-09 4.7e-09 5e-09 5.6000000000000005e-09 6.1e-09 6.4e-09 69
3e-10 4e-10 1e-09 1.5e-09 1.8e-09 2e-09 2.1e-09 2.8000000000000003e-09 3.3e-09 4.6e-09 4.8e-09 5.6000000000000005e-09 5.8e-09 6.4e-09 70
3e-10 5e-10 1e-09 1.5e-09 1.7000000000000001e-09 2.1e-09 2.9e-09 4.6e-09 4.8e-09 5.6000000000000005e-09 5.8e-09 6.4e-09 70
3e-10 5e-10 1.1061481174583726e-302 1.5e-09 1.7000000000000001e-09 2.1e-09 2.9e-09 3.4000000000000003e-09 4.6e-09 4.8e-09 5.3e-09 5.8e-09 6.4e-09 70
3e-10 5e-10 1e-09 1.6e-09 1.7000000000000001e-09 2.1e-09 2.9e-09 3.9e-09 4.6e-09 4.8e-09 5.3e-09 5.8e-09 6.4e-09 73
1e-10 3e-10 1e-09 1.5e-09 1.870781361069266e-304 2e-09 2.1e-09 3.7e-09 4.6e-09 4.8e-09 1.725827584429009e-156 5.8e-09 6.4e-09 72
3e-10 5e-10 1e-09 1.5e-09 1.8e-09 2e-09 2.1e-09 2.9e-09 3.3e-09 4.6e-09 4.8e-09 5.6000000000000005e-09 5.8e-09 6.4e-09 70
3e-10 4e-10 1e-09 1.5e-09 1.8e-09 2e-09 2.1e-09 3.2e-09 4.7e-09 7.412041558346335e-301 8.015374670885809e-300 6.1e-09 6.4e-09 69
3e-10 4e-10 1e-09 1.5e-09 1.8e-09 2e-09 2.1e-09 2.8000000000000003e-09 3.4000000000000003e-09 3.6e-09 4.7e-09 4.8e-09 5.6000000000000005e-09 5.8e-09 6.4e-09 70
3e-10 5e-10 1e-09 1.5e-09 1.8e-09 2.1e-09 2.8000000000000003e-09 3.4000000000000003e-09 4.7e-09 4.8e-09 5.6000000000000005e-09 5.8e-09 6.4e-09 70
1e-10 3e-10 5e-10 1e-09 1.5e-09 2e-09 2.1e-09 2.6e-09 3.7e-09 4.7e-09 4.9e-09 5.6000000000000005e-09 5.8e-09 6.4e-09 72
2e-10 3e-10 4e-10 1e-09 1.5e-09 1.8e-09 2e-09 2.1e-09 2.8000000000000003e-09 4.6e-09 5e-09 5.6000000000000005e-09 5.8e-09 6.4e-09 6.7000000000000004e-09 70
3e-10 1e-09 1.5e-09 1.870781361069266e-304 2e-09 2.1e-09 2.9e-09 4.6e-09 4.8e-09 5.6000000000000005e-09 5.8e-09 6.4e-09 70
3e-10 5e-10 1e-09 1.5e-09 1.8e-09 2.1e-09 2.8000000000000003e-09 3.4000000000000003e-09 4.6e-09 4.8e-09 5.6000000000000005e-09 5.8e-09 6.4e-09 70
3e-10 5e-10 1e-09 1.5e-09 1.7000000000000001e-09 2.1e-09 2.9e-09 3.4000000000000003e-09 3.6e-09 3.9e-09 4.7e-09 4.8e-09 5.6000000000000005e-09 5.8e-09 6.4e-09 70
3e-10 1e-09 1.5e-09 1.8e-09 2e-09 2.1e-09 2.9e-09 4.7e-09 4.8e-09 5.6000000000000005e-09 5.8e-09 6.4e-09 70
1e-10 3e-10 1e-09 1.5e-09 1.870781361069266e-304 2e-09 2.1e-09 4.1e-09 4.7e-09 5e-09 5.6000000000000005e-09 5.8e-09 6.4e-09 72
3e-10 5e-10 1e-09 1.5e-09 1.7000000000000001e-09 2.1e-09 2.9e-09 3.4000000000000003e-09 3.6e-09 3.9e-09 4.7e-09 4.8e-09 5.6000000000000005e-09 5.8e-09 6.4e-09 70
3e-10 1e-09 1.5e-09 1.8e-09 2e-09 2.1e-09 2.9e-09 4.6e-09 4.8e-09 5.6000000000000005e-09 5.8e-09 6.4e-09 70
3e-10 1e-09 1.5e-09 1.7000000000000001e-09 2.1e-09 2.9e-09 3.3e-09 4.6e-09 4.8e-09 5.6000000000000005e-09 5.8e-09 6.4e-09 70
3e-10 6e-10 1.4000000000000001e-09 1.5e-09 2.1e-09 3.5000000000000003e-09 4.6e-09 5.2e-09 5.6000000000000005e-09 5.8e-09 6.4e-09 70
3e-10 5e-10 1e-09 1.5e-09 1.8e-09 2.1e-09 2.8000000000000003e-09 4.7e-09 4.8e-09 5.6000000000000005e-09 6.1e-09 1.9768570512550468e-156 6.4e-09 70
3e-10 4e-10 1e-09 1.5e-09 1.8e-09 2e-09 2.1e-09 2.8000000000000003e-09 3.4000000000000003e-09 4.6e-09 4.8e-09 5.6000000000000005e-09 5.8e-09 6.4e-09 70
2e-10 3e-10 5e-10 1e-09 1.6e-09 1.7000000000000001e-09 2.1e-09 2.8000000000000003e-09 3.3e-09 4.7e-09 4.8e-09 5.6000000000000005e-09 5.8e-09 6.4e-09 73
3e-10 5e-10 1e-09 1.5e-09 1.8e-09 2e-09 2.1e-09 2.8000000000000003e-09 3.2e-09 3.4000000000000003e-09 4.7e-09 4.8e-09 5.6000000000000005e-09 5.8e-09 6.4e-09 70
3e-10 5e-10 1e-09 1.5e-09 1.8e-09 2e-09 2.1e-09 2.6e-09 2.8000000000000003e-09 4.7e-09 4.8e-09 5.6000000000000005e-09 5.8e-09 6.4e-09 70
3e-10 1e-09 1.5e-09 1.8e-09 2e-09 2.1e-09 2.9e-09 4.7e-09 4.8e-09 5.3e-09 5.8e-09 6.4e-09 70
3e-10 4e-10 1e-09 1.5e-09 1.8e-09 2e-09 2.1e-09 2.8000000000000003e-09 3.4000000000000003e-09 4.7e-09 5e-09 5.6000000000000005e-09 5.8e-09 6.4e-09 70
3e-10 4e-10 1e-09 1.5e-09 1.8e-09 2e-09 2.1e-09 2.8000000000000003e-09 3.9e-09 4.7e-09 4.9e-09 5.6000000000000005e-09 6.1e-09 6.4e-09 70
3e-10 7.000000000000001e-10 1e-09 1.5e-09 2.1e-09 2.9e-09 4.6e-09 5e-09 5.3e-09 5.8e-09 6.4e-09 70
3e-10 6e-10 1e-09 1.5e-09 2.1e-09 2.9e-09 4.7e-09 5e-09 5.6000000000000005e-09 5.8e-09 6.4e-09 70
3e-10 5e-10 1e-09 1.5e-09 1.8e-09 2e-09 2.1e-09 2.8000000000000003e-09 3.2e-09 3.6e-09 4.7e-09 4.8e-09 5.6000000000000005e-09 5.8e-09 6.4e-09 70
3e-10 5e-10 1e-09 1.5e-09 1.8e-09 2.1e-09 2.8000000000000003e-09 4.6e-09 4.8e-09 5.6000000000000005e-09 5.8e-09 6.4e-09 70
1e-10 3e-10 5e-10 1e-09 1.5e-09 2e-09 2.1e-09 2.6e-09 3.4000000000000003e-09 4.1e-09 4.7e-09 5e-09 5.6000000000000005e-09 8.843366560036184e-243 6.4e-09 72
3e-10 5e-10 1e-09 1.5e-09 1.8e-09 2e-09 2.1e-09 2.8000000000000003e-09 3.2e-09 3.4000000000000003e-09 3.6e-09 4.7e-09 4.8e-09 5.6000000000000005e-09 6.1e-09 6.4e-09 70
2e-10 3e-10 4e-10 1e-09 1.5e-09 2.1e-09 0.8 4.6e-09 4.8e-09 5.6000000000000005e-09 5.8e-09 6.4e-09 68
3e-10 4e-10 1e-09 1.5e-09 1.8e-09 2e-09 2.1e-09 2.8000000000000003e-09 3.4000000000000003e-09 3.9e-09 4.7e-09 5e-09 5.6000000000000005e-09 6.1e-09 6.4e-09 70
3e-10 4e-10 1e-09 1.5e-09 1.8e-09 2e-09 2.1e-09 3.2e-09 4.6e-09 4.8e-09 5.6000000000000005e-09 5.8e-09 6.4e-09 69
3e-10 1e-09 1.5e-09 1.8e-09 2e-09 2.1e-09 2.9e-09 4.7e-09 4.8e-09 5.6000000000000005e-09 5.8e-09 6.2e-09 6.4e-09 70
2e-10 3e-10 5e-10 1e-09 1.5e-09 1.8e-09 2e-09 2.1e-09 2.6e-09 2.8000000000000003e-09 4.7e-09 4.8e-09 5.6000000000000005e-09 6.1e-09 6.4e-09 70
3e-10 4e-10 1e-09 1.5e-09 1.8e-09 2e-09 2.1e-09 3.2e-09 4.6e-09 4.8e-09 5.6000000000000005e-09 5.8e-09 6.4e-09 69
3e-10 4e-10 1e-09 1.5e-09 1.8e-09 2e-09 2.1e-09 2.8000000000000003e-09 3.3e-09 3.5000000000000003e-09 4.6e-09 5.2e-09 5.6000000000000005e-09 5.8e-09 6.6e-09 70
3e-10 4e-10 1e-09 1.5e-09 1.8e-09 2e-09 2.1e-09 2.8000000000000003e-09 3.2e-09 3.4000000000000003e-09 4.7e-09 5e-09 5.6000000000000005e-09 5.8e-09 6.4e-09 70
3e-10 4e-10 1e-09 1.5e-09 1.8e-09 2e-09 2.1e-09 4.7e-09 5e-09 5.6000000000000005e-09 6.1e-09 6.4e-09 69
3e-10 4e-10 1e-09 1.5e-09 1.8e-09 2e-09 2.1e-09 3.2e-09 4.7e-09 7.412041558346335e-301 8.015374670885809e-300 6.1e-09 6.4e-09 69
2e-10 3e-10 5e-10 1e-09 1.5e-09 1.8e-09 2e-09 2.1e-09 2.6e-09 2.8000000000000003e-09 4.6e-09 5e-09 5.3e-09 5.8e-09 6.4e-09 70
3e-10 1e-09 1.5e-09 1.7000000000000001e-09 2.1e-09 2.9e-09 4.5e-09 4.6e-09 4.8e-09 5.6000000000000005e-09 5.8e-09 6.4e-09 70
3e-10 5e-10 1e-09 1.5e-09 1.8e-09 2e-09 2.1e-09 2.9e-09 4.6e-09 4.8e-09 5.3e-09 5.8e-09 6.4e-09 70
3e-10 5e-10 1e-09 1.5e-09 1.7000000000000001e-09 2.1e-09 2.9e-09 4.6e-09 4.8e-09 5.6000000000000005e-09 5.8e-09 6.6e-09 70
1e-10 3e-10 1e-09 1.5e-09 1.870781361069266e-304 2e-09 2.1e-09 5.60079882135625e-243 4.7e-09 5e-09 5.6000000000000005e-09 5.8e-09 6.4e-09 72
3e-10 6e-10 1.4000000000000001e-09 1.5e-09 2.1e-09 4.6e-09 4.8e-09 5.6000000000000005e-09 5.8e-09 6.4e-09 70
3e-10 5e-10 1e-09 1.5e-09 1.8e-09 2e-09 2.1e-09 2.8000000000000003e-09 3.6e-09 4.7e-09 4.8e-09 5.6000000000000005e-09 5.8e-09 6.2e-09 6.4e-09 70
3e-10 5e-10 1e-09 1.5e-09 1.8e-09 2e-09 2.1e-09 2.8000000000000003e-09 3.2e-09 4.7e-09 5.2e-09 5.6000000000000005e-09 6.1e-09 6.4e-09 70
3e-10 4e-10 1e-09 1.5e-09 1.8e-09 2e-09 2.1e-09 2.8000000000000003e-09 3.2e-09 4.7e-09 4.8e-09 5.6000000000000005e-09 5.8e-09 6.2e-09 6.4e-09 70
3e-10 5e-10 1e-09 1.6e-09 1.7000000000000001e-09 2.1e-09 2.9e-09 4.6e-09 4.9e-09 5.6000000000000005e-09 5.8e-09 6.2e-09 6.4e-09 73
3e-10 5e-10 1e-09 1.5e-09 1.7000000000000001e-09 2.1e-09 2.9e-09 3.4000000000000003e-09 3.6e-09 3.9e-09 4.7e-09 4.8e-09 1.725827584429009e-156 5.8e-09 6.4e-09 70
3e-10 4e-10 1e-09 1.5e-09 1.8e-09 2e-09 2.1e-09 3.4000000000000003e-09 3.6e-09 4.7e-09 7.412041558346335e-301 5.6000000000000005e-09 6.1e-09 6.4e-09 69
3e-10 5e-10 1e-09 1.5e-09 1.7000000000000001e-09 2.1e-09 2.9e-09 3.5000000000000003e-09 4.6e-09 5.2e-09 5.6000000000000005e-09 5.8e-09 6.4e-09 70
3e-10 5e-10 1.1061481174583726e-302 1.5e-09 1.7000000000000001e-09 2.1e-09 3.2e-09 4.6e-09 4.8e-09 5.6000000000000005e-09 5.8e-09 6.4e-09 68
2e-10 3e-10 5e-10 1e-09 1.6e-09 1.7000000000000001e-09 2.1e-09 2.8000000000000003e-09 3.3e-09 4.7e-09 4.8e-09 5.6000000000000005e-09 5.8e-09 6.4e-09 73
3e-10 5e-10 1e-09 1.5e-09 1.8e-09 2e-09 2.1e-09 2.6e-09 2.8000000000000003e-09 4.7e-09 4.8e-09 5.6000000000000005e-09 5.8e-09 6.4e-09 70
3e-10 7.000000000000001e-10 1e-09 1.5e-09 2.1e-09 2.9e-09 4.6e-09 5e-09 5.6000000000000005e-09 5.8e-09 6.4e-09 70
3e-10 5e-10 1e-09 1.5e-09 1.8e-09 2e-09 2.1e-09 2.9e-09 4.7e-09 4.9e-09 5.6000000000000005e-09 6.1e-09 6.4e-09 70
2e-10 3e-10 5e-10 1e-09 1.6e-09 1.7000000000000001e-09 2.1e-09 2.8000000000000003e-09 3.3e-09 4.7e-09 4.8e-09 5.6000000000000005e-09 5.8e-09 6.4e-09 73
3e-10 4e-10 1e-09 1.5e-09 1.8e-09 2e-09 2.1e-09 3.4000000000000003e-09 3.6e-09 4.7e-09 4.8e-09 5.6000000000000005e-09 6.1e-09 6.4e-09 69
3e-10 4e-10 1e-09 1.5e-09 1.8e-09 2e-09 2.1e-09 3.6e-09 4.7e-09 4.8e-09 8.015374670885809e-300 6.1e-09 6.4e-09 69
3e-10 5e-10 1e-09 1.5e-09 1.8e-09 2e-09 2.1e-09 2.8000000000000003e-09 4.7e-09 4.8e-09 5.6000000000000005e-09 6.1e-09 6.2e-09 6.4e-09 70
3e-10 5e-10 1e-09 1.6e-09 1.7000000000000001e-09 2.1e-09 2.9e-09 3.5000000000000003e-09 4.6e-09 5.2e-09 5.6000000000000005e-09 5.8e-09 6.6e-09 73
1e-10 3e-10 5e-10 1e-09 1.5e-09 2e-09 2.1e-09 2.6e-09 4.1e-09 4.6e-09 4.8e-09 5.3e-09 5.8e-09 6.4e-09 72
3e-10 6e-10 1e-09 1.5e-09 2.1e-09 2.9e-09 3.2e-09 4.7e-09 5e-09 5.6000000000000005e-09 5.8e-09 6.4e-09 70
3e-10 5e-10 1e-09 1.5e-09 1.8e-09 2e-09 2.1e-09 2.8000000000000003e-09 3.4000000000000003e-09 3.6e-09 4.7e-09 4.8e-09 5.6000000000000005e-09 5.8e-09 6.4e-09 70
3e-10 5e-10 1e-09 1.5e-09 1.8e-09 2e-09 2.1e-09 2.8000000000000003e-09 3.2e-09 4.7e-09 4.8e-09 5.6000000000000005e-09 6.1e-09 6.4e-09 70
3e-10 4e-10 1e-09 1.5e-09 1.8e-09 2e-09 2.1e-09 2.8000000000000003e-09 4.7e-09 4.8e-09 5.6000000000000005e-09 6.1e-09 1.9768570512550468e-156 6.4e-09 70
3e-10 3.294142357958874e-302 1e-09 1.5e-09 1.8e-09 2e-09 2.1e-09 1.098047452652958e-301 4.6e-09 4.9e-09 8.015374670885809e-300 5.8e-09 6.4e-09 69
3e-10 5e-10 1e-09 1.5e-09 1.7000000000000001e-09 2.1e-09 2.9e-09 4.6e-09 4.8e-09 5.6000000000000005e-09 5.8e-09 6.4e-09 70
3e-10 3.294142357958874e-302 1e-09 1.5e-09 1.8e-09 2e-09 2.1e-09 1.098047452652958e-301 4.6e-09 4.8e-09 5.6000000000000005e-09 5.8e-09 6.4e-09 70
3e-10 4e-10 1e-09 1.5e-09 8.145335788418425e-301 4.7e-09 4.8e-09 5.6000000000000005e-09 5.8e-09 6.4e-09 70
3e-10 5e-10 1e-09 1.5e-09 1.8e-09 2e-09 2.1e-09 2.9e-09 4.7e-09 4.9e-09 5.6000000000000005e-09 6.1e-09 6.4e-09 70
3e-10 6e-10 1e-09 1.5e-09 2.1e-09 2.9e-09 4.6e-09 5.2e-09 5.6000000000000005e-09 5.8e-09 6.6e-09 70
2e-10 3e-10 5e-10 1e-09 1.5e-09 1.8e-09 2e-09 2.1e-09 2.6e-09 2.8000000000000003e-09 4.6e-09 4.8e-09 5.3e-09 5.8e-09 6.4e-09 70
3e-10 4e-10 1e-09 1.5e-09 1.8e-09 2e-09 2.1e-09 2.8000000000000003e-09 4.7e-09 5.2e-09 5.6000000000000005e-09 5.8e-09 6.4e-09 70
3e-10 5e-10 1e-09 1.5e-09 1.8e-09 2.1e-09 2.8000000000000003e-09 4.7e-09 4.8e-09 5.6000000000000005e-09 6.1e-09 1.9768570512550468e-156 6.4e-09 70
3e-10 6e-10 1.4000000000000001e-09 1.5e-09 2.1e-09 3.3e-09 3.5000000000000003e-09 4.6e-09 5.2e-09 5.6000000000000005e-09 5.8e-09 6.4000414983948576e-304 70
3e-10 5e-10 1e-09 1.5e-09 1.8e-09 2e-09 2.1e-09 2.6e-09 2.8000000000000003e-09 4.7e-09 4.8e-09 5.6000000000000005e-09 5.8e-09 6.4e-09 70
3e-10 6e-10 1.4000000000000001e-09 1.5e-09 2.1e-09 3.3e-09 3.5000000000000003e-09 4.6e-09 5.2e-09 5.6000000000000005e-09 5.8e-09 6.4e-09 70
3e-10 1e-09 1.5e-09 1.7000000000000001e-09 2.1e-09 2.9e-09 3.3e-09 4.6e-09 4.8e-09 5.6000000000000005e-09 5.8e-09 6.4e-09 70
3e-10 5e-10 1e-09 1.5e-09 1.8e-09 2e-09 2.1e-09 2.9e-09 3.6e-09 4.7e-09 5e-09 5.6000000000000005e-09 5.8e-09 6.4e-09 70
3e-10 4e-10 1e-09 1.5e-09 1.8e-09 2e-09 2.1e-09 3.2e-09 4.6e-09 4.8e-09 5.6000000000000005e-09 5.8e-09 6.4e-09 69
3e-10 4e-10 1e-09 1.5e-09 1.8e-09 2e-09 2.1e-09 2.8000000000000003e-09 4.6e-09 4.8e-09 5.6000000000000005e-09 5.8e-09 6.4e-09 70
3e-10 5e-10 1e-09 1.5e-09 1.7000000000000001e-09 2.1e-09 2.9e-09 4.5e-09 4.6e-09 4.8e-09 5.6000000000000005e-09 5.8e-09 6.4e-09 70
3e-10 8e-10 1.4000000000000001e-09 1.5e-09 2.1e-09 4.7e-09 5e-09 5.6000000000000005e-09 5.8e-09 6.4e-09 70
3e-10 4e-10 1e-09 1.5e-09 1.8e-09 2e-09 2.1e-09 2.8000000000000003e-09 3.4000000000000003e-09 4.7e-09 5e-09 5.6000000000000005e-09 5.8e-09 6.4e-09 70
1e-10 3e-10 5e-10 1e-09 1.5e-09 2e-09 2.1e-09 2.6e-09 3.7e-09 4.7e-09 5e-09 5.6000000000000005e-09 6.1e-09 6.4e-09 72
3e-10 4e-10 1e-09 1.5e-09 1.8e-09 2e-09 2.1e-09 2.8000000000000003e-09 4.6e-09 4.8e-09 5.6000000000000005e-09 5.8e-09 6.4e-09 70
3e-10 1e-09 1.5e-09 1.7000000000000001e-09 2.1e-09 2.9e-09 3.3e-09 4.6e-09 4.8e-09 5.6000000000000005e-09 5.8e-09 6.4e-09 70
3e-10 5e-10 1e-09 1.5e-09 1.8e-09 2e-09 2.1e-09 2.8000000000000003e-09 3.9e-09 4.6e-09 5e-09 5.6000000000000005e-09 5.8e-09 6.4e-09 6.7000000000000004e-09 70
3e-10 6e-10 1.4000000000000001e-09 1.5e-09 2.1e-09 3.3e-09 3.5000000000000003e-09 4.6e-09 5.2e-09 5.6000000000000005e-09 5.8e-09 6.4e-09 70
3e-10 5e-10 1e-09 1.5e-09 1.8e-09 2e-09 2.1e-09 2.8000000000000003e-09 3.2e-09 3.6e-09 4.7e-09 4.8e-09 5.6000000000000005e-09 6.1e-09 6.4e-09 70
1e-10 3e-10 5e-10 1e-09 1.5e-09 2e-09 2.1e-09 2.6e-09 4.1e-09 4.7e-09 4.8e-09 5.6000000000000005e-09 8.843366560036184e-243 6.4e-09 72
3e-10 5e-10 1e-09 1.5e-09 8.145335788418425e-301 2.9e-09 4.6e-09 5e-09 8.015374670885809e-300 5.8e-09 6.4e-09 70
3e-10 4e-10 1e-09 1.5e-09 1.8e-09 2e-09 2.1e-09 3.3e-09 4.7e-09 5e-09 5.6000000000000005e-09 6.1e-09 6.4e-09 69
3e-10 5e-10 1e-09 1.6e-09 1.7000000000000001e-09 2.1e-09 2.9e-09 4.6e-09 4.9e-09 5.6000000000000005e-09 5.8e-09 6.2e-09 6.4e-09 73
3e-10 4e-10 1e-09 1.5e-09 1.8e-09 2e-09 2.1e-09 3.2e-09 4.7e-09 5e-09 8.015374670885809e-300 6.1e-09 6.4e-09 69
3e-10 5e-10 1e-09 1.5e-09 1.8e-09 2e-09 2.1e-09 2.6e-09 2.8000000000000003e-09 4.7e-09 4.8e-09 5.6000000000000005e-09 5.8e-09 6.4e-09 70
3e-10 5e-10 1e-09 1.5e-09 1.8e-09 2e-09 2.1e-09 2.8000000000000003e-09 3.2e-09 4.7e-09 4.8e-09 5.6000000000000005e-09 6.1e-09 6.2e-09 6.4e-09 70
3e-10 1e-09 1.5e-09 1.8e-09 2e-09 2.1e-09 2.9e-09 4.7e-09 4.8e-09 5.6000000000000005e-09 5.8e-09 6.4e-09 70
3e-10 5e-10 1e-09 1.5e-09 1.8e-09 2.1e-09 2.8000000000000003e-09 3.4000000000000003e-09 4.6e-09 4.8e-09 5.6000000000000005e-09 5.8e-09 6.4e-09 70
3e-10 5e-10 1e-09 1.5e-09 1.8e-09 2e-09 2.1e-09 2.9e-09 4.5e-09 4.6e-09 5.2e-09 5.6000000000000005e-09 5.8e-09 6.4e-09 70
3e-10 1e-09 1.5e-09 1.8e-09 2e-09 2.1e-09 2.9e-09 4.7e-09 4.8e-09 5.6000000000000005e-09 6.1e-09 6.2e-09 6.4e-09 70
3e-10 4e-10 1e-09 1.5e-09 1.8e-09 2e-09 2.1e-09 2.8000000000000003e-09 3.6e-09 4.7e-09 5.2e-09 5.6000000000000005e-09 6.1e-09 6.4e-09 70
3e-10 5e-10 1e-09 1.5e-09 8.145335788418425e-301 2.9e-09 4.6e-09 5e-09 5.6000000000000005e-09 5.8e-09 6.4e-09 70
3e-10 3.294142357958874e-302 1e-09 1.5e-09 1.8e-09 2e-09 2.1e-09 1.098047452652958e-301 4.6e-09 4.8e-09 5.6000000000000005e-09 5.8e-09 6.4e-09 70
3e-10 5e-10 1e-09 1.5e-09 1.8e-09 2e-09 2.1e-09 2.8000000000000003e-09 3.4000000000000003e-09 4.6e-09 5.2e-09 5.6000000000000005e-09 5.8e-09 6.4e-09 70
3e-10 5e-10 1e-09 1.5e-09 1.8e-09 2.1e-09 2.8000000000000003e-09 4.7e-09 4.8e-09 5.6000000000000005e-09 5.8e-09 6.4e-09 70
3e-10 5e-10 1e-09 1.5e-09 1.7000000000000001e-09 2.1e-09 2.9e-09 4.6e-09 4.8e-09 5.6000000000000005e-09 5.8e-09 6.4e-09 70
1e-10 3e-10 5e-10 1e-09 1.5e-09 2e-09 2.1e-09 2.6e-09 3.7e-09 4.6e-09 4.8e-09 1.725827584429009e-156 5.8e-09 6.4e-09 72
3e-10 5e-10 1e-09 1.5e-09 1.8e-09 2e-09 2.1e-09 2.6e-09 2.8000000000000003e-09 4.7e-09 4.8e-09 5.6000000000000005e-09 6.1e-09 6.4e-09 70
3e-10 5e-10 1e-09 1.5e-09 1.7000000000000001e-09 2.1e-09 2.9e-09 3.5000000000000003e-09 4.6e-09 5.2e-09 5.6000000000000005e-09 5.8e-09 6.4e-09 70
3e-10 5e-10 1e-09 1.5e-09 1.8e-09 2.1e-09 2.8000000000000003e-09 3.4000000000000003e-09 3.6e-09 4.7e-09 4.8e-09 5.6000000000000005e-09 6.1e-09 6.4e-09 70
3e-10 5e-10 1e-09 1.5e-09 1.7000000000000001e-09 2.1e-09 2.9e-09 3.5000000000000003e-09 4.6e-09 5.2e-09 5.6000000000000005e-09 5.8e-09 6.6e-09 70
3e-10 7.000000000000001e-10 1e-09 1.5e-09 2.1e-09 2.9e-09 3.3e-09 4.6e-09 4.8e-09 5.6000000000000005e-09 5.8e-09 6.4e-09 70
3e-10 5e-10 1e-09 1.5e-09 1.8e-09 2e-09 2.1e-09 2.9e-09 3.4000000000000003e-09 3.6e-09 3.9e-09 4.7e-09 4.8e-09 5.6000000000000005e-09 6.1e-09 6.4e-09 70
3e-10 5e-10 1e-09 1.5e-09 1.8e-09 2e-09 2.1e-09 2.8000000000000003e-09 3.3e-09 4.6e-09 4.8e-09 5.6000000000000005e-09 5.8e-09 6.4e-09 70
3e-10 5e-10 1e-09 1.5e-09 1.8e-09 2e-09 2.1e-09 2.6e-09 2.8000000000000003e-09 4.7e-09 4.8e-09 5.6000000000000005e-09 6.1e-09 6.4e-09 70
3e-10 4e-10 1e-09 1.5e-09 1.8e-09 2e-09 2.1e-09 2.8000000000000003e-09 4.7e-09 4.8e-09 5.6000000000000005e-09 5.8e-09 1.9768570512550468e-156 6.4e-09 70
3e-10 5e-10 1e-09 1.5e-09 1.8e-09 2e-09 2.1e-09 2.8000000000000003e-09 3.2e-09 3.6e-09 4.7e-09 4.8e-09 5.6000000000000005e-09 5.8e-09 6.4e-09 70
3e-10 1e-09 1.5e-09 1.870781361069266e-304 2e-09 2.1e-09 2.9e-09 4.6e-09 4.8e-09 5.6000000000000005e-09 5.8e-09 6.4e-09 70
3e-10 5e-10 1e-09 1.5e-09 1.8e-09 2e-09 2.1e-09 2.8000000000000003e-09 3.2e-09 3.6e-09 4.7e-09 4.8e-09 5.6000000000000005e-09 5.8e-09 6.4e-09 70
3e-10 4e-10 1e-09 1.5e-09 1.8e-09 2e-09 2.1e-09 4.7e-09 7.412041558346335e-301 5.6000000000000005e-09 6.1e-09 6.4e-09 69
3e-10 6e-10 1.4000000000000001e-09 1.5e-09 2.1e-09 3.3e-09 3.5000000000000003e-09 4.5e-09 4.6e-09 5e-09 5.6000000000000005e-09 5.8e-09 6.4e-09 70
3e-10 5e-10 1e-09 1.5e-09 1.8e-09 2e-09 2.1e-09 2.8000000000000003e-09 3.2e-09 4.7e-09 4.8e-09 5.6000000000000005e-09 6.1e-09 6.2e-09 6.4e-09 70
3e-10 1e-09 1.5e-09 1.8e-09 2e-09 2.1e-09 2.9e-09 3.4000000000000003e-09 3.6e-09 4.7e-09 4.8e-09 5.6000000000000005e-09 5.8e-09 6.4e-09 70
3e-10 4e-10 1e-09 1.5e-09 1.8e-09 2e-09 2.1e-09 2.8000000000000003e-09 4.7e-09 4.8e-09 5.6000000000000005e-09 5.8e-09 6.4e-09 70
1e-10 3e-10 5e-10 1e-09 1.5e-09 2e-09 2.1e-09 2.6e-09 4.1e-09 4.7e-09 5e-09 5.6000000000000005e-09 8.843366560036184e-243 6.4e-09 72
1e-10 3e-10 1e-09 1.5e-09 1.870781361069266e-304 2e-09 2.1e-09 5.60079882135625e-243 4.6e-09 5e-09 5.6000000000000005e-09 5.8e-09 6.4e-09 72
3e-10 4e-10 1e-09 1.5e-09 1.8e-09 2e-09 2.1e-09 2.8000000000000003e-09 3.2e-09 3.4000000000000003e-09 3.6e-09 4.7e-09 5e-09 5.6000000000000005e-09 6.1e-09 6.4e-09 70
3e-10 6e-10 1e-09 1.5e-09 2.1e-09 2.9e-09 4.6e-09 5.2e-09 5.6000000000000005e-09 5.8e-09 6.6e-09 70
3e-10 4e-10 1e-09 1.5e-09 1.8e-09 2e-09 2.1e-09 2.8000000000000003e-09 3.4000000000000003e-09 3.6e-09 4.7e-09 4.8e-09 5.6000000000000005e-09 5.8e-09 6.4e-09 70
3e-10 5e-10 1e-09 1.5e-09 1.8e-09 2e-09 2.1e-09 2.8000000000000003e-09 3.2e-09 3.4000000000000003e-09 3.6e-09 4.7e-09 5e-09 5.6000000000000005e-09 6.1e-09 6.4e-09 70
1e-10 3e-10 5e-10 1e-09 1.5e-09 2e-09 2.1e-09 2.6e-09 5.60079882135625e-243 4.6e-09 4.8e-09 5.6000000000000005e-09 5.8e-09 6.4e-09 72
3e-10 1e-09 1.5e-09 1.7000000000000001e-09 2.1e-09 2.9e-09 4.5e-09 4.6e-09 4.8e-09 5.6000000000000005e-09 5.8e-09 6.4e-09 70
3e-10 5e-10 1e-09 1.5e-09 1.8e-09 2e-09 2.1e-09 2.8000000000000003e-09 3.9e-09 4.6e-09 4.8e-09 5.6000000000000005e-09 5.8e-09 6.4e-09 70
1e-10 3e-10 5e-10 1e-09 1.5e-09 2e-09 2.1e-09 2.6e-09 4.1e-09 4.6e-09 5e-09 5.6000000000000005e-09 5.8e-09 6.4e-09 72
3e-10 4e-10 1e-09 1.5e-09 1.8e-09 2e-09 2.1e-09 3.4000000000000003e-09 3.6e-09 4.7e-09 5e-09 5.6000000000000005e-09 5.8e-09 6.4e-09 69
3e-10 5e-10 1e-09 1.5e-09 1.8e-09 2e-09 2.1e-09 2.8000000000000003e-09 4.7e-09 4.8e-09 5.6000000000000005e-09 6.1e-09 6.4e-09 70
3e-10 4e-10 1e-09 1.5e-09 1.8e-09 2e-09 2.1e-09 2.8000000000000003e-09 3.4000000000000003e-09 4.6e-09 5.2e-09 5.6000000000000005e-09 5.8e-09 6.4e-09 70
3e-10 6e-10 1e-09 1.5e-09 2.1e-09 2.9e-09 4.7e-09 5e-09 5.6000000000000005e-09 5.8e-09 6.4e-09 70
3e-10 4e-10 1e-09 1.5e-09 1.8e-09 2e-09 2.1e-09 2.8000000000000003e-09 3.4000000000000003e-09 4.6e-09 5.2e-09 5.6000000000000005e-09 5.8e-09 6.4e-09 70
3e-10 5e-10 1e-09 1.5e-09 1.8e-09 2e-09 2.1e-09 2.8000000000000003e-09 4.6e-09 4.8e-09 5.6000000000000005e-09 5.8e-09 6.4e-09 70
3e-10 6e-10 1.4000000000000001e-09 1.5e-09 2.1e-09 3.3e-09 3.5000000000000003e-09 4.5e-09 4.6e-09 5.2e-09 5.6000000000000005e-09 5.8e-09 6.4e-09 70
3e-10 5e-10 1e-09 1.6e-09 1.7000000000000001e-09 2.1e-09 2.9e-09 4.6e-09 5.2e-09 5.6000000000000005e-09 5.8e-09 6.2e-09 6.4e-09 73
3e-10 5e-10 1e-09 1.5e-09 1.8e-09 2e-09 2.1e-09 2.8000000000000003e-09 3.2e-09 4.6e-09 5e-09 5.6000000000000005e-09 5.8e-09 6.4e-09 70
3e-10 5e-10 1e-09 1.5e-09 1.8e-09 2e-09 2.1e-09 2.8000000000000003e-09 4.6e-09 4.8e-09 5.6000000000000005e-09 5.8e-09 6.4e-09 70
3e-10 5e-10 1e-09 1.5e-09 1.8e-09 2e-09 2.1e-09 2.9e-09 4.6e-09 4.8e-09 5.3e-09 5.8e-09 6.4e-09 70
3e-10 1e-09 1.5e-09 1.8e-09 2e-09 2.1e-09 2.9e-09 4.7e-09 4.8e-09 5.6000000000000005e-09 5.8e-09 6.2e-09 6.4e-09 70
3e-10 5e-10 1e-09 1.5e-09 1.8e-09 2e-09 2.1e-09 2.9e-09 4.7e-09 4.8e-09 5.6000000000000005e-09 5.8e-09 1.9768570512550468e-156 6.4e-09 70
3e-10 5e-10 1e-09 1.5e-09 1.8e-09 2.1e-09 2.8000000000000003e-09 4.7e-09 4.8e-09 5.3e-09 6.1e-09 6.4e-09 70
3e-10 4e-10 1e-09 1.5e-09 1.870781361069266e-304 2e-09 2.1e-09 2.9e-09 4.6e-09 4.8e-09 5.6000000000000005e-09 5.8e-09 6.4e-09 70
3e-10 5e-10 1e-09 1.5e-09 1.8e-09 2.1e-09 2.8000000000000003e-09 3.4000000000000003e-09 3.6e-09 4.7e-09 5e-09 5.6000000000000005e-09 6.1e-09 6.4e-09 70
3e-10 4e-10 1e-09 1.5e-09 1.8e-09 2e-09 2.1e-09 3.4000000000000003e-09 4.7e-09 5e-09 5.6000000000000005e-09 5.8e-09 6.4e-09 69
3e-10 5e-10 1e-09 1.5e-09 1.8e-09 2e-09 2.1e-09 2.8000000000000003e-09 3.2e-09 4.7e-09 5.2e-09 5.6000000000000005e-09 6.1e-09 6.4e-09 70
3e-10 5e-10 1e-09 1.5e-09 1.8e-09 2e-09 2.1e-09 2.8000000000000003e-09 3.2e-09 3.6e-09 4.7e-09 4.8e-09 5.6000000000000005e-09 6.1e-09 6.2e-09 6.4e-09 70
2e-10 3e-10 5e-10 1e-09 1.5e-09 1.7000000000000001e-09 2.1e-09 2.8000000000000003e-09 3.2e-09 3.9e-09 4.6e-09 4.8e-09 5.3e-09 5.8e-09 6.4e-09 70
3e-10 5e-10 1e-09 1.5e-09 1.8e-09 2.1e-09 2.8000000000000003e-09 4.6e-09 4.8e-09 5.6000000000000005e-09 5.8e-09 6.4e-09 70
3e-10 1e-09 1.5e-09 1.8e-09 2e-09 2.1e-09 2.9e-09 4.6e-09 4.8e-09 5.6000000000000005e-09 5.8e-09 6.4e-09 70
3e-10 5e-10 1e-09 1.5e-09 1.8e-09 2e-09 2.1e-09 2.8000000000000003e-09 3.2e-09 3.4000000000000003e-09 3.6e-09 4.7e-09 4.8e-09 5.6000000000000005e-09 5.8e-09 6.4e-09 70
3e-10 5e-10 1e-09 1.5e-09 1.7000000000000001e-09 2.1e-09 2.9e-09 3.4000000000000003e-09 3.6e-09 3.9e-09 4.7e-09 4.8e-09 1.725827584429009e-156 5.8e-09 6.4e-09 70
3e-10 4e-10 1e-09 1.5e-09 1.8e-09 2e-09 2.1e-09 2.8000000000000003e-09 4.7e-09 4.8e-09 5.6000000000000005e-09 5.8e-09 6.4e-09 70
3e-10 5e-10 1e-09 1.5e-09 1.8e-09 2e-09 2.1e-09 2.8000000000000003e-09 3.2e-09 4.7e-09 4.8e-09 5.6000000000000005e-09 5.8e-09 6.4e-09 70
3e-10 5e-10 1e-09 1.5e-09 1.8e-09 2.1e-09 2.8000000000000003e-09 4.7e-09 4.8e-09 5.6000000000000005e-09 6.1e-09 6.4e-09 70
3e-10 4e-10 1e-09 1.5e-09 1.8e-09 2e-09 2.1e-09 2.8000000000000003e-09 4.5e-09 4.7e-09 4.8e-09 5.6000000000000005e-09 6.1e-09 6.4e-09 70
3e-10 5e-10 1e-09 1.5e-09 1.8e-09 2e-09 2.1e-09 2.8000000000000003e-09 3.6e-09 4.7e-09 4.8e-09 5.6000000000000005e-09 5.8e-09 6.4e-09 70
3e-10 6e-10 1e-09 1.5e-09 2.1e-09 2.9e-09 4.7e-09 5.2e-09 5.6000000000000005e-09 5.8e-09 6.4e-09 70
3e-10 5e-10 1e-09 1.5e-09 1.7000000000000001e-09 2.1e-09 2.9e-09 4.5e-09 4.6e-09 4.8e-09 5.6000000000000005e-09 5.8e-09 6.4e-09 70
3e-10 5e-10 1e-09 1.5e-09 1.8e-09 2.1e-09 2.8000000000000003e-09 4.7e-09 4.8e-09 5.3e-09 6.1e-09 6.4e-09 70
3e-10 5e-10 1e-09 1.5e-09 1.8e-09 2e-09 2.1e-09 2.8000000000000003e-09 3.2e-09 3.6e-09 4.7e-09 4.8e-09 5.6000000000000005e-09 6.1e-09 6.2e-09 6.4e-09 70
3e-10 6e-10 1e-09 1.5e-09 2.1e-09 2.9e-09 4.7e-09 4.8e-09 5.6000000000000005e-09 6.1e-09 6.4e-09 70
2e-10 3e-10 4e-10 1e-09 1.5e-09 1.8e-09 2e-09 2.1e-09 2.8000000000000003e-09 4.7e-09 5e-09 5.6000000000000005e-09 6.1e-09 6.4e-09 70
3e-10 5e-10 1e-09 1.5e-09 1.7000000000000001e-09 2.1e-09 2.9e-09 4.5e-09 4.6e-09 5.2e-09 5.6000000000000005e-09 5.8e-09 6.6e-09 70
3e-10 6e-10 1.4000000000000001e-09 1.5e-09 2.1e-09 4.6e-09 4.8e-09 5.6000000000000005e-09 5.8e-09 6.4e-09 70
3e-10 4e-10 1e-09 1.5e-09 1.8e-09 2e-09 2.1e-09 2.8000000000000003e-09 3.2e-09 3.6e-09 4.7e-09 5.2e-09 5.6000000000000005e-09 5.8e-09 6.4e-09 70
1e-10 3e-10 5e-10 1e-09 1.5e-09 2e-09 2.1e-09 2.6e-09 3.4000000000000003e-09 4.6e-09 4.8e-09 5.6000000000000005e-09 5.8e-09 6.4e-09 72
3e-10 4e-10 1e-09 1.5e-09 1.8e-09 2e-09 2.1e-09 4.7e-09 7.412041558346335e-301 8.015374670885809e-300 5.8e-09 6.4e-09 69
2e-10 3e-10 5e-10 1e-09 1.5e-09 1.8e-09 2e-09 2.1e-09 2.6e-09 2.8000000000000003e-09 4.6e-09 4.8e-09 5.6000000000000005e-09 5.8e-09 6.4e-09 70
3e-10 5e-10 1e-09 1.5e-09 1.8e-09 2e-09 2.1e-09 2.9e-09 3.3e-09 4.7e-09 5.2e-09 5.6000000000000005e-09 5.8e-09 6.4e-09 70
3e-10 4e-10 1e-09 1.5e-09 1.8e-09 2e-09 2.1e-09 2.8000000000000003e-09 4.6e-09 4.8e-09 5.6000000000000005e-09 5.8e-09 6.4e-09 70
1e-10 3e-10 5e-10 1e-09 1.5e-09 2e-09 2.1e-09 2.6e-09 4.1e-09 4.6e-09 5e-09 5.3e-09 5.8e-09 6.4e-09 72
3e-10 1e-09 1.5e-09 1.8e-09 2e-09 2.1e-09 2.9e-09 4.7e-09 4.8e-09 5.6000000000000005e-09 6.1e-09 6.2e-09 6.4e-09 70
3e-10 4e-10 1e-09 1.5e-09 8.145335788418425e-301 3.3e-09 4.6e-09 5e-09 5.6000000000000005e-09 5.8e-09 6.4e-09 70
3e-10 5e-10 1e-09 1.5e-09 1.8e-09 2.1e-09 2.8000000000000003e-09 4.7e-09 4.8e-09 5.3e-09 6.1e-09 6.4e-09 70
3e-10 4e-10 1e-09 1.5e-09 1.8e-09 2e-09 2.1e-09 4.7e-09 5e-09 8.015374670885809e-300 5.8e-09 6.4e-09 69
3e-10 5e-10 1e-09 1.5e-09 1.8e-09 2e-09 2.1e-09 2.8000000000000003e-09 3.4000000000000003e-09 3.6e-09 4.7e-09 4.8e-09 5.6000000000000005e-09 5.8e-09 6.4e-09 70
3e-10 6e-10 1e-09 1.5e-09 2.1e-09 2.9e-09 4.7e-09 5.2e-09 5.6000000000000005e-09 5.8e-09 6.4e-09 70
3e-10 5e-10 1e-09 1.5e-09 1.8e-09 2e-09 2.1e-09 2.8000000000000003e-09 3.3e-09 4.6e-09 4.8e-09 5.6000000000000005e-09 5.8e-09 6.4e-09 70
3e-10 8e-10 1.4000000000000001e-09 1.5e-09 2.1e-09 4.7e-09 5e-09 5.6000000000000005e-09 5.8e-09 6.4e-09 70
3e-10 7.000000000000001e-10 1e-09 1.5e-09 9.419645465367256e-241 2.9e-09 3.3e-09 4.7e-09 4.9e-09 5.6000000000000005e-09 1.18 6.4e-09 69
3e-10 6e-10 1.4000000000000001e-09 1.5e-09 2.1e-09 3.5000000000000003e-09 4.6e-09 5.2e-09 5.6000000000000005e-09 5.8e-09 6.6e-09 70
1e-10 3e-10 5e-10 1e-09 1.5e-09 2e-09 2.1e-09 2.6e-09 3.7e-09 4.6e-09 4.8e-09 5.3e-09 5.8e-09 6.4e-09 72
3e-10 4e-10 1e-09 1.5e-09 1.8e-09 2e-09 2.1e-09 2.8000000000000003e-09 4.7e-09 4.8e-09 5.6000000000000005e-09 6.1e-09 6.4e-09 70
3e-10 8e-10 1.4000000000000001e-09 1.5e-09 2.1e-09 4.7e-09 5e-09 5.6000000000000005e-09 5.8e-09 6.4e-09 70
2e-10 3e-10 5e-10 1e-09 1.5e-09 1.7000000000000001e-09 2.1e-09 2.8000000000000003e-09 4.6e-09 7.412041558346335e-301 5.6000000000000005e-09 5.8e-09 6.4e-09 70
2e-10 3e-10 5e-10 1e-09 1.5e-09 1.7000000000000001e-09 2.1e-09 2.8000000000000003e-09 4.6e-09 4.8e-09 5.6000000000000005e-09 5.8e-09 6.4e-09 70
3e-10 1e-09 1.5e-09 1.870781361069266e-304 2e-09 2.1e-09 2.9e-09 4.7e-09 4.8e-09 5.6000000000000005e-09 5.8e-09 6.2e-09 6.4e-09 70
3e-10 4e-10 1e-09 1.5e-09 1.870781361069266e-304 2e-09 2.1e-09 2.9e-09 3.9e-09 4.6e-09 4.8e-09 5.3e-09 5.8e-09 6.4e-09 70
3e-10 5e-10 1e-09 1.5e-09 1.8e-09 2e-09 2.1e-09 2.6e-09 2.8000000000000003e-09 4.7e-09 4.8e-09 5.6000000000000005e-09 5.8e-09 6.4e-09 70
1e-10 3e-10 1e-09 1.5e-09 1.870781361069266e-304 2e-09 2.1e-09 4.1e-09 4.6e-09 4.8e-09 1.725827584429009e-156 5.8e-09 6.4e-09 72
3e-10 5e-10 1e-09 1.5e-09 1.8e-09 2e-09 2.1e-09 2.8000000000000003e-09 4.7e-09 4.8e-09 5.6000000000000005e-09 5.8e-09 6.4e-09 70
3e-10 1e-09 1.5e-09 1.8e-09 2e-09 2.1e-09 2.9e-09 3.4000000000000003e-09 3.6e-09 4.7e-09 4.8e-09 5.6000000000000005e-09 6.1e-09 6.2e-09 6.4e-09 70
3e-10 4e-10 1e-09 1.5e-09 8.145335788418425e-301 3.3e-09 4.6e-09 5e-09 5.6000000000000005e-09 5.8e-09 6.4e-09 70
1e-10 3e-10 1e-09 1.5e-09 1.870781361069266e-304 2e-09 2.1e-09 4.1e-09 4.6e-09 4.8e-09 5.3e-09 5.8e-09 6.4e-09 72
3e-10 5e-10 1e-09 1.5e-09 1.8e-09 2e-09 2.1e-09 2.8000000000000003e-09 3.2e-09 3.4000000000000003e-09 3.6e-09 4.7e-09 4.8e-09 5.6000000000000005e-09 5.8e-09 6.4e-09 70
3e-10 1e-09 1.5e-09 1.8e-09 2e-09 2.1e-09 2.9e-09 3.4000000000000003e-09 3.6e-09 4.7e-09 4.8e-09 5.6000000000000005e-09 6.1e-09 6.4e-09 70
3e-10 1e-09 1.5e-09 1.7000000000000001e-09 2.1e-09 2.9e-09 4.5e-09 4.6e-09 4.9e-09 5.6000000000000005e-09 5.8e-09 6.4e-09 70
1e-10 3e-10 5e-10 1e-09 1.5e-09 2e-09 2.1e-09 2.6e-09 5.60079882135625e-243 4.6e-09 4.8e-09 5.6000000000000005e-09 5.8e-09 6.4e-09 72
3e-10 4e-10 1e-09 1.5e-09 8.145335788418425e-301 4.7e-09 4.8e-09 5.6000000000000005e-09 5.8e-09 6.4e-09 70
3e-10 4e-10 1e-09 1.5e-09 1.8e-09 2e-09 2.1e-09 2.8000000000000003e-09 4.7e-09 4.8e-09 5.6000000000000005e-09 6.1e-09 6.4e-09 70
3e-10 6e-10 1.4000000000000001e-09 1.5e-09 2.1e-09 3.3e-09 3.5000000000000003e-09 4.5e-09 4.6e-09 5.2e-09 5.6000000000000005e-09 5.8e-09 6.4e-09 70
1e-10 3e-10 1e-09 1.5e-09 1.870781361069266e-304 2e-09 2.1e-09 4.1e-09 4.6e-09 4.8e-09 1.725827584429009e-156 5.8e-09 6.4e-09 72
1e-10 3e-10 5e-10 1e-09 1.5e-09 2e-09 2.1e-09 2.6e-09 3.7e-09 4.7e-09 4.9e-09 5.6000000000000005e-09 5.8e-09 6.4e-09 72
3e-10 4e-10 1e-09 1.5e-09 1.8e-09 2e-09 2.1e-09 2.8000000000000003e-09 4.6e-09 4.8e-09 5.6000000000000005e-09 5.8e-09 6.4e-09 70
3e-10 6e-10 1e-09 1.5e-09 2.1e-09 2.9e-09 4.7e-09 5e-09 5.6000000000000005e-09 6.1e-09 6.4e-09 70
3e-10 4e-10 1e-09 1.5e-09 1.8e-09 2e-09 2.1e-09 2.8000000000000003e-09 4.5e-09 4.6e-09 4.8e-09 5.6000000000000005e-09 5.8e-09 6.4e-09 70
3e-10 4e-10 1e-09 1.5e-09 1.8e-09 2e-09 2.1e-09 3.3e-09 4.7e-09 4.8e-09 5.6000000000000005e-09 5.8e-09 6.4e-09 69
3e-10 4e-10 1e-09 1.5e-09 1.8e-09 2e-09 2.1e-09 2.8000000000000003e-09 3.2e-09 4.7e-09 5e-09 5.6000000000000005e-09 6.1e-09 6.4e-09 70
3e-10 4e-10 1e-09 1.5e-09 1.8e-09 2e-09 2.1e-09 2.8000000000000003e-09 3.4000000000000003e-09 4.6e-09 5.2e-09 5.6000000000000005e-09 5.8e-09 6.4e-09 70
1e-10 3e-10 1e-09 1.5e-09 1.870781361069266e-304 2e-09 2.1e-09 3.7e-09 4.6e-09 4.8e-09 1.725827584429009e-156 5.8e-09 6.4e-09 72
3e-10 1e-09 1.5e-09 1.7000000000000001e-09 2.1e-09 2.9e-09 3.3e-09 4.6e-09 4.8e-09 5.6000000000000005e-09 5.8e-09 6.4e-09 70
3e-10 1e-09 1.5e-09 1.7000000000000001e-09 2.1e-09 2.9e-09 4.5e-09 4.6e-09 4.8e-09 5.6000000000000005e-09 5.8e-09 6.4e-09 70
3e-10 5e-10 1e-09 1.5e-09 1.8e-09 2.1e-09 2.8000000000000003e-09 4.6e-09 4.8e-09 5.6000000000000005e-09 5.8e-09 6.4e-09 70
3e-10 1e-09 1.5e-09 1.8e-09 2e-09 2.1e-09 2.9e-09 4.7e-09 4.8e-09 5.6000000000000005e-09 5.8e-09 6.2e-09 6.4e-09 70
3e-10 4e-10 1e-09 1.5e-09 1.8e-09 2e-09 2.1e-09 2.8000000000000003e-09 3.2e-09 4.6e-09 5e-09 5.6000000000000005e-09 5.8e-09 6.4e-09 6.7000000000000004e-09 70
3e-10 8e-10 1.4000000000000001e-09 1.5e-09 2.1e-09 4.7e-09 5e-09 5.6000000000000005e-09 5.8e-09 6.4e-09 70
3e-10 5e-10 1e-09 1.5e-09 1.8e-09 2e-09 2.1e-09 2.9e-09 3.2e-09 3.4000000000000003e-09 3.6e-09 4.7e-09 4.8e-09 5.6000000000000005e-09 5.8e-09 6.4e-09 70
3e-10 5e-10 1e-09 1.6e-09 1.7000000000000001e-09 2.1e-09 2.9e-09 4.6e-09 5.2e-09 5.6000000000000005e-09 5.8e-09 6.2e-09 6.4e-09 73
3e-10 6e-10 1.4000000000000001e-09 1.5e-09 2.1e-09 4.5e-09 4.6e-09 4.8e-09 5.6000000000000005e-09 5.8e-09 6.4e-09 70
3e-10 1e-09 1.5e-09 1.7000000000000001e-09 2.1e-09 2.9e-09 3.3e-09 4.6e-09 4.8e-09 5.6000000000000005e-09 5.8e-09 6.4e-09 70
3e-10 1e-09 1.5e-09 1.8e-09 2e-09 2.1e-09 2.9e-09 4.7e-09 4.8e-09 5.6000000000000005e-09 5.8e-09 6.4e-09 70
3e-10 1e-09 1.5e-09 1.8e-09 2e-09 2.1e-09 2.9e-09 3.4000000000000003e-09 3.6e-09 4.7e-09 4.8e-09 5.6000000000000005e-09 5.8e-09 6.4e-09 70
3e-10 5e-10 1e-09 1.5e-09 1.8e-09 2e-09 2.1e-09 2.9e-09 4.7e-09 4.9e-09 5.6000000000000005e-09 5.8e-09 6.4e-09 70
3e-10 5e-10 1e-09 1.5e-09 1.8e-09 2e-09 2.1e-09 2.6e-09 2.8000000000000003e-09 4.6e-09 4.8e-09 5.6000000000000005e-09 5.8e-09 6.4e-09 70
3e-10 6e-10 1.4000000000000001e-09 1.5e-09 2.1e-09 3.5000000000000003e-09 4.6e-09 5.2e-09 5.6000000000000005e-09 5.8e-09 6.6e-09 70
3e-10 5e-10 1e-09 1.5e-09 1.8e-09 2.1e-09 2.8000000000000003e-09 4.6e-09 4.8e-09 5.6000000000000005e-09 5.8e-09 6.4e-09 70
3e-10 4e-10 1e-09 1.5e-09 1.8e-09 2e-09 2.1e-09 4.7e-09 5e-09 5.6000000000000005e-09 5.8e-09 6.4e-09 69
3e-10 3.294142357958874e-302 1e-09 1.5e-09 1.8e-09 2e-09 2.1e-09 1.098047452652958e-301 4.7e-09 4.8e-09 5.6000000000000005e-09 5.8e-09 6.4e-09 69
3e-10 1e-09 1.5e-09 1.7000000000000001e-09 2.1e-09 2.9e-09 4.5e-09 4.6e-09 4.8e-09 5.6000000000000005e-09 5.8e-09 6.6e-09 70
3e-10 4e-10 1e-09 1.5e-09 1.8e-09 2e-09 2.1e-09 2.8000000000000003e-09 3.2e-09 3.4000000000000003e-09 3.6e-09 4.7e-09 5e-09 5.6000000000000005e-09 5.8e-09 6.4e-09 70
3e-10 5e-10 1e-09 1.5e-09 1.8e-09 2e-09 2.1e-09 2.9e-09 3.3e-09 4.6e-09 4.8e-09 5.6000000000000005e-09 5.8e-09 6.4e-09 70
3e-10 1e-09 1.5e-09 1.8e-09 2e-09 2.1e-09 2.9e-09 3.4000000000000003e-09 3.6e-09 4.7e-09 4.8e-09 5.6000000000000005e-09 5.8e-09 6.2e-09 6.4e-09 70
3e-10 5e-10 1e-09 1.5e-09 1.8e-09 2.1e-09 2.8000000000000003e-09 4.7e-09 4.8e-09 5.6000000000000005e-09 5.8e-09 1.9768570512550468e-156 6.4e-09 70
3e-10 5e-10 1e-09 1.5e-09 1.8e-09 2e-09 2.1e-09 2.8000000000000003e-09 3.4000000000000003e-09 4.6e-09 5.2e-09 5.6000000000000005e-09 5.8e-09 6.4e-09 70
3e-10 5e-10 1e-09 1.5e-09 1.8e-09 2.1e-09 2.8000000000000003e-09 4.7e-09 4.8e-09 5.6000000000000005e-09 5.8e-09 6.4e-09 70
3e-10 4e-10 1e-09 1.5e-09 1.870781361069266e-304 2e-09 2.1e-09 2.9e-09 3.9e-09 4.6e-09 4.8e-09 5.3e-09 5.8e-09 6.4e-09 70
3e-10 4e-10 1e-09 1.5e-09 1.8e-09 2e-09 2.1e-09 2.8000000000000003e-09 4.7e-09 5.2e-09 5.6000000000000005e-09 6.1e-09 6.4e-09 70
3e-10 4e-10 1.1061481174583726e-302 1.5e-09 1.7000000000000001e-09 2.1e-09 3.2e-09 4.7e-09 4.8e-09 5.6000000000000005e-09 5.8e-09 6.4e-09 70
3e-10 5e-10 1e-09 1.5e-09 1.7000000000000001e-09 2.1e-09 2.9e-09 4.6e-09 4.8e-09 5.6000000000000005e-09 5.8e-09 6.6e-09 70
3e-10 5e-10 1e-09 1.5e-09 1.8e-09 2.1e-09 2.8000000000000003e-09 4.7e-09 4.8e-09 5.6000000000000005e-09 5.8e-09 6.4e-09 70
3e-10 4e-10 1e-09 1.5e-09 1.870781361069266e-304 2e-09 2.1e-09 2.9e-09 4.7e-09 4.8e-09 5.6000000000000005e-09 6.1e-09 6.4e-09 70
3e-10 1e-09 1.5e-09 1.8e-09 2e-09 2.1e-09 2.9e-09 3.9e-09 4.6e-09 4.8e-09 5.6000000000000005e-09 5.8e-09 6.4e-09 70
2e-10 3e-10 5e-10 1e-09 1.6e-09 1.7000000000000001e-09 2.1e-09 2.8000000000000003e-09 3.3e-09 3.9e-09 4.7e-09 4.9e-09 5.6000000000000005e-09 5.8e-09 6.4e-09 73
3e-10 4e-10 1e-09 1.5e-09 1.8e-09 2e-09 2.1e-09 2.8000000000000003e-09 3.6e-09 4.7e-09 5e-09 5.6000000000000005e-09 6.1e-09 6.4e-09 70
3e-10 5e-10 1e-09 1.5e-09 1.8e-09 2e-09 2.1e-09 2.8000000000000003e-09 4.6e-09 4.8e-09 5.6000000000000005e-09 5.8e-09 6.4e-09 70
3e-10 5e-10 1.1061481174583726e-302 1.5e-09 1.7000000000000001e-09 2.1e-09 2.9e-09 3.4000000000000003e-09 4.6e-09 4.8e-09 5.3e-09 5.8e-09 6.4e-09 70
3e-10 6e-10 1.4000000000000001e-09 1.5e-09 2.1e-09 3.5000000000000003e-09 4.6e-09 5.2e-09 5.6000000000000005e-09 5.8e-09 6.4e-09 70
3e-10 7.000000000000001e-10 1e-09 1.5e-09 9.419645465367256e-241 2.9e-09 3.3e-09 4.6e-09 5e-09 5.6000000000000005e-09 5.8e-09 6.4e-09 69
1e-10 3e-10 5e-10 1e-09 1.5e-09 2e-09 2.1e-09 2.6e-09 3.4000000000000003e-09 3.7e-09 4.6e-09 4.8e-09 5.6000000000000005e-09 5.8e-09 6.4e-09 72
3e-10 5e-10 1e-09 1.5e-09 1.8e-09 2e-09 2.1e-09 2.8000000000000003e-09 3.2e-09 4.6e-09 5e-09 5.3e-09 5.8e-09 6.4e-09 70
3e-10 5e-10 1e-09 1.5e-09 1.8e-09 2e-09 2.1e-09 2.6e-09 2.8000000000000003e-09 4.6e-09 4.9e-09 5.3e-09 5.8e-09 6.4e-09 70
3e-10 4e-10 1e-09 1.5e-09 1.8e-09 2e-09 2.1e-09 2.8000000000000003e-09 4.7e-09 4.8e-09 5.6000000000000005e-09 6.1e-09 6.4e-09 70
3e-10 1e-09 1.5e-09 1.870781361069266e-304 2e-09 2.1e-09 2.9e-09 4.6e-09 4.8e-09 5.6000000000000005e-09 5.8e-09 6.4e-09 70
2e-10 3e-10 5e-10 1e-09 1.5e-09 1.8e-09 2e-09 2.1e-09 2.6e-09 2.8000000000000003e-09 4.6e-09 4.8e-09 5.6000000000000005e-09 5.8e-09 6.4e-09 70
2e-10 3e-10 5e-10 1e-09 1.6e-09 1.7000000000000001e-09 2.1e-09 2.8000000000000003e-09 4.6e-09 4.8e-09 5.6000000000000005e-09 5.8e-09 6.4e-09 73
3e-10 4e-10 1e-09 1.5e-09 1.8e-09 2e-09 2.1e-09 2.8000000000000003e-09 4.7e-09 4.8e-09 5.6000000000000005e-09 6.1e-09 6.4e-09 70
3e-10 5e-10 1e-09 1.6e-09 1.7000000000000001e-09 2.1e-09 2.9e-09 4.7e-09 5e-09 5.6000000000000005e-09 5.8e-09 6.2e-09 6.4e-09 73
3e-10 5e-10 1e-09 1.5e-09 1.8e-09 2e-09 2.1e-09 2.8000000000000003e-09 3.6e-09 4.7e-09 4.8e-09 5.6000000000000005e-09 6.1e-09 6.4e-09 70
3e-10 5e-10 1e-09 1.5e-09 1.8e-09 2e-09 2.1e-09 2.8000000000000003e-09 3.2e-09 3.4000000000000003e-09 3.6e-09 4.7e-09 4.8e-09 5.6000000000000005e-09 5.8e-09 6.4e-09 70
3e-10 5e-10 1e-09 1.5e-09 1.8e-09 2e-09 2.1e-09 2.8000000000000003e-09 4.7e-09 4.8e-09 5.6000000000000005e-09 5.8e-09 6.2e-09 6.4e-09 70
1e-10 3e-10 5e-10 1e-09 1.5e-09 2e-09 2.1e-09 2.6e-09 3.4000000000000003e-09 4.1e-09 4.7e-09 4.8e-09 5.6000000000000005e-09 6.1e-09 6.4e-09 72
3e-10 6e-10 1.4000000000000001e-09 1.5e-09 2.1e-09 3.5000000000000003e-09 4.6e-09 5.2e-09 5.6000000000000005e-09 5.8e-09 6.4e-09 70
3e-10 4e-10 1e-09 1.5e-09 1.8e-09 2e-09 2.1e-09 2.8000000000000003e-09 4.7e-09 5e-09 5.6000000000000005e-09 5.8e-09 6.4e-09 70
3e-10 6e-10 1.4000000000000001e-09 1.5e-09 2.1e-09 4.6e-09 4.8e-09 5.6000000000000005e-09 5.8e-09 6.4e-09 70
3e-10 1e-09 1.5e-09 1.8e-09 2e-09 2.1e-09 2.9e-09 3.4000000000000003e-09 3.6e-09 4.7e-09 4.8e-09 5.6000000000000005e-09 5.8e-09 6.4e-09 70
2e-10 3e-10 5e-10 1e-09 1.5e-09 1.8e-09 2e-09 2.1e-09 2.6e-09 2.8000000000000003e-09 4.6e-09 5e-09 5.3e-09 5.8e-09 6.4e-09 70
3e-10 4e-10 1e-09 1.5e-09 1.8e-09 2e-09 2.1e-09 2.8000000000000003e-09 3.4000000000000003e-09 3.6e-09 4.7e-09 5e-09 5.6000000000000005e-09 5.8e-09 6.4e-09 70
3e-10 7.000000000000001e-10 1e-09 1.5e-09 9.419645465367256e-241 2.9e-09 3.3e-09 4.7e-09 4.9e-09 5.6000000000000005e-09 1.18 6.4e-09 69
3e-10 1e-09 1.5e-09 1.8e-09 2e-09 2.1e-09 2.9e-09 4.7e-09 4.8e-09 5.6000000000000005e-09 5.8e-09 6.2e-09 6.4e-09 70
3e-10 6e-10 1.4000000000000001e-09 1.5e-09 2.1e-09 4.6e-09 4.8e-09 5.6000000000000005e-09 5.8e-09 6.4e-09 70
3e-10 6e-10 1e-09 1.5e-09 2.1e-09 2.9e-09 4.6e-09 5e-09 5.6000000000000005e-09 5.8e-09 6.4e-09 70
3e-10 4e-10 1e-09 1.5e-09 1.8e-09 2e-09 2.1e-09 2.8000000000000003e-09 3.9e-09 4.7e-09 4.8e-09 5.6000000000000005e-09 5.8e-09 6.4e-09 70
1e-10 3e-10 5e-10 1e-09 1.5e-09 2e-09 2.1e-09 2.6e-09 3.4000000000000003e-09 4.1e-09 4.7e-09 4.8e-09 5.6000000000000005e-09 6.1e-09 6.4e-09 72
3e-10 5e-10 1e-09 1.5e-09 1.8e-09 2e-09 2.1e-09 2.8000000000000003e-09 3.6e-09 4.7e-09 4.8e-09 5.6000000000000005e-09 6.1e-09 6.2e-09 6.4e-09 70
3e-10 5e-10 1e-09 1.5e-09 1.8e-09 2.1e-09 2.8000000000000003e-09 4.7e-09 5e-09 5.6000000000000005e-09 5.8e-09 6.4e-09 70
3e-10 5e-10 1e-09 1.5e-09 1.7000000000000001e-09 2.1e-09 2.9e-09 3.5000000000000003e-09 4.6e-09 5.2e-09 5.6000000000000005e-09 5.8e-09 6.4e-09 70
3e-10 4e-10 1e-09 1.5e-09 1.8e-09 2e-09 2.1e-09 2.8000000000000003e-09 4.7e-09 5e-09 5.6000000000000005e-09 5.8e-09 6.4e-09 70
3e-10 4e-10 1e-09 1.5e-09 1.8e-09 2e-09 2.1e-09 2.8000000000000003e-09 4.7e-09 4.8e-09 5.6000000000000005e-09 5.8e-09 6.4e-09 70
3e-10 5e-10 1e-09 1.5e-09 1.8e-09 2e-09 2.1e-09 2.9e-09 4.5e-09 4.6e-09 4.8e-09 5.6000000000000005e-09 5.8e-09 6.4e-09 70
3e-10 4e-10 1e-09 1.5e-09 1.8e-09 2e-09 2.1e-09 2.8000000000000003e-09 3.2e-09 4.7e-09 5.2e-09 5.6000000000000005e-09 6.1e-09 6.4e-09 70
3e-10 5e-10 1e-09 1.5e-09 1.8e-09 2.1e-09 2.8000000000000003e-09 4.7e-09 4.8e-09 5.3e-09 6.1e-09 6.4e-09 70
3e-10 4e-10 1e-09 1.5e-09 1.8e-09 2e-09 2.1e-09 2.8000000000000003e-09 4.7e-09 4.8e-09 5.6000000000000005e-09 5.8e-09 6.4e-09 70
3e-10 4e-10 1e-09 1.5e-09 1.8e-09 2e-09 2.1e-09 2.8000000000000003e-09 4.7e-09 4.8e-09 5.6000000000000005e-09 6.1e-09 6.4e-09 70
3e-10 5e-10 1e-09 1.5e-09 8.145335788418425e-301 2.9e-09 4.6e-09 5e-09 5.6000000000000005e-09 5.8e-09 6.4e-09 70
3e-10 4e-10 1e-09 1.5e-09 1.8e-09 2e-09 2.1e-09 2.8000000000000003e-09 4.6e-09 4.9e-09 5.6000000000000005e-09 5.8e-09 6.4e-09 70
3e-10 5e-10 1e-09 1.5e-09 1.8e-09 2e-09 2.1e-09 2.8000000000000003e-09 4.7e-09 5.2e-09 5.6000000000000005e-09 5.8e-09 6.4e-09 70
3e-10 5e-10 1.1061481174583726e-302 1.5e-09 1.8e-09 2.1e-09 2.9e-09 4.6e-09 4.8e-09 5.3e-09 5.8e-09 6.4e-09 70
3e-10 1e-09 1.5e-09 1.8e-09 2e-09 2.1e-09 2.9e-09 3.9e-09 4.5e-09 4.6e-09 4.8e-09 5.3e-09 5.8e-09 6.4e-09 70
3e-10 4e-10 1e-09 1.5e-09 1.8e-09 2e-09 2.1e-09 2.8000000000000003e-09 4.6e-09 4.8e-09 5.6000000000000005e-09 5.8e-09 6.4e-09 70
3e-10 6e-10 1.4000000000000001e-09 1.5e-09 2.1e-09 3.3e-09 3.5000000000000003e-09 4.6e-09 5.2e-09 5.6000000000000005e-09 5.8e-09 6.4000414983948576e-304 70
3e-10 4e-10 1.1061481174583726e-302 1.5e-09 1.7000000000000001e-09 2.1e-09 3.2e-09 4.7e-09 4.8e-09 5.6000000000000005e-09 6.1e-09 6.4e-09 70
3e-10 4e-10 1e-09 1.5e-09 1.8e-09 2e-09 2.1e-09 2.8000000000000003e-09 3.9e-09 4.7e-09 4.8e-09 5.6000000000000005e-09 6.1e-09 6.4e-09 70
3e-10 6e-10 1.4000000000000001e-09 1.5e-09 2.1e-09 4.6e-09 5e-09 5.6000000000000005e-09 5.8e-09 6.4e-09 70
3e-10 5e-10 1e-09 1.5e-09 1.8e-09 2e-09 2.1e-09 2.8000000000000003e-09 3.6e-09 4.7e-09 4.8e-09 5.6000000000000005e-09 6.1e-09 6.2e-09 6.4e-09 70
1e-10 3e-10 1e-09 1.5e-09 1.870781361069266e-304 2e-09 2.1e-09 4.1e-09 4.7e-09 5e-09 5.6000000000000005e-09 5.8e-09 6.4e-09 72
3e-10 5e-10 1e-09 1.5e-09 1.8e-09 2e-09 2.1e-09 2.8000000000000003e-09 3.2e-09 4.7e-09 4.8e-09 5.6000000000000005e-09 5.8e-09 6.4e-09 70
3e-10 1e-09 1.5e-09 1.8e-09 2e-09 2.1e-09 2.9e-09 4.7e-09 4.8e-09 5.3e-09 5.8e-09 6.4e-09 70
3e-10 5e-10 1e-09 1.5e-09 1.8e-09 2e-09 2.1e-09 2.6e-09 2.8000000000000003e-09 4.7e-09 4.8e-09 5.6000000000000005e-09 6.1e-09 6.4e-09 70
2e-10 3e-10 5e-10 1e-09 1.6e-09 1.7000000000000001e-09 2.1e-09 2.8000000000000003e-09 3.3e-09 4.7e-09 4.8e-09 5.6000000000000005e-09 5.8e-09 6.4e-09 73
3e-10 5e-10 1e-09 1.5e-09 1.8e-09 2e-09 2.1e-09 2.6e-09 2.8000000000000003e-09 3.4000000000000003e-09 3.6e-09 3.9e-09 4.7e-09 4.8e-09 5.6000000000000005e-09 5.8e-09 6.4e-09 70
3e-10 6e-10 1e-09 1.5e-09 2.1e-09 2.9e-09 4.7e-09 5e-09 5.6000000000000005e-09 6.1e-09 6.4e-09 70
3e-10 5e-10 1e-09 1.5e-09 1.7000000000000001e-09 2.1e-09 2.9e-09 3.4000000000000003e-09 3.6e-09 3.9e-09 4.7e-09 4.8e-09 5.6000000000000005e-09 5.8e-09 6.4e-09 70
3e-10 4e-10 1e-09 1.5e-09 1.8e-09 2e-09 2.1e-09 4.6e-09 4.8e-09 5.3e-09 5.8e-09 6.4e-09 69
3e-10 4e-10 1e-09 1.5e-09 1.8e-09 2e-09 2.1e-09 4.6e-09 5e-09 5.6000000000000005e-09 5.8e-09 6.4e-09 69
3e-10 1e-09 1.5e-09 1.8e-09 2e-09 2.1e-09 2.9e-09 4.6e-09 4.8e-09 5.3e-09 5.8e-09 6.4e-09 70
3e-10 5e-10 1e-09 1.5e-09 1.8e-09 2e-09 2.1e-09 2.8000000000000003e-09 3.2e-09 4.7e-09 4.8e-09 5.6000000000000005e-09 6.1e-09 6.2e-09 6.4e-09 70
3e-10 8e-10 1.4000000000000001e-09 1.5e-09 2.1e-09 4.6e-09 5.2e-09 5.6000000000000005e-09 5.8e-09 6.4e-09 70
3e-10 5e-10 1e-09 1.5e-09 1.8e-09 2e-09 2.1e-09 2.6e-09 2.8000000000000003e-09 4.7e-09 4.8e-09 5.6000000000000005e-09 6.1e-09 6.4e-09 70
3e-10 4e-10 1e-09 1.5e-09 1.8e-09 2e-09 2.1e-09 4.7e-09 5e-09 5.6000000000000005e-09 6.1e-09 6.4e-09 69
3e-10 5e-10 1e-09 1.5e-09 1.8e-09 2.1e-09 2.8000000000000003e-09 3.4000000000000003e-09 3.6e-09 4.7e-09 4.8e-09 5.6000000000000005e-09 5.8e-09 6.4e-09 70
1e-10 3e-10 5e-10 1e-09 1.5e-09 2e-09 2.1e-09 2.6e-09 4.1e-09 4.7e-09 4.8e-09 5.6000000000000005e-09 5.8e-09 6.4e-09 72
3e-10 4e-10 1e-09 1.5e-09 1.8e-09 2e-09 2.1e-09 4.7e-09 5e-09 5.6000000000000005e-09 5.8e-09 6.4e-09 69
3e-10 4e-10 1e-09 1.5e-09 1.8e-09 2e-09 2.1e-09 2.8000000000000003e-09 3.2e-09 3.6e-09 4.7e-09 4.8e-09 5.6000000000000005e-09 6.1e-09 6.2e-09 6.4e-09 70
3e-10 5e-10 1e-09 1.5e-09 1.7000000000000001e-09 2.1e-09 2.9e-09 4.5e-09 4.6e-09 5.2e-09 5.6000000000000005e-09 5.8e-09 6.6e-09 70
3e-10 1e-09 1.5e-09 1.870781361069266e-304 2e-09 2.1e-09 2.9e-09 4.7e-09 4.8e-09 5.6000000000000005e-09 6.1e-09 6.2e-09 6.4e-09 70
3e-10 5e-10 1e-09 1.5e-09 1.7000000000000001e-09 2.1e-09 2.9e-09 4.6e-09 5.2e-09 5.6000000000000005e-09 5.8e-09 6.6e-09 70
3e-10 4e-10 1.1061481174583726e-302 1.5e-09 1.7000000000000001e-09 2.1e-09 4.7e-09 4.8e-09 5.6000000000000005e-09 5.8e-09 6.4e-09 70
3e-10 4e-10 1e-09 1.5e-09 1.8e-09 2e-09 2.1e-09 3.4000000000000003e-09 3.6e-09 4.7e-09 5e-09 5.6000000000000005e-09 5.8e-09 6.4e-09 69
3e-10 6e-10 1e-09 1.5e-09 2.1e-09 2.9e-09 4.7e-09 5e-09 5.6000000000000005e-09 6.1e-09 6.4e-09 70
3e-10 5e-10 1e-09 1.5e-09 1.8e-09 2.1e-09 2.8000000000000003e-09 3.6e-09 4.7e-09 4.8e-09 5.6000000000000005e-09 6.1e-09 6.4e-09 70
3e-10 1e-09 1.5e-09 1.8e-09 2e-09 2.1e-09 2.9e-09 4.7e-09 4.8e-09 5.6000000000000005e-09 5.8e-09 6.4e-09 70
3e-10 6e-10 1.4000000000000001e-09 1.5e-09 2.1e-09 3.5000000000000003e-09 4.6e-09 5.2e-09 5.6000000000000005e-09 5.8e-09 6.6e-09 70
3e-10 1e-09 1.5e-09 1.7000000000000001e-09 2.1e-09 2.9e-09 4.5e-09 4.6e-09 4.9e-09 5.6000000000000005e-09 5.8e-09 6.4e-09 70
3e-10 4e-10 1e-09 1.5e-09 1.8e-09 2e-09 2.1e-09 2.8000000000000003e-09 3.2e-09 4.7e-09 4.8e-09 5.6000000000000005e-09 5.8e-09 6.2e-09 6.4e-09 70
3e-10 5e-10 1e-09 1.5e-09 1.8e-09 2e-09 2.1e-09 2.9e-09 3.9e-09 4.6e-09 4.8e-09 5.6000000000000005e-09 5.8e-09 6.4e-09 70
3e-10 4e-10 1e-09 1.5e-09 1.8e-09 2e-09 2.1e-09 2.8000000000000003e-09 4.6e-09 4.8e-09 5.6000000000000005e-09 5.8e-09 6.4e-09 70
3e-10 5e-10 1e-09 1.5e-09 1.8e-09 2e-09 2.1e-09 2.9e-09 4.7e-09 4.8e-09 5.6000000000000005e-09 5.8e-09 1.9768570512550468e-156 6.4e-09 70
3e-10 5e-10 1e-09 1.5e-09 1.8e-09 2e-09 2.1e-09 2.8000000000000003e-09 4.5e-09 4.6e-09 5.2e-09 5.3e-09 5.8e-09 6.4e-09 70
3e-10 7.000000000000001e-10 1e-09 1.5e-09 9.419645465367256e-241 2.9e-09 3.3e-09 4.7e-09 4.8e-09 5.6000000000000005e-09 8.843366560036184e-243 6.4e-09 69
3e-10 7.000000000000001e-10 1e-09 1.5e-09 2.1e-09 2.9e-09 3.3e-09 4.6e-09 5e-09 5.6000000000000005e-09 5.8e-09 6.4e-09 70
3e-10 5e-10 1e-09 1.5e-09 1.8e-09 2e-09 2.1e-09 2.9e-09 3.4000000000000003e-09 3.6e-09 3.9e-09 4.7e-09 4.8e-09 5.6000000000000005e-09 6.1e-09 6.4e-09 70
1e-10 3e-10 1e-09 1.5e-09 1.870781361069266e-304 2e-09 2.1e-09 5.60079882135625e-243 4.6e-09 5e-09 5.6000000000000005e-09 5.8e-09 6.4e-09 72
3e-10 5e-10 1e-09 1.5e-09 1.8e-09 2e-09 2.1e-09 2.9e-09 4.6e-09 4.8e-09 5.3e-09 5.8e-09 6.4e-09 70
3e-10 4e-10 1e-09 1.5e-09 1.8e-09 2e-09 2.1e-09 3.4000000000000003e-09 3.6e-09 4.7e-09 5e-09 5.6000000000000005e-09 6.1e-09 6.4e-09 69
3e-10 6e-10 1.4000000000000001e-09 1.5e-09 2.1e-09 4.5e-09 4.6e-09 4.8e-09 5.6000000000000005e-09 5.8e-09 6.4e-09 70
3e-10 4e-10 1e-09 1.5e-09 1.8e-09 2e-09 2.1e-09 2.8000000000000003e-09 3.2e-09 4.6e-09 4.8e-09 5.6000000000000005e-09 5.8e-09 6.4e-09 6.7000000000000004e-09 70
3e-10 4e-10 1e-09 1.5e-09 1.8e-09 2e-09 2.1e-09 2.8000000000000003e-09 4.5e-09 4.6e-09 4.8e-09 5.6000000000000005e-09 5.8e-09 6.4e-09 70
3e-10 6e-10 1.4000000000000001e-09 1.5e-09 2.1e-09 3.3e-09 3.5000000000000003e-09 4.5e-09 4.6e-09 5e-09 5.6000000000000005e-09 5.8e-09 6.4e-09 70
