3e-10 4e-10 1e-09 1.5e-09 1.8e-09 2e-09 2.1e-09 3.6e-09 4.7e-09 1.567275e-318 5.6000000000000005e-09 6.1e-09 6.4e-09 69
3e-10 5e-10 1e-09 1.5e-09 1.8e-09 2e-09 2.1e-09 2.6e-09 2.8000000000000003e-09 4.5e-09 4.6e-09 4.8e-09 5.6000000000000005e-09 5.8e-09 6.4e-09 70
3e-10 5e-10 1e-09 1.5e-09 1.8e-09 2.1e-09 2.8000000000000003e-09 3.2e-09 4.7e-09 4.8e-09 5.6000000000000005e-09 5.8e-09 6.3e-09 6.4e-09 70
3e-10 1.2100534893808832e-244 1e-09 1.5e-09 2.1e-09 2.9e-09 3.3e-09 4.6e-09 4.8e-09 5.6000000000000005e-09 5.8e-09 6.4e-09 70
1e-10 3e-10 5e-10 1e-09 1.5e-09 2e-09 2.1e-09 2.6e-09 4.1e-09 4.7e-09 5e-09 5.6000000000000005e-09 5.8e-09 6.4e-09 72
3e-10 3.8507e-320 1e-09 1.5e-09 1.8e-09 2e-09 2.1e-09 1.2836e-319 4.6e-09 4.8e-09 5.3e-09 5.8e-09 6.4e-09 69
3e-10 5e-10 1e-09 1.5e-09 1.8e-09 2e-09 2.1e-09 2.8000000000000003e-09 3.9e-09 4.6e-09 5e-09 5.6000000000000005e-09 5.8e-09 6.4e-09 1.1581940541217025e-243 70
3e-10 6e-10 1.4000000000000001e-09 1.5e-09 2.1e-09 3.3e-09 3.5000000000000003e-09 4.5e-09 4.6e-09 5.2e-09 5.6000000000000005e-09 5.8e-09 6.4e-09 70
2e-10 3e-10 5e-10 1e-09 1.5e-09 1.8e-09 2e-09 2.1e-09 2.6e-09 2.8000000000000003e-09 4.6e-09 4.8e-09 5.6000000000000005e-09 5.8e-09 6.4e-09 70
3e-10 5e-10 1e-09 1.6e-09 1.7000000000000001e-09 2.1e-09 2.9e-09 4.6e-09 4.9e-09 5.6000000000000005e-09 5.8e-09 1.071761662023068e-243 6.4e-09 73
3e-10 5e-10 1e-09 1.5e-09 1.8e-09 2e-09 2.1e-09 2.8000000000000003e-09 3.2e-09 4.7e-09 4.8e-09 5.6000000000000005e-09 5.8e-09 6.4e-09 70
3e-10 4e-10 1e-09 1.5e-09 1.8e-09 2e-09 2.1e-09 2.8000000000000003e-09 3.4000000000000003e-09 3.6e-09 4.7e-09 4.8e-09 5.6000000000000005e-09 5.8e-09 6.4e-09 70
3e-10 5e-10 1e-09 1.5e-09 1.8e-09 2e-09 2.1e-09 2.6e-09 2.8000000000000003e-09 3.4000000000000003e-09 3.6e-09 3.9e-09 4.7e-09 4.8e-09 5.6000000000000005e-09 6.1e-09 6.4e-09 70
3e-10 4e-10 1e-09 1.5e-09 1.8e-09 2e-09 2.1e-09 2.8000000000000003e-09 3.9e-09 4.7e-09 4.8e-09 5.6000000000000005e-09 6.1e-09 6.4e-09 70
3e-10 4e-10 1e-09 1.5e-09 1.8e-09 2e-09 2.1e-09 2.8000000000000003e-09 4.7e-09 4.8e-09 5.6000000000000005e-09 5.8e-09 6.3e-09 6.4e-09 70
3e-10 5e-10 1e-09 1.5e-09 1.8e-09 2e-09 2.1e-09 2.8000000000000003e-09 3.6e-09 4.7e-09 4.8e-09 5.6000000000000005e-09 6.1e-09 1.071761662023068e-243 6.4e-09 70
3e-10 4e-10 1e-09 1.5e-09 1.8e-09 2e-09 2.1e-09 2.8000000000000003e-09 3.4000000000000003e-09 4.7e-09 5e-09 5.6000000000000005e-09 5.8e-09 6.4e-09 70
3e-10 5e-10 1.2e-322 1.5e-09 1.7000000000000001e-09 2.1e-09 2.9e-09 3.4000000000000003e-09 4.6e-09 4.8e-09 5.3e-09 5.8e-09 6.4e-09 70
3e-10 5e-10 1e-09 1.5e-09 1.8e-09 2e-09 2.1e-09 2.8000000000000003e-09 3.2e-09 4.6e-09 5e-09 5.6000000000000005e-09 5.8e-09 6.4e-09 70
3e-10 4e-10 1e-09 1.5e-09 1.8e-09 2e-09 2.1e-09 2.8000000000000003e-09 3.4000000000000003e-09 3.6e-09 4.7e-09 4.8e-09 5.6000000000000005e-09 5.8e-09 6.4e-09 70
3e-10 5e-10 1e-09 1.5e-09 1.8e-09 2e-09 2.1e-09 2.8000000000000003e-09 3.2e-09 4.7e-09 4.8e-09 5.6000000000000005e-09 6.1e-09 6.4e-09 70
3e-10 5e-10 1e-09 1.5e-09 1.8e-09 2e-09 2.1e-09 2.8000000000000003e-09 3.2e-09 4.7e-09 4.8e-09 5.6000000000000005e-09 5.8e-09 6.4e-09 70
3e-10 1e-09 1.5e-09 1.7000000000000001e-09 2.1e-09 2.9e-09 4.6e-09 4.8e-09 5.6000000000000005e-09 5.8e-09 6.4e-09 70
3e-10 5e-10 1e-09 1.5e-09 1.8e-09 2e-09 2.1e-09 2.8000000000000003e-09 3.2e-09 3.6e-09 4.7e-09 4.8e-09 5.6000000000000005e-09 5.8e-09 1.071761662023068e-243 6.4e-09 70
3e-10 5e-10 1e-09 1.5e-09 1.8e-09 2e-09 2.1e-09 2.8000000000000003e-09 3.2e-09 3.4000000000000003e-09 3.6e-09 4.7e-09 4.8e-09 5.6000000000000005e-09 5.8e-09 6.4e-09 70
3e-10 4e-10 1e-09 1.5e-09 1.8e-09 2e-09 2.1e-09 3.3e-09 4.7e-09 4.8e-09 5.6000000000000005e-09 5.8e-09 6.4e-09 69
3e-10 1e-09 1.5e-09 1.9e-322 2e-09 2.1e-09 2.9e-09 4.7e-09 4.8e-09 5.6000000000000005e-09 6.1e-09 1.071761662023068e-243 6.4e-09 70
2e-10 3e-10 5e-10 1e-09 1.5e-09 1.7000000000000001e-09 2.1e-09 2.8000000000000003e-09 4.6e-09 4.8e-09 5.6000000000000005e-09 5.8e-09 6.4e-09 70
3e-10 4e-10 1e-09 1.5e-09 1.8e-09 2e-09 2.1e-09 4.7e-09 5e-09 1.0843172e-316 5.8e-09 6.4e-09 69
3e-10 1.2100534893808832e-244 1e-09 1.5e-09 2.1e-09 2.9e-09 3.3e-09 3.5000000000000003e-09 4.6e-09 5e-09 5.6000000000000005e-09 5.8e-09 6.4e-09 70
2e-10 3e-10 5e-10 1e-09 1.6e-09 1.7000000000000001e-09 2.1e-09 2.8000000000000003e-09 3.3e-09 4.7e-09 4.8e-09 5.6000000000000005e-09 5.8e-09 6.4e-09 73
3e-10 6e-10 1.4000000000000001e-09 1.5e-09 2.1e-09 4.6e-09 4.8e-09 5.6000000000000005e-09 5.8e-09 6.4e-09 70
3e-10 5e-10 1e-09 1.5e-09 1.8e-09 2e-09 2.1e-09 2.8000000000000003e-09 3.2e-09 4.6e-09 5e-09 5.6000000000000005e-09 5.8e-09 6.4e-09 70
3e-10 4e-10 1e-09 1.5e-09 1.8e-09 2e-09 2.1e-09 2.8000000000000003e-09 4.5e-09 4.7e-09 5.2e-09 5.6000000000000005e-09 5.8e-09 6.4e-09 70
3e-10 4e-10 1e-09 1.5e-09 1.8e-09 2e-09 2.1e-09 2.8000000000000003e-09 3.9e-09 4.7e-09 4.8e-09 5.6000000000000005e-09 6.1e-09 6.4e-09 70
3e-10 5e-10 1e-09 1.5e-09 1.8e-09 2e-09 2.1e-09 2.9e-09 3.4000000000000003e-09 4.7e-09 4.8e-09 5.6000000000000005e-09 6.1e-09 6.4e-09 70
3e-10 5e-10 1e-09 1.5e-09 1.8e-09 2e-09 2.1e-09 2.8000000000000003e-09 3.4000000000000003e-09 4.6e-09 4.8e-09 5.6000000000000005e-09 5.8e-09 6.4e-09 70
1e-10 3e-10 1e-09 1.5e-09 1.9e-322 2e-09 2.1e-09 4.1e-09 4.6e-09 5e-09 5.6000000000000005e-09 5.8e-09 6.4e-09 72
3e-10 5e-10 1e-09 1.5e-09 1.8e-09 2e-09 2.1e-09 2.8000000000000003e-09 3.2e-09 3.4000000000000003e-09 3.6e-09 4.7e-09 4.8e-09 5.6000000000000005e-09 5.8e-09 6.4e-09 70
3e-10 5e-10 1e-09 1.5e-09 1.8e-09 2e-09 2.1e-09 2.8000000000000003e-09 3.2e-09 4.6e-09 4.8e-09 5.6000000000000005e-09 5.8e-09 6.4e-09 70
3e-10 5e-10 1e-09 1.5e-09 1.8e-09 2e-09 2.1e-09 2.8000000000000003e-09 3.2e-09 3.6e-09 4.7e-09 4.8e-09 5.6000000000000005e-09 5.8e-09 6.4e-09 70
3e-10 5e-10 1e-09 1.5e-09 1.8e-09 2.1e-09 2.8000000000000003e-09 4.6e-09 4.8e-09 5.6000000000000005e-09 5.8e-09 6.4e-09 70
3e-10 4e-10 1e-09 1.5e-09 1.8e-09 2e-09 2.1e-09 2.8000000000000003e-09 3.4000000000000003e-09 4.6e-09 4.8e-09 5.6000000000000005e-09 5.8e-09 6.4e-09 70
3e-10 5e-10 1e-09 1.5e-09 1.7000000000000001e-09 2.1e-09 2.9e-09 4.5e-09 4.6e-09 4.8e-09 5.6000000000000005e-09 5.8e-09 6.6e-09 70
3e-10 5e-10 1e-09 1.5e-09 1.8e-09 2e-09 2.1e-09 2.8000000000000003e-09 4.6e-09 5.2e-09 5.6000000000000005e-09 5.8e-09 6.4e-09 70
3e-10 1e-09 1.5e-09 1.8e-09 2e-09 2.1e-09 2.9e-09 4.6e-09 5.2e-09 5.3e-09 5.8e-09 6.4e-09 70
3e-10 4e-10 1e-09 1.5e-09 1.8e-09 2e-09 2.1e-09 2.8000000000000003e-09 4.7e-09 4.8e-09 5.6000000000000005e-09 5.8e-09 6.4e-09 70
3e-10 4e-10 1e-09 1.5e-09 1.8e-09 2e-09 2.1e-09 2.8000000000000003e-09 3.6e-09 4.7e-09 4.8e-09 5.6000000000000005e-09 5.8e-09 6.4e-09 70
3e-10 3.8507e-320 1e-09 1.5e-09 1.8e-09 2e-09 2.1e-09 1.2836e-319 4.7e-09 4.8e-09 5.6000000000000005e-09 5.8e-09 6.4e-09 70
3e-10 5e-10 1e-09 1.5e-09 1.8e-09 2e-09 2.1e-09 2.8000000000000003e-09 3.2e-09 4.7e-09 4.8e-09 5.6000000000000005e-09 6.1e-09 6.4e-09 70
3e-10 5e-10 1e-09 1.5e-09 1.8e-09 2e-09 2.1e-09 2.8000000000000003e-09 3.2e-09 4.7e-09 4.8e-09 5.6000000000000005e-09 5.8e-09 6.4e-09 70
3e-10 5e-10 1e-09 1.5e-09 1.8e-09 2e-09 2.1e-09 2.8000000000000003e-09 4.5e-09 4.6e-09 5.2e-09 5.6000000000000005e-09 5.8e-09 6.4e-09 70
1e-10 3e-10 1e-09 1.5e-09 1.9e-322 2e-09 2.1e-09 6.395997015298954e-244 4.6e-09 4.8e-09 5.3e-09 5.8e-09 6.4e-09 72
3e-10 4e-10 1e-09 1.5e-09 1.8e-09 2e-09 2.1e-09 2.8000000000000003e-09 3.4000000000000003e-09 4.6e-09 5.2e-09 5.6000000000000005e-09 5.8e-09 6.4e-09 70
3e-10 6e-10 1.4000000000000001e-09 1.5e-09 2.1e-09 4.5e-09 4.6e-09 4.8e-09 5.6000000000000005e-09 5.8e-09 6.4e-09 70
3e-10 4e-10 1e-09 1.5e-09 1.8e-09 2e-09 2.1e-09 2.8000000000000003e-09 3.6e-09 4.7e-09 4.8e-09 5.6000000000000005e-09 6.1e-09 1.071761662023068e-243 6.4e-09 70
3e-10 5e-10 1e-09 1.5e-09 1.8e-09 2e-09 2.1e-09 2.8000000000000003e-09 3.9e-09 4.6e-09 4.8e-09 5.3e-09 5.8e-09 6.4e-09 70
1e-10 3e-10 5e-10 1e-09 1.5e-09 2e-09 2.1e-09 2.6e-09 4.1e-09 4.6e-09 4.8e-09 5.3e-09 5.8e-09 6.4e-09 72
3e-10 5e-10 1e-09 1.5e-09 1.8e-09 2e-09 2.1e-09 2.8000000000000003e-09 3.2e-09 4.7e-09 4.8e-09 5.6000000000000005e-09 6.1e-09 1.071761662023068e-243 6.4e-09 70
3e-10 4e-10 1e-09 1.5e-09 1.8e-09 2e-09 2.1e-09 2.8000000000000003e-09 3.6e-09 4.7e-09 4.8e-09 5.6000000000000005e-09 6.1e-09 1.071761662023068e-243 6.4e-09 70
3e-10 5e-10 1e-09 1.5e-09 1.8e-09 2e-09 2.1e-09 2.8000000000000003e-09 3.4000000000000003e-09 3.6e-09 4.7e-09 5.2e-09 5.6000000000000005e-09 5.8e-09 6.4e-09 70
3e-10 4e-10 1e-09 1.5e-09 1.8e-09 2e-09 2.1e-09 2.8000000000000003e-09 4.7e-09 4.8e-09 5.6000000000000005e-09 6.1e-09 6.3e-09 6.4e-09 70
1e-10 3e-10 5e-10 1e-09 1.5e-09 2e-09 2.1e-09 2.6e-09 6.395997015298954e-244 4.7e-09 5e-09 5.6000000000000005e-09 5.8e-09 6.4e-09 72
3e-10 4e-10 1e-09 1.5e-09 1.8e-09 2e-09 2.1e-09 4.7e-09 4.9e-09 5.6000000000000005e-09 9.322914555988591e-195 6.4e-09 69
3e-10 4e-10 1e-09 1.5e-09 1.8e-09 2e-09 2.1e-09 4.6e-09 5e-09 5.6000000000000005e-09 5.8e-09 6.4e-09 69
2e-10 3e-10 4e-10 1e-09 1.5e-09 1.9e-322 2e-09 2.1e-09 2.9e-09 4.6e-09 4.8e-09 5.3e-09 5.8e-09 6.4e-09 70
3e-10 4e-10 1e-09 1.5e-09 1.8e-09 2e-09 2.1e-09 2.8000000000000003e-09 4.7e-09 4.8e-09 5.6000000000000005e-09 6.1e-09 6.3e-09 6.4e-09 70
3e-10 5e-10 1e-09 1.6e-09 1.7000000000000001e-09 2.1e-09 2.9e-09 3.9e-09 4.6e-09 4.8e-09 5.3e-09 5.8e-09 6.4e-09 70
2e-10 3e-10 5e-10 1e-09 1.5e-09 1.7000000000000001e-09 2.1e-09 2.8000000000000003e-09 3.2e-09 3.9e-09 4.6e-09 4.8e-09 5.3e-09 5.8e-09 6.4e-09 70
2e-10 3e-10 5e-10 1e-09 1.6e-09 1.7000000000000001e-09 2.1e-09 2.8000000000000003e-09 3.3e-09 4.7e-09 4.8e-09 5.6000000000000005e-09 6.1e-09 6.4e-09 73
3e-10 4e-10 1e-09 1.5e-09 1.8e-09 2e-09 2.1e-09 4.7e-09 4.8e-09 5.6000000000000005e-09 5.8e-09 6.4e-09 69
3e-10 8e-10 1.4000000000000001e-09 1.5e-09 2.1e-09 3.5000000000000003e-09 4.7e-09 1.567275e-318 5.6000000000000005e-09 6.1e-09 6.4e-09 70
3e-10 5e-10 1e-09 1.5e-09 1.8e-09 2e-09 2.1e-09 2.9e-09 4.7e-09 4.8e-09 5.6000000000000005e-09 5.8e-09 6.3e-09 6.4e-09 70
3e-10 4e-10 1e-09 1.5e-09 1.8e-09 2e-09 2.1e-09 3.3e-09 4.7e-09 4.8e-09 5.6000000000000005e-09 5.8e-09 6.4e-09 69
3e-10 5e-10 1e-09 1.5e-09 1.8e-09 2.1e-09 2.8000000000000003e-09 3.4000000000000003e-09 3.6e-09 4.7e-09 4.8e-09 5.6000000000000005e-09 5.8e-09 6.4e-09 70
3e-10 5e-10 1e-09 1.5e-09 1.8e-09 2e-09 2.1e-09 2.8000000000000003e-09 4.6e-09 4.8e-09 5.6000000000000005e-09 5.8e-09 6.4e-09 70
3e-10 4e-10 1e-09 1.5e-09 1.8e-09 2e-09 2.1e-09 4.7e-09 4.8e-09 5.6000000000000005e-09 5.8e-09 6.4e-09 69
3e-10 6e-10 1.4000000000000001e-09 1.5e-09 2.1e-09 3.5000000000000003e-09 4.6e-09 5.2e-09 5.6000000000000005e-09 5.8e-09 6.6e-09 70
3e-10 4e-10 1e-09 1.5e-09 1.8e-09 2e-09 2.1e-09 2.8000000000000003e-09 3.2e-09 4.7e-09 5.2e-09 5.3e-09 5.8e-09 6.4e-09 70
3e-10 6e-10 1.4000000000000001e-09 1.5e-09 2.1e-09 3.5000000000000003e-09 4.6e-09 5.2e-09 5.6000000000000005e-09 5.8e-09 6.6e-09 70
2e-10 3e-10 5e-10 1e-09 1.5e-09 1.8e-09 2e-09 2.1e-09 2.6e-09 2.8000000000000003e-09 4.6e-09 4.8e-09 5.3e-09 5.8e-09 6.4e-09 70
3e-10 5e-10 1e-09 1.5e-09 1.8e-09 2e-09 2.1e-09 2.8000000000000003e-09 3.2e-09 3.4000000000000003e-09 3.6e-09 4.7e-09 4.8e-09 5.6000000000000005e-09 5.8e-09 6.4e-09 70
3e-10 1e-09 1.5e-09 1.8e-09 2e-09 2.1e-09 2.9e-09 3.4000000000000003e-09 3.6e-09 4.7e-09 4.8e-09 5.6000000000000005e-09 5.8e-09 6.4e-09 70
3e-10 6e-10 1e-09 1.5e-09 2.1e-09 2.9e-09 4.7e-09 5e-09 5.6000000000000005e-09 5.8e-09 6.4e-09 70
3e-10 4e-10 1e-09 1.5e-09 1.8e-09 2e-09 2.1e-09 2.8000000000000003e-09 3.6e-09 4.7e-09 4.8e-09 5.6000000000000005e-09 6.1e-09 1.071761662023068e-243 6.4e-09 70
3e-10 4e-10 1e-09 1.5e-09 1.8e-09 2e-09 2.1e-09 3.3e-09 4.7e-09 4.8e-09 5.6000000000000005e-09 5.8e-09 6.4e-09 69
3e-10 4e-10 1.2e-322 1.5e-09 1.7000000000000001e-09 2.1e-09 4.6e-09 4.8e-09 5.6000000000000005e-09 5.8e-09 6.4e-09 70
3e-10 1e-09 1.5e-09 1.7000000000000001e-09 2.1e-09 2.9e-09 4.5e-09 4.6e-09 4.8e-09 5.6000000000000005e-09 5.8e-09 6.4e-09 70
3e-10 4e-10 1e-09 1.5e-09 1.8e-09 2e-09 2.1e-09 2.8000000000000003e-09 3.2e-09 3.4000000000000003e-09 3.6e-09 4.7e-09 4.8e-09 5.6000000000000005e-09 5.8e-09 6.4e-09 70
2e-10 3e-10 5e-10 1e-09 1.5e-09 1.7000000000000001e-09 2.1e-09 2.8000000000000003e-09 3.2e-09 4.6e-09 4.8e-09 5.6000000000000005e-09 5.8e-09 6.4e-09 70
3e-10 4e-10 1e-09 1.5e-09 1.8e-09 2e-09 2.1e-09 2.8000000000000003e-09 3.5000000000000003e-09 4.6e-09 5.2e-09 5.6000000000000005e-09 5.8e-09 6.4e-09 70
3e-10 5e-10 1e-09 1.5e-09 1.8e-09 2e-09 2.1e-09 2.8000000000000003e-09 3.5000000000000003e-09 4.6e-09 5.2e-09 5.6000000000000005e-09 5.8e-09 6.6e-09 70
3e-10 1e-09 1.5e-09 1.8e-09 2e-09 2.1e-09 2.9e-09 3.4000000000000003e-09 3.6e-09 4.7e-09 4.8e-09 5.6000000000000005e-09 5.8e-09 6.4e-09 70
3e-10 5e-10 1e-09 1.5e-09 1.8e-09 2e-09 2.1e-09 2.8000000000000003e-09 3.2e-09 3.4000000000000003e-09 3.6e-09 4.7e-09 4.8e-09 5.6000000000000005e-09 5.8e-09 6.4e-09 70
3e-10 1e-09 1.5e-09 1.8e-09 2e-09 2.1e-09 2.9e-09 3.9e-09 4.7e-09 4.8e-09 5.6000000000000005e-09 6.1e-09 6.4e-09 70
3e-10 4e-10 1e-09 1.5e-09 1.8e-09 2e-09 2.1e-09 2.8000000000000003e-09 4.7e-09 4.8e-09 5.6000000000000005e-09 5.8e-09 6.4e-09 70
3e-10 5e-10 1e-09 1.5e-09 1.8e-09 2e-09 2.1e-09 2.8000000000000003e-09 4.6e-09 5.2e-09 5.6000000000000005e-09 5.8e-09 6.4e-09 70
2e-10 3e-10 5e-10 1e-09 1.5e-09 1.7000000000000001e-09 2.1e-09 2.8000000000000003e-09 3.2e-09 4.6e-09 5e-09 5.6000000000000005e-09 5.8e-09 6.4e-09 70
3e-10 4e-10 1e-09 1.5e-09 2.27e-322 4.7e-09 4.8e-09 5.6000000000000005e-09 5.8e-09 6.4e-09 70
3e-10 4e-10 1e-09 1.5e-09 1.8e-09 2e-09 2.1e-09 2.8000000000000003e-09 4.7e-09 4.8e-09 5.6000000000000005e-09 6.1e-09 1.071761662023068e-243 6.4e-09 70
3e-10 6e-10 1e-09 1.5e-09 2.1e-09 2.9e-09 4.7e-09 5.2e-09 5.6000000000000005e-09 5.8e-09 6.4e-09 70
3e-10 4e-10 1e-09 1.5e-09 1.8e-09 2e-09 2.1e-09 2.8000000000000003e-09 3.2e-09 3.6e-09 4.7e-09 4.8e-09 5.6000000000000005e-09 5.8e-09 1.071761662023068e-243 6.4e-09 70
3e-10 4e-10 1e-09 1.5e-09 1.8e-09 2e-09 2.1e-09 3.2e-09 4.7e-09 5e-09 1.0843172e-316 6.1e-09 6.4e-09 69
3e-10 4e-10 1e-09 1.5e-09 1.8e-09 2e-09 2.1e-09 2.8000000000000003e-09 4.7e-09 4.8e-09 5.6000000000000005e-09 6.1e-09 6.4e-09 70
3e-10 5e-10 1e-09 1.5e-09 1.8e-09 2e-09 2.1e-09 2.8000000000000003e-09 4.7e-09 4.8e-09 5.6000000000000005e-09 6.1e-09 6.4e-09 70
3e-10 5e-10 1e-09 1.5e-09 1.8e-09 2e-09 2.1e-09 2.8000000000000003e-09 3.2e-09 4.6e-09 5e-09 5.3e-09 5.8e-09 6.4e-09 70
3e-10 5e-10 1e-09 1.5e-09 1.8e-09 2e-09 2.1e-09 2.8000000000000003e-09 4.6e-09 4.8e-09 5.6000000000000005e-09 5.8e-09 6.4e-09 70
3e-10 4e-10 1e-09 1.5e-09 1.8e-09 2e-09 2.1e-09 4.7e-09 4.9e-09 5.6000000000000005e-09 9.322914555988591e-195 6.4e-09 69
3e-10 5e-10 1e-09 1.5e-09 1.8e-09 2e-09 2.1e-09 2.8000000000000003e-09 4.6e-09 4.8e-09 5.6000000000000005e-09 5.8e-09 6.4e-09 70
3e-10 6e-10 1.4000000000000001e-09 1.5e-09 2.1e-09 3.5000000000000003e-09 4.5e-09 4.6e-09 5.2e-09 5.6000000000000005e-09 5.8e-09 6.4e-322 70
3e-10 4e-10 1e-09 1.5e-09 1.8e-09 2e-09 2.1e-09 2.8000000000000003e-09 3.6e-09 4.7e-09 5.2e-09 5.6000000000000005e-09 6.1e-09 6.4e-09 70
3e-10 6e-10 1e-09 1.5e-09 2.1e-09 2.9e-09 3.4000000000000003e-09 4.6e-09 5.2e-09 5.6000000000000005e-09 5.8e-09 6.4e-322 70
3e-10 4e-10 1e-09 1.5e-09 1.8e-09 2e-09 2.1e-09 2.8000000000000003e-09 3.9e-09 4.7e-09 4.9e-09 5.6000000000000005e-09 6.1e-09 6.4e-09 70
3e-10 5e-10 1e-09 1.6e-09 1.7000000000000001e-09 2.1e-09 2.9e-09 4.6e-09 4.8e-09 5.6000000000000005e-09 5.8e-09 6.4e-09 73
3e-10 5e-10 1e-09 1.5e-09 1.8e-09 2.1e-09 2.8000000000000003e-09 3.4000000000000003e-09 3.6e-09 4.7e-09 4.8e-09 5.6000000000000005e-09 5.8e-09 6.4e-09 70
3e-10 5e-10 1e-09 1.5e-09 1.8e-09 2e-09 2.1e-09 2.8000000000000003e-09 4.7e-09 4.8e-09 5.6000000000000005e-09 6.1e-09 6.4e-09 70
3e-10 4e-10 1e-09 1.5e-09 1.8e-09 2e-09 2.1e-09 2.8000000000000003e-09 4.6e-09 4.8e-09 5.6000000000000005e-09 5.8e-09 6.4e-09 70
3e-10 1.2100534893808832e-244 1e-09 1.5e-09 5.981299575846566e-193 2.9e-09 3.3e-09 4.7e-09 4.8e-09 5.6000000000000005e-09 1.18 6.4e-09 69
1e-10 3e-10 5e-10 1e-09 1.5e-09 2e-09 2.1e-09 2.6e-09 3.4000000000000003e-09 6.395997015298954e-244 4.6e-09 5e-09 5.6000000000000005e-09 5.8e-09 6.4e-09 72
3e-10 4e-10 1e-09 1.5e-09 1.8e-09 2e-09 2.1e-09 2.8000000000000003e-09 4.7e-09 4.8e-09 5.6000000000000005e-09 6.1e-09 6.4e-09 70
3e-10 5e-10 1e-09 1.5e-09 1.8e-09 2e-09 2.1e-09 2.8000000000000003e-09 3.6e-09 4.7e-09 4.8e-09 5.6000000000000005e-09 6.1e-09 1.071761662023068e-243 6.4e-09 70
3e-10 6e-10 1e-09 1.5e-09 2.1e-09 2.9e-09 4.6e-09 5.2e-09 5.6000000000000005e-09 5.8e-09 6.6e-09 70
3e-10 5e-10 1e-09 1.5e-09 1.8e-09 2.1e-09 2.8000000000000003e-09 4.7e-09 4.8e-09 5.3e-09 6.1e-09 6.4e-09 70
3e-10 1e-09 1.5e-09 2.27e-322 2.7e-09 0.84 4.7e-09 1.567275e-318 5.6000000000000005e-09 6.1e-09 6.4e-09 69
3e-10 5e-10 1e-09 1.5e-09 1.8e-09 2e-09 2.1e-09 2.8000000000000003e-09 3.2e-09 3.4000000000000003e-09 3.6e-09 4.7e-09 4.8e-09 5.6000000000000005e-09 6.1e-09 6.4e-09 70
3e-10 5e-10 4.414043622485011e-189 1.5e-09 2.1e-09 2.8000000000000003e-09 4.6e-09 5.2e-09 5.6000000000000005e-09 5.8e-09 6.4e-09 73
3e-10 4e-10 1e-09 1.5e-09 1.8e-09 2e-09 2.1e-09 4.6e-09 5e-09 5.3e-09 5.8e-09 6.4e-09 69
3e-10 5e-10 1e-09 1.5e-09 1.8e-09 2e-09 2.1e-09 2.8000000000000003e-09 4.7e-09 4.8e-09 5.6000000000000005e-09 6.1e-09 1.071761662023068e-243 6.4e-09 70
3e-10 5e-10 1e-09 1.5e-09 1.8e-09 2e-09 2.1e-09 2.8000000000000003e-09 3.2e-09 3.6e-09 4.7e-09 4.8e-09 5.6000000000000005e-09 6.1e-09 6.4e-09 70
1e-10 3e-10 5e-10 1e-09 1.5e-09 2e-09 2.1e-09 2.6e-09 5.9045125521261086e-195 4.7e-09 4.8e-09 5.6000000000000005e-09 6.1e-09 6.4e-09 72
3e-10 1.2100534893808832e-244 1e-09 1.5e-09 5.981299575846566e-193 2.9e-09 4.7e-09 4.8e-09 5.6000000000000005e-09 1.18 6.4e-09 69
3e-10 5e-10 1e-09 1.5e-09 1.8e-09 2e-09 2.1e-09 2.8000000000000003e-09 3.2e-09 4.7e-09 4.8e-09 5.6000000000000005e-09 5.8e-09 6.4e-09 70
3e-10 1e-09 1.5e-09 1.9e-322 2e-09 2.1e-09 2.9e-09 4.7e-09 5.2e-09 5.6000000000000005e-09 6.1e-09 6.4e-09 70
3e-10 6e-10 1e-09 1.5e-09 2.1e-09 2.9e-09 3.4000000000000003e-09 4.6e-09 5.2e-09 5.6000000000000005e-09 5.8e-09 6.4e-322 70
3e-10 4e-10 1e-09 1.5e-09 1.8e-09 2e-09 2.1e-09 4.7e-09 5e-09 5.6000000000000005e-09 5.8e-09 6.4e-09 69
3e-10 5e-10 1e-09 1.6e-09 1.7000000000000001e-09 2.1e-09 2.9e-09 4.7e-09 4.9e-09 5.6000000000000005e-09 6.1e-09 6.4e-09 73
3e-10 5e-10 1e-09 1.6e-09 1.7000000000000001e-09 2.1e-09 2.9e-09 3.9e-09 4.6e-09 4.8e-09 5.3e-09 5.8e-09 6.4e-09 70
3e-10 5e-10 1e-09 1.5e-09 1.8e-09 2.1e-09 2.8000000000000003e-09 4.6e-09 4.8e-09 5.6000000000000005e-09 5.8e-09 6.4e-09 70
3e-10 5e-10 1e-09 1.5e-09 1.8e-09 2e-09 2.1e-09 2.8000000000000003e-09 3.5000000000000003e-09 4.6e-09 5.2e-09 5.6000000000000005e-09 5.8e-09 6.6e-09 70
3e-10 4e-10 1.2e-322 1.5e-09 1.7000000000000001e-09 2.1e-09 4.7e-09 4.8e-09 5.6000000000000005e-09 5.8e-09 6.4e-09 70
2e-10 3e-10 5e-10 1e-09 1.5e-09 1.8e-09 2e-09 2.1e-09 2.6e-09 2.8000000000000003e-09 4.7e-09 4.8e-09 5.6000000000000005e-09 6.1e-09 6.4e-09 70
3e-10 5e-10 1e-09 1.5e-09 1.8e-09 2e-09 2.1e-09 2.8000000000000003e-09 3.2e-09 4.6e-09 4.8e-09 5.6000000000000005e-09 5.8e-09 6.4e-09 70
3e-10 4e-10 1e-09 1.5e-09 1.8e-09 2e-09 2.1e-09 2.8000000000000003e-09 4.6e-09 4.8e-09 5.6000000000000005e-09 5.8e-09 6.4e-09 70
3e-10 4e-10 1e-09 1.5e-09 1.8e-09 2e-09 2.1e-09 2.8000000000000003e-09 3.9e-09 4.7e-09 4.8e-09 5.6000000000000005e-09 5.8e-09 6.4e-09 70
2e-10 3e-10 4e-10 1e-09 1.5e-09 2.1e-09 0.8 4.6e-09 4.8e-09 5.6000000000000005e-09 5.8e-09 6.4e-09 68
3e-10 5e-10 1e-09 1.5e-09 1.8e-09 2e-09 2.1e-09 2.8000000000000003e-09 3.2e-09 3.4000000000000003e-09 3.6e-09 4.7e-09 4.8e-09 5.6000000000000005e-09 5.8e-09 6.4e-09 70
3e-10 5e-10 1e-09 1.5e-09 1.8e-09 2e-09 2.1e-09 2.9e-09 4.6e-09 5.2e-09 5.3e-09 5.8e-09 6.4e-09 70
1e-10 3e-10 1e-09 1.5e-09 1.9e-322 2e-09 2.1e-09 5.9045125521261086e-195 4.6e-09 5e-09 5.6000000000000005e-09 5.8e-09 6.4e-09 72
3e-10 3.8507e-320 1e-09 1.5e-09 1.8e-09 2e-09 2.1e-09 1.2836e-319 4.7e-09 5e-09 5.3e-09 5.8e-09 6.4e-09 69
3e-10 5e-10 1e-09 1.5e-09 1.7000000000000001e-09 2.1e-09 2.9e-09 3.4000000000000003e-09 3.6e-09 3.9e-09 4.7e-09 4.8e-09 5.6000000000000005e-09 6.1e-09 6.4e-09 70
2e-10 3e-10 5e-10 1e-09 1.6e-09 1.7000000000000001e-09 2.1e-09 2.8000000000000003e-09 4.6e-09 4.8e-09 5.6000000000000005e-09 5.8e-09 6.4e-09 73
1e-10 3e-10 5e-10 1e-09 1.5e-09 1.8e-09 2e-09 2.1e-09 2.6e-09 4.6e-09 4.9e-09 5.6000000000000005e-09 5.8e-09 6.4e-09 72
3e-10 3.8507e-320 1e-09 1.5e-09 1.8e-09 2e-09 2.1e-09 1.2836e-319 4.7e-09 5e-09 5.3e-09 5.8e-09 6.4e-09 69
1e-10 3e-10 5e-10 1e-09 1.5e-09 2e-09 2.1e-09 2.6e-09 6.395997015298954e-244 4.7e-09 4.8e-09 5.6000000000000005e-09 5.8e-09 6.4e-09 72
3e-10 5e-10 1e-09 1.5e-09 1.7000000000000001e-09 2.1e-09 2.9e-09 4.6e-09 5.2e-09 5.3e-09 5.8e-09 6.4e-09 70
1e-10 3e-10 5e-10 1e-09 1.5e-09 2e-09 2.1e-09 2.6e-09 4.1e-09 4.6e-09 5e-09 5.6000000000000005e-09 5.8e-09 6.4e-09 72
2e-10 3e-10 5e-10 1e-09 1.5e-09 1.7000000000000001e-09 2.1e-09 2.8000000000000003e-09 3.2e-09 3.4000000000000003e-09 4.7e-09 4.8e-09 5.6000000000000005e-09 5.8e-09 6.4e-09 70
3e-10 5e-10 1e-09 1.5e-09 1.8e-09 2e-09 2.1e-09 2.8000000000000003e-09 3.2e-09 4.7e-09 4.8e-09 5.6000000000000005e-09 6.1e-09 1.071761662023068e-243 6.4e-09 70
3e-10 4e-10 1e-09 1.5e-09 1.8e-09 2e-09 2.1e-09 2.8000000000000003e-09 4.7e-09 4.8e-09 5.6000000000000005e-09 5.8e-09 6.4e-09 70
3e-10 5e-10 1e-09 1.5e-09 1.8e-09 2.1e-09 2.8000000000000003e-09 4.6e-09 4.8e-09 5.6000000000000005e-09 5.8e-09 6.4e-09 70
3e-10 5e-10 1e-09 1.5e-09 1.7000000000000001e-09 2.1e-09 2.9e-09 3.5000000000000003e-09 4.6e-09 5.2e-09 5.6000000000000005e-09 5.8e-09 6.4e-09 70
2e-10 3e-10 5e-10 1e-09 1.5e-09 1.8e-09 2e-09 2.1e-09 2.6e-09 2.8000000000000003e-09 4.6e-09 4.8e-09 5.3e-09 5.8e-09 6.4e-09 70
3e-10 5e-10 1e-09 1.5e-09 1.8e-09 2e-09 2.1e-09 2.9e-09 4.7e-09 4.9e-09 5.6000000000000005e-09 6.1e-09 6.4e-09 70
3e-10 5e-10 1e-09 1.5e-09 1.8e-09 2e-09 2.1e-09 2.6e-09 2.8000000000000003e-09 3.9e-09 4.6e-09 4.8e-09 5.6000000000000005e-09 5.8e-09 6.4e-09 70
3e-10 1e-09 1.5e-09 1.7000000000000001e-09 2.1e-09 2.9e-09 4.5e-09 4.6e-09 4.8e-09 5.6000000000000005e-09 5.8e-09 6.6e-09 70
3e-10 6e-10 1.4000000000000001e-09 1.5e-09 2.1e-09 3.5000000000000003e-09 4.6e-09 5.2e-09 5.6000000000000005e-09 5.8e-09 6.6e-09 70
1e-10 3e-10 5e-10 1e-09 1.5e-09 2e-09 2.1e-09 2.6e-09 6.395997015298954e-244 4.6e-09 4.8e-09 5.3e-09 5.8e-09 6.4e-09 72
3e-10 5e-10 1e-09 1.5e-09 1.8e-09 2.1e-09 2.8000000000000003e-09 3.4000000000000003e-09 4.6e-09 4.8e-09 5.6000000000000005e-09 5.8e-09 6.4e-09 70
2e-10 3e-10 5e-10 1e-09 1.5e-09 1.8e-09 2e-09 2.1e-09 2.6e-09 2.8000000000000003e-09 4.7e-09 4.9e-09 5.6000000000000005e-09 6.1e-09 6.4e-09 70
2e-10 3e-10 5e-10 1e-09 1.5e-09 1.7000000000000001e-09 2.1e-09 2.8000000000000003e-09 3.2e-09 4.7e-09 4.8e-09 5.6000000000000005e-09 5.8e-09 6.4e-09 70
2e-10 3e-10 4e-10 1e-09 1.5e-09 1.9e-322 2e-09 2.1e-09 2.9e-09 4.6e-09 4.8e-09 5.6000000000000005e-09 5.8e-09 6.4e-09 70
1e-10 3e-10 1e-09 1.5e-09 1.9e-322 2e-09 2.1e-09 4.1e-09 4.7e-09 4.8e-09 5.6000000000000005e-09 6.1e-09 6.4e-09 72
3e-10 4e-10 1e-09 1.5e-09 1.8e-09 2e-09 2.1e-09 2.8000000000000003e-09 4.7e-09 4.8e-09 5.6000000000000005e-09 5.8e-09 6.4e-09 70
3e-10 5e-10 1e-09 1.5e-09 1.8e-09 2.1e-09 2.8000000000000003e-09 3.4000000000000003e-09 4.7e-09 4.8e-09 5.6000000000000005e-09 6.1e-09 6.4e-09 70
3e-10 4e-10 1e-09 1.5e-09 1.8e-09 2e-09 2.1e-09 4.7e-09 5e-09 5.6000000000000005e-09 5.8e-09 6.4e-09 69
3e-10 4e-10 1e-09 1.5e-09 1.8e-09 2e-09 2.1e-09 2.8000000000000003e-09 4.5e-09 4.7e-09 4.8e-09 5.6000000000000005e-09 6.1e-09 6.4e-09 70
2e-10 3e-10 4e-10 1e-09 1.5e-09 1.9e-322 2e-09 2.1e-09 2.9e-09 4.6e-09 4.8e-09 5.6000000000000005e-09 5.8e-09 6.4e-09 70
3e-10 5e-10 1e-09 1.5e-09 1.7000000000000001e-09 2.1e-09 2.9e-09 4.5e-09 4.6e-09 4.8e-09 5.3e-09 5.8e-09 6.4e-09 70
3e-10 5e-10 1e-09 1.5e-09 1.8e-09 2e-09 2.1e-09 2.6e-09 2.8000000000000003e-09 4.6e-09 4.8e-09 5.6000000000000005e-09 5.8e-09 6.4e-09 70
3e-10 4e-10 1e-09 1.5e-09 1.8e-09 2e-09 2.1e-09 2.8000000000000003e-09 3.2e-09 4.7e-09 5.2e-09 5.3e-09 5.8e-09 6.4e-09 70
3e-10 5e-10 1e-09 1.5e-09 1.8e-09 2e-09 2.1e-09 2.8000000000000003e-09 3.2e-09 4.7e-09 4.8e-09 5.6000000000000005e-09 6.1e-09 6.4e-09 70
3e-10 4e-10 1e-09 1.5e-09 1.8e-09 2e-09 2.1e-09 2.8000000000000003e-09 3.4000000000000003e-09 3.6e-09 4.7e-09 4.8e-09 5.6000000000000005e-09 5.8e-09 6.4e-09 70
3e-10 5e-10 1e-09 1.5e-09 1.7000000000000001e-09 2.1e-09 2.9e-09 4.6e-09 5.2e-09 5.3e-09 5.8e-09 6.4e-09 70
3e-10 5e-10 1e-09 1.5e-09 1.8e-09 2e-09 2.1e-09 2.8000000000000003e-09 4.7e-09 4.8e-09 5.6000000000000005e-09 6.1e-09 6.4e-09 70
3e-10 6e-10 1e-09 1.5e-09 2.1e-09 2.9e-09 3.2e-09 4.7e-09 5.2e-09 5.6000000000000005e-09 6.1e-09 6.4e-09 70
3e-10 4e-10 1e-09 1.5e-09 1.8e-09 2e-09 2.1e-09 3.4000000000000003e-09 3.6e-09 4.7e-09 4.8e-09 5.6000000000000005e-09 5.8e-09 6.4e-09 69
3e-10 5e-10 1e-09 1.5e-09 1.8e-09 2e-09 2.1e-09 2.8000000000000003e-09 3.4000000000000003e-09 3.6e-09 4.7e-09 4.8e-09 5.6000000000000005e-09 5.8e-09 6.4e-09 70
3e-10 1e-09 1.5e-09 1.9e-322 2e-09 2.1e-09 2.9e-09 4.7e-09 4.8e-09 5.6000000000000005e-09 6.1e-09 1.071761662023068e-243 6.4e-09 70
3e-10 5e-10 1e-09 1.5e-09 1.7000000000000001e-09 2.1e-09 2.9e-09 3.9e-09 4.6e-09 4.8e-09 5.6000000000000005e-09 5.8e-09 6.4e-09 70
3e-10 1.2100534893808832e-244 1e-09 1.5e-09 2.1e-09 2.9e-09 4.6e-09 5e-09 5.6000000000000005e-09 5.8e-09 6.4e-09 70
3e-10 4e-10 1e-09 1.5e-09 1.8e-09 2e-09 2.1e-09 2.8000000000000003e-09 3.2e-09 4.7e-09 5.2e-09 5.6000000000000005e-09 5.8e-09 6.4e-09 70
3e-10 4e-10 1e-09 1.5e-09 1.8e-09 2e-09 2.1e-09 2.8000000000000003e-09 4.7e-09 4.8e-09 5.6000000000000005e-09 5.8e-09 6.4e-09 70
3e-10 5e-10 1e-09 1.5e-09 1.8e-09 2e-09 2.1e-09 2.8000000000000003e-09 3.2e-09 4.7e-09 4.8e-09 5.6000000000000005e-09 5.8e-09 1.071761662023068e-243 6.4e-09 70
3e-10 5e-10 1e-09 1.5e-09 1.8e-09 2.1e-09 2.8000000000000003e-09 4.6e-09 4.8e-09 5.6000000000000005e-09 5.8e-09 6.4e-09 70
3e-10 1e-09 1.5e-09 1.8e-09 2e-09 2.1e-09 2.9e-09 3.4000000000000003e-09 3.6e-09 4.7e-09 4.8e-09 5.6000000000000005e-09 6.1e-09 6.4e-09 70
1e-10 3e-10 1e-09 1.5e-09 1.9e-322 2e-09 2.1e-09 6.395997015298954e-244 4.6e-09 4.8e-09 5.5000000000000004e-09 5.8e-09 6.4e-09 72
3e-10 5e-10 1e-09 1.5e-09 1.7000000000000001e-09 2.1e-09 2.9e-09 3.5000000000000003e-09 4.6e-09 5.2e-09 5.6000000000000005e-09 5.8e-09 6.4e-09 70
3e-10 5e-10 1e-09 1.5e-09 1.7000000000000001e-09 2.1e-09 2.9e-09 4.6e-09 5.2e-09 5.3e-09 5.8e-09 6.4e-09 70
3e-10 4e-10 1e-09 1.5e-09 1.8e-09 2e-09 2.1e-09 2.8000000000000003e-09 4.7e-09 4.8e-09 5.6000000000000005e-09 6.1e-09 6.4e-09 70
3e-10 5e-10 1e-09 1.5e-09 1.7000000000000001e-09 2.1e-09 2.9e-09 4.6e-09 4.8e-09 5.6000000000000005e-09 5.8e-09 6.6e-09 70
3e-10 4e-10 1e-09 1.5e-09 2.27e-322 3.3e-09 4.6e-09 5e-09 5.6000000000000005e-09 5.8e-09 6.4e-09 70
3e-10 5e-10 1e-09 1.5e-09 1.8e-09 2.1e-09 2.8000000000000003e-09 4.7e-09 4.8e-09 5.3e-09 6.1e-09 6.4e-09 70
3e-10 5e-10 1.2e-322 1.5e-09 1.7000000000000001e-09 2.1e-09 3.2e-09 4.6e-09 4.8e-09 5.6000000000000005e-09 5.8e-09 6.4e-09 68
3e-10 6e-10 1.4000000000000001e-09 1.5e-09 2.1e-09 3.3e-09 3.5000000000000003e-09 4.6e-09 5e-09 5.6000000000000005e-09 5.8e-09 6.4e-09 70
3e-10 1.2100534893808832e-244 1e-09 1.5e-09 2.1e-09 2.9e-09 4.6e-09 5e-09 5.6000000000000005e-09 5.8e-09 6.4e-09 70
3e-10 1e-09 1.5e-09 1.7000000000000001e-09 2.1e-09 2.9e-09 3.5000000000000003e-09 4.6e-09 5.2e-09 5.6000000000000005e-09 5.8e-09 6.6e-09 70
3e-10 4e-10 1e-09 1.5e-09 1.8e-09 2e-09 2.1e-09 4.7e-09 5e-09 1.0843172e-316 5.8e-09 6.4e-09 69
3e-10 1e-09 1.5e-09 1.9e-322 2e-09 2.1e-09 2.9e-09 4.6e-09 4.8e-09 5.6000000000000005e-09 5.8e-09 6.4e-09 70
2e-10 3e-10 5e-10 1e-09 1.5e-09 1.7000000000000001e-09 2.1e-09 2.8000000000000003e-09 3.2e-09 3.4000000000000003e-09 4.7e-09 4.8e-09 5.6000000000000005e-09 6.1e-09 6.4e-09 70
3e-10 1e-09 1.5e-09 1.8e-09 2e-09 2.1e-09 2.9e-09 4.6e-09 4.8e-09 5.3e-09 5.8e-09 6.4e-09 70
3e-10 5e-10 1.2e-322 1.5e-09 1.8e-09 2.1e-09 2.9e-09 4.6e-09 5.2e-09 5.6000000000000005e-09 5.8e-09 6.4e-09 70
3e-10 6e-10 1.4000000000000001e-09 1.5e-09 2.1e-09 3.5000000000000003e-09 4.6e-09 5.2e-09 5.6000000000000005e-09 5.8e-09 6.6e-09 70
3e-10 5e-10 1e-09 1.5e-09 2.27e-322 2.9e-09 4.6e-09 5e-09 5.6000000000000005e-09 5.8e-09 6.4e-09 70
3e-10 4e-10 1e-09 1.5e-09 2.27e-322 3.3e-09 4.6e-09 5e-09 5.6000000000000005e-09 5.8e-09 6.4e-09 70
3e-10 4e-10 1e-09 1.5e-09 1.8e-09 2e-09 2.1e-09 2.8000000000000003e-09 4.7e-09 4.8e-09 5.6000000000000005e-09 5.8e-09 6.4e-09 70
3e-10 3.8507e-320 1e-09 1.5e-09 1.8e-09 2e-09 2.1e-09 1.2836e-319 4.7e-09 4.8e-09 5.6000000000000005e-09 6.1e-09 6.4e-09 69
3e-10 5e-10 1e-09 1.5e-09 1.8e-09 2e-09 2.1e-09 2.8000000000000003e-09 3.2e-09 4.7e-09 4.8e-09 5.6000000000000005e-09 5.8e-09 1.071761662023068e-243 6.4e-09 70
3e-10 5e-10 1e-09 1.5e-09 1.7000000000000001e-09 2.1e-09 2.9e-09 3.3e-09 4.6e-09 4.8e-09 5.6000000000000005e-09 5.8e-09 6.4e-09 70
3e-10 5e-10 1e-09 1.5e-09 1.8e-09 2.1e-09 2.8000000000000003e-09 3.4000000000000003e-09 4.7e-09 4.8e-09 5.6000000000000005e-09 6.1e-09 6.4e-09 70
3e-10 4e-10 1e-09 1.5e-09 1.8e-09 2e-09 2.1e-09 2.8000000000000003e-09 3.9e-09 4.7e-09 4.8e-09 5.6000000000000005e-09 5.8e-09 6.4e-09 70
3e-10 4e-10 1e-09 1.5e-09 1.8e-09 2e-09 2.1e-09 2.8000000000000003e-09 3.9e-09 4.7e-09 4.9e-09 5.6000000000000005e-09 6.1e-09 6.4e-09 70
3e-10 3.8507e-320 1e-09 1.5e-09 1.8e-09 2e-09 2.1e-09 1.2836e-319 4.7e-09 4.8e-09 5.6000000000000005e-09 5.8e-09 6.4e-09 69
3e-10 4e-10 1e-09 1.5e-09 1.8e-09 2e-09 2.1e-09 4.7e-09 4.8e-09 5.6000000000000005e-09 5.8e-09 6.4e-09 69
3e-10 1.2100534893808832e-244 1e-09 1.5e-09 5.981299575846566e-193 2.9e-09 4.7e-09 4.8e-09 5.6000000000000005e-09 1.18 6.4e-09 69
3e-10 5e-10 1e-09 1.5e-09 1.7000000000000001e-09 2.1e-09 2.9e-09 4.6e-09 5.2e-09 5.6000000000000005e-09 5.8e-09 6.6e-09 70
3e-10 6e-10 1.4000000000000001e-09 1.5e-09 2.1e-09 3.5000000000000003e-09 4.6e-09 5.2e-09 5.6000000000000005e-09 5.8e-09 6.6e-09 70
3e-10 5e-10 1e-09 1.6e-09 1.7000000000000001e-09 2.1e-09 2.9e-09 3.5000000000000003e-09 4.6e-09 5.2e-09 5.6000000000000005e-09 5.8e-09 6.6e-09 73
2e-10 3e-10 5e-10 1e-09 1.5e-09 1.7000000000000001e-09 2.1e-09 2.8000000000000003e-09 3.2e-09 3.9e-09 4.6e-09 4.8e-09 5.3e-09 5.8e-09 6.4e-09 70
3e-10 1e-09 1.5e-09 1.8e-09 2e-09 2.1e-09 2.9e-09 4.7e-09 4.8e-09 5.6000000000000005e-09 5.8e-09 1.071761662023068e-243 6.4e-09 70
3e-10 4e-10 1.2e-322 1.5e-09 1.7000000000000001e-09 2.1e-09 3.2e-09 4.7e-09 4.8e-09 5.6000000000000005e-09 5.8e-09 6.4e-09 70
1e-10 3e-10 5e-10 1e-09 1.5e-09 2e-09 2.1e-09 2.6e-09 6.395997015298954e-244 4.7e-09 4.8e-09 5.6000000000000005e-09 5.8e-09 6.4e-09 72
3e-10 4e-10 1e-09 1.5e-09 1.8e-09 2e-09 2.1e-09 2.8000000000000003e-09 3.9e-09 4.6e-09 4.8e-09 5.6000000000000005e-09 5.8e-09 6.4e-09 70
3e-10 5e-10 1e-09 1.5e-09 1.8e-09 2e-09 2.1e-09 2.8000000000000003e-09 3.2e-09 3.6e-09 4.7e-09 4.8e-09 5.6000000000000005e-09 5.8e-09 6.4e-09 70
3e-10 5e-10 1e-09 1.6e-09 1.7000000000000001e-09 2.1e-09 2.9e-09 4.6e-09 5.2e-09 5.6000000000000005e-09 5.8e-09 6.4e-09 73
3e-10 4e-10 1e-09 1.5e-09 1.8e-09 2e-09 2.1e-09 2.8000000000000003e-09 4.5e-09 4.6e-09 4.8e-09 5.6000000000000005e-09 5.8e-09 6.4e-09 70
1e-10 3e-10 5e-10 1e-09 1.5e-09 2e-09 2.1e-09 2.6e-09 6.395997015298954e-244 4.7e-09 4.8e-09 5.6000000000000005e-09 5.8e-09 6.4e-09 72
3e-10 1.2100534893808832e-244 1e-09 1.5e-09 2.1e-09 2.9e-09 4.6e-09 5e-09 5.6000000000000005e-09 5.8e-09 6.4e-09 70
3e-10 6e-10 1e-09 1.5e-09 2.1e-09 2.9e-09 3.2e-09 4.7e-09 5.2e-09 5.6000000000000005e-09 6.1e-09 6.4e-09 70
3e-10 5e-10 1e-09 1.6e-09 1.7000000000000001e-09 2.1e-09 2.9e-09 4.6e-09 4.8e-09 5.6000000000000005e-09 5.8e-09 6.4e-09 73
3e-10 4e-10 1e-09 1.5e-09 1.8e-09 2e-09 2.1e-09 2.8000000000000003e-09 4.6e-09 4.9e-09 5.6000000000000005e-09 5.8e-09 6.4e-09 70
3e-10 6e-10 1.4000000000000001e-09 1.5e-09 2.1e-09 3.5000000000000003e-09 4.6e-09 5.2e-09 5.6000000000000005e-09 5.8e-09 6.6e-09 70
3e-10 4e-10 1e-09 1.5e-09 1.8e-09 2e-09 2.1e-09 2.8000000000000003e-09 3.9e-09 4.7e-09 4.8e-09 5.6000000000000005e-09 6.1e-09 6.4e-09 70
3e-10 1e-09 1.5e-09 1.8e-09 2e-09 2.1e-09 2.9e-09 4.7e-09 4.8e-09 5.6000000000000005e-09 5.8e-09 6.4e-09 70
3e-10 5e-10 1e-09 1.5e-09 1.8e-09 2e-09 2.1e-09 2.8000000000000003e-09 4.7e-09 4.8e-09 5.6000000000000005e-09 5.8e-09 1.071761662023068e-243 6.4e-09 70
2e-10 3e-10 5e-10 1e-09 1.6e-09 1.7000000000000001e-09 2.1e-09 2.8000000000000003e-09 3.3e-09 4.7e-09 4.8e-09 5.6000000000000005e-09 5.8e-09 6.4e-09 73
3e-10 4e-10 1e-09 1.5e-09 2.27e-322 4.6e-09 5e-09 5.6000000000000005e-09 5.8e-09 6.4e-09 70
2e-10 3e-10 5e-10 1e-09 1.6e-09 1.7000000000000001e-09 2.1e-09 2.8000000000000003e-09 3.3e-09 4.7e-09 4.8e-09 5.6000000000000005e-09 6.1e-09 6.4e-09 73
3e-10 1e-09 1.5e-09 1.8e-09 2e-09 2.1e-09 2.9e-09 4.6e-09 4.8e-09 5.3e-09 5.8e-09 6.4e-09 70
3e-10 4e-10 1e-09 1.5e-09 1.8e-09 2e-09 2.1e-09 4.7e-09 5e-09 5.6000000000000005e-09 6.1e-09 6.4e-09 69
3e-10 5e-10 1e-09 1.5e-09 1.8e-09 2e-09 2.1e-09 2.8000000000000003e-09 3.4000000000000003e-09 4.6e-09 5.2e-09 5.6000000000000005e-09 5.8e-09 6.4e-09 70
3e-10 4e-10 1e-09 1.5e-09 1.8e-09 2e-09 2.1e-09 2.8000000000000003e-09 3.2e-09 3.6e-09 4.7e-09 4.8e-09 5.6000000000000005e-09 5.8e-09 1.071761662023068e-243 6.4e-09 70
3e-10 5e-10 1e-09 1.5e-09 1.8e-09 2e-09 2.1e-09 2.8000000000000003e-09 3.2e-09 3.4000000000000003e-09 3.6e-09 4.7e-09 4.8e-09 5.6000000000000005e-09 5.8e-09 6.4e-09 70
3e-10 6e-10 1.4000000000000001e-09 1.5e-09 2.1e-09 4.5e-09 4.6e-09 4.8e-09 5.6000000000000005e-09 5.8e-09 6.4e-09 70
3e-10 4e-10 1e-09 1.5e-09 1.8e-09 2e-09 2.1e-09 4.7e-09 5e-09 1.0843172e-316 6.1e-09 6.4e-09 69
3e-10 5e-10 1e-09 1.5e-09 1.8e-09 2e-09 2.1e-09 2.8000000000000003e-09 3.2e-09 4.7e-09 4.8e-09 5.6000000000000005e-09 5.8e-09 6.4e-09 70
3e-10 4e-10 1e-09 1.5e-09 1.8e-09 2e-09 2.1e-09 3.4000000000000003e-09 4.7e-09 4.8e-09 5.6000000000000005e-09 6.1e-09 6.4e-09 69
3e-10 6e-10 1e-09 1.5e-09 2.1e-09 2.9e-09 4.7e-09 4.8e-09 5.6000000000000005e-09 6.1e-09 6.4e-09 70
3e-10 4e-10 1e-09 1.5e-09 1.8e-09 2e-09 2.1e-09 2.8000000000000003e-09 3.2e-09 4.7e-09 5.2e-09 5.6000000000000005e-09 6.1e-09 6.4e-09 70
3e-10 1e-09 1.5e-09 1.8e-09 2e-09 2.1e-09 2.9e-09 3.9e-09 4.6e-09 4.8e-09 5.6000000000000005e-09 5.8e-09 6.4e-09 70
3e-10 5e-10 1e-09 1.5e-09 1.8e-09 2e-09 2.1e-09 2.8000000000000003e-09 3.9e-09 4.6e-09 4.8e-09 5.6000000000000005e-09 5.8e-09 6.4e-09 70
1e-10 3e-10 1e-09 1.5e-09 1.9e-322 2e-09 2.1e-09 6.395997015298954e-244 4.6e-09 4.8e-09 5.5000000000000004e-09 5.8e-09 6.4e-09 72
3e-10 1.2100534893808832e-244 1e-09 1.5e-09 2.1e-09 2.9e-09 4.6e-09 5e-09 5.6000000000000005e-09 5.8e-09 6.4e-09 70
3e-10 5e-10 1e-09 1.5e-09 1.8e-09 2e-09 2.1e-09 2.6e-09 2.8000000000000003e-09 3.4000000000000003e-09 3.6e-09 3.9e-09 4.7e-09 4.8e-09 5.6000000000000005e-09 5.8e-09 6.4e-09 70
3e-10 6e-10 1.4000000000000001e-09 1.5e-09 2.1e-09 3.3e-09 3.5000000000000003e-09 4.6e-09 5e-09 5.6000000000000005e-09 5.8e-09 6.4e-09 70
3e-10 5e-10 1e-09 1.5e-09 1.8e-09 2e-09 2.1e-09 2.9e-09 3.4000000000000003e-09 4.7e-09 4.8e-09 5.6000000000000005e-09 6.1e-09 6.4e-09 70
3e-10 4e-10 1e-09 1.5e-09 1.8e-09 2e-09 2.1e-09 4.7e-09 5e-09 5.6000000000000005e-09 6.1e-09 6.4e-09 69
2e-10 3e-10 5e-10 1e-09 1.6e-09 1.7000000000000001e-09 2.1e-09 2.8000000000000003e-09 3.3e-09 4.7e-09 4.8e-09 5.6000000000000005e-09 5.8e-09 6.4e-09 73
3e-10 5e-10 1e-09 1.5e-09 1.8e-09 2e-09 2.1e-09 2.8000000000000003e-09 3.2e-09 3.4000000000000003e-09 3.6e-09 4.7e-09 4.8e-09 5.6000000000000005e-09 5.8e-09 6.4e-09 70
3e-10 1e-09 1.5e-09 2.27e-322 2.7e-09 0.84 4.7e-09 1.567275e-318 5.6000000000000005e-09 6.1e-09 6.4e-09 69
3e-10 5e-10 1e-09 1.5e-09 1.8e-09 2e-09 2.1e-09 2.9e-09 3.9e-09 4.6e-09 4.8e-09 5.6000000000000005e-09 5.8e-09 6.4e-09 70
3e-10 4e-10 1e-09 1.5e-09 1.8e-09 2e-09 2.1e-09 4.7e-09 1.567275e-318 5.6000000000000005e-09 6.1e-09 6.4e-09 69
3e-10 5e-10 1e-09 1.5e-09 1.8e-09 2e-09 2.1e-09 2.8000000000000003e-09 4.7e-09 4.8e-09 5.6000000000000005e-09 5.8e-09 6.4e-09 70
3e-10 1e-09 1.5e-09 1.8e-09 2e-09 2.1e-09 2.9e-09 3.4000000000000003e-09 3.6e-09 4.7e-09 4.8e-09 5.6000000000000005e-09 5.8e-09 1.071761662023068e-243 6.4e-09 70
1e-10 3e-10 1e-09 1.5e-09 1.9e-322 2e-09 2.1e-09 4.1e-09 4.7e-09 4.8e-09 5.6000000000000005e-09 9.322914555988591e-195 6.4e-09 72
3e-10 5e-10 1e-09 1.5e-09 1.8e-09 2e-09 2.1e-09 2.6e-09 2.8000000000000003e-09 3.4000000000000003e-09 3.6e-09 3.9e-09 4.7e-09 4.8e-09 5.6000000000000005e-09 5.8e-09 6.4e-09 70
3e-10 4e-10 1e-09 1.5e-09 1.8e-09 2e-09 2.1e-09 2.8000000000000003e-09 3.2e-09 4.7e-09 5e-09 5.6000000000000005e-09 5.8e-09 6.4e-09 70
2e-10 3e-10 4e-10 1e-09 1.5e-09 2.1e-09 0.8 4.6e-09 4.8e-09 5.6000000000000005e-09 5.8e-09 6.4e-09 68
3e-10 4e-10 1.2e-322 1.5e-09 1.7000000000000001e-09 2.1e-09 4.7e-09 4.8e-09 5.6000000000000005e-09 5.8e-09 6.4e-09 70
2e-10 3e-10 4e-10 1e-09 1.5e-09 2.1e-09 0.8 4.6e-09 4.8e-09 5.6000000000000005e-09 5.8e-09 6.4e-09 68
3e-10 5e-10 1e-09 1.5e-09 1.8e-09 2.1e-09 2.8000000000000003e-09 4.7e-09 4.8e-09 5.6000000000000005e-09 5.8e-09 6.4e-09 70
2e-10 3e-10 5e-10 1e-09 1.6e-09 1.7000000000000001e-09 2.1e-09 2.8000000000000003e-09 3.3e-09 4.7e-09 4.8e-09 5.6000000000000005e-09 5.8e-09 6.4e-09 73
3e-10 4e-10 1e-09 1.5e-09 1.8e-09 2e-09 2.1e-09 2.8000000000000003e-09 3.6e-09 4.7e-09 5e-09 5.6000000000000005e-09 6.1e-09 6.4e-09 70
3e-10 4e-10 1e-09 1.5e-09 1.8e-09 2e-09 2.1e-09 2.8000000000000003e-09 4.7e-09 4.8e-09 5.6000000000000005e-09 6.1e-09 6.4e-09 70
1e-10 3e-10 5e-10 1e-09 1.5e-09 2e-09 2.1e-09 2.6e-09 4.1e-09 4.7e-09 4.8e-09 5.6000000000000005e-09 9.322914555988591e-195 6.4e-09 72
3e-10 6e-10 1.4000000000000001e-09 1.5e-09 2.1e-09 3.3e-09 3.5000000000000003e-09 4.6e-09 5e-09 5.6000000000000005e-09 5.8e-09 6.4e-09 70
1e-10 3e-10 5e-10 1e-09 1.5e-09 2e-09 2.1e-09 2.6e-09 6.395997015298954e-244 4.7e-09 4.9e-09 5.6000000000000005e-09 5.8e-09 6.4e-09 72
3e-10 4e-10 1e-09 1.5e-09 1.8e-09 2e-09 2.1e-09 2.8000000000000003e-09 4.7e-09 5.2e-09 5.6000000000000005e-09 6.1e-09 6.4e-09 70
3e-10 4e-10 1e-09 1.5e-09 1.8e-09 2e-09 2.1e-09 2.8000000000000003e-09 3.2e-09 4.7e-09 5e-09 5.6000000000000005e-09 5.8e-09 6.4e-09 70
3e-10 5e-10 1e-09 1.5e-09 1.8e-09 2e-09 2.1e-09 2.9e-09 3.2e-09 3.4000000000000003e-09 4.6e-09 4.8e-09 5.6000000000000005e-09 5.8e-09 6.4e-09 70
3e-10 5e-10 1e-09 1.5e-09 1.8e-09 2e-09 2.1e-09 2.6e-09 2.8000000000000003e-09 4.6e-09 4.8e-09 5.3e-09 5.8e-09 6.4e-09 70
3e-10 4e-10 1e-09 1.5e-09 1.8e-09 2e-09 2.1e-09 2.8000000000000003e-09 3.6e-09 4.7e-09 4.8e-09 5.6000000000000005e-09 6.1e-09 1.071761662023068e-243 6.4e-09 70
3e-10 5e-10 1e-09 1.5e-09 1.8e-09 2e-09 2.1e-09 2.6e-09 2.8000000000000003e-09 4.7e-09 4.8e-09 5.6000000000000005e-09 5.8e-09 6.4e-09 70
3e-10 4e-10 1e-09 1.5e-09 1.8e-09 2e-09 2.1e-09 3.4000000000000003e-09 3.6e-09 4.7e-09 5e-09 5.6000000000000005e-09 5.8e-09 6.4e-09 69
1e-10 3e-10 5e-10 1e-09 1.5e-09 2e-09 2.1e-09 2.6e-09 4.1e-09 4.7e-09 4.8e-09 5.6000000000000005e-09 5.8e-09 6.4e-09 72
1e-10 3e-10 5e-10 1e-09 1.5e-09 2e-09 2.1e-09 2.6e-09 4.1e-09 4.7e-09 5e-09 5.6000000000000005e-09 9.322914555988591e-195 6.4e-09 72
3e-10 8e-10 1.4000000000000001e-09 1.5e-09 2.1e-09 3.5000000000000003e-09 4.7e-09 1.567275e-318 5.6000000000000005e-09 6.1e-09 6.4e-09 70
3e-10 5e-10 1e-09 1.5e-09 1.8e-09 2e-09 2.1e-09 2.8000000000000003e-09 4.7e-09 4.8e-09 5.6000000000000005e-09 6.1e-09 6.4e-09 70
3e-10 5e-10 1e-09 1.5e-09 1.8e-09 2.1e-09 2.8000000000000003e-09 4.7e-09 4.8e-09 5.6000000000000005e-09 5.8e-09 6.4e-09 70
3e-10 5e-10 1e-09 1.5e-09 1.7000000000000001e-09 2.1e-09 2.9e-09 4.6e-09 5.2e-09 5.3e-09 5.8e-09 6.4e-09 70
1e-10 3e-10 5e-10 1e-09 1.5e-09 2e-09 2.1e-09 2.6e-09 6.395997015298954e-244 4.6e-09 4.8e-09 5.5000000000000004e-09 5.8e-09 6.4e-09 72
1e-10 3e-10 5e-10 1e-09 1.5e-09 2e-09 2.1e-09 2.6e-09 6.395997015298954e-244 4.7e-09 5e-09 5.6000000000000005e-09 5.8e-09 6.4e-09 72
3e-10 4e-10 1e-09 1.5e-09 1.8e-09 2e-09 2.1e-09 4.7e-09 4.8e-09 5.6000000000000005e-09 5.8e-09 6.4e-09 69
3e-10 5e-10 1e-09 1.5e-09 1.8e-09 2.1e-09 2.8000000000000003e-09 4.6e-09 4.8e-09 5.6000000000000005e-09 5.8e-09 6.4e-09 70
3e-10 6e-10 1.4000000000000001e-09 1.5e-09 2.1e-09 3.3e-09 3.5000000000000003e-09 4.5e-09 4.6e-09 5.2e-09 5.6000000000000005e-09 5.8e-09 6.4e-09 70
3e-10 5e-10 1e-09 1.5e-09 1.8e-09 2.1e-09 2.8000000000000003e-09 4.6e-09 4.8e-09 5.6000000000000005e-09 5.8e-09 6.4e-09 70
1e-10 3e-10 5e-10 1e-09 1.5e-09 2e-09 2.1e-09 2.6e-09 5.9045125521261086e-195 4.7e-09 5e-09 5.6000000000000005e-09 5.8e-09 6.4e-09 72
2e-10 3e-10 5e-10 1e-09 1.5e-09 1.8e-09 2e-09 2.1e-09 2.6e-09 2.8000000000000003e-09 4.6e-09 4.8e-09 5.6000000000000005e-09 5.8e-09 6.4e-09 70
3e-10 5e-10 1e-09 1.5e-09 1.8e-09 2e-09 2.1e-09 2.8000000000000003e-09 3.4000000000000003e-09 3.6e-09 4.7e-09 4.8e-09 5.6000000000000005e-09 5.8e-09 6.4e-09 70
3e-10 5e-10 1e-09 1.6e-09 1.7000000000000001e-09 2.1e-09 2.9e-09 3.5000000000000003e-09 4.5e-09 4.6e-09 5.2e-09 5.6000000000000005e-09 5.8e-09 6.6e-09 73
3e-10 4e-10 1e-09 1.5e-09 1.8e-09 2e-09 2.1e-09 3.4000000000000003e-09 3.6e-09 4.7e-09 4.8e-09 5.6000000000000005e-09 5.8e-09 6.4e-09 69
1e-10 3e-10 5e-10 1e-09 1.5e-09 2e-09 2.1e-09 2.6e-09 5.9045125521261086e-195 4.6e-09 4.8e-09 5.6000000000000005e-09 5.8e-09 6.4e-09 72
3e-10 4e-10 1e-09 1.5e-09 1.8e-09 2e-09 2.1e-09 2.8000000000000003e-09 3.9e-09 4.7e-09 4.9e-09 5.6000000000000005e-09 6.1e-09 6.4e-09 70
3e-10 1e-09 1.5e-09 1.8e-09 2e-09 2.1e-09 2.9e-09 4.6e-09 4.8e-09 5.3e-09 5.8e-09 6.4e-09 70
3e-10 4e-10 1e-09 1.5e-09 1.8e-09 2e-09 2.1e-09 4.7e-09 5e-09 5.6000000000000005e-09 5.8e-09 6.4e-09 69
3e-10 1.2100534893808832e-244 1e-09 1.5e-09 5.981299575846566e-193 2.9e-09 4.7e-09 4.9e-09 5.6000000000000005e-09 1.18 6.4e-09 69
3e-10 4e-10 1e-09 1.5e-09 1.8e-09 2e-09 2.1e-09 3.4000000000000003e-09 4.7e-09 4.8e-09 5.6000000000000005e-09 6.1e-09 6.4e-09 69
3e-10 6e-10 1.4000000000000001e-09 1.5e-09 2.1e-09 4.6e-09 4.8e-09 5.6000000000000005e-09 5.8e-09 6.4e-09 70
3e-10 5e-10 1e-09 1.5e-09 1.8e-09 2e-09 2.1e-09 2.9e-09 3.9e-09 4.6e-09 4.8e-09 5.6000000000000005e-09 5.8e-09 6.4e-09 70
2e-10 3e-10 5e-10 1e-09 1.5e-09 1.7000000000000001e-09 2.1e-09 2.8000000000000003e-09 3.2e-09 4.6e-09 5e-09 5.6000000000000005e-09 5.8e-09 6.4e-09 70
2e-10 3e-10 5e-10 1e-09 1.5e-09 1.7000000000000001e-09 2.1e-09 2.8000000000000003e-09 3.2e-09 4.6e-09 4.8e-09 5.6000000000000005e-09 5.8e-09 6.4e-09 70
3e-10 1e-09 1.5e-09 1.8e-09 2e-09 2.1e-09 2.9e-09 4.7e-09 4.8e-09 5.6000000000000005e-09 5.8e-09 6.4e-09 70
3e-10 4e-10 1e-09 1.5e-09 1.8e-09 2e-09 2.1e-09 2.8000000000000003e-09 4.7e-09 4.8e-09 5.6000000000000005e-09 5.8e-09 6.4e-09 70
3e-10 5e-10 1e-09 1.6e-09 1.7000000000000001e-09 2.1e-09 2.9e-09 4.7e-09 5e-09 5.6000000000000005e-09 6.1e-09 1.071761662023068e-243 6.4e-09 73
3e-10 4e-10 1e-09 1.5e-09 1.8e-09 2e-09 2.1e-09 2.8000000000000003e-09 3.2e-09 3.4000000000000003e-09 4.7e-09 4.8e-09 5.6000000000000005e-09 5.8e-09 6.4e-09 70
3e-10 3.8507e-320 1e-09 1.5e-09 1.8e-09 2e-09 2.1e-09 1.2836e-319 4.6e-09 4.8e-09 5.3e-09 5.8e-09 6.4e-09 69
3e-10 4e-10 1e-09 1.5e-09 1.8e-09 2e-09 2.1e-09 2.8000000000000003e-09 4.7e-09 5.2e-09 5.6000000000000005e-09 6.1e-09 6.4e-09 70
3e-10 1e-09 1.5e-09 2.27e-322 2.7e-09 0.84 4.7e-09 5e-09 5.6000000000000005e-09 5.8e-09 6.4e-09 69
3e-10 5e-10 1e-09 1.5e-09 1.8e-09 2e-09 2.1e-09 2.6e-09 2.8000000000000003e-09 4.6e-09 4.8e-09 5.6000000000000005e-09 5.8e-09 6.4e-09 70
3e-10 4e-10 1e-09 1.5e-09 1.8e-09 2e-09 2.1e-09 2.8000000000000003e-09 4.7e-09 5e-09 5.6000000000000005e-09 5.8e-09 6.4e-09 70
3e-10 1e-09 1.5e-09 1.7000000000000001e-09 2.1e-09 2.9e-09 4.5e-09 4.6e-09 4.8e-09 5.6000000000000005e-09 5.8e-09 6.4e-09 70
3e-10 6e-10 1.4000000000000001e-09 1.5e-09 2.1e-09 3.5000000000000003e-09 4.6e-09 5.2e-09 5.6000000000000005e-09 5.8e-09 6.6e-09 70
1e-10 3e-10 5e-10 1e-09 1.5e-09 2e-09 2.1e-09 2.6e-09 4.1e-09 4.6e-09 5e-09 5.3e-09 5.8e-09 6.4e-09 72
3e-10 4e-10 1e-09 1.5e-09 1.8e-09 2e-09 2.1e-09 2.8000000000000003e-09 3.4000000000000003e-09 4.6e-09 4.8e-09 5.6000000000000005e-09 5.8e-09 6.4e-09 70
3e-10 4e-10 1e-09 1.5e-09 1.8e-09 2e-09 2.1e-09 2.8000000000000003e-09 3.6e-09 4.7e-09 4.8e-09 5.6000000000000005e-09 5.8e-09 6.4e-09 70
3e-10 4e-10 1.2e-322 1.5e-09 1.7000000000000001e-09 2.1e-09 4.7e-09 4.8e-09 5.6000000000000005e-09 5.8e-09 6.4e-09 70
3e-10 5e-10 1e-09 1.5e-09 1.8e-09 2e-09 2.1e-09 2.6e-09 2.8000000000000003e-09 4.7e-09 4.8e-09 5.6000000000000005e-09 5.8e-09 6.4e-09 70
3e-10 5e-10 1e-09 1.5e-09 1.7000000000000001e-09 2.1e-09 2.9e-09 4.5e-09 4.6e-09 4.8e-09 5.6000000000000005e-09 5.8e-09 6.6e-09 70
3e-10 5e-10 1e-09 1.6e-09 1.7000000000000001e-09 2.1e-09 2.9e-09 3.9e-09 4.6e-09 4.8e-09 5.3e-09 5.8e-09 6.4e-09 73
3e-10 5e-10 1e-09 1.5e-09 1.8e-09 2e-09 2.1e-09 2.8000000000000003e-09 3.2e-09 4.7e-09 4.8e-09 5.6000000000000005e-09 5.8e-09 6.4e-09 70
3e-10 5e-10 1e-09 1.5e-09 1.8e-09 2e-09 2.1e-09 2.8000000000000003e-09 3.2e-09 4.7e-09 5.2e-09 5.6000000000000005e-09 6.1e-09 6.4e-09 70
3e-10 5e-10 1e-09 1.5e-09 1.8e-09 2e-09 2.1e-09 2.8000000000000003e-09 4.7e-09 4.8e-09 5.6000000000000005e-09 5.8e-09 6.4e-09 70
3e-10 4e-10 1e-09 1.5e-09 2.27e-322 3.3e-09 4.6e-09 5e-09 5.6000000000000005e-09 5.8e-09 6.4e-09 70
3e-10 5e-10 1e-09 1.5e-09 1.8e-09 2.1e-09 2.8000000000000003e-09 3.2e-09 4.7e-09 4.8e-09 5.6000000000000005e-09 6.1e-09 6.3e-09 6.4e-09 70
2e-10 3e-10 5e-10 1e-09 1.5e-09 1.8e-09 2e-09 2.1e-09 2.6e-09 2.8000000000000003e-09 4.6e-09 4.8e-09 5.6000000000000005e-09 5.8e-09 6.4e-09 70
3e-10 4e-10 1e-09 1.5e-09 1.8e-09 2e-09 2.1e-09 4.7e-09 5e-09 1.0843172e-316 5.8e-09 6.4e-09 69
3e-10 4e-10 1e-09 1.5e-09 1.8e-09 2e-09 2.1e-09 4.7e-09 5e-09 5.6000000000000005e-09 5.8e-09 6.4e-09 69
3e-10 4e-10 1e-09 1.5e-09 1.8e-09 2e-09 2.1e-09 2.8000000000000003e-09 3.2e-09 4.7e-09 5.2e-09 5.6000000000000005e-09 6.1e-09 6.4e-09 70
3e-10 5e-10 1e-09 1.5e-09 1.7000000000000001e-09 2.1e-09 2.6e-09 2.9e-09 4.6e-09 5e-09 5.6000000000000005e-09 5.8e-09 6.6e-09 70
3e-10 6e-10 1e-09 1.5e-09 2.1e-09 2.9e-09 3.2e-09 4.7e-09 5e-09 5.6000000000000005e-09 5.8e-09 6.4e-09 70
3e-10 5e-10 1e-09 1.5e-09 1.8e-09 2e-09 2.1e-09 2.6e-09 2.8000000000000003e-09 3.4000000000000003e-09 3.6e-09 3.9e-09 4.7e-09 4.8e-09 5.6000000000000005e-09 5.8e-09 6.4e-09 70
3e-10 5e-10 1e-09 1.5e-09 1.7000000000000001e-09 2.1e-09 2.9e-09 4.6e-09 4.8e-09 5.6000000000000005e-09 5.8e-09 6.6e-09 70
3e-10 5e-10 1e-09 1.5e-09 1.8e-09 2e-09 2.1e-09 2.8000000000000003e-09 3.2e-09 4.6e-09 4.8e-09 5.6000000000000005e-09 5.8e-09 6.4e-09 70
1e-10 3e-10 1e-09 1.5e-09 1.9e-322 2e-09 2.1e-09 6.395997015298954e-244 4.6e-09 4.8e-09 5.5000000000000004e-09 5.8e-09 6.4e-09 72
3e-10 1.2100534893808832e-244 1e-09 1.5e-09 2.1e-09 2.9e-09 3.3e-09 3.5000000000000003e-09 4.6e-09 5e-09 5.6000000000000005e-09 5.8e-09 6.4e-09 70
3e-10 4e-10 1e-09 1.5e-09 1.8e-09 2e-09 2.1e-09 3.2e-09 4.7e-09 4.8e-09 5.6000000000000005e-09 5.8e-09 6.4e-09 69
3e-10 4e-10 1e-09 1.5e-09 1.8e-09 2e-09 2.1e-09 3.6e-09 4.7e-09 5e-09 5.6000000000000005e-09 5.8e-09 6.4e-09 69
3e-10 4e-10 1e-09 1.5e-09 1.8e-09 2e-09 2.1e-09 2.8000000000000003e-09 3.6e-09 4.7e-09 5e-09 5.6000000000000005e-09 6.1e-09 6.4e-09 70
3e-10 4e-10 1e-09 1.5e-09 1.8e-09 2e-09 2.1e-09 2.8000000000000003e-09 3.2e-09 4.6e-09 4.8e-09 5.6000000000000005e-09 5.8e-09 6.4e-09 1.1581940541217025e-243 70
2e-10 3e-10 5e-10 1e-09 1.6e-09 1.7000000000000001e-09 2.1e-09 2.8000000000000003e-09 3.3e-09 4.7e-09 4.8e-09 5.6000000000000005e-09 6.1e-09 6.4e-09 73
2e-10 3e-10 5e-10 1e-09 1.5e-09 1.8e-09 2e-09 2.1e-09 2.6e-09 2.8000000000000003e-09 4.6e-09 4.8e-09 5.6000000000000005e-09 5.8e-09 6.4e-09 70
3e-10 4e-10 1e-09 1.5e-09 1.8e-09 2e-09 2.1e-09 2.8000000000000003e-09 4.6e-09 4.9e-09 5.6000000000000005e-09 5.8e-09 6.4e-09 70
3e-10 5e-10 1e-09 1.5e-09 1.8e-09 2e-09 2.1e-09 2.6e-09 2.8000000000000003e-09 4.7e-09 4.8e-09 5.6000000000000005e-09 6.1e-09 6.4e-09 70
3e-10 6e-10 1.4000000000000001e-09 1.5e-09 2.1e-09 4.6e-09 4.8e-09 5.6000000000000005e-09 5.8e-09 6.4e-09 70
1e-10 3e-10 1e-09 1.5e-09 1.9e-322 2e-09 2.1e-09 4.1e-09 4.7e-09 4.8e-09 5.6000000000000005e-09 9.322914555988591e-195 6.4e-09 72
1e-10 3e-10 5e-10 1e-09 1.5e-09 2e-09 2.1e-09 2.6e-09 6.395997015298954e-244 4.7e-09 4.8e-09 5.6000000000000005e-09 5.8e-09 6.4e-09 72
3e-10 4e-10 1e-09 1.5e-09 1.8e-09 2e-09 2.1e-09 3.4000000000000003e-09 3.6e-09 4.7e-09 4.8e-09 5.6000000000000005e-09 6.1e-09 6.4e-09 69
3e-10 5e-10 1e-09 1.5e-09 1.8e-09 2e-09 2.1e-09 2.8000000000000003e-09 3.2e-09 4.6e-09 5e-09 5.3e-09 5.8e-09 6.4e-09 70
3e-10 5e-10 1e-09 1.5e-09 1.7000000000000001e-09 2.1e-09 2.9e-09 4.6e-09 4.8e-09 5.6000000000000005e-09 5.8e-09 6.6e-09 70
3e-10 5e-10 1e-09 1.6e-09 1.7000000000000001e-09 2.1e-09 2.9e-09 4.6e-09 4.8e-09 5.3e-09 5.8e-09 6.4e-09 73
2e-10 3e-10 4e-10 1e-09 1.5e-09 2.1e-09 0.8 4.6e-09 4.8e-09 5.6000000000000005e-09 5.8e-09 6.4e-09 68
3e-10 5e-10 1e-09 1.5e-09 1.8e-09 2e-09 2.1e-09 2.8000000000000003e-09 3.2e-09 3.6e-09 4.7e-09 4.8e-09 5.6000000000000005e-09 6.1e-09 6.4e-09 70
3e-10 5e-10 1e-09 1.5e-09 1.8e-09 2e-09 2.1e-09 2.6e-09 2.8000000000000003e-09 3.4000000000000003e-09 3.6e-09 3.9e-09 4.7e-09 4.8e-09 5.6000000000000005e-09 5.8e-09 6.4e-09 70
3e-10 5e-10 1e-09 1.5e-09 1.8e-09 2e-09 2.1e-09 2.8000000000000003e-09 4.6e-09 4.8e-09 5.6000000000000005e-09 5.8e-09 6.3e-09 6.4e-09 70
3e-10 3.8507e-320 1e-09 1.5e-09 1.8e-09 2e-09 2.1e-09 1.2836e-319 4.7e-09 5.2e-09 5.6000000000000005e-09 5.8e-09 6.4e-09 70
3e-10 4e-10 1e-09 1.5e-09 1.8e-09 2e-09 2.1e-09 4.7e-09 4.8e-09 5.6000000000000005e-09 5.8e-09 6.4e-09 69
3e-10 5e-10 1e-09 1.5e-09 1.8e-09 2e-09 2.1e-09 2.6e-09 2.8000000000000003e-09 3.4000000000000003e-09 3.6e-09 3.9e-09 4.7e-09 4.8e-09 5.6000000000000005e-09 5.8e-09 6.4e-09 70
3e-10 5e-10 1e-09 1.5e-09 1.8e-09 2e-09 2.1e-09 2.9e-09 4.6e-09 5.2e-09 5.6000000000000005e-09 5.8e-09 6.4e-09 70
2e-10 3e-10 5e-10 1e-09 1.5e-09 1.7000000000000001e-09 2.1e-09 2.8000000000000003e-09 3.2e-09 4.6e-09 4.8e-09 5.6000000000000005e-09 5.8e-09 6.4e-09 70
3e-10 5e-10 1e-09 1.5e-09 1.8e-09 2e-09 2.1e-09 2.9e-09 3.2e-09 3.4000000000000003e-09 4.6e-09 4.8e-09 5.6000000000000005e-09 5.8e-09 6.4e-09 70
3e-10 4e-10 1e-09 1.5e-09 1.8e-09 2e-09 2.1e-09 2.8000000000000003e-09 4.7e-09 5.2e-09 5.6000000000000005e-09 6.1e-09 6.4e-09 70
3e-10 5e-10 1e-09 1.5e-09 1.7000000000000001e-09 2.1e-09 2.9e-09 4.6e-09 4.8e-09 5.6000000000000005e-09 5.8e-09 6.4e-09 70
3e-10 5e-10 1e-09 1.6e-09 1.7000000000000001e-09 2.1e-09 2.9e-09 4.7e-09 5e-09 5.6000000000000005e-09 5.8e-09 1.071761662023068e-243 6.4e-09 73
3e-10 4e-10 1e-09 1.5e-09 1.8e-09 2e-09 2.1e-09 2.8000000000000003e-09 3.6e-09 4.7e-09 4.8e-09 5.6000000000000005e-09 6.1e-09 1.071761662023068e-243 6.4e-09 70
3e-10 5e-10 1e-09 1.5e-09 1.8e-09 2e-09 2.1e-09 2.8000000000000003e-09 3.2e-09 3.6e-09 4.7e-09 4.8e-09 5.6000000000000005e-09 6.1e-09 6.4e-09 70
3e-10 4e-10 1e-09 1.5e-09 1.8e-09 2e-09 2.1e-09 4.7e-09 4.8e-09 5.6000000000000005e-09 5.8e-09 6.4e-09 69
2e-10 3e-10 5e-10 1e-09 1.6e-09 1.7000000000000001e-09 2.1e-09 2.8000000000000003e-09 3.3e-09 4.7e-09 4.8e-09 5.6000000000000005e-09 6.1e-09 6.4e-09 73
3e-10 4e-10 1e-09 1.5e-09 1.8e-09 2e-09 2.1e-09 2.8000000000000003e-09 3.2e-09 3.6e-09 4.7e-09 4.8e-09 5.6000000000000005e-09 6.1e-09 1.071761662023068e-243 6.4e-09 70
3e-10 4e-10 1e-09 1.5e-09 1.8e-09 2e-09 2.1e-09 2.8000000000000003e-09 3.2e-09 4.7e-09 5.2e-09 5.6000000000000005e-09 6.1e-09 6.4e-09 70
3e-10 5e-10 1e-09 1.5e-09 1.8e-09 2e-09 2.1e-09 2.8000000000000003e-09 3.2e-09 4.7e-09 4.8e-09 5.6000000000000005e-09 5.8e-09 6.4e-09 70
3e-10 6e-10 1.4000000000000001e-09 1.5e-09 2.1e-09 4.5e-09 4.6e-09 4.8e-09 5.6000000000000005e-09 5.8e-09 6.4e-09 70
1e-10 3e-10 5e-10 1e-09 1.5e-09 2e-09 2.1e-09 2.6e-09 6.395997015298954e-244 4.7e-09 4.8e-09 5.6000000000000005e-09 5.8e-09 6.4e-09 72
2e-10 3e-10 5e-10 1e-09 1.5e-09 1.8e-09 2e-09 2.1e-09 2.6e-09 2.8000000000000003e-09 4.7e-09 4.8e-09 5.6000000000000005e-09 5.8e-09 6.4e-09 70
3e-10 4e-10 1e-09 1.5e-09 1.8e-09 2e-09 2.1e-09 2.8000000000000003e-09 3.4000000000000003e-09 3.6e-09 3.9e-09 4.7e-09 4.8e-09 5.6000000000000005e-09 6.1e-09 6.4e-09 70
3e-10 4e-10 1e-09 1.5e-09 1.8e-09 2e-09 2.1e-09 2.8000000000000003e-09 3.4000000000000003e-09 4.6e-09 4.8e-09 5.6000000000000005e-09 5.8e-09 6.4e-09 70
3e-10 4e-10 1e-09 1.5e-09 1.8e-09 2e-09 2.1e-09 2.8000000000000003e-09 4.7e-09 4.8e-09 5.6000000000000005e-09 6.1e-09 6.4e-09 70
3e-10 5e-10 1e-09 1.5e-09 1.8e-09 2.1e-09 2.8000000000000003e-09 3.4000000000000003e-09 4.6e-09 4.8e-09 5.6000000000000005e-09 5.8e-09 6.4e-09 70
3e-10 6e-10 1e-09 1.5e-09 2.1e-09 2.9e-09 4.6e-09 5.2e-09 5.6000000000000005e-09 5.8e-09 6.6e-09 70
2e-10 3e-10 5e-10 1e-09 1.5e-09 1.7000000000000001e-09 2.1e-09 2.8000000000000003e-09 4.6e-09 4.8e-09 5.6000000000000005e-09 5.8e-09 6.4e-09 70
3e-10 4e-10 1e-09 1.5e-09 1.8e-09 2e-09 2.1e-09 4.7e-09 5e-09 1.0843172e-316 6.1e-09 6.4e-09 69
2e-10 3e-10 5e-10 1e-09 1.5e-09 1.8e-09 2e-09 2.1e-09 2.6e-09 2.8000000000000003e-09 4.6e-09 4.8e-09 5.6000000000000005e-09 5.8e-09 6.4e-09 70
3e-10 5e-10 1e-09 1.5e-09 1.8e-09 2e-09 2.1e-09 2.8000000000000003e-09 3.2e-09 4.7e-09 4.8e-09 5.6000000000000005e-09 6.1e-09 6.4e-09 70
3e-10 6e-10 1.4000000000000001e-09 1.5e-09 2.1e-09 3.3e-09 3.5000000000000003e-09 4.6e-09 5.2e-09 5.6000000000000005e-09 5.8e-09 6.4e-09 70
3e-10 5e-10 1e-09 1.5e-09 1.8e-09 2e-09 2.1e-09 2.9e-09 4.5e-09 4.6e-09 4.8e-09 5.6000000000000005e-09 5.8e-09 6.4e-09 70
3e-10 5e-10 1e-09 1.5e-09 1.7000000000000001e-09 2.1e-09 2.9e-09 4.6e-09 4.8e-09 5.6000000000000005e-09 5.8e-09 6.4e-09 70
3e-10 5e-10 1e-09 1.5e-09 1.8e-09 2.1e-09 2.8000000000000003e-09 4.7e-09 4.8e-09 5.6000000000000005e-09 5.8e-09 6.4e-09 70
3e-10 5e-10 1e-09 1.5e-09 1.8e-09 2e-09 2.1e-09 2.8000000000000003e-09 4.7e-09 4.8e-09 5.6000000000000005e-09 6.1e-09 6.4e-09 70
3e-10 5e-10 1e-09 1.5e-09 1.8e-09 2e-09 2.1e-09 2.8000000000000003e-09 3.9e-09 4.6e-09 4.8e-09 5.6000000000000005e-09 5.8e-09 6.4e-09 70
3e-10 5e-10 1e-09 1.5e-09 1.8e-09 2.1e-09 2.8000000000000003e-09 4.7e-09 4.8e-09 5.6000000000000005e-09 5.8e-09 6.4e-09 70
3e-10 5e-10 1e-09 1.5e-09 1.8e-09 2e-09 2.1e-09 2.8000000000000003e-09 3.2e-09 3.4000000000000003e-09 3.6e-09 4.7e-09 4.8e-09 5.6000000000000005e-09 6.1e-09 6.4e-09 70
3e-10 8e-10 1.4000000000000001e-09 1.5e-09 2.1e-09 4.6e-09 5.2e-09 5.6000000000000005e-09 5.8e-09 6.4e-09 70
2e-10 3e-10 5e-10 1e-09 1.5e-09 1.7000000000000001e-09 2.1e-09 2.8000000000000003e-09 4.6e-09 1.567275e-318 5.6000000000000005e-09 5.8e-09 6.4e-09 70
1e-10 3e-10 1e-09 1.5e-09 1.9e-322 2e-09 2.1e-09 6.395997015298954e-244 4.6e-09 4.8e-09 5.3e-09 5.8e-09 6.4e-09 72
2e-10 3e-10 5e-10 1e-09 1.6e-09 1.7000000000000001e-09 2.1e-09 2.8000000000000003e-09 3.3e-09 4.7e-09 4.8e-09 5.6000000000000005e-09 5.8e-09 6.4e-09 73
3e-10 4e-10 1.2e-322 1.5e-09 1.7000000000000001e-09 2.1e-09 4.7e-09 4.8e-09 5.6000000000000005e-09 5.8e-09 6.4e-09 70
3e-10 1.2100534893808832e-244 1e-09 1.5e-09 2.1e-09 2.9e-09 4.6e-09 5e-09 5.6000000000000005e-09 5.8e-09 6.4e-09 70
3e-10 4e-10 1e-09 1.5e-09 1.8e-09 2e-09 2.1e-09 2.8000000000000003e-09 4.7e-09 4.8e-09 5.6000000000000005e-09 5.8e-09 6.4e-09 70
1e-10 3e-10 5e-10 1e-09 1.5e-09 2e-09 2.1e-09 2.6e-09 6.395997015298954e-244 4.7e-09 4.8e-09 5.6000000000000005e-09 5.8e-09 6.4e-09 72
3e-10 5e-10 1e-09 1.5e-09 1.8e-09 2e-09 2.1e-09 2.8000000000000003e-09 4.7e-09 5.2e-09 5.6000000000000005e-09 5.8e-09 6.4e-09 70
3e-10 4e-10 1e-09 1.5e-09 1.8e-09 2e-09 2.1e-09 2.8000000000000003e-09 4.7e-09 4.8e-09 5.6000000000000005e-09 6.1e-09 1.071761662023068e-243 6.4e-09 70
3e-10 4e-10 1e-09 1.5e-09 1.8e-09 2e-09 2.1e-09 2.8000000000000003e-09 3.2e-09 4.7e-09 5.2e-09 5.6000000000000005e-09 6.1e-09 6.4e-09 70
3e-10 5e-10 1e-09 1.5e-09 1.8e-09 2e-09 2.1e-09 2.8000000000000003e-09 4.6e-09 5.2e-09 5.6000000000000005e-09 5.8e-09 6.4e-09 70
3e-10 4e-10 1e-09 1.5e-09 1.8e-09 2e-09 2.1e-09 2.8000000000000003e-09 3.4000000000000003e-09 3.6e-09 3.9e-09 4.7e-09 4.9e-09 5.6000000000000005e-09 5.8e-09 6.4e-09 70
3e-10 4e-10 1e-09 1.5e-09 1.8e-09 2e-09 2.1e-09 2.8000000000000003e-09 3.2e-09 4.7e-09 5e-09 5.6000000000000005e-09 5.8e-09 6.4e-09 70
3e-10 6e-10 1.4000000000000001e-09 1.5e-09 2.1e-09 3.3e-09 3.5000000000000003e-09 4.5e-09 4.6e-09 5e-09 5.6000000000000005e-09 5.8e-09 6.4e-09 70
3e-10 1.2100534893808832e-244 1e-09 1.5e-09 5.981299575846566e-193 2.7e-09 4.7e-09 1.567275e-318 5.6000000000000005e-09 6.1e-09 6.4e-09 69
3e-10 1e-09 1.5e-09 1.9e-322 2e-09 2.1e-09 2.9e-09 4.7e-09 5.2e-09 5.6000000000000005e-09 6.1e-09 6.4e-09 70
3e-10 6e-10 1.4000000000000001e-09 1.5e-09 2.1e-09 4.6e-09 4.8e-09 5.6000000000000005e-09 5.8e-09 6.4e-09 70
3e-10 4e-10 1e-09 1.5e-09 1.8e-09 2e-09 2.1e-09 2.8000000000000003e-09 4.7e-09 4.8e-09 5.3e-09 5.8e-09 6.4e-09 70
3e-10 5e-10 1e-09 1.6e-09 1.7000000000000001e-09 2.1e-09 2.9e-09 4.7e-09 5e-09 5.6000000000000005e-09 5.8e-09 1.071761662023068e-243 6.4e-09 73
2e-10 3e-10 5e-10 1e-09 1.5e-09 1.8e-09 2e-09 2.1e-09 2.6e-09 2.8000000000000003e-09 4.6e-09 1.567275e-318 5.6000000000000005e-09 5.8e-09 6.4e-09 70
3e-10 1e-09 1.5e-09 1.7000000000000001e-09 2.1e-09 2.9e-09 4.5e-09 4.6e-09 4.8e-09 5.3e-09 5.8e-09 6.4e-09 70
3e-10 4e-10 1e-09 1.5e-09 1.8e-09 2e-09 2.1e-09 2.8000000000000003e-09 3.4000000000000003e-09 3.6e-09 4.7e-09 4.8e-09 5.6000000000000005e-09 5.8e-09 6.4e-09 70
3e-10 5e-10 1e-09 1.6e-09 1.7000000000000001e-09 2.1e-09 2.9e-09 3.9e-09 4.6e-09 4.8e-09 5.3e-09 5.8e-09 6.4e-09 73
1e-10 3e-10 5e-10 1e-09 1.5e-09 2e-09 2.1e-09 2.6e-09 6.395997015298954e-244 4.6e-09 4.8e-09 5.5000000000000004e-09 5.8e-09 6.4e-09 72
1e-10 3e-10 5e-10 1e-09 1.5e-09 2e-09 2.1e-09 2.6e-09 5.9045125521261086e-195 4.6e-09 5e-09 5.6000000000000005e-09 5.8e-09 6.4e-09 72
3e-10 5e-10 1e-09 1.5e-09 1.8e-09 2e-09 2.1e-09 2.8000000000000003e-09 3.2e-09 4.7e-09 4.8e-09 5.6000000000000005e-09 6.1e-09 6.4e-09 70
1e-10 3e-10 5e-10 1e-09 1.5e-09 2e-09 2.1e-09 2.6e-09 6.395997015298954e-244 4.6e-09 4.8e-09 5.6000000000000005e-09 5.8e-09 6.4e-09 72
3e-10 5e-10 1e-09 1.5e-09 1.8e-09 2.1e-09 2.8000000000000003e-09 3.9e-09 4.6e-09 4.8e-09 5.6000000000000005e-09 5.8e-09 6.4e-09 70
3e-10 1.2100534893808832e-244 1e-09 1.5e-09 5.981299575846566e-193 2.9e-09 3.3e-09 4.6e-09 4.9e-09 5.6000000000000005e-09 5.8e-09 6.4e-09 69
2e-10 3e-10 5e-10 1e-09 1.6e-09 1.7000000000000001e-09 2.1e-09 2.8000000000000003e-09 3.3e-09 4.7e-09 4.8e-09 5.6000000000000005e-09 5.8e-09 6.4e-09 73
3e-10 5e-10 1e-09 1.5e-09 1.7000000000000001e-09 2.1e-09 2.9e-09 3.4000000000000003e-09 3.6e-09 3.9e-09 4.7e-09 4.8e-09 5.5000000000000004e-09 5.8e-09 6.4e-09 70
3e-10 5e-10 1e-09 1.5e-09 1.8e-09 2e-09 2.1e-09 2.6e-09 2.8000000000000003e-09 4.7e-09 4.8e-09 5.6000000000000005e-09 5.8e-09 6.4e-09 70
3e-10 5e-10 1e-09 1.5e-09 1.8e-09 2e-09 2.1e-09 2.8000000000000003e-09 4.7e-09 4.8e-09 1.0843172e-316 5.8e-09 6.4e-09 70
3e-10 5e-10 1e-09 1.5e-09 1.8e-09 2.1e-09 2.8000000000000003e-09 4.7e-09 4.8e-09 5.6000000000000005e-09 5.8e-09 6.4e-09 70
1e-10 3e-10 5e-10 1e-09 1.5e-09 2e-09 2.1e-09 2.6e-09 4.1e-09 4.6e-09 5e-09 5.3e-09 5.8e-09 6.4e-09 72
3e-10 5e-10 1e-09 1.5e-09 1.8e-09 2e-09 2.1e-09 2.8000000000000003e-09 3.2e-09 3.6e-09 4.7e-09 4.8e-09 5.6000000000000005e-09 5.8e-09 6.4e-09 70
3e-10 3.8507e-320 1e-09 1.5e-09 1.8e-09 2e-09 2.1e-09 1.2836e-319 4.7e-09 4.8e-09 5.6000000000000005e-09 6.1e-09 6.4e-09 69
2e-10 3e-10 5e-10 1e-09 1.5e-09 1.7000000000000001e-09 2.1e-09 2.8000000000000003e-09 4.6e-09 4.8e-09 5.6000000000000005e-09 5.8e-09 6.4e-09 70
3e-10 4e-10 1.2e-322 1.5e-09 1.7000000000000001e-09 2.1e-09 3.2e-09 4.7e-09 4.8e-09 5.6000000000000005e-09 6.1e-09 6.4e-09 70
3e-10 4e-10 1e-09 1.5e-09 1.8e-09 2e-09 2.1e-09 4.7e-09 5e-09 5.6000000000000005e-09 5.8e-09 6.4e-09 69
3e-10 5e-10 1e-09 1.5e-09 1.8e-09 2e-09 2.1e-09 2.8000000000000003e-09 4.7e-09 4.8e-09 5.6000000000000005e-09 6.1e-09 6.4e-09 70
3e-10 5e-10 1e-09 1.5e-09 1.8e-09 2.1e-09 2.8000000000000003e-09 3.6e-09 4.7e-09 4.8e-09 5.6000000000000005e-09 6.1e-09 6.4e-09 70
3e-10 5e-10 1e-09 1.5e-09 1.8e-09 2e-09 2.1e-09 2.8000000000000003e-09 4.5e-09 4.6e-09 5.2e-09 5.3e-09 5.8e-09 6.4e-09 70
3e-10 4e-10 1e-09 1.5e-09 1.8e-09 2e-09 2.1e-09 3.4000000000000003e-09 4.6e-09 5e-09 5.6000000000000005e-09 5.8e-09 6.4e-09 69
2e-10 3e-10 4e-10 1e-09 1.5e-09 2.1e-09 0.8 4.6e-09 4.8e-09 5.6000000000000005e-09 5.8e-09 6.4e-09 68
3e-10 5e-10 1e-09 1.6e-09 1.7000000000000001e-09 2.1e-09 2.9e-09 3.9e-09 4.6e-09 4.8e-09 5.3e-09 5.8e-09 6.4e-09 73
3e-10 5e-10 1e-09 1.5e-09 1.8e-09 2e-09 2.1e-09 2.8000000000000003e-09 3.2e-09 3.6e-09 4.7e-09 4.8e-09 5.6000000000000005e-09 6.1e-09 6.4e-09 70
1e-10 3e-10 5e-10 1e-09 1.5e-09 2e-09 2.1e-09 2.6e-09 4.1e-09 4.6e-09 5e-09 5.6000000000000005e-09 5.8e-09 6.4e-09 72
3e-10 5e-10 1e-09 1.5e-09 1.8e-09 2e-09 2.1e-09 2.8000000000000003e-09 3.9e-09 4.6e-09 4.8e-09 5.6000000000000005e-09 5.8e-09 6.4e-09 70
3e-10 4e-10 1e-09 1.5e-09 1.8e-09 2e-09 2.1e-09 3.4000000000000003e-09 4.7e-09 5e-09 5.6000000000000005e-09 5.8e-09 6.4e-09 69
3e-10 1e-09 1.5e-09 1.8e-09 2e-09 2.1e-09 2.9e-09 4.6e-09 4.8e-09 5.3e-09 5.8e-09 6.4e-09 70
3e-10 4e-10 1e-09 1.5e-09 1.8e-09 2e-09 2.1e-09 2.8000000000000003e-09 4.6e-09 4.8e-09 5.3e-09 5.8e-09 6.4e-09 70
3e-10 5e-10 1e-09 1.5e-09 1.8e-09 2.1e-09 2.8000000000000003e-09 3.4000000000000003e-09 4.6e-09 4.8e-09 5.6000000000000005e-09 5.8e-09 6.4e-09 70
3e-10 5e-10 1e-09 1.5e-09 1.8e-09 2e-09 2.1e-09 2.8000000000000003e-09 3.2e-09 3.6e-09 4.7e-09 4.8e-09 5.6000000000000005e-09 6.1e-09 6.4e-09 70
3e-10 6e-10 1e-09 1.5e-09 2.1e-09 2.9e-09 4.6e-09 5.2e-09 5.6000000000000005e-09 5.8e-09 6.6e-09 70
3e-10 6e-10 1.4000000000000001e-09 1.5e-09 2.1e-09 3.3e-09 3.5000000000000003e-09 4.6e-09 5.2e-09 5.6000000000000005e-09 5.8e-09 6.4e-322 70
3e-10 4e-10 1e-09 1.5e-09 1.8e-09 2e-09 2.1e-09 2.8000000000000003e-09 4.6e-09 4.8e-09 5.6000000000000005e-09 5.8e-09 6.4e-09 70
3e-10 6e-10 1.4000000000000001e-09 1.5e-09 2.1e-09 4.6e-09 4.8e-09 5.6000000000000005e-09 5.8e-09 6.4e-09 70
1e-10 3e-10 5e-10 1e-09 1.5e-09 2e-09 2.1e-09 2.6e-09 6.395997015298954e-244 4.7e-09 4.9e-09 5.6000000000000005e-09 5.8e-09 6.4e-09 72
3e-10 5e-10 1e-09 1.5e-09 1.7000000000000001e-09 2.1e-09 2.9e-09 4.6e-09 4.8e-09 5.3e-09 5.8e-09 6.4e-09 70
3e-10 5e-10 1e-09 1.6e-09 1.7000000000000001e-09 2.1e-09 2.9e-09 4.6e-09 5.2e-09 5.6000000000000005e-09 5.8e-09 1.071761662023068e-243 6.4e-09 73
3e-10 4e-10 1e-09 1.5e-09 1.8e-09 2e-09 2.1e-09 4.7e-09 5e-09 5.6000000000000005e-09 5.8e-09 6.4e-09 69
3e-10 5e-10 1e-09 1.5e-09 1.8e-09 2.1e-09 2.8000000000000003e-09 3.4000000000000003e-09 4.7e-09 4.8e-09 5.6000000000000005e-09 6.1e-09 6.4e-09 70
3e-10 4e-10 1e-09 1.5e-09 1.8e-09 2e-09 2.1e-09 2.8000000000000003e-09 3.2e-09 4.7e-09 5.2e-09 5.6000000000000005e-09 5.8e-09 6.4e-09 70
3e-10 8e-10 1.4000000000000001e-09 1.5e-09 2.1e-09 3.5000000000000003e-09 4.7e-09 1.567275e-318 5.6000000000000005e-09 6.1e-09 6.4e-09 70
3e-10 4e-10 1e-09 1.5e-09 1.8e-09 2e-09 2.1e-09 2.8000000000000003e-09 3.3e-09 4.7e-09 5.2e-09 5.6000000000000005e-09 5.8e-09 6.4e-09 70
3e-10 6e-10 1.4000000000000001e-09 1.5e-09 2.1e-09 3.5000000000000003e-09 4.6e-09 5.2e-09 5.6000000000000005e-09 5.8e-09 6.4e-09 70
2e-10 3e-10 4e-10 1e-09 1.5e-09 1.8e-09 2e-09 2.1e-09 2.8000000000000003e-09 4.6e-09 5e-09 5.6000000000000005e-09 5.8e-09 6.4e-09 1.1581940541217025e-243 70
2e-10 3e-10 5e-10 1e-09 1.5e-09 1.7000000000000001e-09 2.1e-09 2.8000000000000003e-09 4.6e-09 1.567275e-318 5.6000000000000005e-09 5.8e-09 6.4e-09 70
3e-10 4e-10 1e-09 1.5e-09 1.8e-09 2e-09 2.1e-09 2.8000000000000003e-09 3.9e-09 4.7e-09 4.8e-09 5.6000000000000005e-09 6.1e-09 6.4e-09 70
3e-10 4e-10 1e-09 1.5e-09 1.8e-09 2e-09 2.1e-09 2.8000000000000003e-09 3.3e-09 3.5000000000000003e-09 4.6e-09 5.2e-09 5.6000000000000005e-09 5.8e-09 6.6e-09 70
3e-10 5e-10 1e-09 1.5e-09 1.8e-09 2e-09 2.1e-09 2.6e-09 2.8000000000000003e-09 4.7e-09 4.8e-09 5.6000000000000005e-09 6.1e-09 6.4e-09 70
3e-10 5e-10 1e-09 1.5e-09 1.8e-09 2e-09 2.1e-09 2.8000000000000003e-09 3.2e-09 3.4000000000000003e-09 3.6e-09 4.7e-09 5e-09 5.6000000000000005e-09 6.1e-09 6.4e-09 70
3e-10 1e-09 1.5e-09 1.8e-09 2e-09 2.1e-09 2.9e-09 3.4000000000000003e-09 3.6e-09 4.7e-09 4.8e-09 5.6000000000000005e-09 5.8e-09 1.071761662023068e-243 6.4e-09 70
1e-10 3e-10 5e-10 1e-09 1.5e-09 2e-09 2.1e-09 2.6e-09 3.4000000000000003e-09 4.6e-09 4.8e-09 5.6000000000000005e-09 5.8e-09 6.4e-09 72
3e-10 5e-10 1e-09 1.5e-09 1.8e-09 2.1e-09 2.8000000000000003e-09 4.6e-09 4.8e-09 5.6000000000000005e-09 5.8e-09 6.4e-09 70
3e-10 5e-10 1e-09 1.5e-09 1.8e-09 2.1e-09 2.8000000000000003e-09 4.6e-09 4.8e-09 5.6000000000000005e-09 5.8e-09 6.4e-09 70
3e-10 5e-10 1e-09 1.5e-09 1.8e-09 2e-09 2.1e-09 2.6e-09 2.8000000000000003e-09 4.7e-09 4.8e-09 5.6000000000000005e-09 5.8e-09 6.4e-09 70
3e-10 4e-10 1e-09 1.5e-09 1.8e-09 2e-09 2.1e-09 2.8000000000000003e-09 3.2e-09 3.4000000000000003e-09 3.6e-09 4.7e-09 5e-09 5.6000000000000005e-09 6.1e-09 6.4e-09 70
3e-10 5e-10 1e-09 1.5e-09 1.8e-09 2.1e-09 2.8000000000000003e-09 4.6e-09 4.8e-09 5.6000000000000005e-09 5.8e-09 6.3e-09 6.4e-09 70
3e-10 5e-10 1e-09 1.6e-09 1.7000000000000001e-09 2.1e-09 2.9e-09 4.6e-09 4.8e-09 5.6000000000000005e-09 5.8e-09 6.4e-09 73
3e-10 1e-09 1.5e-09 2.27e-322 2.7e-09 0.84 4.7e-09 1.567275e-318 5.6000000000000005e-09 6.1e-09 6.4e-09 69
3e-10 4e-10 1e-09 1.5e-09 1.8e-09 2e-09 2.1e-09 2.8000000000000003e-09 3.4000000000000003e-09 3.6e-09 4.7e-09 4.8e-09 5.6000000000000005e-09 5.8e-09 6.4e-09 70
3e-10 5e-10 1e-09 1.6e-09 1.7000000000000001e-09 2.1e-09 2.9e-09 4.6e-09 4.8e-09 5.3e-09 5.8e-09 6.4e-09 73
3e-10 4e-10 1e-09 1.5e-09 1.8e-09 2e-09 2.1e-09 4.7e-09 5e-09 5.6000000000000005e-09 5.8e-09 6.4e-09 69
3e-10 5e-10 1e-09 1.5e-09 1.8e-09 2e-09 2.1e-09 2.8000000000000003e-09 3.2e-09 3.4000000000000003e-09 3.6e-09 4.7e-09 4.8e-09 5.6000000000000005e-09 5.8e-09 6.4e-09 70
3e-10 5e-10 1e-09 1.5e-09 1.8e-09 2.1e-09 2.8000000000000003e-09 3.4000000000000003e-09 3.6e-09 4.7e-09 4.8e-09 5.6000000000000005e-09 5.8e-09 6.4e-09 70
3e-10 5e-10 1e-09 1.5e-09 1.8e-09 2e-09 2.1e-09 2.8000000000000003e-09 3.2e-09 4.7e-09 4.8e-09 5.6000000000000005e-09 5.8e-09 6.4e-09 70
2e-10 3e-10 5e-10 1e-09 1.6e-09 1.7000000000000001e-09 2.1e-09 2.8000000000000003e-09 3.3e-09 3.9e-09 4.7e-09 4.8e-09 5.6000000000000005e-09 5.8e-09 6.4e-09 73
3e-10 6e-10 1e-09 1.5e-09 2.1e-09 2.9e-09 3.4000000000000003e-09 4.6e-09 5.2e-09 5.6000000000000005e-09 5.8e-09 6.4e-322 70
3e-10 5e-10 1e-09 1.5e-09 2.27e-322 2.9e-09 4.6e-09 4.8e-09 5.6000000000000005e-09 5.8e-09 6.4e-09 70
3e-10 6e-10 1.4000000000000001e-09 1.5e-09 2.1e-09 4.6e-09 5e-09 5.6000000000000005e-09 5.8e-09 6.4e-09 70
3e-10 4e-10 1e-09 1.5e-09 1.8e-09 2e-09 2.1e-09 2.8000000000000003e-09 4.7e-09 4.8e-09 5.6000000000000005e-09 5.8e-09 6.4e-09 70
3e-10 5e-10 1e-09 1.5e-09 1.8e-09 2e-09 2.1e-09 2.8000000000000003e-09 3.2e-09 4.6e-09 4.8e-09 5.6000000000000005e-09 5.8e-09 6.4e-09 70
3e-10 6e-10 1.4000000000000001e-09 1.5e-09 2.1e-09 3.5000000000000003e-09 4.6e-09 5.2e-09 5.6000000000000005e-09 5.8e-09 6.6e-09 70
3e-10 5e-10 1e-09 1.5e-09 1.7000000000000001e-09 2.1e-09 2.9e-09 3.5000000000000003e-09 4.6e-09 5.2e-09 5.6000000000000005e-09 5.8e-09 6.4e-09 70
3e-10 4e-10 1e-09 1.5e-09 1.8e-09 2e-09 2.1e-09 2.8000000000000003e-09 3.2e-09 4.7e-09 5.2e-09 5.6000000000000005e-09 5.8e-09 6.4e-09 70
1e-10 3e-10 5e-10 1e-09 1.5e-09 2e-09 2.1e-09 2.6e-09 5.9045125521261086e-195 4.7e-09 4.8e-09 5.6000000000000005e-09 6.1e-09 6.4e-09 72
3e-10 5e-10 1e-09 1.5e-09 1.8e-09 2.1e-09 2.8000000000000003e-09 3.4000000000000003e-09 4.7e-09 5e-09 5.6000000000000005e-09 6.1e-09 6.4e-09 70
3e-10 5e-10 1e-09 1.5e-09 1.8e-09 2e-09 2.1e-09 2.8000000000000003e-09 3.2e-09 4.7e-09 4.8e-09 5.6000000000000005e-09 6.1e-09 6.4e-09 70
3e-10 5e-10 1e-09 1.5e-09 1.8e-09 2e-09 2.1e-09 2.9e-09 3.3e-09 4.6e-09 4.8e-09 5.6000000000000005e-09 5.8e-09 6.4e-09 70
3e-10 5e-10 1e-09 1.5e-09 1.8e-09 2e-09 2.1e-09 2.9e-09 4.5e-09 4.6e-09 4.8e-09 5.3e-09 5.8e-09 6.4e-09 70
3e-10 5e-10 1e-09 1.5e-09 1.8e-09 2.1e-09 2.8000000000000003e-09 3.6e-09 4.7e-09 4.8e-09 5.6000000000000005e-09 6.1e-09 6.4e-09 70
1e-10 3e-10 5e-10 1e-09 1.5e-09 2e-09 2.1e-09 2.6e-09 3.4000000000000003e-09 4.1e-09 4.7e-09 5e-09 5.6000000000000005e-09 9.322914555988591e-195 6.4e-09 72
3e-10 5e-10 1e-09 1.5e-09 1.8e-09 2e-09 2.1e-09 2.8000000000000003e-09 3.6e-09 4.7e-09 5e-09 5.6000000000000005e-09 5.8e-09 6.4e-09 70
1e-10 3e-10 1e-09 1.5e-09 1.9e-322 2e-09 2.1e-09 6.395997015298954e-244 4.6e-09 5e-09 5.6000000000000005e-09 5.8e-09 6.4e-09 72
3e-10 5e-10 1.2e-322 1.5e-09 1.8e-09 2.1e-09 2.9e-09 4.6e-09 5.2e-09 5.6000000000000005e-09 5.8e-09 6.4e-09 70
3e-10 4e-10 1e-09 1.5e-09 1.8e-09 2e-09 2.1e-09 2.8000000000000003e-09 4.7e-09 4.8e-09 5.6000000000000005e-09 6.1e-09 6.4e-09 70
3e-10 4e-10 1e-09 1.5e-09 1.8e-09 2e-09 2.1e-09 3.4000000000000003e-09 3.6e-09 4.7e-09 5e-09 5.6000000000000005e-09 5.8e-09 6.4e-09 69
3e-10 4e-10 1.2e-322 1.5e-09 1.7000000000000001e-09 2.1e-09 3.2e-09 4.6e-09 4.9e-09 5.6000000000000005e-09 5.8e-09 6.4e-09 70
2e-10 3e-10 5e-10 1e-09 1.5e-09 1.8e-09 2e-09 2.1e-09 2.6e-09 2.8000000000000003e-09 4.6e-09 4.8e-09 5.6000000000000005e-09 5.8e-09 6.4e-09 70
3e-10 6e-10 1e-09 1.5e-09 2.1e-09 2.9e-09 3.2e-09 4.7e-09 5.2e-09 5.6000000000000005e-09 5.8e-09 6.4e-09 70
3e-10 1.2100534893808832e-244 1e-09 1.5e-09 5.981299575846566e-193 2.9e-09 3.3e-09 4.7e-09 4.8e-09 5.6000000000000005e-09 9.322914555988591e-195 6.4e-09 69
3e-10 4e-10 1e-09 1.5e-09 1.8e-09 2e-09 2.1e-09 4.7e-09 4.9e-09 5.6000000000000005e-09 5.8e-09 6.4e-09 69
3e-10 6e-10 1.4000000000000001e-09 1.5e-09 2.1e-09 4.6e-09 4.8e-09 5.6000000000000005e-09 5.8e-09 6.4e-09 70
3e-10 1.2100534893808832e-244 1e-09 1.5e-09 2.1e-09 2.9e-09 3.3e-09 3.5000000000000003e-09 4.6e-09 5e-09 5.6000000000000005e-09 5.8e-09 6.4e-09 70
3e-10 5e-10 1e-09 1.5e-09 1.7000000000000001e-09 2.1e-09 2.9e-09 4.5e-09 4.6e-09 4.8e-09 5.6000000000000005e-09 5.8e-09 6.4e-09 70
3e-10 5e-10 1e-09 1.5e-09 1.8e-09 2e-09 2.1e-09 2.8000000000000003e-09 3.2e-09 3.6e-09 4.7e-09 4.8e-09 5.6000000000000005e-09 5.8e-09 6.4e-09 70
3e-10 1e-09 1.5e-09 2.27e-322 2.7e-09 0.84 4.7e-09 1.567275e-318 5.6000000000000005e-09 5.8e-09 6.4e-09 69
3e-10 4e-10 1e-09 1.5e-09 1.8e-09 2e-09 2.1e-09 4.7e-09 4.8e-09 5.6000000000000005e-09 5.8e-09 6.4e-09 69
3e-10 1.2100534893808832e-244 1e-09 1.5e-09 2.1e-09 2.9e-09 4.6e-09 5e-09 5.6000000000000005e-09 5.8e-09 6.4e-09 70
3e-10 5e-10 1e-09 1.5e-09 1.8e-09 2e-09 2.1e-09 2.8000000000000003e-09 3.2e-09 4.7e-09 4.8e-09 5.6000000000000005e-09 6.1e-09 6.4e-09 70
3e-10 4e-10 1e-09 1.5e-09 1.8e-09 2e-09 2.1e-09 3.6e-09 4.7e-09 5e-09 1.0843172e-316 6.1e-09 6.4e-09 69
3e-10 5e-10 1e-09 1.5e-09 1.8e-09 2e-09 2.1e-09 2.6e-09 2.8000000000000003e-09 4.7e-09 4.8e-09 5.6000000000000005e-09 6.1e-09 6.4e-09 70
3e-10 5e-10 1e-09 1.5e-09 1.8e-09 2e-09 2.1e-09 2.6e-09 2.8000000000000003e-09 3.3e-09 4.6e-09 5.2e-09 5.6000000000000005e-09 5.8e-09 6.4e-09 70
3e-10 5e-10 1e-09 1.5e-09 1.7000000000000001e-09 2.1e-09 2.9e-09 3.5000000000000003e-09 4.6e-09 5.2e-09 5.6000000000000005e-09 5.8e-09 6.4e-09 70
3e-10 5e-10 1e-09 1.5e-09 1.8e-09 2.1e-09 2.8000000000000003e-09 3.4000000000000003e-09 4.6e-09 4.8e-09 5.6000000000000005e-09 5.8e-09 6.4e-09 70
3e-10 1e-09 1.5e-09 1.7000000000000001e-09 2.1e-09 2.9e-09 3.3e-09 4.6e-09 4.8e-09 5.6000000000000005e-09 5.8e-09 6.4e-09 70
1e-10 3e-10 5e-10 1e-09 1.5e-09 2e-09 2.1e-09 2.6e-09 3.4000000000000003e-09 4.1e-09 4.7e-09 4.8e-09 5.6000000000000005e-09 6.1e-09 6.4e-09 72
3e-10 4e-10 1e-09 1.5e-09 1.8e-09 2e-09 2.1e-09 2.8000000000000003e-09 3.9e-09 4.7e-09 4.8e-09 5.6000000000000005e-09 6.1e-09 6.4e-09 70
3e-10 6e-10 1.4000000000000001e-09 1.5e-09 2.1e-09 3.5000000000000003e-09 4.6e-09 5.2e-09 5.6000000000000005e-09 5.8e-09 6.4e-09 70
3e-10 1.2100534893808832e-244 1e-09 1.5e-09 5.981299575846566e-193 2.9e-09 3.3e-09 4.7e-09 4.8e-09 5.6000000000000005e-09 1.18 6.4e-09 69
3e-10 5e-10 1e-09 1.6e-09 1.7000000000000001e-09 2.1e-09 2.9e-09 4.6e-09 4.9e-09 5.6000000000000005e-09 5.8e-09 1.071761662023068e-243 6.4e-09 73
3e-10 5e-10 1e-09 1.5e-09 2.27e-322 2.9e-09 4.6e-09 4.8e-09 5.6000000000000005e-09 5.8e-09 6.4e-09 70
3e-10 5e-10 1e-09 1.5e-09 1.8e-09 2e-09 2.1e-09 2.9e-09 3.4000000000000003e-09 4.7e-09 4.8e-09 5.6000000000000005e-09 6.1e-09 6.4e-09 70
3e-10 4e-10 1e-09 1.5e-09 1.8e-09 2e-09 2.1e-09 2.8000000000000003e-09 4.6e-09 4.8e-09 5.6000000000000005e-09 5.8e-09 6.4e-09 70
3e-10 4e-10 1e-09 1.5e-09 1.8e-09 2e-09 2.1e-09 2.8000000000000003e-09 3.4000000000000003e-09 3.6e-09 3.9e-09 4.7e-09 4.8e-09 5.6000000000000005e-09 5.8e-09 6.4e-09 70
3e-10 5e-10 1e-09 1.5e-09 1.8e-09 2e-09 2.1e-09 2.8000000000000003e-09 4.7e-09 4.8e-09 5.6000000000000005e-09 6.1e-09 6.4e-09 70
3e-10 4e-10 1e-09 1.5e-09 1.8e-09 2e-09 2.1e-09 2.8000000000000003e-09 3.4000000000000003e-09 3.6e-09 3.9e-09 4.7e-09 4.9e-09 5.6000000000000005e-09 5.8e-09 6.4e-09 70
3e-10 5e-10 1e-09 1.5e-09 1.7000000000000001e-09 2.1e-09 2.9e-09 4.6e-09 4.8e-09 5.6000000000000005e-09 5.8e-09 6.6e-09 70
2e-10 3e-10 5e-10 1e-09 1.5e-09 1.7000000000000001e-09 2.1e-09 2.8000000000000003e-09 3.2e-09 4.7e-09 4.8e-09 5.6000000000000005e-09 5.8e-09 6.4e-09 70
3e-10 5e-10 1e-09 1.5e-09 1.8e-09 2e-09 2.1e-09 2.8000000000000003e-09 4.6e-09 5.2e-09 5.6000000000000005e-09 5.8e-09 6.4e-09 70
3e-10 1e-09 1.5e-09 1.8e-09 2e-09 2.1e-09 2.9e-09 4.7e-09 4.8e-09 5.6000000000000005e-09 5.8e-09 6.4e-09 70
3e-10 8e-10 1.4000000000000001e-09 1.5e-09 2.1e-09 3.5000000000000003e-09 4.7e-09 1.567275e-318 5.6000000000000005e-09 6.1e-09 6.4e-09 70
3e-10 4e-10 1e-09 1.5e-09 1.8e-09 2e-09 2.1e-09 2.8000000000000003e-09 3.2e-09 4.7e-09 5e-09 5.6000000000000005e-09 5.8e-09 6.4e-09 70
3e-10 4e-10 1e-09 1.5e-09 1.8e-09 2e-09 2.1e-09 2.8000000000000003e-09 3.2e-09 3.6e-09 4.7e-09 5.2e-09 5.6000000000000005e-09 6.1e-09 6.4e-09 70
3e-10 3.8507e-320 1e-09 1.5e-09 1.8e-09 2e-09 2.1e-09 1.2836e-319 4.6e-09 4.8e-09 5.6000000000000005e-09 5.8e-09 6.4e-09 70
1e-10 3e-10 1e-09 1.5e-09 1.9e-322 2e-09 2.1e-09 4.1e-09 4.7e-09 5e-09 5.6000000000000005e-09 5.8e-09 6.4e-09 72
3e-10 4e-10 1e-09 1.5e-09 1.8e-09 2e-09 2.1e-09 2.8000000000000003e-09 3.9e-09 4.7e-09 4.8e-09 5.6000000000000005e-09 5.8e-09 6.4e-09 70
3e-10 1e-09 1.5e-09 1.8e-09 2e-09 2.1e-09 2.9e-09 4.7e-09 4.8e-09 5.6000000000000005e-09 6.1e-09 6.4e-09 70
3e-10 4e-10 1e-09 1.5e-09 1.8e-09 2e-09 2.1e-09 2.8000000000000003e-09 3.6e-09 4.7e-09 4.8e-09 5.6000000000000005e-09 5.8e-09 6.4e-09 70
3e-10 5e-10 1e-09 1.5e-09 2.27e-322 2.9e-09 4.6e-09 5e-09 5.6000000000000005e-09 5.8e-09 6.4e-09 70
3e-10 5e-10 1e-09 1.5e-09 1.8e-09 2e-09 2.1e-09 2.8000000000000003e-09 3.9e-09 4.6e-09 4.8e-09 5.6000000000000005e-09 5.8e-09 6.4e-09 1.1581940541217025e-243 70
3e-10 4e-10 1e-09 1.5e-09 1.8e-09 2e-09 2.1e-09 4.6e-09 5e-09 5.6000000000000005e-09 5.8e-09 6.4e-09 69
2e-10 3e-10 5e-10 1e-09 1.6e-09 1.7000000000000001e-09 2.1e-09 2.8000000000000003e-09 3.3e-09 4.7e-09 4.8e-09 5.6000000000000005e-09 5.8e-09 6.4e-09 73
3e-10 5e-10 4.414043622485011e-189 1.5e-09 2.1e-09 2.8000000000000003e-09 4.6e-09 5.2e-09 5.6000000000000005e-09 5.8e-09 6.4e-09 73
3e-10 5e-10 1e-09 1.5e-09 1.8e-09 2e-09 2.1e-09 2.6e-09 2.8000000000000003e-09 3.3e-09 4.6e-09 5.2e-09 5.6000000000000005e-09 5.8e-09 6.4e-09 70
3e-10 5e-10 1e-09 1.5e-09 1.8e-09 2e-09 2.1e-09 2.8000000000000003e-09 3.9e-09 4.6e-09 4.8e-09 5.6000000000000005e-09 5.8e-09 6.4e-09 70
3e-10 5e-10 1e-09 1.5e-09 1.8e-09 2e-09 2.1e-09 2.8000000000000003e-09 4.6e-09 5.2e-09 5.6000000000000005e-09 5.8e-09 6.4e-09 70
1e-10 3e-10 5e-10 1e-09 1.5e-09 2e-09 2.1e-09 2.6e-09 4.1e-09 4.6e-09 5e-09 5.6000000000000005e-09 5.8e-09 6.4e-09 72
3e-10 5e-10 1e-09 1.6e-09 1.7000000000000001e-09 2.1e-09 2.9e-09 3.9e-09 4.6e-09 4.8e-09 5.3e-09 5.8e-09 6.4e-09 70
3e-10 4e-10 1e-09 1.5e-09 1.8e-09 2e-09 2.1e-09 2.8000000000000003e-09 3.9e-09 4.6e-09 4.8e-09 5.6000000000000005e-09 5.8e-09 6.4e-09 70
3e-10 1e-09 1.5e-09 1.7000000000000001e-09 2.1e-09 2.9e-09 3.3e-09 4.6e-09 4.8e-09 5.6000000000000005e-09 5.8e-09 6.4e-09 70
3e-10 5e-10 1e-09 1.5e-09 1.8e-09 2.1e-09 2.8000000000000003e-09 3.4000000000000003e-09 3.6e-09 4.7e-09 4.8e-09 5.6000000000000005e-09 5.8e-09 6.4e-09 70
