1e-10 3e-10 6e-10 7.000000000000001e-10 1e-09 1.2e-09 1.3e-09 1.6e-09 1.8e-09 19
2e-10 3e-10 5e-10 7.000000000000001e-10 1e-09 1.2e-09 1.4000000000000001e-09 1.6e-09 1.8e-09 19
2e-10 4e-10 6e-10 8e-10 1e-09 1.2e-09 1.4000000000000001e-09 1.6e-09 1.8e-09 20
2e-10 4e-10 6e-10 8e-10 1e-09 1.2e-09 1.4000000000000001e-09 1.6e-09 1.8e-09 20
1e-10 3e-10 5e-10 7.000000000000001e-10 1e-09 1.2e-09 1.3e-09 1.6e-09 1.8e-09 19
1e-10 4e-10 6e-10 8e-10 1e-09 1.2e-09 1.4000000000000001e-09 1.6e-09 1.8e-09 20
2e-10 3e-10 5e-10 7.000000000000001e-10 1e-09 1.2e-09 1.4000000000000001e-09 1.6e-09 1.8e-09 19
2e-10 4e-10 6e-10 8e-10 1e-09 1.2e-09 1.4000000000000001e-09 1.6e-09 1.8e-09 20
1e-10 3e-10 5e-10 7.000000000000001e-10 1e-09 1.2e-09 1.4000000000000001e-09 1.6e-09 1.8e-09 19
1e-10 4e-10 6e-10 8e-10 1e-09 1.2e-09 1.4000000000000001e-09 1.6e-09 1.8e-09 20
2e-10 4e-10 6e-10 8e-10 1e-09 1.2e-09 1.4000000000000001e-09 1.6e-09 1.8e-09 20
1e-10 3e-10 5e-10 7.000000000000001e-10 1e-09 1.2e-09 1.3e-09 1.6e-09 1.8e-09 19
2e-10 4e-10 6e-10 7.000000000000001e-10 1e-09 1.4000000000000001e-09 1.6e-09 1.8e-09 20
2e-10 3e-10 5e-10 7.000000000000001e-10 1e-09 1.2e-09 1.4000000000000001e-09 1.6e-09 1.8e-09 19
2e-10 4e-10 6e-10 8e-10 1e-09 1.2e-09 1.4000000000000001e-09 1.6e-09 1.8e-09 20
2e-10 4e-10 6e-10 8e-10 1e-09 1.2e-09 1.4000000000000001e-09 1.6e-09 1.8e-09 20
1e-10 3e-10 6e-10 7.000000000000001e-10 1e-09 1.2e-09 1.4000000000000001e-09 1.6e-09 1.8e-09 19
2e-10 3e-10 5e-10 7.000000000000001e-10 1e-09 1.2e-09 1.4000000000000001e-09 1.6e-09 1.8e-09 19
2e-10 4e-10 6e-10 7.000000000000001e-10 1e-09 1.2e-09 1.4000000000000001e-09 1.6e-09 1.8e-09 20
2e-10 4e-10 6e-10 8e-10 1e-09 1.2e-09 1.4000000000000001e-09 1.6e-09 1.8e-09 20
2e-10 4e-10 6e-10 8e-10 1e-09 1.2e-09 1.4000000000000001e-09 1.6e-09 1.8e-09 20
2e-10 3e-10 5e-10 7.000000000000001e-10 1e-09 1.2e-09 1.4000000000000001e-09 1.6e-09 1.8e-09 19
1e-10 4e-10 5e-10 8e-10 1e-09 1.2e-09 1.4000000000000001e-09 1.6e-09 1.8e-09 19
2e-10 4e-10 6e-10 7.000000000000001e-10 1e-09 1.2e-09 1.4000000000000001e-09 1.6e-09 1.8e-09 19
2e-10 4e-10 6e-10 8e-10 1e-09 1.2e-09 1.4000000000000001e-09 1.6e-09 1.8e-09 20
2e-10 4e-10 6e-10 8e-10 1e-09 1.2e-09 1.4000000000000001e-09 1.6e-09 1.8e-09 20
1e-10 3e-10 5e-10 7.000000000000001e-10 1e-09 1.2e-09 1.4000000000000001e-09 1.6e-09 1.8e-09 19
2e-10 3e-10 5e-10 7.000000000000001e-10 1e-09 1.2e-09 1.4000000000000001e-09 1.6e-09 1.8e-09 19
2e-10 4e-10 6e-10 8e-10 1e-09 1.2e-09 1.4000000000000001e-09 1.6e-09 1.8e-09 19
1e-10 3e-10 5e-10 7.000000000000001e-10 1e-09 1.2e-09 1.4000000000000001e-09 1.6e-09 1.8e-09 19
1e-10 3e-10 5e-10 7.000000000000001e-10 1e-09 1.2e-09 1.4000000000000001e-09 1.6e-09 1.8e-09 19
2e-10 4e-10 6e-10 8e-10 1e-09 1.2e-09 1.4000000000000001e-09 1.6e-09 1.8e-09 20
2e-10 3e-10 6e-10 7.000000000000001e-10 1e-09 1.2e-09 1.3e-09 1.6e-09 1.8e-09 19
1e-10 3e-10 5e-10 7.000000000000001e-10 1e-09 1.2e-09 1.3e-09 1.6e-09 1.8e-09 19
2e-10 4e-10 6e-10 8e-10 1e-09 1.2e-09 1.4000000000000001e-09 1.6e-09 1.8e-09 20
2e-10 3e-10 5e-10 7.000000000000001e-10 1e-09 1.2e-09 1.3e-09 1.6e-09 1.8e-09 19
2e-10 3e-10 5e-10 7.000000000000001e-10 1e-09 1.2e-09 1.4000000000000001e-09 1.6e-09 1.8e-09 19
2e-10 3e-10 5e-10 7.000000000000001e-10 1e-09 1.2e-09 1.4000000000000001e-09 1.6e-09 1.8e-09 19
1e-10 3e-10 5e-10 7.000000000000001e-10 1e-09 1.2e-09 1.4000000000000001e-09 1.6e-09 1.8e-09 19
2e-10 4e-10 6e-10 8e-10 1e-09 1.2e-09 1.4000000000000001e-09 1.6e-09 1.8e-09 20
1e-10 3e-10 5e-10 7.000000000000001e-10 1e-09 1.2e-09 1.4000000000000001e-09 1.6e-09 1.8e-09 19
1e-10 4e-10 6e-10 7.000000000000001e-10 1e-09 1.2e-09 1.4000000000000001e-09 1.6e-09 1.8e-09 19
1e-10 3e-10 6e-10 7.000000000000001e-10 1e-09 1.2e-09 1.3e-09 1.6e-09 1.8e-09 19
2e-10 3e-10 5e-10 7.000000000000001e-10 1e-09 1.2e-09 1.4000000000000001e-09 1.6e-09 1.8e-09 19
1e-10 3e-10 5e-10 7.000000000000001e-10 1e-09 1.2e-09 1.3e-09 1.6e-09 1.8e-09 19
1e-10 3e-10 6e-10 7.000000000000001e-10 1e-09 1.4000000000000001e-09 1.6e-09 1.8e-09 19
2e-10 4e-10 6e-10 8e-10 1e-09 1.2e-09 1.4000000000000001e-09 1.6e-09 1.8e-09 20
2e-10 4e-10 6e-10 8e-10 1e-09 1.2e-09 1.4000000000000001e-09 1.6e-09 1.8e-09 20
1e-10 3e-10 5e-10 7.000000000000001e-10 1e-09 1.2e-09 1.4000000000000001e-09 1.6e-09 1.8e-09 19
2e-10 4e-10 6e-10 7.000000000000001e-10 1e-09 1.2e-09 1.4000000000000001e-09 1.6e-09 1.8e-09 19
2e-10 4e-10 6e-10 8e-10 1e-09 1.2e-09 1.4000000000000001e-09 1.6e-09 1.8e-09 20
2e-10 3e-10 5e-10 7.000000000000001e-10 1e-09 1.2e-09 1.4000000000000001e-09 1.6e-09 1.8e-09 19
2e-10 3e-10 6e-10 7.000000000000001e-10 1e-09 1.2e-09 1.4000000000000001e-09 1.6e-09 1.8e-09 19
2e-10 4e-10 6e-10 8e-10 1e-09 1.2e-09 1.4000000000000001e-09 1.6e-09 1.8e-09 20
2e-10 4e-10 6e-10 8e-10 1e-09 1.2e-09 1.4000000000000001e-09 1.6e-09 1.8e-09 20
2e-10 3e-10 5e-10 7.000000000000001e-10 1e-09 1.2e-09 1.4000000000000001e-09 1.6e-09 1.8e-09 19
2e-10 4e-10 6e-10 8e-10 1e-09 1.2e-09 1.4000000000000001e-09 1.6e-09 1.8e-09 20
1e-10 3e-10 5e-10 7.000000000000001e-10 1e-09 1.2e-09 1.3e-09 1.6e-09 1.8e-09 19
1e-10 3e-10 5e-10 7.000000000000001e-10 1e-09 1.2e-09 1.4000000000000001e-09 1.6e-09 1.8e-09 19
2e-10 4e-10 6e-10 7.000000000000001e-10 1e-09 1.2e-09 1.4000000000000001e-09 1.6e-09 1.8e-09 20
2e-10 3e-10 5e-10 7.000000000000001e-10 1e-09 1.2e-09 1.3e-09 1.6e-09 1.8e-09 19
2e-10 4e-10 5e-10 7.000000000000001e-10 1e-09 1.2e-09 1.3e-09 1.6e-09 1.8e-09 19
1e-10 3e-10 6e-10 8e-10 1e-09 1.2e-09 1.4000000000000001e-09 1.6e-09 1.8e-09 19
1e-10 3e-10 5e-10 7.000000000000001e-10 1e-09 1.2e-09 1.4000000000000001e-09 1.6e-09 1.8e-09 19
1e-10 4e-10 6e-10 8e-10 1e-09 1.2e-09 1.4000000000000001e-09 1.6e-09 1.8e-09 20
1e-10 3e-10 5e-10 7.000000000000001e-10 1e-09 1.2e-09 1.4000000000000001e-09 1.6e-09 1.8e-09 19
2e-10 4e-10 6e-10 8e-10 1e-09 1.2e-09 1.4000000000000001e-09 1.6e-09 1.8e-09 20
1e-10 3e-10 5e-10 8e-10 1e-09 1.2e-09 1.3e-09 1.6e-09 1.8e-09 19
2e-10 4e-10 6e-10 8e-10 1e-09 1.2e-09 1.4000000000000001e-09 1.6e-09 1.8e-09 20
1e-10 3e-10 5e-10 7.000000000000001e-10 1e-09 1.2e-09 1.3e-09 1.6e-09 1.8e-09 19
2e-10 4e-10 6e-10 7.000000000000001e-10 1e-09 1.4000000000000001e-09 1.6e-09 1.8e-09 19
1e-10 3e-10 5e-10 7.000000000000001e-10 1e-09 1.2e-09 1.4000000000000001e-09 1.6e-09 1.8e-09 19
1e-10 3e-10 6e-10 7.000000000000001e-10 1e-09 1.2e-09 1.4000000000000001e-09 1.6e-09 1.8e-09 19
2e-10 4e-10 6e-10 7.000000000000001e-10 1e-09 1.2e-09 1.4000000000000001e-09 1.6e-09 1.8e-09 20
1e-10 3e-10 5e-10 7.000000000000001e-10 1e-09 1.2e-09 1.4000000000000001e-09 1.6e-09 1.8e-09 19
2e-10 3e-10 5e-10 7.000000000000001e-10 1e-09 1.2e-09 1.3e-09 1.6e-09 1.8e-09 19
2e-10 4e-10 6e-10 8e-10 1e-09 1.2e-09 1.4000000000000001e-09 1.6e-09 1.8e-09 20
2e-10 3e-10 5e-10 7.000000000000001e-10 1e-09 1.2e-09 1.4000000000000001e-09 1.6e-09 1.8e-09 19
1e-10 3e-10 5e-10 7.000000000000001e-10 1e-09 1.2e-09 1.4000000000000001e-09 1.6e-09 1.8e-09 19
2e-10 4e-10 6e-10 8e-10 1e-09 1.2e-09 1.4000000000000001e-09 1.6e-09 1.8e-09 20
2e-10 4e-10 6e-10 8e-10 1e-09 1.2e-09 1.4000000000000001e-09 1.6e-09 1.8e-09 20
1e-10 3e-10 5e-10 7.000000000000001e-10 1e-09 1.2e-09 1.4000000000000001e-09 1.6e-09 1.8e-09 19
1e-10 3e-10 5e-10 7.000000000000001e-10 1e-09 1.2e-09 1.4000000000000001e-09 1.6e-09 1.8e-09 19
2e-10 3e-10 5e-10 8e-10 1e-09 1.2e-09 1.4000000000000001e-09 1.6e-09 1.8e-09 19
2e-10 4e-10 6e-10 7.000000000000001e-10 1e-09 1.2e-09 1.4000000000000001e-09 1.6e-09 1.8e-09 20
1e-10 3e-10 5e-10 7.000000000000001e-10 1e-09 1.2e-09 1.4000000000000001e-09 1.6e-09 1.8e-09 19
2e-10 4e-10 6e-10 8e-10 1e-09 1.2e-09 1.4000000000000001e-09 1.6e-09 1.8e-09 20
2e-10 4e-10 6e-10 8e-10 1e-09 1.2e-09 1.4000000000000001e-09 1.6e-09 1.8e-09 20
2e-10 3e-10 6e-10 7.000000000000001e-10 1e-09 1.2e-09 1.4000000000000001e-09 1.6e-09 1.8e-09 19
2e-10 4e-10 6e-10 8e-10 1e-09 1.2e-09 1.4000000000000001e-09 1.6e-09 1.8e-09 20
2e-10 3e-10 5e-10 7.000000000000001e-10 1e-09 1.2e-09 1.4000000000000001e-09 1.6e-09 1.8e-09 19
2e-10 3e-10 6e-10 7.000000000000001e-10 1e-09 1.2e-09 1.4000000000000001e-09 1.6e-09 1.8e-09 19
2e-10 4e-10 6e-10 8e-10 1e-09 1.2e-09 1.4000000000000001e-09 1.6e-09 1.8e-09 20
1e-10 3e-10 5e-10 7.000000000000001e-10 1e-09 1.2e-09 1.4000000000000001e-09 1.6e-09 1.8e-09 19
1e-10 3e-10 5e-10 7.000000000000001e-10 1e-09 1.2e-09 1.4000000000000001e-09 1.6e-09 1.8e-09 19
2e-10 3e-10 5e-10 8e-10 1e-09 1.2e-09 1.4000000000000001e-09 1.6e-09 1.8e-09 19
1e-10 4e-10 6e-10 8e-10 1e-09 1.2e-09 1.4000000000000001e-09 1.6e-09 1.8e-09 20
1e-10 3e-10 5e-10 8e-10 1e-09 1.2e-09 1.3e-09 1.6e-09 1.8e-09 19
2e-10 4e-10 6e-10 8e-10 1e-09 1.2e-09 1.4000000000000001e-09 1.6e-09 1.8e-09 20
1e-10 3e-10 5e-10 7.000000000000001e-10 1e-09 1.2e-09 1.4000000000000001e-09 1.6e-09 1.8e-09 19
1e-10 3e-10 5e-10 7.000000000000001e-10 1e-09 1.2e-09 1.4000000000000001e-09 1.6e-09 1.8e-09 19
1e-10 3e-10 5e-10 7.000000000000001e-10 1e-09 1.2e-09 1.4000000000000001e-09 1.6e-09 1.8e-09 19
2e-10 4e-10 6e-10 8e-10 1e-09 1.2e-09 1.4000000000000001e-09 1.6e-09 1.8e-09 20
1e-10 3e-10 5e-10 7.000000000000001e-10 1e-09 1.2e-09 1.4000000000000001e-09 1.6e-09 1.8e-09 19
2e-10 4e-10 6e-10 7.000000000000001e-10 1e-09 1.2e-09 1.3e-09 1.6e-09 1.8e-09 19
2e-10 4e-10 6e-10 8e-10 1e-09 1.2e-09 1.4000000000000001e-09 1.6e-09 1.8e-09 20
2e-10 4e-10 5e-10 7.000000000000001e-10 1e-09 1.2e-09 1.3e-09 1.6e-09 1.8e-09 19
1e-10 4e-10 6e-10 8e-10 1e-09 1.2e-09 1.4000000000000001e-09 1.6e-09 1.8e-09 20
1e-10 3e-10 5e-10 7.000000000000001e-10 1e-09 1.2e-09 1.3e-09 1.6e-09 1.8e-09 19
1e-10 3e-10 5e-10 7.000000000000001e-10 1e-09 1.2e-09 1.4000000000000001e-09 1.6e-09 1.8e-09 19
2e-10 3e-10 5e-10 7.000000000000001e-10 1e-09 1.2e-09 1.4000000000000001e-09 1.6e-09 1.8e-09 19
2e-10 3e-10 6e-10 7.000000000000001e-10 1e-09 1.2e-09 1.4000000000000001e-09 1.6e-09 1.8e-09 20
1e-10 3e-10 5e-10 7.000000000000001e-10 1e-09 1.2e-09 1.4000000000000001e-09 1.6e-09 1.8e-09 19
1e-10 3e-10 5e-10 7.000000000000001e-10 1e-09 1.2e-09 1.4000000000000001e-09 1.6e-09 1.8e-09 19
1e-10 3e-10 5e-10 7.000000000000001e-10 1e-09 1.2e-09 1.4000000000000001e-09 1.6e-09 1.8e-09 19
1e-10 3e-10 5e-10 7.000000000000001e-10 1e-09 1.2e-09 1.4000000000000001e-09 1.6e-09 1.8e-09 19
1e-10 4e-10 6e-10 7.000000000000001e-10 1e-09 1.2e-09 1.4000000000000001e-09 1.6e-09 1.8e-09 19
2e-10 4e-10 6e-10 8e-10 1e-09 1.2e-09 1.4000000000000001e-09 1.6e-09 1.8e-09 20
1e-10 3e-10 5e-10 7.000000000000001e-10 1e-09 1.2e-09 1.3e-09 1.6e-09 1.8e-09 19
1e-10 3e-10 5e-10 7.000000000000001e-10 1e-09 1.2e-09 1.4000000000000001e-09 1.6e-09 1.8e-09 19
2e-10 4e-10 6e-10 7.000000000000001e-10 1e-09 1.2e-09 1.4000000000000001e-09 1.6e-09 1.8e-09 20
1e-10 3e-10 5e-10 8e-10 1e-09 1.2e-09 1.3e-09 1.6e-09 1.8e-09 19
1e-10 3e-10 5e-10 7.000000000000001e-10 1e-09 1.2e-09 1.3e-09 1.6e-09 1.8e-09 19
1e-10 3e-10 5e-10 7.000000000000001e-10 1e-09 1.2e-09 1.4000000000000001e-09 1.6e-09 1.8e-09 19
2e-10 3e-10 5e-10 7.000000000000001e-10 1e-09 1.2e-09 1.4000000000000001e-09 1.6e-09 1.8e-09 19
2e-10 4e-10 6e-10 8e-10 1e-09 1.2e-09 1.4000000000000001e-09 1.6e-09 1.8e-09 20
1e-10 3e-10 5e-10 7.000000000000001e-10 1e-09 1.2e-09 1.4000000000000001e-09 1.6e-09 1.8e-09 19
2e-10 4e-10 6e-10 8e-10 1e-09 1.2e-09 1.4000000000000001e-09 1.6e-09 1.8e-09 20
1e-10 3e-10 5e-10 7.000000000000001e-10 1e-09 1.2e-09 1.3e-09 1.6e-09 1.8e-09 19
2e-10 4e-10 6e-10 8e-10 1e-09 1.2e-09 1.4000000000000001e-09 1.6e-09 1.8e-09 20
2e-10 4e-10 6e-10 8e-10 1e-09 1.2e-09 1.4000000000000001e-09 1.6e-09 1.8e-09 20
1e-10 4e-10 6e-10 8e-10 1e-09 1.2e-09 1.4000000000000001e-09 1.6e-09 1.8e-09 19
2e-10 4e-10 6e-10 7.000000000000001e-10 1e-09 1.2e-09 1.4000000000000001e-09 1.6e-09 1.8e-09 20
1e-10 3e-10 6e-10 8e-10 1e-09 1.2e-09 1.4000000000000001e-09 1.6e-09 1.8e-09 19
1e-10 3e-10 5e-10 7.000000000000001e-10 1e-09 1.2e-09 1.4000000000000001e-09 1.6e-09 1.8e-09 19
2e-10 3e-10 6e-10 8e-10 1e-09 1.2e-09 1.4000000000000001e-09 1.6e-09 1.8e-09 19
2e-10 4e-10 6e-10 8e-10 1e-09 1.2e-09 1.4000000000000001e-09 1.6e-09 1.8e-09 20
2e-10 4e-10 6e-10 8e-10 1e-09 1.2e-09 1.4000000000000001e-09 1.6e-09 1.8e-09 20
1e-10 4e-10 6e-10 7.000000000000001e-10 1e-09 1.2e-09 1.4000000000000001e-09 1.6e-09 1.8e-09 19
2e-10 3e-10 6e-10 7.000000000000001e-10 1e-09 1.2e-09 1.3e-09 1.6e-09 1.8e-09 19
1e-10 3e-10 5e-10 7.000000000000001e-10 1e-09 1.2e-09 1.4000000000000001e-09 1.6e-09 1.8e-09 19
2e-10 3e-10 5e-10 7.000000000000001e-10 1e-09 1.2e-09 1.4000000000000001e-09 1.6e-09 1.8e-09 19
2e-10 3e-10 5e-10 7.000000000000001e-10 1e-09 1.2e-09 1.3e-09 1.6e-09 1.8e-09 19
1e-10 3e-10 5e-10 7.000000000000001e-10 1e-09 1.2e-09 1.4000000000000001e-09 1.6e-09 1.8e-09 19
1e-10 4e-10 6e-10 7.000000000000001e-10 1e-09 1.2e-09 1.4000000000000001e-09 1.6e-09 1.8e-09 19
2e-10 4e-10 6e-10 8e-10 1e-09 1.2e-09 1.4000000000000001e-09 1.6e-09 1.8e-09 19
2e-10 4e-10 6e-10 8e-10 1e-09 1.2e-09 1.4000000000000001e-09 1.6e-09 1.8e-09 20
2e-10 4e-10 6e-10 8e-10 1e-09 1.2e-09 1.4000000000000001e-09 1.6e-09 1.8e-09 20
2e-10 4e-10 6e-10 8e-10 1e-09 1.2e-09 1.4000000000000001e-09 1.6e-09 1.8e-09 20
1e-10 3e-10 6e-10 7.000000000000001e-10 1e-09 1.2e-09 1.4000000000000001e-09 1.6e-09 1.8e-09 19
2e-10 3e-10 5e-10 7.000000000000001e-10 1e-09 1.2e-09 1.4000000000000001e-09 1.6e-09 1.8e-09 19
1e-10 3e-10 5e-10 8e-10 1e-09 1.2e-09 1.3e-09 1.6e-09 1.8e-09 19
2e-10 4e-10 6e-10 8e-10 1e-09 1.2e-09 1.4000000000000001e-09 1.6e-09 1.8e-09 20
1e-10 3e-10 5e-10 7.000000000000001e-10 1e-09 1.2e-09 1.4000000000000001e-09 1.6e-09 1.8e-09 19
2e-10 4e-10 6e-10 8e-10 1e-09 1.2e-09 1.4000000000000001e-09 1.6e-09 1.8e-09 20
2e-10 4e-10 5e-10 7.000000000000001e-10 1e-09 1.2e-09 1.4000000000000001e-09 1.6e-09 1.8e-09 19
2e-10 4e-10 6e-10 8e-10 1e-09 1.2e-09 1.4000000000000001e-09 1.6e-09 1.8e-09 20
2e-10 4e-10 6e-10 8e-10 1e-09 1.2e-09 1.4000000000000001e-09 1.6e-09 1.8e-09 20
2e-10 3e-10 5e-10 7.000000000000001e-10 1e-09 1.2e-09 1.4000000000000001e-09 1.6e-09 1.8e-09 19
1e-10 3e-10 5e-10 7.000000000000001e-10 1e-09 1.2e-09 1.3e-09 1.6e-09 1.8e-09 19
2e-10 4e-10 6e-10 8e-10 1e-09 1.2e-09 1.4000000000000001e-09 1.6e-09 1.8e-09 20
2e-10 3e-10 5e-10 7.000000000000001e-10 1e-09 1.2e-09 1.4000000000000001e-09 1.6e-09 1.8e-09 19
2e-10 3e-10 5e-10 7.000000000000001e-10 1e-09 1.2e-09 1.4000000000000001e-09 1.6e-09 1.8e-09 19
2e-10 4e-10 6e-10 8e-10 1e-09 1.2e-09 1.4000000000000001e-09 1.6e-09 1.8e-09 20
2e-10 4e-10 6e-10 8e-10 1e-09 1.2e-09 1.4000000000000001e-09 1.6e-09 1.8e-09 20
2e-10 4e-10 6e-10 8e-10 1e-09 1.2e-09 1.4000000000000001e-09 1.6e-09 1.8e-09 20
2e-10 3e-10 6e-10 7.000000000000001e-10 1e-09 1.2e-09 1.3e-09 1.6e-09 1.8e-09 19
2e-10 4e-10 6e-10 8e-10 1e-09 1.2e-09 1.4000000000000001e-09 1.6e-09 1.8e-09 20
2e-10 4e-10 6e-10 8e-10 1e-09 1.2e-09 1.4000000000000001e-09 1.6e-09 1.8e-09 20
2e-10 4e-10 6e-10 8e-10 1e-09 1.2e-09 1.4000000000000001e-09 1.6e-09 1.8e-09 20
2e-10 4e-10 6e-10 7.000000000000001e-10 1e-09 1.2e-09 1.3e-09 1.6e-09 1.8e-09 19
2e-10 4e-10 6e-10 8e-10 1e-09 1.2e-09 1.4000000000000001e-09 1.6e-09 1.8e-09 20
1e-10 4e-10 6e-10 8e-10 1e-09 1.2e-09 1.4000000000000001e-09 1.6e-09 1.8e-09 19
2e-10 4e-10 6e-10 8e-10 1e-09 1.2e-09 1.4000000000000001e-09 1.6e-09 1.8e-09 20
2e-10 4e-10 6e-10 8e-10 1e-09 1.2e-09 1.4000000000000001e-09 1.6e-09 1.8e-09 20
2e-10 3e-10 6e-10 7.000000000000001e-10 1e-09 1.2e-09 1.3e-09 1.6e-09 1.8e-09 19
2e-10 3e-10 5e-10 8e-10 1e-09 1.2e-09 1.4000000000000001e-09 1.6e-09 1.8e-09 19
2e-10 4e-10 6e-10 7.000000000000001e-10 1e-09 1.2e-09 1.4000000000000001e-09 1.6e-09 1.8e-09 20
1e-10 3e-10 5e-10 7.000000000000001e-10 1e-09 1.2e-09 1.4000000000000001e-09 1.6e-09 1.8e-09 19
2e-10 4e-10 6e-10 8e-10 1e-09 1.2e-09 1.4000000000000001e-09 1.6e-09 1.8e-09 20
1e-10 3e-10 5e-10 7.000000000000001e-10 1e-09 1.2e-09 1.4000000000000001e-09 1.6e-09 1.8e-09 19
1e-10 3e-10 5e-10 7.000000000000001e-10 1e-09 1.2e-09 1.3e-09 1.6e-09 1.8e-09 19
1e-10 4e-10 6e-10 8e-10 1e-09 1.2e-09 1.4000000000000001e-09 1.6e-09 1.8e-09 20
1e-10 3e-10 5e-10 7.000000000000001e-10 1e-09 1.2e-09 1.3e-09 1.6e-09 1.8e-09 19
1e-10 3e-10 5e-10 7.000000000000001e-10 1e-09 1.2e-09 1.4000000000000001e-09 1.6e-09 1.8e-09 19
1e-10 3e-10 5e-10 7.000000000000001e-10 1e-09 1.2e-09 1.4000000000000001e-09 1.6e-09 1.8e-09 19
1e-10 3e-10 5e-10 7.000000000000001e-10 1e-09 1.2e-09 1.4000000000000001e-09 1.6e-09 1.8e-09 19
1e-10 3e-10 5e-10 7.000000000000001e-10 1e-09 1.2e-09 1.4000000000000001e-09 1.6e-09 1.8e-09 19
2e-10 4e-10 6e-10 8e-10 1e-09 1.2e-09 1.4000000000000001e-09 1.6e-09 1.8e-09 20
2e-10 4e-10 6e-10 7.000000000000001e-10 1e-09 1.4000000000000001e-09 1.6e-09 1.8e-09 19
1e-10 4e-10 5e-10 7.000000000000001e-10 1e-09 1.2e-09 1.4000000000000001e-09 1.6e-09 1.8e-09 19
1e-10 3e-10 5e-10 7.000000000000001e-10 1e-09 1.2e-09 1.3e-09 1.6e-09 1.8e-09 19
1e-10 4e-10 6e-10 8e-10 1e-09 1.2e-09 1.4000000000000001e-09 1.6e-09 1.8e-09 20
1e-10 3e-10 5e-10 7.000000000000001e-10 1e-09 1.2e-09 1.3e-09 1.6e-09 1.8e-09 19
2e-10 3e-10 5e-10 7.000000000000001e-10 1e-09 1.2e-09 1.3e-09 1.6e-09 1.8e-09 19
1e-10 3e-10 5e-10 7.000000000000001e-10 1e-09 1.2e-09 1.4000000000000001e-09 1.6e-09 1.8e-09 19
1e-10 3e-10 6e-10 7.000000000000001e-10 1e-09 1.2e-09 1.3e-09 1.6e-09 1.8e-09 19
2e-10 4e-10 6e-10 8e-10 1e-09 1.2e-09 1.4000000000000001e-09 1.6e-09 1.8e-09 20
1e-10 3e-10 5e-10 8e-10 1e-09 1.2e-09 1.4000000000000001e-09 1.6e-09 1.8e-09 19
1e-10 4e-10 5e-10 7.000000000000001e-10 1e-09 1.2e-09 1.3e-09 1.6e-09 1.8e-09 19
2e-10 4e-10 6e-10 8e-10 1e-09 1.2e-09 1.4000000000000001e-09 1.6e-09 1.8e-09 20
2e-10 4e-10 6e-10 7.000000000000001e-10 1e-09 1.2e-09 1.3e-09 1.6e-09 1.8e-09 19
1e-10 4e-10 6e-10 7.000000000000001e-10 1e-09 1.2e-09 1.4000000000000001e-09 1.6e-09 1.8e-09 19
2e-10 3e-10 6e-10 7.000000000000001e-10 1e-09 1.2e-09 1.3e-09 1.6e-09 1.8e-09 19
2e-10 3e-10 5e-10 7.000000000000001e-10 1e-09 1.2e-09 1.4000000000000001e-09 1.6e-09 1.8e-09 19
1e-10 3e-10 6e-10 7.000000000000001e-10 1e-09 1.4000000000000001e-09 1.6e-09 1.8e-09 19
2e-10 3e-10 5e-10 7.000000000000001e-10 1e-09 1.2e-09 1.3e-09 1.6e-09 1.8e-09 19
2e-10 4e-10 6e-10 7.000000000000001e-10 1e-09 1.2e-09 1.4000000000000001e-09 1.6e-09 1.8e-09 20
2e-10 4e-10 6e-10 8e-10 1e-09 1.2e-09 1.4000000000000001e-09 1.6e-09 1.8e-09 20
2e-10 4e-10 6e-10 8e-10 1e-09 1.2e-09 1.3e-09 1.6e-09 1.8e-09 19
2e-10 4e-10 6e-10 8e-10 1e-09 1.2e-09 1.4000000000000001e-09 1.6e-09 1.8e-09 20
1e-10 4e-10 5e-10 8e-10 1e-09 1.2e-09 1.4000000000000001e-09 1.6e-09 1.8e-09 19
2e-10 3e-10 6e-10 7.000000000000001e-10 1e-09 1.2e-09 1.3e-09 1.6e-09 1.8e-09 19
2e-10 3e-10 5e-10 7.000000000000001e-10 1e-09 1.2e-09 1.4000000000000001e-09 1.6e-09 1.8e-09 19
1e-10 3e-10 5e-10 7.000000000000001e-10 1e-09 1.2e-09 1.3e-09 1.6e-09 1.8e-09 19
2e-10 4e-10 6e-10 8e-10 1e-09 1.2e-09 1.4000000000000001e-09 1.6e-09 1.8e-09 20
2e-10 4e-10 6e-10 8e-10 1e-09 1.2e-09 1.4000000000000001e-09 1.6e-09 1.8e-09 20
2e-10 3e-10 5e-10 7.000000000000001e-10 1e-09 1.2e-09 1.4000000000000001e-09 1.6e-09 1.8e-09 19
1e-10 4e-10 6e-10 8e-10 1e-09 1.2e-09 1.4000000000000001e-09 1.6e-09 1.8e-09 20
1e-10 4e-10 6e-10 8e-10 1e-09 1.2e-09 1.4000000000000001e-09 1.6e-09 1.8e-09 19
2e-10 4e-10 6e-10 8e-10 1e-09 1.2e-09 1.4000000000000001e-09 1.6e-09 1.8e-09 20
1e-10 3e-10 5e-10 7.000000000000001e-10 1e-09 1.2e-09 1.4000000000000001e-09 1.6e-09 1.8e-09 19
1e-10 3e-10 6e-10 8e-10 1e-09 1.2e-09 1.4000000000000001e-09 1.6e-09 1.8e-09 19
2e-10 4e-10 6e-10 8e-10 1e-09 1.2e-09 1.4000000000000001e-09 1.6e-09 1.8e-09 20
2e-10 4e-10 6e-10 8e-10 1e-09 1.2e-09 1.4000000000000001e-09 1.6e-09 1.8e-09 20
2e-10 4e-10 6e-10 8e-10 1e-09 1.2e-09 1.4000000000000001e-09 1.6e-09 1.8e-09 20
1e-10 3e-10 5e-10 7.000000000000001e-10 1e-09 1.4000000000000001e-09 1.6e-09 1.8e-09 19
1e-10 3e-10 5e-10 7.000000000000001e-10 1e-09 1.2e-09 1.4000000000000001e-09 1.6e-09 1.8e-09 19
2e-10 4e-10 6e-10 8e-10 1e-09 1.2e-09 1.4000000000000001e-09 1.6e-09 1.8e-09 20
1e-10 3e-10 5e-10 7.000000000000001e-10 1e-09 1.2e-09 1.3e-09 1.6e-09 1.8e-09 19
1e-10 3e-10 5e-10 7.000000000000001e-10 1e-09 1.2e-09 1.4000000000000001e-09 1.6e-09 1.8e-09 19
2e-10 4e-10 6e-10 8e-10 1e-09 1.2e-09 1.3e-09 1.6e-09 1.8e-09 20
2e-10 4e-10 6e-10 7.000000000000001e-10 1e-09 1.2e-09 1.4000000000000001e-09 1.6e-09 1.8e-09 19
2e-10 4e-10 6e-10 8e-10 1e-09 1.2e-09 1.4000000000000001e-09 1.6e-09 1.8e-09 20
2e-10 4e-10 5e-10 7.000000000000001e-10 1e-09 1.2e-09 1.3e-09 1.6e-09 1.8e-09 19
1e-10 3e-10 5e-10 8e-10 1e-09 1.2e-09 1.3e-09 1.6e-09 1.8e-09 19
2e-10 4e-10 6e-10 8e-10 1e-09 1.2e-09 1.4000000000000001e-09 1.6e-09 1.8e-09 20
1e-10 3e-10 5e-10 7.000000000000001e-10 1e-09 1.2e-09 1.4000000000000001e-09 1.6e-09 1.8e-09 19
2e-10 4e-10 6e-10 8e-10 1e-09 1.2e-09 1.4000000000000001e-09 1.6e-09 1.8e-09 20
2e-10 4e-10 6e-10 7.000000000000001e-10 1e-09 1.2e-09 1.4000000000000001e-09 1.6e-09 1.8e-09 20
2e-10 4e-10 6e-10 8e-10 1e-09 1.2e-09 1.3e-09 1.6e-09 1.8e-09 20
1e-10 4e-10 6e-10 8e-10 1e-09 1.2e-09 1.4000000000000001e-09 1.6e-09 1.8e-09 19
2e-10 4e-10 6e-10 8e-10 1e-09 1.2e-09 1.4000000000000001e-09 1.6e-09 1.8e-09 20
1e-10 4e-10 6e-10 8e-10 1e-09 1.2e-09 1.4000000000000001e-09 1.6e-09 1.8e-09 20
1e-10 3e-10 5e-10 7.000000000000001e-10 1e-09 1.2e-09 1.4000000000000001e-09 1.6e-09 1.8e-09 19
2e-10 4e-10 6e-10 8e-10 1e-09 1.2e-09 1.4000000000000001e-09 1.6e-09 1.8e-09 20
1e-10 3e-10 5e-10 7.000000000000001e-10 1e-09 1.2e-09 1.3e-09 1.6e-09 1.8e-09 19
1e-10 3e-10 5e-10 7.000000000000001e-10 1e-09 1.2e-09 1.4000000000000001e-09 1.6e-09 1.8e-09 19
1e-10 3e-10 5e-10 7.000000000000001e-10 1e-09 1.2e-09 1.4000000000000001e-09 1.6e-09 1.8e-09 19
1e-10 3e-10 5e-10 7.000000000000001e-10 1e-09 1.2e-09 1.4000000000000001e-09 1.6e-09 1.8e-09 19
1e-10 3e-10 5e-10 7.000000000000001e-10 1e-09 1.2e-09 1.4000000000000001e-09 1.6e-09 1.8e-09 19
1e-10 3e-10 5e-10 7.000000000000001e-10 1e-09 1.2e-09 1.3e-09 1.6e-09 1.8e-09 19
1e-10 3e-10 5e-10 7.000000000000001e-10 1e-09 1.2e-09 1.4000000000000001e-09 1.6e-09 1.8e-09 19
2e-10 4e-10 6e-10 8e-10 1e-09 1.2e-09 1.4000000000000001e-09 1.6e-09 1.8e-09 20
2e-10 4e-10 6e-10 8e-10 1e-09 1.2e-09 1.4000000000000001e-09 1.6e-09 1.8e-09 20
2e-10 3e-10 5e-10 8e-10 1e-09 1.2e-09 1.4000000000000001e-09 1.6e-09 1.8e-09 19
2e-10 4e-10 6e-10 8e-10 1e-09 1.2e-09 1.4000000000000001e-09 1.6e-09 1.8e-09 20
1e-10 3e-10 5e-10 7.000000000000001e-10 1e-09 1.2e-09 1.4000000000000001e-09 1.6e-09 1.8e-09 19
2e-10 4e-10 6e-10 8e-10 1e-09 1.2e-09 1.3e-09 1.6e-09 1.8e-09 19
2e-10 4e-10 6e-10 8e-10 1e-09 1.2e-09 1.4000000000000001e-09 1.6e-09 1.8e-09 20
2e-10 4e-10 6e-10 7.000000000000001e-10 1e-09 1.2e-09 1.3e-09 1.6e-09 1.8e-09 19
2e-10 3e-10 5e-10 7.000000000000001e-10 1e-09 1.2e-09 1.4000000000000001e-09 1.6e-09 1.8e-09 19
1e-10 3e-10 6e-10 7.000000000000001e-10 1e-09 1.2e-09 1.4000000000000001e-09 1.6e-09 1.8e-09 19
2e-10 4e-10 6e-10 8e-10 1e-09 1.2e-09 1.4000000000000001e-09 1.6e-09 1.8e-09 20
2e-10 4e-10 6e-10 8e-10 1e-09 1.2e-09 1.4000000000000001e-09 1.6e-09 1.8e-09 19
1e-10 3e-10 5e-10 7.000000000000001e-10 1e-09 1.2e-09 1.4000000000000001e-09 1.6e-09 1.8e-09 19
2e-10 4e-10 6e-10 8e-10 1e-09 1.2e-09 1.4000000000000001e-09 1.6e-09 1.8e-09 20
2e-10 4e-10 6e-10 8e-10 1e-09 1.2e-09 1.4000000000000001e-09 1.6e-09 1.8e-09 20
1e-10 3e-10 5e-10 8e-10 1e-09 1.2e-09 1.3e-09 1.6e-09 1.8e-09 19
1e-10 3e-10 5e-10 7.000000000000001e-10 1e-09 1.2e-09 1.4000000000000001e-09 1.6e-09 1.8e-09 19
1e-10 3e-10 5e-10 7.000000000000001e-10 1e-09 1.2e-09 1.3e-09 1.6e-09 1.8e-09 19
1e-10 3e-10 5e-10 7.000000000000001e-10 1e-09 1.2e-09 1.3e-09 1.6e-09 1.8e-09 19
2e-10 4e-10 6e-10 8e-10 1e-09 1.2e-09 1.4000000000000001e-09 1.6e-09 1.8e-09 20
2e-10 4e-10 6e-10 8e-10 1e-09 1.2e-09 1.4000000000000001e-09 1.6e-09 1.8e-09 20
2e-10 4e-10 6e-10 8e-10 1e-09 1.2e-09 1.4000000000000001e-09 1.6e-09 1.8e-09 20
1e-10 3e-10 5e-10 8e-10 1e-09 1.2e-09 1.4000000000000001e-09 1.6e-09 1.8e-09 19
1e-10 3e-10 5e-10 7.000000000000001e-10 1e-09 1.2e-09 1.4000000000000001e-09 1.6e-09 1.8e-09 19
2e-10 4e-10 6e-10 8e-10 1e-09 1.2e-09 1.4000000000000001e-09 1.6e-09 1.8e-09 20
2e-10 4e-10 6e-10 8e-10 1e-09 1.2e-09 1.4000000000000001e-09 1.6e-09 1.8e-09 20
2e-10 3e-10 5e-10 8e-10 1e-09 1.2e-09 1.4000000000000001e-09 1.6e-09 1.8e-09 19
2e-10 4e-10 6e-10 8e-10 1e-09 1.2e-09 1.4000000000000001e-09 1.6e-09 1.8e-09 20
2e-10 4e-10 6e-10 8e-10 1e-09 1.2e-09 1.4000000000000001e-09 1.6e-09 1.8e-09 20
2e-10 4e-10 6e-10 8e-10 1e-09 1.2e-09 1.3e-09 1.6e-09 1.8e-09 19
1e-10 3e-10 5e-10 7.000000000000001e-10 1e-09 1.2e-09 1.3e-09 1.6e-09 1.8e-09 19
1e-10 4e-10 6e-10 8e-10 1e-09 1.2e-09 1.4000000000000001e-09 1.6e-09 1.8e-09 19
1e-10 4e-10 6e-10 8e-10 1e-09 1.2e-09 1.4000000000000001e-09 1.6e-09 1.8e-09 19
1e-10 3e-10 6e-10 8e-10 1e-09 1.2e-09 1.3e-09 1.6e-09 1.8e-09 19
2e-10 4e-10 6e-10 8e-10 1e-09 1.2e-09 1.4000000000000001e-09 1.6e-09 1.8e-09 19
2e-10 3e-10 5e-10 8e-10 1e-09 1.2e-09 1.3e-09 1.6e-09 1.8e-09 19
1e-10 4e-10 6e-10 7.000000000000001e-10 1e-09 1.2e-09 1.4000000000000001e-09 1.6e-09 1.8e-09 19
1e-10 3e-10 6e-10 7.000000000000001e-10 1e-09 1.4000000000000001e-09 1.6e-09 1.8e-09 19
2e-10 3e-10 5e-10 7.000000000000001e-10 1e-09 1.2e-09 1.4000000000000001e-09 1.6e-09 1.8e-09 19
2e-10 3e-10 5e-10 7.000000000000001e-10 1e-09 1.2e-09 1.4000000000000001e-09 1.6e-09 1.8e-09 19
1e-10 4e-10 6e-10 8e-10 1e-09 1.2e-09 1.4000000000000001e-09 1.6e-09 1.8e-09 20
1e-10 4e-10 6e-10 8e-10 1e-09 1.2e-09 1.4000000000000001e-09 1.6e-09 1.8e-09 20
2e-10 4e-10 6e-10 8e-10 1e-09 1.2e-09 1.4000000000000001e-09 1.6e-09 1.8e-09 20
1e-10 4e-10 6e-10 7.000000000000001e-10 1e-09 1.2e-09 1.4000000000000001e-09 1.6e-09 1.8e-09 19
2e-10 3e-10 6e-10 8e-10 1e-09 1.2e-09 1.4000000000000001e-09 1.6e-09 1.8e-09 19
1e-10 3e-10 5e-10 7.000000000000001e-10 1e-09 1.2e-09 1.4000000000000001e-09 1.6e-09 1.8e-09 19
1e-10 3e-10 5e-10 7.000000000000001e-10 1e-09 1.2e-09 1.3e-09 1.6e-09 1.8e-09 19
2e-10 3e-10 5e-10 7.000000000000001e-10 1e-09 1.2e-09 1.4000000000000001e-09 1.6e-09 1.8e-09 19
1e-10 3e-10 5e-10 7.000000000000001e-10 1e-09 1.2e-09 1.4000000000000001e-09 1.6e-09 1.8e-09 19
2e-10 4e-10 6e-10 8e-10 1e-09 1.2e-09 1.4000000000000001e-09 1.6e-09 1.8e-09 20
1e-10 3e-10 5e-10 7.000000000000001e-10 1e-09 1.2e-09 1.4000000000000001e-09 1.6e-09 1.8e-09 19
1e-10 3e-10 5e-10 7.000000000000001e-10 1e-09 1.2e-09 1.4000000000000001e-09 1.6e-09 1.8e-09 19
2e-10 4e-10 6e-10 8e-10 1e-09 1.2e-09 1.4000000000000001e-09 1.6e-09 1.8e-09 20
1e-10 3e-10 5e-10 7.000000000000001e-10 1e-09 1.2e-09 1.3e-09 1.6e-09 1.8e-09 19
2e-10 3e-10 5e-10 7.000000000000001e-10 1e-09 1.2e-09 1.4000000000000001e-09 1.6e-09 1.8e-09 19
1e-10 3e-10 5e-10 7.000000000000001e-10 1e-09 1.2e-09 1.4000000000000001e-09 1.6e-09 1.8e-09 19
2e-10 4e-10 6e-10 7.000000000000001e-10 1e-09 1.2e-09 1.4000000000000001e-09 1.6e-09 1.8e-09 20
1e-10 3e-10 5e-10 8e-10 1e-09 1.2e-09 1.4000000000000001e-09 1.6e-09 1.8e-09 19
1e-10 3e-10 5e-10 7.000000000000001e-10 1e-09 1.2e-09 1.4000000000000001e-09 1.6e-09 1.8e-09 19
2e-10 3e-10 5e-10 7.000000000000001e-10 1e-09 1.2e-09 1.4000000000000001e-09 1.6e-09 1.8e-09 19
2e-10 4e-10 5e-10 7.000000000000001e-10 1e-09 1.2e-09 1.4000000000000001e-09 1.6e-09 1.8e-09 19
1e-10 3e-10 6e-10 7.000000000000001e-10 1e-09 1.4000000000000001e-09 1.6e-09 1.8e-09 19
2e-10 3e-10 5e-10 7.000000000000001e-10 1e-09 1.2e-09 1.3e-09 1.6e-09 1.8e-09 19
2e-10 4e-10 6e-10 8e-10 1e-09 1.2e-09 1.4000000000000001e-09 1.6e-09 1.8e-09 20
2e-10 3e-10 5e-10 7.000000000000001e-10 1e-09 1.2e-09 1.3e-09 1.6e-09 1.8e-09 19
2e-10 4e-10 6e-10 8e-10 1e-09 1.2e-09 1.4000000000000001e-09 1.6e-09 1.8e-09 20
2e-10 4e-10 6e-10 7.000000000000001e-10 1e-09 1.2e-09 1.4000000000000001e-09 1.6e-09 1.8e-09 19
1e-10 3e-10 5e-10 7.000000000000001e-10 1e-09 1.2e-09 1.3e-09 1.6e-09 1.8e-09 19
1e-10 3e-10 6e-10 7.000000000000001e-10 1e-09 1.2e-09 1.3e-09 1.6e-09 1.8e-09 19
1e-10 3e-10 5e-10 7.000000000000001e-10 1e-09 1.2e-09 1.4000000000000001e-09 1.6e-09 1.8e-09 19
2e-10 3e-10 6e-10 7.000000000000001e-10 1e-09 1.2e-09 1.4000000000000001e-09 1.6e-09 1.8e-09 19
1e-10 4e-10 6e-10 8e-10 1e-09 1.2e-09 1.4000000000000001e-09 1.6e-09 1.8e-09 20
1e-10 4e-10 6e-10 8e-10 1e-09 1.2e-09 1.4000000000000001e-09 1.6e-09 1.8e-09 19
1e-10 3e-10 5e-10 7.000000000000001e-10 1e-09 1.4000000000000001e-09 1.6e-09 1.8e-09 19
1e-10 3e-10 6e-10 7.000000000000001e-10 1e-09 1.4000000000000001e-09 1.6e-09 1.8e-09 19
2e-10 4e-10 6e-10 8e-10 1e-09 1.2e-09 1.3e-09 1.6e-09 1.8e-09 19
1e-10 3e-10 5e-10 7.000000000000001e-10 1e-09 1.2e-09 1.4000000000000001e-09 1.6e-09 1.8e-09 19
1e-10 4e-10 6e-10 8e-10 1e-09 1.2e-09 1.4000000000000001e-09 1.6e-09 1.8e-09 20
2e-10 4e-10 6e-10 8e-10 1e-09 1.2e-09 1.4000000000000001e-09 1.6e-09 1.8e-09 20
2e-10 4e-10 6e-10 8e-10 1e-09 1.2e-09 1.4000000000000001e-09 1.6e-09 1.8e-09 20
1e-10 4e-10 6e-10 7.000000000000001e-10 1e-09 1.2e-09 1.4000000000000001e-09 1.6e-09 1.8e-09 19
2e-10 4e-10 6e-10 8e-10 1e-09 1.2e-09 1.4000000000000001e-09 1.6e-09 1.8e-09 20
1e-10 3e-10 5e-10 7.000000000000001e-10 1e-09 1.2e-09 1.3e-09 1.6e-09 1.8e-09 19
1e-10 3e-10 5e-10 7.000000000000001e-10 1e-09 1.2e-09 1.4000000000000001e-09 1.6e-09 1.8e-09 19
1e-10 3e-10 5e-10 8e-10 1e-09 1.2e-09 1.4000000000000001e-09 1.6e-09 1.8e-09 19
2e-10 3e-10 5e-10 7.000000000000001e-10 1e-09 1.2e-09 1.4000000000000001e-09 1.6e-09 1.8e-09 19
2e-10 4e-10 6e-10 7.000000000000001e-10 1e-09 1.2e-09 1.3e-09 1.6e-09 1.8e-09 19
2e-10 4e-10 6e-10 8e-10 1e-09 1.2e-09 1.4000000000000001e-09 1.6e-09 1.8e-09 20
2e-10 4e-10 6e-10 7.000000000000001e-10 1e-09 1.2e-09 1.3e-09 1.6e-09 1.8e-09 19
2e-10 4e-10 6e-10 8e-10 1e-09 1.2e-09 1.4000000000000001e-09 1.6e-09 1.8e-09 20
2e-10 4e-10 6e-10 8e-10 1e-09 1.2e-09 1.4000000000000001e-09 1.6e-09 1.8e-09 20
1e-10 3e-10 5e-10 8e-10 1e-09 1.2e-09 1.3e-09 1.6e-09 1.8e-09 19
1e-10 3e-10 5e-10 7.000000000000001e-10 1e-09 1.2e-09 1.4000000000000001e-09 1.6e-09 1.8e-09 19
1e-10 3e-10 5e-10 7.000000000000001e-10 1e-09 1.2e-09 1.4000000000000001e-09 1.6e-09 1.8e-09 19
1e-10 3e-10 5e-10 7.000000000000001e-10 1e-09 1.2e-09 1.3e-09 1.6e-09 1.8e-09 19
2e-10 4e-10 6e-10 8e-10 1e-09 1.2e-09 1.4000000000000001e-09 1.6e-09 1.8e-09 20
1e-10 3e-10 5e-10 7.000000000000001e-10 1e-09 1.2e-09 1.4000000000000001e-09 1.6e-09 1.8e-09 19
2e-10 3e-10 5e-10 7.000000000000001e-10 1e-09 1.2e-09 1.4000000000000001e-09 1.6e-09 1.8e-09 19
1e-10 3e-10 5e-10 7.000000000000001e-10 1e-09 1.2e-09 1.3e-09 1.6e-09 1.8e-09 19
2e-10 4e-10 6e-10 8e-10 1e-09 1.2e-09 1.4000000000000001e-09 1.6e-09 1.8e-09 20
2e-10 4e-10 6e-10 8e-10 1e-09 1.2e-09 1.4000000000000001e-09 1.6e-09 1.8e-09 20
1e-10 4e-10 5e-10 7.000000000000001e-10 1e-09 1.2e-09 1.3e-09 1.6e-09 1.8e-09 19
2e-10 4e-10 6e-10 8e-10 1e-09 1.2e-09 1.4000000000000001e-09 1.6e-09 1.8e-09 20
1e-10 3e-10 5e-10 7.000000000000001e-10 1e-09 1.2e-09 1.3e-09 1.6e-09 1.8e-09 19
2e-10 4e-10 6e-10 8e-10 1e-09 1.2e-09 1.4000000000000001e-09 1.6e-09 1.8e-09 20
2e-10 3e-10 5e-10 7.000000000000001e-10 1e-09 1.2e-09 1.4000000000000001e-09 1.6e-09 1.8e-09 19
2e-10 4e-10 6e-10 8e-10 1e-09 1.2e-09 1.4000000000000001e-09 1.6e-09 1.8e-09 20
1e-10 3e-10 5e-10 7.000000000000001e-10 1e-09 1.2e-09 1.4000000000000001e-09 1.6e-09 1.8e-09 19
2e-10 3e-10 5e-10 7.000000000000001e-10 1e-09 1.2e-09 1.4000000000000001e-09 1.6e-09 1.8e-09 19
2e-10 4e-10 6e-10 7.000000000000001e-10 1e-09 1.2e-09 1.4000000000000001e-09 1.6e-09 1.8e-09 20
2e-10 4e-10 6e-10 8e-10 1e-09 1.2e-09 1.4000000000000001e-09 1.6e-09 1.8e-09 20
2e-10 4e-10 6e-10 8e-10 1e-09 1.2e-09 1.4000000000000001e-09 1.6e-09 1.8e-09 20
2e-10 4e-10 6e-10 8e-10 1e-09 1.2e-09 1.4000000000000001e-09 1.6e-09 1.8e-09 19
2e-10 3e-10 5e-10 7.000000000000001e-10 1e-09 1.2e-09 1.4000000000000001e-09 1.6e-09 1.8e-09 19
2e-10 4e-10 6e-10 8e-10 1e-09 1.2e-09 1.4000000000000001e-09 1.6e-09 1.8e-09 20
1e-10 3e-10 6e-10 7.000000000000001e-10 1e-09 1.4000000000000001e-09 1.6e-09 1.8e-09 19
1e-10 3e-10 5e-10 7.000000000000001e-10 1e-09 1.2e-09 1.4000000000000001e-09 1.6e-09 1.8e-09 19
1e-10 4e-10 6e-10 7.000000000000001e-10 1e-09 1.2e-09 1.4000000000000001e-09 1.6e-09 1.8e-09 19
2e-10 4e-10 6e-10 8e-10 1e-09 1.2e-09 1.4000000000000001e-09 1.6e-09 1.8e-09 20
1e-10 3e-10 5e-10 7.000000000000001e-10 1e-09 1.2e-09 1.4000000000000001e-09 1.6e-09 1.8e-09 19
2e-10 3e-10 5e-10 8e-10 1e-09 1.2e-09 1.3e-09 1.6e-09 1.8e-09 19
1e-10 4e-10 6e-10 8e-10 1e-09 1.2e-09 1.4000000000000001e-09 1.6e-09 1.8e-09 20
2e-10 3e-10 5e-10 7.000000000000001e-10 1e-09 1.2e-09 1.3e-09 1.6e-09 1.8e-09 19
2e-10 4e-10 6e-10 8e-10 1e-09 1.2e-09 1.3e-09 1.6e-09 1.8e-09 19
2e-10 4e-10 6e-10 8e-10 1e-09 1.2e-09 1.4000000000000001e-09 1.6e-09 1.8e-09 20
1e-10 3e-10 5e-10 7.000000000000001e-10 1e-09 1.2e-09 1.4000000000000001e-09 1.6e-09 1.8e-09 19
1e-10 4e-10 6e-10 8e-10 1e-09 1.2e-09 1.4000000000000001e-09 1.6e-09 1.8e-09 19
2e-10 3e-10 5e-10 7.000000000000001e-10 1e-09 1.2e-09 1.3e-09 1.6e-09 1.8e-09 19
2e-10 4e-10 6e-10 8e-10 1e-09 1.2e-09 1.4000000000000001e-09 1.6e-09 1.8e-09 20
2e-10 4e-10 6e-10 7.000000000000001e-10 1e-09 1.2e-09 1.4000000000000001e-09 1.6e-09 1.8e-09 20
2e-10 4e-10 6e-10 8e-10 1e-09 1.2e-09 1.3e-09 1.6e-09 1.8e-09 19
1e-10 3e-10 5e-10 7.000000000000001e-10 1e-09 1.2e-09 1.4000000000000001e-09 1.6e-09 1.8e-09 19
2e-10 3e-10 5e-10 8e-10 1e-09 1.2e-09 1.4000000000000001e-09 1.6e-09 1.8e-09 19
1e-10 3e-10 5e-10 7.000000000000001e-10 1e-09 1.2e-09 1.4000000000000001e-09 1.6e-09 1.8e-09 19
1e-10 3e-10 5e-10 7.000000000000001e-10 1e-09 1.2e-09 1.4000000000000001e-09 1.6e-09 1.8e-09 19
2e-10 4e-10 6e-10 8e-10 1e-09 1.4000000000000001e-09 1.6e-09 1.8e-09 19
2e-10 4e-10 6e-10 8e-10 1e-09 1.2e-09 1.4000000000000001e-09 1.6e-09 1.8e-09 20
2e-10 3e-10 5e-10 7.000000000000001e-10 1e-09 1.2e-09 1.3e-09 1.6e-09 1.8e-09 19
2e-10 4e-10 6e-10 8e-10 1e-09 1.2e-09 1.3e-09 1.6e-09 1.8e-09 19
2e-10 4e-10 6e-10 8e-10 1e-09 1.2e-09 1.4000000000000001e-09 1.6e-09 1.8e-09 20
1e-10 3e-10 5e-10 7.000000000000001e-10 1e-09 1.2e-09 1.4000000000000001e-09 1.6e-09 1.8e-09 19
1e-10 3e-10 5e-10 7.000000000000001e-10 1e-09 1.2e-09 1.3e-09 1.6e-09 1.8e-09 19
2e-10 4e-10 6e-10 7.000000000000001e-10 1e-09 1.2e-09 1.4000000000000001e-09 1.6e-09 1.8e-09 20
2e-10 3e-10 5e-10 7.000000000000001e-10 1e-09 1.2e-09 1.3e-09 1.6e-09 1.8e-09 19
2e-10 4e-10 6e-10 8e-10 1e-09 1.2e-09 1.4000000000000001e-09 1.6e-09 1.8e-09 20
2e-10 4e-10 6e-10 7.000000000000001e-10 1e-09 1.2e-09 1.4000000000000001e-09 1.6e-09 1.8e-09 20
1e-10 3e-10 5e-10 7.000000000000001e-10 1e-09 1.2e-09 1.3e-09 1.6e-09 1.8e-09 19
1e-10 3e-10 5e-10 7.000000000000001e-10 1e-09 1.2e-09 1.4000000000000001e-09 1.6e-09 1.8e-09 19
2e-10 4e-10 6e-10 8e-10 1e-09 1.2e-09 1.3e-09 1.6e-09 1.8e-09 19
2e-10 4e-10 6e-10 8e-10 1e-09 1.2e-09 1.4000000000000001e-09 1.6e-09 1.8e-09 20
1e-10 3e-10 5e-10 7.000000000000001e-10 1e-09 1.2e-09 1.3e-09 1.6e-09 1.8e-09 19
1e-10 3e-10 5e-10 7.000000000000001e-10 1e-09 1.2e-09 1.4000000000000001e-09 1.6e-09 1.8e-09 19
1e-10 3e-10 5e-10 7.000000000000001e-10 1e-09 1.2e-09 1.4000000000000001e-09 1.6e-09 1.8e-09 19
2e-10 4e-10 6e-10 8e-10 1e-09 1.2e-09 1.4000000000000001e-09 1.6e-09 1.8e-09 20
1e-10 4e-10 5e-10 7.000000000000001e-10 1e-09 1.2e-09 1.4000000000000001e-09 1.6e-09 1.8e-09 19
1e-10 3e-10 6e-10 8e-10 1e-09 1.2e-09 1.3e-09 1.6e-09 1.8e-09 19
2e-10 4e-10 6e-10 7.000000000000001e-10 1e-09 1.2e-09 1.3e-09 1.6e-09 1.8e-09 20
1e-10 4e-10 6e-10 8e-10 1e-09 1.2e-09 1.4000000000000001e-09 1.6e-09 1.8e-09 20
1e-10 3e-10 5e-10 7.000000000000001e-10 1e-09 1.2e-09 1.4000000000000001e-09 1.6e-09 1.8e-09 19
1e-10 3e-10 5e-10 7.000000000000001e-10 1e-09 1.2e-09 1.4000000000000001e-09 1.6e-09 1.8e-09 19
2e-10 4e-10 6e-10 8e-10 1e-09 1.2e-09 1.4000000000000001e-09 1.6e-09 1.8e-09 20
1e-10 3e-10 5e-10 8e-10 1e-09 1.2e-09 1.3e-09 1.6e-09 1.8e-09 19
2e-10 4e-10 6e-10 8e-10 1e-09 1.2e-09 1.4000000000000001e-09 1.6e-09 1.8e-09 20
1e-10 4e-10 6e-10 8e-10 1e-09 1.2e-09 1.4000000000000001e-09 1.6e-09 1.8e-09 20
2e-10 3e-10 5e-10 7.000000000000001e-10 1e-09 1.2e-09 1.4000000000000001e-09 1.6e-09 1.8e-09 19
1e-10 3e-10 5e-10 7.000000000000001e-10 1e-09 1.2e-09 1.4000000000000001e-09 1.6e-09 1.8e-09 19
1e-10 4e-10 6e-10 8e-10 1e-09 1.2e-09 1.4000000000000001e-09 1.6e-09 1.8e-09 19
1e-10 3e-10 5e-10 7.000000000000001e-10 1e-09 1.2e-09 1.4000000000000001e-09 1.6e-09 1.8e-09 19
1e-10 3e-10 5e-10 7.000000000000001e-10 1e-09 1.2e-09 1.4000000000000001e-09 1.6e-09 1.8e-09 19
2e-10 3e-10 5e-10 8e-10 1e-09 1.2e-09 1.3e-09 1.6e-09 1.8e-09 19
1e-10 4e-10 6e-10 8e-10 1e-09 1.2e-09 1.4000000000000001e-09 1.6e-09 1.8e-09 19
1e-10 3e-10 5e-10 7.000000000000001e-10 1e-09 1.2e-09 1.3e-09 1.6e-09 1.8e-09 19
2e-10 4e-10 6e-10 8e-10 1e-09 1.2e-09 1.4000000000000001e-09 1.6e-09 1.8e-09 20
2e-10 4e-10 6e-10 8e-10 1e-09 1.2e-09 1.4000000000000001e-09 1.6e-09 1.8e-09 20
2e-10 3e-10 5e-10 7.000000000000001e-10 1e-09 1.2e-09 1.4000000000000001e-09 1.6e-09 1.8e-09 19
1e-10 3e-10 6e-10 7.000000000000001e-10 1e-09 1.2e-09 1.4000000000000001e-09 1.6e-09 1.8e-09 19
1e-10 3e-10 5e-10 7.000000000000001e-10 1e-09 1.2e-09 1.4000000000000001e-09 1.6e-09 1.8e-09 19
1e-10 3e-10 5e-10 7.000000000000001e-10 1e-09 1.2e-09 1.3e-09 1.6e-09 1.8e-09 19
1e-10 3e-10 5e-10 7.000000000000001e-10 1e-09 1.2e-09 1.4000000000000001e-09 1.6e-09 1.8e-09 19
2e-10 4e-10 6e-10 7.000000000000001e-10 1e-09 1.2e-09 1.4000000000000001e-09 1.6e-09 1.8e-09 20
2e-10 4e-10 6e-10 8e-10 1e-09 1.2e-09 1.4000000000000001e-09 1.6e-09 1.8e-09 20
1e-10 3e-10 5e-10 7.000000000000001e-10 1e-09 1.2e-09 1.4000000000000001e-09 1.6e-09 1.8e-09 19
1e-10 3e-10 5e-10 7.000000000000001e-10 1e-09 1.2e-09 1.4000000000000001e-09 1.6e-09 1.8e-09 19
1e-10 4e-10 5e-10 7.000000000000001e-10 1e-09 1.2e-09 1.3e-09 1.6e-09 1.8e-09 19
1e-10 3e-10 5e-10 7.000000000000001e-10 1e-09 1.2e-09 1.4000000000000001e-09 1.6e-09 1.8e-09 19
1e-10 3e-10 5e-10 7.000000000000001e-10 1e-09 1.2e-09 1.3e-09 1.6e-09 1.8e-09 19
1e-10 3e-10 5e-10 7.000000000000001e-10 1e-09 1.2e-09 1.3e-09 1.6e-09 1.8e-09 19
2e-10 4e-10 6e-10 8e-10 1e-09 1.2e-09 1.4000000000000001e-09 1.6e-09 1.8e-09 20
1e-10 3e-10 5e-10 7.000000000000001e-10 1e-09 1.2e-09 1.3e-09 1.6e-09 1.8e-09 19
2e-10 4e-10 6e-10 8e-10 1e-09 1.2e-09 1.4000000000000001e-09 1.6e-09 1.8e-09 20
2e-10 4e-10 5e-10 7.000000000000001e-10 1e-09 1.2e-09 1.3e-09 1.6e-09 1.8e-09 19
2e-10 4e-10 6e-10 8e-10 1e-09 1.4000000000000001e-09 1.6e-09 1.8e-09 19
2e-10 3e-10 6e-10 7.000000000000001e-10 1e-09 1.2e-09 1.4000000000000001e-09 1.6e-09 1.8e-09 20
1e-10 3e-10 5e-10 7.000000000000001e-10 1e-09 1.2e-09 1.3e-09 1.6e-09 1.8e-09 19
