1.7976931348623157e+100 5.393079404586947e+100 8.988465674311579e+100 1.258385194403621e+101 1.7976931348623158e+101 2.1572317618347787e+101 1.576006924325044e+256 2.876309015779705e+101 3.2358476427521683e+101 19
3.5953862697246314e+100 5.393079404586947e+100 8.988465674311579e+100 1.4381545078898526e+101 1.7976931348623158e+101 2.1572317618347787e+101 1.576006924325044e+256 2.876309015779705e+101 3.2358476427521683e+101 19
3.5953862697246314e+100 7.190772539449263e+100 1.0786158809173893e+101 1.4381545078898526e+101 1.7976931348623158e+101 2.1572317618347787e+101 2.516770388807242e+101 2.876309015779705e+101 3.2358476427521683e+101 19
1.7976931348623157e+100 7.190772539449263e+100 1.0786158809173893e+101 1.4381545078898526e+101 1.7976931348623158e+101 2.1572317618347787e+101 2.516770388807242e+101 2.876309015779705e+101 3.2358476427521683e+101 20
3.5953862697246314e+100 7.190772539449263e+100 1.0786158809173893e+101 1.4381545078898526e+101 1.7976931348623158e+101 2.1572317618347787e+101 2.516770388807242e+101 2.876309015779705e+101 3.2358476427521683e+101 20
1.7976931348623157e+100 5.393079404586947e+100 1.0786158809173893e+101 1.258385194403621e+101 1.7976931348623158e+101 2.1572317618347787e+101 1.576006924325044e+256 2.876309015779705e+101 3.2358476427521683e+101 19
3.5953862697246314e+100 7.190772539449263e+100 1.0786158809173893e+101 1.4381545078898526e+101 1.7976931348623158e+101 2.1572317618347787e+101 2.516770388807242e+101 2.876309015779705e+101 3.2358476427521683e+101 20
3.5953862697246314e+100 7.190772539449263e+100 1.0786158809173893e+101 1.4381545078898526e+101 1.7976931348623158e+101 2.1572317618347787e+101 2.516770388807242e+101 2.876309015779705e+101 3.2358476427521683e+101 20
3.5953862697246314e+100 7.190772539449263e+100 1.0786158809173893e+101 1.4381545078898526e+101 1.7976931348623158e+101 2.1572317618347787e+101 2.516770388807242e+101 2.876309015779705e+101 3.2358476427521683e+101 20
1.7976931348623157e+100 5.393079404586947e+100 8.988465674311579e+100 1.258385194403621e+101 1.7976931348623158e+101 2.1572317618347787e+101 1.576006924325044e+256 2.876309015779705e+101 3.2358476427521683e+101 19
3.5953862697246314e+100 5.393079404586947e+100 1.0786158809173893e+101 1.258385194403621e+101 1.7976931348623158e+101 2.1572317618347787e+101 1.576006924325044e+256 2.876309015779705e+101 3.2358476427521683e+101 19
3.5953862697246314e+100 5.393079404586947e+100 8.988465674311579e+100 1.4381545078898526e+101 1.7976931348623158e+101 2.1572317618347787e+101 2.516770388807242e+101 2.876309015779705e+101 3.2358476427521683e+101 19
1.7976931348623157e+100 7.190772539449263e+100 1.0786158809173893e+101 1.4381545078898526e+101 1.7976931348623158e+101 2.1572317618347787e+101 2.516770388807242e+101 2.876309015779705e+101 3.2358476427521683e+101 20
1.7976931348623157e+100 7.190772539449263e+100 8.988465674311579e+100 1.258385194403621e+101 1.7976931348623158e+101 2.1572317618347787e+101 1.576006924325044e+256 2.876309015779705e+101 3.2358476427521683e+101 19
3.5953862697246314e+100 7.190772539449263e+100 1.0786158809173893e+101 1.4381545078898526e+101 1.7976931348623158e+101 2.1572317618347787e+101 2.516770388807242e+101 2.876309015779705e+101 3.2358476427521683e+101 19
3.5953862697246314e+100 7.190772539449263e+100 1.0786158809173893e+101 1.4381545078898526e+101 1.7976931348623158e+101 2.1572317618347787e+101 2.516770388807242e+101 2.876309015779705e+101 3.2358476427521683e+101 20
3.5953862697246314e+100 7.190772539449263e+100 8.988465674311579e+100 1.4381545078898526e+101 1.7976931348623158e+101 2.1572317618347787e+101 2.516770388807242e+101 2.876309015779705e+101 3.2358476427521683e+101 19
3.5953862697246314e+100 7.190772539449263e+100 1.0786158809173893e+101 1.258385194403621e+101 1.7976931348623158e+101 2.1572317618347787e+101 1.576006924325044e+256 2.876309015779705e+101 3.2358476427521683e+101 20
3.5953862697246314e+100 7.190772539449263e+100 1.0786158809173893e+101 1.4381545078898526e+101 1.7976931348623158e+101 2.1572317618347787e+101 2.516770388807242e+101 2.876309015779705e+101 3.2358476427521683e+101 20
1.7976931348623157e+100 5.393079404586947e+100 8.988465674311579e+100 1.258385194403621e+101 1.7976931348623158e+101 2.1572317618347787e+101 2.516770388807242e+101 2.876309015779705e+101 3.2358476427521683e+101 19
3.5953862697246314e+100 5.393079404586947e+100 1.0786158809173893e+101 1.4381545078898526e+101 1.7976931348623158e+101 2.1572317618347787e+101 2.516770388807242e+101 2.876309015779705e+101 3.2358476427521683e+101 19
1.7976931348623157e+100 5.393079404586947e+100 8.988465674311579e+100 1.258385194403621e+101 1.7976931348623158e+101 2.1572317618347787e+101 1.576006924325044e+256 2.876309015779705e+101 3.2358476427521683e+101 19
3.5953862697246314e+100 7.190772539449263e+100 1.0786158809173893e+101 1.4381545078898526e+101 1.7976931348623158e+101 2.1572317618347787e+101 2.516770388807242e+101 2.876309015779705e+101 3.2358476427521683e+101 20
3.5953862697246314e+100 7.190772539449263e+100 1.0786158809173893e+101 1.4381545078898526e+101 1.7976931348623158e+101 2.1572317618347787e+101 2.516770388807242e+101 2.876309015779705e+101 3.2358476427521683e+101 20
3.5953862697246314e+100 5.393079404586947e+100 8.988465674311579e+100 1.258385194403621e+101 1.7976931348623158e+101 2.1572317618347787e+101 2.516770388807242e+101 2.876309015779705e+101 3.2358476427521683e+101 19
3.5953862697246314e+100 7.190772539449263e+100 1.0786158809173893e+101 1.4381545078898526e+101 1.7976931348623158e+101 2.1572317618347787e+101 2.516770388807242e+101 2.876309015779705e+101 3.2358476427521683e+101 20
3.5953862697246314e+100 7.190772539449263e+100 1.0786158809173893e+101 1.4381545078898526e+101 1.7976931348623158e+101 2.1572317618347787e+101 1.576006924325044e+256 2.876309015779705e+101 3.2358476427521683e+101 19
3.5953862697246314e+100 7.190772539449263e+100 1.0786158809173893e+101 1.258385194403621e+101 1.7976931348623158e+101 2.1572317618347787e+101 2.516770388807242e+101 2.876309015779705e+101 3.2358476427521683e+101 19
1.7976931348623157e+100 5.393079404586947e+100 8.988465674311579e+100 1.258385194403621e+101 1.7976931348623158e+101 2.1572317618347787e+101 2.516770388807242e+101 2.876309015779705e+101 3.2358476427521683e+101 19
3.5953862697246314e+100 7.190772539449263e+100 1.0786158809173893e+101 1.258385194403621e+101 1.7976931348623158e+101 2.1572317618347787e+101 2.516770388807242e+101 2.876309015779705e+101 3.2358476427521683e+101 20
1.7976931348623157e+100 5.393079404586947e+100 8.988465674311579e+100 1.258385194403621e+101 1.7976931348623158e+101 2.1572317618347787e+101 2.516770388807242e+101 2.876309015779705e+101 3.2358476427521683e+101 19
1.7976931348623157e+100 5.393079404586947e+100 8.988465674311579e+100 1.258385194403621e+101 1.7976931348623158e+101 2.1572317618347787e+101 2.516770388807242e+101 2.876309015779705e+101 3.2358476427521683e+101 19
1.7976931348623157e+100 5.393079404586947e+100 8.988465674311579e+100 1.258385194403621e+101 1.7976931348623158e+101 2.1572317618347787e+101 2.516770388807242e+101 2.876309015779705e+101 3.2358476427521683e+101 19
1.7976931348623157e+100 5.393079404586947e+100 8.988465674311579e+100 1.258385194403621e+101 1.7976931348623158e+101 2.1572317618347787e+101 1.576006924325044e+256 2.876309015779705e+101 3.2358476427521683e+101 19
1.7976931348623157e+100 7.190772539449263e+100 1.0786158809173893e+101 1.4381545078898526e+101 1.7976931348623158e+101 2.1572317618347787e+101 2.516770388807242e+101 2.876309015779705e+101 3.2358476427521683e+101 20
1.7976931348623157e+100 5.393079404586947e+100 8.988465674311579e+100 1.258385194403621e+101 1.7976931348623158e+101 2.1572317618347787e+101 2.516770388807242e+101 2.876309015779705e+101 3.2358476427521683e+101 19
1.7976931348623157e+100 5.393079404586947e+100 8.988465674311579e+100 1.258385194403621e+101 1.7976931348623158e+101 2.1572317618347787e+101 2.516770388807242e+101 2.876309015779705e+101 3.2358476427521683e+101 19
3.5953862697246314e+100 5.393079404586947e+100 8.988465674311579e+100 1.258385194403621e+101 1.7976931348623158e+101 2.1572317618347787e+101 2.516770388807242e+101 2.876309015779705e+101 3.2358476427521683e+101 19
3.5953862697246314e+100 5.393079404586947e+100 8.988465674311579e+100 1.258385194403621e+101 1.7976931348623158e+101 2.1572317618347787e+101 2.516770388807242e+101 2.876309015779705e+101 3.2358476427521683e+101 19
3.5953862697246314e+100 7.190772539449263e+100 1.0786158809173893e+101 1.4381545078898526e+101 1.7976931348623158e+101 2.1572317618347787e+101 2.516770388807242e+101 2.876309015779705e+101 3.2358476427521683e+101 20
1.7976931348623157e+100 5.393079404586947e+100 8.988465674311579e+100 1.258385194403621e+101 1.7976931348623158e+101 2.1572317618347787e+101 2.516770388807242e+101 2.876309015779705e+101 3.2358476427521683e+101 19
3.5953862697246314e+100 5.393079404586947e+100 8.988465674311579e+100 1.258385194403621e+101 1.7976931348623158e+101 2.1572317618347787e+101 2.516770388807242e+101 2.876309015779705e+101 3.2358476427521683e+101 19
3.5953862697246314e+100 7.190772539449263e+100 1.0786158809173893e+101 1.4381545078898526e+101 1.7976931348623158e+101 2.1572317618347787e+101 2.516770388807242e+101 2.876309015779705e+101 3.2358476427521683e+101 20
1.7976931348623157e+100 5.393079404586947e+100 8.988465674311579e+100 1.258385194403621e+101 1.7976931348623158e+101 2.1572317618347787e+101 2.516770388807242e+101 2.876309015779705e+101 3.2358476427521683e+101 19
3.5953862697246314e+100 5.393079404586947e+100 1.0786158809173893e+101 1.258385194403621e+101 1.7976931348623158e+101 2.1572317618347787e+101 2.516770388807242e+101 2.876309015779705e+101 3.2358476427521683e+101 20
3.5953862697246314e+100 5.393079404586947e+100 8.988465674311579e+100 1.258385194403621e+101 1.7976931348623158e+101 2.1572317618347787e+101 2.516770388807242e+101 2.876309015779705e+101 3.2358476427521683e+101 19
3.5953862697246314e+100 5.393079404586947e+100 8.988465674311579e+100 1.258385194403621e+101 1.7976931348623158e+101 2.1572317618347787e+101 2.516770388807242e+101 2.876309015779705e+101 3.2358476427521683e+101 19
3.5953862697246314e+100 7.190772539449263e+100 1.0786158809173893e+101 1.4381545078898526e+101 1.7976931348623158e+101 2.1572317618347787e+101 2.516770388807242e+101 2.876309015779705e+101 3.2358476427521683e+101 20
3.5953862697246314e+100 7.190772539449263e+100 1.0786158809173893e+101 1.258385194403621e+101 1.7976931348623158e+101 2.1572317618347787e+101 2.516770388807242e+101 2.876309015779705e+101 3.2358476427521683e+101 20
1.7976931348623157e+100 5.393079404586947e+100 8.988465674311579e+100 1.258385194403621e+101 1.7976931348623158e+101 2.1572317618347787e+101 1.576006924325044e+256 2.876309015779705e+101 3.2358476427521683e+101 19
3.5953862697246314e+100 7.190772539449263e+100 1.0786158809173893e+101 1.4381545078898526e+101 1.7976931348623158e+101 2.1572317618347787e+101 2.516770388807242e+101 2.876309015779705e+101 3.2358476427521683e+101 20
1.7976931348623157e+100 5.393079404586947e+100 8.988465674311579e+100 1.258385194403621e+101 1.7976931348623158e+101 2.1572317618347787e+101 2.516770388807242e+101 2.876309015779705e+101 3.2358476427521683e+101 19
3.5953862697246314e+100 5.393079404586947e+100 8.988465674311579e+100 1.258385194403621e+101 1.7976931348623158e+101 2.1572317618347787e+101 2.516770388807242e+101 2.876309015779705e+101 3.2358476427521683e+101 19
3.5953862697246314e+100 5.393079404586947e+100 8.988465674311579e+100 1.258385194403621e+101 1.7976931348623158e+101 2.1572317618347787e+101 1.576006924325044e+256 2.876309015779705e+101 3.2358476427521683e+101 19
1.7976931348623157e+100 5.393079404586947e+100 1.0786158809173893e+101 1.258385194403621e+101 1.7976931348623158e+101 2.1572317618347787e+101 2.516770388807242e+101 2.876309015779705e+101 3.2358476427521683e+101 19
3.5953862697246314e+100 5.393079404586947e+100 1.0786158809173893e+101 1.258385194403621e+101 1.7976931348623158e+101 2.1572317618347787e+101 1.576006924325044e+256 2.876309015779705e+101 3.2358476427521683e+101 19
1.7976931348623157e+100 5.393079404586947e+100 8.988465674311579e+100 1.258385194403621e+101 1.7976931348623158e+101 2.1572317618347787e+101 2.516770388807242e+101 2.876309015779705e+101 3.2358476427521683e+101 19
1.7976931348623157e+100 5.393079404586947e+100 8.988465674311579e+100 1.258385194403621e+101 1.7976931348623158e+101 2.1572317618347787e+101 2.516770388807242e+101 2.876309015779705e+101 3.2358476427521683e+101 19
1.7976931348623157e+100 5.393079404586947e+100 8.988465674311579e+100 1.258385194403621e+101 1.7976931348623158e+101 2.1572317618347787e+101 1.576006924325044e+256 2.876309015779705e+101 3.2358476427521683e+101 19
1.7976931348623157e+100 5.393079404586947e+100 8.988465674311579e+100 1.4381545078898526e+101 1.7976931348623158e+101 2.1572317618347787e+101 1.576006924325044e+256 2.876309015779705e+101 3.2358476427521683e+101 19
1.7976931348623157e+100 5.393079404586947e+100 1.0786158809173893e+101 1.258385194403621e+101 1.7976931348623158e+101 2.1572317618347787e+101 2.516770388807242e+101 2.876309015779705e+101 3.2358476427521683e+101 19
1.7976931348623157e+100 5.393079404586947e+100 8.988465674311579e+100 1.258385194403621e+101 1.7976931348623158e+101 2.1572317618347787e+101 1.576006924325044e+256 2.876309015779705e+101 3.2358476427521683e+101 19
1.7976931348623157e+100 7.190772539449263e+100 8.988465674311579e+100 1.258385194403621e+101 1.7976931348623158e+101 2.1572317618347787e+101 2.516770388807242e+101 2.876309015779705e+101 3.2358476427521683e+101 19
3.5953862697246314e+100 5.393079404586947e+100 8.988465674311579e+100 1.4381545078898526e+101 1.7976931348623158e+101 2.1572317618347787e+101 2.516770388807242e+101 2.876309015779705e+101 3.2358476427521683e+101 19
3.5953862697246314e+100 7.190772539449263e+100 1.0786158809173893e+101 1.4381545078898526e+101 1.7976931348623158e+101 2.1572317618347787e+101 1.576006924325044e+256 2.876309015779705e+101 3.2358476427521683e+101 19
3.5953862697246314e+100 7.190772539449263e+100 1.0786158809173893e+101 1.4381545078898526e+101 1.7976931348623158e+101 2.1572317618347787e+101 2.516770388807242e+101 2.876309015779705e+101 3.2358476427521683e+101 20
1.7976931348623157e+100 5.393079404586947e+100 8.988465674311579e+100 1.258385194403621e+101 1.7976931348623158e+101 2.1572317618347787e+101 2.516770388807242e+101 2.876309015779705e+101 3.2358476427521683e+101 19
3.5953862697246314e+100 7.190772539449263e+100 1.0786158809173893e+101 1.4381545078898526e+101 1.7976931348623158e+101 2.1572317618347787e+101 2.516770388807242e+101 2.876309015779705e+101 3.2358476427521683e+101 20
1.7976931348623157e+100 5.393079404586947e+100 8.988465674311579e+100 1.258385194403621e+101 1.7976931348623158e+101 2.1572317618347787e+101 1.576006924325044e+256 2.876309015779705e+101 3.2358476427521683e+101 19
3.5953862697246314e+100 7.190772539449263e+100 1.0786158809173893e+101 1.4381545078898526e+101 1.7976931348623158e+101 2.1572317618347787e+101 2.516770388807242e+101 2.876309015779705e+101 3.2358476427521683e+101 20
1.7976931348623157e+100 5.393079404586947e+100 8.988465674311579e+100 1.258385194403621e+101 1.7976931348623158e+101 2.1572317618347787e+101 1.576006924325044e+256 2.876309015779705e+101 3.2358476427521683e+101 19
3.5953862697246314e+100 5.393079404586947e+100 8.988465674311579e+100 1.4381545078898526e+101 1.7976931348623158e+101 2.1572317618347787e+101 2.516770388807242e+101 2.876309015779705e+101 3.2358476427521683e+101 19
3.5953862697246314e+100 7.190772539449263e+100 1.0786158809173893e+101 1.4381545078898526e+101 1.7976931348623158e+101 2.1572317618347787e+101 2.516770388807242e+101 2.876309015779705e+101 3.2358476427521683e+101 20
3.5953862697246314e+100 5.393079404586947e+100 8.988465674311579e+100 1.258385194403621e+101 1.7976931348623158e+101 2.1572317618347787e+101 2.516770388807242e+101 2.876309015779705e+101 3.2358476427521683e+101 19
3.5953862697246314e+100 5.393079404586947e+100 8.988465674311579e+100 1.258385194403621e+101 1.7976931348623158e+101 2.1572317618347787e+101 2.516770388807242e+101 2.876309015779705e+101 3.2358476427521683e+101 19
1.7976931348623157e+100 5.393079404586947e+100 8.988465674311579e+100 1.258385194403621e+101 1.7976931348623158e+101 2.1572317618347787e+101 2.516770388807242e+101 2.876309015779705e+101 3.2358476427521683e+101 19
1.7976931348623157e+100 5.393079404586947e+100 8.988465674311579e+100 1.258385194403621e+101 1.7976931348623158e+101 2.1572317618347787e+101 2.516770388807242e+101 2.876309015779705e+101 3.2358476427521683e+101 19
1.7976931348623157e+100 5.393079404586947e+100 8.988465674311579e+100 1.258385194403621e+101 1.7976931348623158e+101 2.1572317618347787e+101 2.516770388807242e+101 2.876309015779705e+101 3.2358476427521683e+101 19
1.7976931348623157e+100 5.393079404586947e+100 8.988465674311579e+100 1.258385194403621e+101 1.7976931348623158e+101 2.1572317618347787e+101 2.516770388807242e+101 2.876309015779705e+101 3.2358476427521683e+101 19
3.5953862697246314e+100 7.190772539449263e+100 1.0786158809173893e+101 1.4381545078898526e+101 1.7976931348623158e+101 2.1572317618347787e+101 2.516770388807242e+101 2.876309015779705e+101 3.2358476427521683e+101 20
3.5953862697246314e+100 7.190772539449263e+100 1.0786158809173893e+101 1.4381545078898526e+101 1.7976931348623158e+101 2.1572317618347787e+101 2.516770388807242e+101 2.876309015779705e+101 3.2358476427521683e+101 20
3.5953862697246314e+100 7.190772539449263e+100 1.0786158809173893e+101 1.4381545078898526e+101 1.7976931348623158e+101 2.1572317618347787e+101 2.516770388807242e+101 2.876309015779705e+101 3.2358476427521683e+101 20
3.5953862697246314e+100 5.393079404586947e+100 8.988465674311579e+100 1.258385194403621e+101 1.7976931348623158e+101 2.1572317618347787e+101 2.516770388807242e+101 2.876309015779705e+101 3.2358476427521683e+101 19
1.7976931348623157e+100 5.393079404586947e+100 8.988465674311579e+100 1.258385194403621e+101 1.7976931348623158e+101 2.1572317618347787e+101 1.576006924325044e+256 2.876309015779705e+101 3.2358476427521683e+101 19
3.5953862697246314e+100 7.190772539449263e+100 1.0786158809173893e+101 1.4381545078898526e+101 1.7976931348623158e+101 2.1572317618347787e+101 2.516770388807242e+101 2.876309015779705e+101 3.2358476427521683e+101 20
3.5953862697246314e+100 7.190772539449263e+100 1.0786158809173893e+101 1.4381545078898526e+101 1.7976931348623158e+101 2.1572317618347787e+101 2.516770388807242e+101 2.876309015779705e+101 3.2358476427521683e+101 20
3.5953862697246314e+100 7.190772539449263e+100 1.0786158809173893e+101 1.4381545078898526e+101 1.7976931348623158e+101 2.1572317618347787e+101 2.516770388807242e+101 2.876309015779705e+101 3.2358476427521683e+101 20
3.5953862697246314e+100 5.393079404586947e+100 1.0786158809173893e+101 1.4381545078898526e+101 1.7976931348623158e+101 2.1572317618347787e+101 1.576006924325044e+256 2.876309015779705e+101 3.2358476427521683e+101 19
1.7976931348623157e+100 7.190772539449263e+100 1.0786158809173893e+101 1.4381545078898526e+101 1.7976931348623158e+101 2.1572317618347787e+101 2.516770388807242e+101 2.876309015779705e+101 3.2358476427521683e+101 19
3.5953862697246314e+100 5.393079404586947e+100 8.988465674311579e+100 1.258385194403621e+101 1.7976931348623158e+101 2.1572317618347787e+101 2.516770388807242e+101 2.876309015779705e+101 3.2358476427521683e+101 19
3.5953862697246314e+100 5.393079404586947e+100 8.988465674311579e+100 1.258385194403621e+101 1.7976931348623158e+101 2.1572317618347787e+101 2.516770388807242e+101 2.876309015779705e+101 3.2358476427521683e+101 19
3.5953862697246314e+100 7.190772539449263e+100 1.0786158809173893e+101 1.4381545078898526e+101 1.7976931348623158e+101 2.516770388807242e+101 2.876309015779705e+101 3.2358476427521683e+101 19
3.5953862697246314e+100 7.190772539449263e+100 8.988465674311579e+100 1.258385194403621e+101 1.7976931348623158e+101 2.1572317618347787e+101 2.516770388807242e+101 2.876309015779705e+101 3.2358476427521683e+101 19
1.7976931348623157e+100 5.393079404586947e+100 8.988465674311579e+100 1.258385194403621e+101 1.7976931348623158e+101 2.1572317618347787e+101 2.516770388807242e+101 2.876309015779705e+101 3.2358476427521683e+101 19
1.7976931348623157e+100 5.393079404586947e+100 1.0786158809173893e+101 1.258385194403621e+101 1.7976931348623158e+101 2.1572317618347787e+101 2.516770388807242e+101 2.876309015779705e+101 3.2358476427521683e+101 19
1.7976931348623157e+100 7.190772539449263e+100 1.0786158809173893e+101 1.258385194403621e+101 1.7976931348623158e+101 2.1572317618347787e+101 2.516770388807242e+101 2.876309015779705e+101 3.2358476427521683e+101 19
3.5953862697246314e+100 7.190772539449263e+100 1.0786158809173893e+101 1.258385194403621e+101 1.7976931348623158e+101 2.1572317618347787e+101 2.516770388807242e+101 2.876309015779705e+101 3.2358476427521683e+101 19
3.5953862697246314e+100 7.190772539449263e+100 1.0786158809173893e+101 1.4381545078898526e+101 1.7976931348623158e+101 2.1572317618347787e+101 2.516770388807242e+101 2.876309015779705e+101 3.2358476427521683e+101 19
1.7976931348623157e+100 5.393079404586947e+100 8.988465674311579e+100 1.4381545078898526e+101 1.7976931348623158e+101 2.1572317618347787e+101 2.516770388807242e+101 2.876309015779705e+101 3.2358476427521683e+101 19
1.7976931348623157e+100 5.393079404586947e+100 8.988465674311579e+100 1.258385194403621e+101 1.7976931348623158e+101 2.1572317618347787e+101 2.516770388807242e+101 2.876309015779705e+101 3.2358476427521683e+101 19
1.7976931348623157e+100 5.393079404586947e+100 8.988465674311579e+100 1.258385194403621e+101 1.7976931348623158e+101 2.1572317618347787e+101 2.516770388807242e+101 2.876309015779705e+101 3.2358476427521683e+101 19
3.5953862697246314e+100 7.190772539449263e+100 1.0786158809173893e+101 1.4381545078898526e+101 1.7976931348623158e+101 2.1572317618347787e+101 2.516770388807242e+101 2.876309015779705e+101 3.2358476427521683e+101 20
1.7976931348623157e+100 5.393079404586947e+100 8.988465674311579e+100 1.258385194403621e+101 1.7976931348623158e+101 2.1572317618347787e+101 2.516770388807242e+101 2.876309015779705e+101 3.2358476427521683e+101 19
1.7976931348623157e+100 5.393079404586947e+100 8.988465674311579e+100 1.258385194403621e+101 1.7976931348623158e+101 2.1572317618347787e+101 2.516770388807242e+101 2.876309015779705e+101 3.2358476427521683e+101 19
1.7976931348623157e+100 5.393079404586947e+100 8.988465674311579e+100 1.4381545078898526e+101 1.7976931348623158e+101 2.1572317618347787e+101 2.516770388807242e+101 2.876309015779705e+101 3.2358476427521683e+101 19
3.5953862697246314e+100 7.190772539449263e+100 1.0786158809173893e+101 1.4381545078898526e+101 1.7976931348623158e+101 2.1572317618347787e+101 1.576006924325044e+256 2.876309015779705e+101 3.2358476427521683e+101 20
3.5953862697246314e+100 5.393079404586947e+100 8.988465674311579e+100 1.258385194403621e+101 1.7976931348623158e+101 2.1572317618347787e+101 2.516770388807242e+101 2.876309015779705e+101 3.2358476427521683e+101 19
3.5953862697246314e+100 5.393079404586947e+100 8.988465674311579e+100 1.4381545078898526e+101 1.7976931348623158e+101 2.1572317618347787e+101 1.576006924325044e+256 2.876309015779705e+101 3.2358476427521683e+101 19
3.5953862697246314e+100 5.393079404586947e+100 8.988465674311579e+100 1.258385194403621e+101 1.7976931348623158e+101 2.516770388807242e+101 2.876309015779705e+101 3.2358476427521683e+101 19
3.5953862697246314e+100 5.393079404586947e+100 8.988465674311579e+100 1.4381545078898526e+101 1.7976931348623158e+101 2.1572317618347787e+101 2.516770388807242e+101 2.876309015779705e+101 3.2358476427521683e+101 19
3.5953862697246314e+100 5.393079404586947e+100 1.0786158809173893e+101 1.258385194403621e+101 1.7976931348623158e+101 2.1572317618347787e+101 2.516770388807242e+101 2.876309015779705e+101 3.2358476427521683e+101 19
1.7976931348623157e+100 5.393079404586947e+100 8.988465674311579e+100 1.258385194403621e+101 1.7976931348623158e+101 2.1572317618347787e+101 1.576006924325044e+256 2.876309015779705e+101 3.2358476427521683e+101 19
1.7976931348623157e+100 5.393079404586947e+100 8.988465674311579e+100 1.258385194403621e+101 1.7976931348623158e+101 2.1572317618347787e+101 1.576006924325044e+256 2.876309015779705e+101 3.2358476427521683e+101 19
1.7976931348623157e+100 5.393079404586947e+100 8.988465674311579e+100 1.258385194403621e+101 1.7976931348623158e+101 2.1572317618347787e+101 2.516770388807242e+101 2.876309015779705e+101 3.2358476427521683e+101 19
3.5953862697246314e+100 7.190772539449263e+100 1.0786158809173893e+101 1.4381545078898526e+101 1.7976931348623158e+101 2.1572317618347787e+101 2.516770388807242e+101 2.876309015779705e+101 3.2358476427521683e+101 20
3.5953862697246314e+100 7.190772539449263e+100 1.0786158809173893e+101 1.258385194403621e+101 1.7976931348623158e+101 2.516770388807242e+101 2.876309015779705e+101 3.2358476427521683e+101 20
3.5953862697246314e+100 7.190772539449263e+100 1.0786158809173893e+101 1.4381545078898526e+101 1.7976931348623158e+101 2.1572317618347787e+101 2.516770388807242e+101 2.876309015779705e+101 3.2358476427521683e+101 20
1.7976931348623157e+100 5.393079404586947e+100 8.988465674311579e+100 1.258385194403621e+101 1.7976931348623158e+101 2.1572317618347787e+101 2.516770388807242e+101 2.876309015779705e+101 3.2358476427521683e+101 19
1.7976931348623157e+100 5.393079404586947e+100 8.988465674311579e+100 1.258385194403621e+101 1.7976931348623158e+101 2.1572317618347787e+101 2.516770388807242e+101 2.876309015779705e+101 3.2358476427521683e+101 19
1.7976931348623157e+100 7.190772539449263e+100 1.0786158809173893e+101 1.4381545078898526e+101 1.7976931348623158e+101 2.1572317618347787e+101 2.516770388807242e+101 2.876309015779705e+101 3.2358476427521683e+101 20
3.5953862697246314e+100 5.393079404586947e+100 8.988465674311579e+100 1.258385194403621e+101 1.7976931348623158e+101 2.1572317618347787e+101 2.516770388807242e+101 2.876309015779705e+101 3.2358476427521683e+101 19
1.7976931348623157e+100 5.393079404586947e+100 8.988465674311579e+100 1.258385194403621e+101 1.7976931348623158e+101 2.1572317618347787e+101 1.576006924325044e+256 2.876309015779705e+101 3.2358476427521683e+101 19
3.5953862697246314e+100 7.190772539449263e+100 1.0786158809173893e+101 1.4381545078898526e+101 1.7976931348623158e+101 2.1572317618347787e+101 2.516770388807242e+101 2.876309015779705e+101 3.2358476427521683e+101 20
3.5953862697246314e+100 7.190772539449263e+100 1.0786158809173893e+101 1.4381545078898526e+101 1.7976931348623158e+101 2.1572317618347787e+101 2.516770388807242e+101 2.876309015779705e+101 3.2358476427521683e+101 20
3.5953862697246314e+100 7.190772539449263e+100 1.0786158809173893e+101 1.258385194403621e+101 1.7976931348623158e+101 2.1572317618347787e+101 2.516770388807242e+101 2.876309015779705e+101 3.2358476427521683e+101 20
1.7976931348623157e+100 5.393079404586947e+100 8.988465674311579e+100 1.4381545078898526e+101 1.7976931348623158e+101 2.1572317618347787e+101 1.576006924325044e+256 2.876309015779705e+101 3.2358476427521683e+101 19
3.5953862697246314e+100 7.190772539449263e+100 8.988465674311579e+100 1.258385194403621e+101 1.7976931348623158e+101 2.1572317618347787e+101 1.576006924325044e+256 2.876309015779705e+101 3.2358476427521683e+101 19
3.5953862697246314e+100 7.190772539449263e+100 1.0786158809173893e+101 1.4381545078898526e+101 1.7976931348623158e+101 2.1572317618347787e+101 2.516770388807242e+101 2.876309015779705e+101 3.2358476427521683e+101 20
3.5953862697246314e+100 5.393079404586947e+100 8.988465674311579e+100 1.258385194403621e+101 1.7976931348623158e+101 2.1572317618347787e+101 1.576006924325044e+256 2.876309015779705e+101 3.2358476427521683e+101 19
3.5953862697246314e+100 7.190772539449263e+100 1.0786158809173893e+101 1.258385194403621e+101 1.7976931348623158e+101 2.1572317618347787e+101 2.516770388807242e+101 2.876309015779705e+101 3.2358476427521683e+101 19
1.7976931348623157e+100 5.393079404586947e+100 8.988465674311579e+100 1.258385194403621e+101 1.7976931348623158e+101 2.1572317618347787e+101 2.516770388807242e+101 2.876309015779705e+101 3.2358476427521683e+101 19
3.5953862697246314e+100 5.393079404586947e+100 8.988465674311579e+100 1.258385194403621e+101 1.7976931348623158e+101 2.1572317618347787e+101 1.576006924325044e+256 2.876309015779705e+101 3.2358476427521683e+101 19
3.5953862697246314e+100 7.190772539449263e+100 1.0786158809173893e+101 1.258385194403621e+101 1.7976931348623158e+101 2.1572317618347787e+101 2.516770388807242e+101 2.876309015779705e+101 3.2358476427521683e+101 20
3.5953862697246314e+100 5.393079404586947e+100 1.0786158809173893e+101 1.258385194403621e+101 1.7976931348623158e+101 2.1572317618347787e+101 2.516770388807242e+101 2.876309015779705e+101 3.2358476427521683e+101 19
3.5953862697246314e+100 7.190772539449263e+100 1.0786158809173893e+101 1.4381545078898526e+101 1.7976931348623158e+101 2.1572317618347787e+101 2.516770388807242e+101 2.876309015779705e+101 3.2358476427521683e+101 20
1.7976931348623157e+100 7.190772539449263e+100 1.0786158809173893e+101 1.4381545078898526e+101 1.7976931348623158e+101 2.1572317618347787e+101 2.516770388807242e+101 2.876309015779705e+101 3.2358476427521683e+101 20
3.5953862697246314e+100 7.190772539449263e+100 1.0786158809173893e+101 1.258385194403621e+101 1.7976931348623158e+101 2.1572317618347787e+101 2.516770388807242e+101 2.876309015779705e+101 3.2358476427521683e+101 19
3.5953862697246314e+100 7.190772539449263e+100 8.988465674311579e+100 1.4381545078898526e+101 1.7976931348623158e+101 2.1572317618347787e+101 2.516770388807242e+101 2.876309015779705e+101 3.2358476427521683e+101 19
1.7976931348623157e+100 5.393079404586947e+100 8.988465674311579e+100 1.258385194403621e+101 1.7976931348623158e+101 2.1572317618347787e+101 2.516770388807242e+101 2.876309015779705e+101 3.2358476427521683e+101 19
3.5953862697246314e+100 5.393079404586947e+100 1.0786158809173893e+101 1.258385194403621e+101 1.7976931348623158e+101 2.1572317618347787e+101 2.516770388807242e+101 2.876309015779705e+101 3.2358476427521683e+101 19
3.5953862697246314e+100 7.190772539449263e+100 1.0786158809173893e+101 1.4381545078898526e+101 1.7976931348623158e+101 2.1572317618347787e+101 2.516770388807242e+101 2.876309015779705e+101 3.2358476427521683e+101 20
3.5953862697246314e+100 7.190772539449263e+100 1.0786158809173893e+101 1.4381545078898526e+101 1.7976931348623158e+101 2.1572317618347787e+101 2.516770388807242e+101 2.876309015779705e+101 3.2358476427521683e+101 20
1.7976931348623157e+100 5.393079404586947e+100 8.988465674311579e+100 1.258385194403621e+101 1.7976931348623158e+101 2.1572317618347787e+101 1.576006924325044e+256 2.876309015779705e+101 3.2358476427521683e+101 19
3.5953862697246314e+100 7.190772539449263e+100 8.988465674311579e+100 1.258385194403621e+101 1.7976931348623158e+101 2.1572317618347787e+101 2.516770388807242e+101 2.876309015779705e+101 3.2358476427521683e+101 19
3.5953862697246314e+100 7.190772539449263e+100 1.0786158809173893e+101 1.4381545078898526e+101 1.7976931348623158e+101 2.1572317618347787e+101 2.516770388807242e+101 2.876309015779705e+101 3.2358476427521683e+101 20
3.5953862697246314e+100 5.393079404586947e+100 8.988465674311579e+100 1.4381545078898526e+101 1.7976931348623158e+101 2.1572317618347787e+101 2.516770388807242e+101 2.876309015779705e+101 3.2358476427521683e+101 19
3.5953862697246314e+100 7.190772539449263e+100 1.0786158809173893e+101 1.4381545078898526e+101 1.7976931348623158e+101 2.1572317618347787e+101 2.516770388807242e+101 2.876309015779705e+101 3.2358476427521683e+101 20
1.7976931348623157e+100 5.393079404586947e+100 8.988465674311579e+100 1.258385194403621e+101 1.7976931348623158e+101 2.1572317618347787e+101 2.516770388807242e+101 2.876309015779705e+101 3.2358476427521683e+101 19
1.7976931348623157e+100 5.393079404586947e+100 8.988465674311579e+100 1.258385194403621e+101 1.7976931348623158e+101 2.1572317618347787e+101 2.516770388807242e+101 2.876309015779705e+101 3.2358476427521683e+101 19
3.5953862697246314e+100 5.393079404586947e+100 1.0786158809173893e+101 1.258385194403621e+101 1.7976931348623158e+101 2.1572317618347787e+101 2.516770388807242e+101 2.876309015779705e+101 3.2358476427521683e+101 19
1.7976931348623157e+100 5.393079404586947e+100 8.988465674311579e+100 1.258385194403621e+101 1.7976931348623158e+101 2.1572317618347787e+101 1.576006924325044e+256 2.876309015779705e+101 3.2358476427521683e+101 19
1.7976931348623157e+100 5.393079404586947e+100 1.0786158809173893e+101 1.258385194403621e+101 1.7976931348623158e+101 2.1572317618347787e+101 2.516770388807242e+101 2.876309015779705e+101 3.2358476427521683e+101 19
1.7976931348623157e+100 7.190772539449263e+100 1.0786158809173893e+101 1.258385194403621e+101 1.7976931348623158e+101 2.1572317618347787e+101 1.576006924325044e+256 2.876309015779705e+101 3.2358476427521683e+101 19
1.7976931348623157e+100 5.393079404586947e+100 8.988465674311579e+100 1.258385194403621e+101 1.7976931348623158e+101 2.1572317618347787e+101 2.516770388807242e+101 2.876309015779705e+101 3.2358476427521683e+101 19
3.5953862697246314e+100 7.190772539449263e+100 1.0786158809173893e+101 1.258385194403621e+101 1.7976931348623158e+101 2.1572317618347787e+101 2.516770388807242e+101 2.876309015779705e+101 3.2358476427521683e+101 20
1.7976931348623157e+100 5.393079404586947e+100 8.988465674311579e+100 1.258385194403621e+101 1.7976931348623158e+101 2.1572317618347787e+101 2.516770388807242e+101 2.876309015779705e+101 3.2358476427521683e+101 19
3.5953862697246314e+100 7.190772539449263e+100 1.0786158809173893e+101 1.4381545078898526e+101 1.7976931348623158e+101 2.1572317618347787e+101 2.516770388807242e+101 2.876309015779705e+101 3.2358476427521683e+101 20
1.7976931348623157e+100 5.393079404586947e+100 8.988465674311579e+100 1.258385194403621e+101 1.7976931348623158e+101 2.1572317618347787e+101 1.576006924325044e+256 2.876309015779705e+101 3.2358476427521683e+101 19
3.5953862697246314e+100 5.393079404586947e+100 8.988465674311579e+100 1.4381545078898526e+101 1.7976931348623158e+101 2.1572317618347787e+101 2.516770388807242e+101 2.876309015779705e+101 3.2358476427521683e+101 19
3.5953862697246314e+100 7.190772539449263e+100 1.0786158809173893e+101 1.4381545078898526e+101 1.7976931348623158e+101 2.1572317618347787e+101 2.516770388807242e+101 2.876309015779705e+101 3.2358476427521683e+101 20
3.5953862697246314e+100 5.393079404586947e+100 8.988465674311579e+100 1.258385194403621e+101 1.7976931348623158e+101 2.1572317618347787e+101 2.516770388807242e+101 2.876309015779705e+101 3.2358476427521683e+101 19
1.7976931348623157e+100 7.190772539449263e+100 1.0786158809173893e+101 1.258385194403621e+101 1.7976931348623158e+101 2.1572317618347787e+101 2.516770388807242e+101 2.876309015779705e+101 3.2358476427521683e+101 19
1.7976931348623157e+100 5.393079404586947e+100 8.988465674311579e+100 1.258385194403621e+101 1.7976931348623158e+101 2.1572317618347787e+101 1.576006924325044e+256 2.876309015779705e+101 3.2358476427521683e+101 19
1.7976931348623157e+100 7.190772539449263e+100 1.0786158809173893e+101 1.258385194403621e+101 1.7976931348623158e+101 2.1572317618347787e+101 2.516770388807242e+101 2.876309015779705e+101 3.2358476427521683e+101 19
1.7976931348623157e+100 5.393079404586947e+100 8.988465674311579e+100 1.258385194403621e+101 1.7976931348623158e+101 2.1572317618347787e+101 2.516770388807242e+101 2.876309015779705e+101 3.2358476427521683e+101 19
1.7976931348623157e+100 7.190772539449263e+100 1.0786158809173893e+101 1.258385194403621e+101 1.7976931348623158e+101 2.1572317618347787e+101 2.516770388807242e+101 2.876309015779705e+101 3.2358476427521683e+101 19
1.7976931348623157e+100 5.393079404586947e+100 8.988465674311579e+100 1.258385194403621e+101 1.7976931348623158e+101 2.1572317618347787e+101 1.576006924325044e+256 2.876309015779705e+101 3.2358476427521683e+101 19
3.5953862697246314e+100 5.393079404586947e+100 8.988465674311579e+100 1.4381545078898526e+101 1.7976931348623158e+101 2.1572317618347787e+101 2.516770388807242e+101 2.876309015779705e+101 3.2358476427521683e+101 19
3.5953862697246314e+100 5.393079404586947e+100 8.988465674311579e+100 1.258385194403621e+101 1.7976931348623158e+101 2.1572317618347787e+101 2.516770388807242e+101 2.876309015779705e+101 3.2358476427521683e+101 19
3.5953862697246314e+100 7.190772539449263e+100 1.0786158809173893e+101 1.4381545078898526e+101 1.7976931348623158e+101 2.1572317618347787e+101 2.516770388807242e+101 2.876309015779705e+101 3.2358476427521683e+101 20
1.7976931348623157e+100 5.393079404586947e+100 8.988465674311579e+100 1.258385194403621e+101 1.7976931348623158e+101 2.1572317618347787e+101 2.516770388807242e+101 2.876309015779705e+101 3.2358476427521683e+101 19
1.7976931348623157e+100 5.393079404586947e+100 8.988465674311579e+100 1.258385194403621e+101 1.7976931348623158e+101 2.1572317618347787e+101 1.576006924325044e+256 2.876309015779705e+101 3.2358476427521683e+101 19
1.7976931348623157e+100 5.393079404586947e+100 8.988465674311579e+100 1.258385194403621e+101 1.7976931348623158e+101 2.1572317618347787e+101 2.516770388807242e+101 2.876309015779705e+101 3.2358476427521683e+101 19
3.5953862697246314e+100 5.393079404586947e+100 8.988465674311579e+100 1.258385194403621e+101 1.7976931348623158e+101 2.1572317618347787e+101 2.516770388807242e+101 2.876309015779705e+101 3.2358476427521683e+101 19
1.7976931348623157e+100 5.393079404586947e+100 8.988465674311579e+100 1.258385194403621e+101 1.7976931348623158e+101 2.1572317618347787e+101 2.516770388807242e+101 2.876309015779705e+101 3.2358476427521683e+101 19
1.7976931348623157e+100 5.393079404586947e+100 8.988465674311579e+100 1.258385194403621e+101 1.7976931348623158e+101 2.1572317618347787e+101 1.576006924325044e+256 2.876309015779705e+101 3.2358476427521683e+101 19
3.5953862697246314e+100 7.190772539449263e+100 1.0786158809173893e+101 1.4381545078898526e+101 1.7976931348623158e+101 2.1572317618347787e+101 2.516770388807242e+101 2.876309015779705e+101 3.2358476427521683e+101 20
3.5953862697246314e+100 7.190772539449263e+100 1.0786158809173893e+101 1.258385194403621e+101 1.7976931348623158e+101 2.1572317618347787e+101 2.516770388807242e+101 2.876309015779705e+101 3.2358476427521683e+101 20
1.7976931348623157e+100 5.393079404586947e+100 8.988465674311579e+100 1.4381545078898526e+101 1.7976931348623158e+101 2.1572317618347787e+101 2.516770388807242e+101 2.876309015779705e+101 3.2358476427521683e+101 19
3.5953862697246314e+100 7.190772539449263e+100 1.0786158809173893e+101 1.4381545078898526e+101 1.7976931348623158e+101 2.1572317618347787e+101 2.516770388807242e+101 2.876309015779705e+101 3.2358476427521683e+101 20
3.5953862697246314e+100 7.190772539449263e+100 1.0786158809173893e+101 1.4381545078898526e+101 1.7976931348623158e+101 2.1572317618347787e+101 2.516770388807242e+101 2.876309015779705e+101 3.2358476427521683e+101 20
1.7976931348623157e+100 7.190772539449263e+100 1.0786158809173893e+101 1.4381545078898526e+101 1.7976931348623158e+101 2.1572317618347787e+101 2.516770388807242e+101 2.876309015779705e+101 3.2358476427521683e+101 20
1.7976931348623157e+100 5.393079404586947e+100 8.988465674311579e+100 1.258385194403621e+101 1.7976931348623158e+101 2.1572317618347787e+101 1.576006924325044e+256 2.876309015779705e+101 3.2358476427521683e+101 19
3.5953862697246314e+100 7.190772539449263e+100 1.0786158809173893e+101 1.258385194403621e+101 1.7976931348623158e+101 2.1572317618347787e+101 2.516770388807242e+101 2.876309015779705e+101 3.2358476427521683e+101 20
1.7976931348623157e+100 5.393079404586947e+100 8.988465674311579e+100 1.258385194403621e+101 1.7976931348623158e+101 2.1572317618347787e+101 1.576006924325044e+256 2.876309015779705e+101 3.2358476427521683e+101 19
1.7976931348623157e+100 7.190772539449263e+100 1.0786158809173893e+101 1.4381545078898526e+101 1.7976931348623158e+101 2.1572317618347787e+101 2.516770388807242e+101 2.876309015779705e+101 3.2358476427521683e+101 20
3.5953862697246314e+100 7.190772539449263e+100 1.0786158809173893e+101 1.4381545078898526e+101 1.7976931348623158e+101 2.1572317618347787e+101 2.516770388807242e+101 2.876309015779705e+101 3.2358476427521683e+101 20
3.5953862697246314e+100 7.190772539449263e+100 1.0786158809173893e+101 1.4381545078898526e+101 1.7976931348623158e+101 2.1572317618347787e+101 2.516770388807242e+101 2.876309015779705e+101 3.2358476427521683e+101 20
1.7976931348623157e+100 5.393079404586947e+100 8.988465674311579e+100 1.258385194403621e+101 1.7976931348623158e+101 2.1572317618347787e+101 2.516770388807242e+101 2.876309015779705e+101 3.2358476427521683e+101 19
3.5953862697246314e+100 7.190772539449263e+100 1.0786158809173893e+101 1.4381545078898526e+101 1.7976931348623158e+101 2.1572317618347787e+101 2.516770388807242e+101 2.876309015779705e+101 3.2358476427521683e+101 20
3.5953862697246314e+100 7.190772539449263e+100 1.0786158809173893e+101 1.4381545078898526e+101 1.7976931348623158e+101 2.1572317618347787e+101 2.516770388807242e+101 2.876309015779705e+101 3.2358476427521683e+101 20
3.5953862697246314e+100 5.393079404586947e+100 1.0786158809173893e+101 1.4381545078898526e+101 1.7976931348623158e+101 2.1572317618347787e+101 1.576006924325044e+256 2.876309015779705e+101 3.2358476427521683e+101 19
3.5953862697246314e+100 7.190772539449263e+100 1.0786158809173893e+101 1.4381545078898526e+101 1.7976931348623158e+101 2.1572317618347787e+101 2.516770388807242e+101 2.876309015779705e+101 3.2358476427521683e+101 20
3.5953862697246314e+100 7.190772539449263e+100 8.988465674311579e+100 1.258385194403621e+101 1.7976931348623158e+101 2.1572317618347787e+101 2.516770388807242e+101 2.876309015779705e+101 3.2358476427521683e+101 19
3.5953862697246314e+100 7.190772539449263e+100 1.0786158809173893e+101 1.4381545078898526e+101 1.7976931348623158e+101 2.516770388807242e+101 2.876309015779705e+101 3.2358476427521683e+101 19
3.5953862697246314e+100 7.190772539449263e+100 1.0786158809173893e+101 1.4381545078898526e+101 1.7976931348623158e+101 2.1572317618347787e+101 2.516770388807242e+101 2.876309015779705e+101 3.2358476427521683e+101 20
1.7976931348623157e+100 7.190772539449263e+100 1.0786158809173893e+101 1.4381545078898526e+101 1.7976931348623158e+101 2.1572317618347787e+101 2.516770388807242e+101 2.876309015779705e+101 3.2358476427521683e+101 19
1.7976931348623157e+100 5.393079404586947e+100 8.988465674311579e+100 1.258385194403621e+101 1.7976931348623158e+101 2.1572317618347787e+101 1.576006924325044e+256 2.876309015779705e+101 3.2358476427521683e+101 19
3.5953862697246314e+100 5.393079404586947e+100 8.988465674311579e+100 1.258385194403621e+101 1.7976931348623158e+101 2.1572317618347787e+101 2.516770388807242e+101 2.876309015779705e+101 3.2358476427521683e+101 19
1.7976931348623157e+100 5.393079404586947e+100 8.988465674311579e+100 1.258385194403621e+101 1.7976931348623158e+101 2.1572317618347787e+101 2.516770388807242e+101 2.876309015779705e+101 3.2358476427521683e+101 19
3.5953862697246314e+100 7.190772539449263e+100 1.0786158809173893e+101 1.4381545078898526e+101 1.7976931348623158e+101 2.1572317618347787e+101 2.516770388807242e+101 2.876309015779705e+101 3.2358476427521683e+101 20
3.5953862697246314e+100 5.393079404586947e+100 8.988465674311579e+100 1.4381545078898526e+101 1.7976931348623158e+101 2.1572317618347787e+101 1.576006924325044e+256 2.876309015779705e+101 3.2358476427521683e+101 19
1.7976931348623157e+100 5.393079404586947e+100 8.988465674311579e+100 1.258385194403621e+101 1.7976931348623158e+101 2.516770388807242e+101 2.876309015779705e+101 3.2358476427521683e+101 19
1.7976931348623157e+100 5.393079404586947e+100 8.988465674311579e+100 1.258385194403621e+101 1.7976931348623158e+101 2.1572317618347787e+101 1.576006924325044e+256 2.876309015779705e+101 3.2358476427521683e+101 19
3.5953862697246314e+100 7.190772539449263e+100 1.0786158809173893e+101 1.4381545078898526e+101 1.7976931348623158e+101 2.1572317618347787e+101 2.516770388807242e+101 2.876309015779705e+101 3.2358476427521683e+101 20
3.5953862697246314e+100 5.393079404586947e+100 8.988465674311579e+100 1.258385194403621e+101 1.7976931348623158e+101 2.1572317618347787e+101 2.516770388807242e+101 2.876309015779705e+101 3.2358476427521683e+101 19
3.5953862697246314e+100 7.190772539449263e+100 1.0786158809173893e+101 1.4381545078898526e+101 1.7976931348623158e+101 2.1572317618347787e+101 2.516770388807242e+101 2.876309015779705e+101 3.2358476427521683e+101 19
3.5953862697246314e+100 7.190772539449263e+100 1.0786158809173893e+101 1.4381545078898526e+101 1.7976931348623158e+101 2.1572317618347787e+101 2.516770388807242e+101 2.876309015779705e+101 3.2358476427521683e+101 19
1.7976931348623157e+100 5.393079404586947e+100 8.988465674311579e+100 1.258385194403621e+101 1.7976931348623158e+101 2.1572317618347787e+101 1.576006924325044e+256 2.876309015779705e+101 3.2358476427521683e+101 19
1.7976931348623157e+100 5.393079404586947e+100 8.988465674311579e+100 1.258385194403621e+101 1.7976931348623158e+101 2.1572317618347787e+101 2.516770388807242e+101 2.876309015779705e+101 3.2358476427521683e+101 19
3.5953862697246314e+100 5.393079404586947e+100 1.0786158809173893e+101 1.258385194403621e+101 1.7976931348623158e+101 2.1572317618347787e+101 1.576006924325044e+256 2.876309015779705e+101 3.2358476427521683e+101 19
3.5953862697246314e+100 5.393079404586947e+100 1.0786158809173893e+101 1.4381545078898526e+101 1.7976931348623158e+101 2.1572317618347787e+101 1.576006924325044e+256 2.876309015779705e+101 3.2358476427521683e+101 19
1.7976931348623157e+100 7.190772539449263e+100 1.0786158809173893e+101 1.4381545078898526e+101 1.7976931348623158e+101 2.1572317618347787e+101 2.516770388807242e+101 2.876309015779705e+101 3.2358476427521683e+101 20
3.5953862697246314e+100 7.190772539449263e+100 8.988465674311579e+100 1.258385194403621e+101 1.7976931348623158e+101 2.1572317618347787e+101 2.516770388807242e+101 2.876309015779705e+101 3.2358476427521683e+101 19
1.7976931348623157e+100 5.393079404586947e+100 8.988465674311579e+100 1.258385194403621e+101 1.7976931348623158e+101 2.1572317618347787e+101 2.516770388807242e+101 2.876309015779705e+101 3.2358476427521683e+101 19
3.5953862697246314e+100 7.190772539449263e+100 1.0786158809173893e+101 1.258385194403621e+101 1.7976931348623158e+101 2.1572317618347787e+101 2.516770388807242e+101 2.876309015779705e+101 3.2358476427521683e+101 19
1.7976931348623157e+100 5.393079404586947e+100 8.988465674311579e+100 1.258385194403621e+101 1.7976931348623158e+101 2.1572317618347787e+101 2.516770388807242e+101 2.876309015779705e+101 3.2358476427521683e+101 19
1.7976931348623157e+100 7.190772539449263e+100 1.0786158809173893e+101 1.4381545078898526e+101 1.7976931348623158e+101 2.1572317618347787e+101 2.516770388807242e+101 2.876309015779705e+101 3.2358476427521683e+101 20
3.5953862697246314e+100 5.393079404586947e+100 8.988465674311579e+100 1.258385194403621e+101 1.7976931348623158e+101 2.1572317618347787e+101 1.576006924325044e+256 2.876309015779705e+101 3.2358476427521683e+101 19
3.5953862697246314e+100 7.190772539449263e+100 1.0786158809173893e+101 1.4381545078898526e+101 1.7976931348623158e+101 2.1572317618347787e+101 2.516770388807242e+101 2.876309015779705e+101 3.2358476427521683e+101 20
3.5953862697246314e+100 7.190772539449263e+100 1.0786158809173893e+101 1.258385194403621e+101 1.7976931348623158e+101 2.1572317618347787e+101 2.516770388807242e+101 2.876309015779705e+101 3.2358476427521683e+101 19
3.5953862697246314e+100 7.190772539449263e+100 1.0786158809173893e+101 1.258385194403621e+101 1.7976931348623158e+101 2.1572317618347787e+101 2.516770388807242e+101 2.876309015779705e+101 3.2358476427521683e+101 19
3.5953862697246314e+100 5.393079404586947e+100 8.988465674311579e+100 1.258385194403621e+101 1.7976931348623158e+101 2.1572317618347787e+101 1.576006924325044e+256 2.876309015779705e+101 3.2358476427521683e+101 19
1.7976931348623157e+100 5.393079404586947e+100 8.988465674311579e+100 1.258385194403621e+101 1.7976931348623158e+101 2.516770388807242e+101 2.876309015779705e+101 3.2358476427521683e+101 19
3.5953862697246314e+100 7.190772539449263e+100 1.0786158809173893e+101 1.4381545078898526e+101 1.7976931348623158e+101 2.1572317618347787e+101 2.516770388807242e+101 2.876309015779705e+101 3.2358476427521683e+101 20
1.7976931348623157e+100 5.393079404586947e+100 8.988465674311579e+100 1.258385194403621e+101 1.7976931348623158e+101 2.1572317618347787e+101 2.516770388807242e+101 2.876309015779705e+101 3.2358476427521683e+101 19
3.5953862697246314e+100 7.190772539449263e+100 1.0786158809173893e+101 1.4381545078898526e+101 1.7976931348623158e+101 2.1572317618347787e+101 2.516770388807242e+101 2.876309015779705e+101 3.2358476427521683e+101 20
1.7976931348623157e+100 5.393079404586947e+100 8.988465674311579e+100 1.258385194403621e+101 1.7976931348623158e+101 2.1572317618347787e+101 2.516770388807242e+101 2.876309015779705e+101 3.2358476427521683e+101 19
1.7976931348623157e+100 5.393079404586947e+100 8.988465674311579e+100 1.258385194403621e+101 1.7976931348623158e+101 2.1572317618347787e+101 2.516770388807242e+101 2.876309015779705e+101 3.2358476427521683e+101 19
1.7976931348623157e+100 5.393079404586947e+100 1.0786158809173893e+101 1.258385194403621e+101 1.7976931348623158e+101 2.1572317618347787e+101 2.516770388807242e+101 2.876309015779705e+101 3.2358476427521683e+101 19
1.7976931348623157e+100 7.190772539449263e+100 1.0786158809173893e+101 1.258385194403621e+101 1.7976931348623158e+101 2.1572317618347787e+101 2.516770388807242e+101 2.876309015779705e+101 3.2358476427521683e+101 19
1.7976931348623157e+100 7.190772539449263e+100 1.0786158809173893e+101 1.4381545078898526e+101 1.7976931348623158e+101 2.1572317618347787e+101 2.516770388807242e+101 2.876309015779705e+101 3.2358476427521683e+101 20
3.5953862697246314e+100 5.393079404586947e+100 8.988465674311579e+100 1.258385194403621e+101 1.7976931348623158e+101 2.1572317618347787e+101 2.516770388807242e+101 2.876309015779705e+101 3.2358476427521683e+101 19
3.5953862697246314e+100 7.190772539449263e+100 1.0786158809173893e+101 1.258385194403621e+101 1.7976931348623158e+101 2.1572317618347787e+101 1.576006924325044e+256 2.876309015779705e+101 3.2358476427521683e+101 19
1.7976931348623157e+100 7.190772539449263e+100 1.0786158809173893e+101 1.258385194403621e+101 1.7976931348623158e+101 2.1572317618347787e+101 2.516770388807242e+101 2.876309015779705e+101 3.2358476427521683e+101 19
1.7976931348623157e+100 5.393079404586947e+100 8.988465674311579e+100 1.258385194403621e+101 1.7976931348623158e+101 2.1572317618347787e+101 2.516770388807242e+101 2.876309015779705e+101 3.2358476427521683e+101 19
3.5953862697246314e+100 5.393079404586947e+100 8.988465674311579e+100 1.258385194403621e+101 1.7976931348623158e+101 2.1572317618347787e+101 2.516770388807242e+101 2.876309015779705e+101 3.2358476427521683e+101 19
1.7976931348623157e+100 5.393079404586947e+100 8.988465674311579e+100 1.258385194403621e+101 1.7976931348623158e+101 2.1572317618347787e+101 2.516770388807242e+101 2.876309015779705e+101 3.2358476427521683e+101 19
3.5953862697246314e+100 7.190772539449263e+100 1.0786158809173893e+101 1.4381545078898526e+101 1.7976931348623158e+101 2.1572317618347787e+101 2.516770388807242e+101 2.876309015779705e+101 3.2358476427521683e+101 20
3.5953862697246314e+100 7.190772539449263e+100 1.0786158809173893e+101 1.4381545078898526e+101 1.7976931348623158e+101 2.1572317618347787e+101 2.516770388807242e+101 2.876309015779705e+101 3.2358476427521683e+101 20
1.7976931348623157e+100 5.393079404586947e+100 8.988465674311579e+100 1.258385194403621e+101 1.7976931348623158e+101 2.1572317618347787e+101 2.516770388807242e+101 2.876309015779705e+101 3.2358476427521683e+101 19
3.5953862697246314e+100 7.190772539449263e+100 1.0786158809173893e+101 1.4381545078898526e+101 1.7976931348623158e+101 2.1572317618347787e+101 2.516770388807242e+101 2.876309015779705e+101 3.2358476427521683e+101 19
3.5953862697246314e+100 5.393079404586947e+100 8.988465674311579e+100 1.258385194403621e+101 1.7976931348623158e+101 2.1572317618347787e+101 1.576006924325044e+256 2.876309015779705e+101 3.2358476427521683e+101 19
1.7976931348623157e+100 7.190772539449263e+100 1.0786158809173893e+101 1.4381545078898526e+101 1.7976931348623158e+101 2.1572317618347787e+101 2.516770388807242e+101 2.876309015779705e+101 3.2358476427521683e+101 20
3.5953862697246314e+100 7.190772539449263e+100 8.988465674311579e+100 1.258385194403621e+101 1.7976931348623158e+101 2.1572317618347787e+101 1.576006924325044e+256 2.876309015779705e+101 3.2358476427521683e+101 19
3.5953862697246314e+100 7.190772539449263e+100 1.0786158809173893e+101 1.4381545078898526e+101 1.7976931348623158e+101 2.1572317618347787e+101 2.516770388807242e+101 2.876309015779705e+101 3.2358476427521683e+101 20
1.7976931348623157e+100 5.393079404586947e+100 1.0786158809173893e+101 1.258385194403621e+101 1.7976931348623158e+101 2.1572317618347787e+101 2.516770388807242e+101 2.876309015779705e+101 3.2358476427521683e+101 19
3.5953862697246314e+100 5.393079404586947e+100 8.988465674311579e+100 1.258385194403621e+101 1.7976931348623158e+101 2.1572317618347787e+101 2.516770388807242e+101 2.876309015779705e+101 3.2358476427521683e+101 19
3.5953862697246314e+100 7.190772539449263e+100 1.0786158809173893e+101 1.4381545078898526e+101 1.7976931348623158e+101 2.1572317618347787e+101 2.516770388807242e+101 2.876309015779705e+101 3.2358476427521683e+101 19
3.5953862697246314e+100 7.190772539449263e+100 1.0786158809173893e+101 1.4381545078898526e+101 1.7976931348623158e+101 2.1572317618347787e+101 2.516770388807242e+101 2.876309015779705e+101 3.2358476427521683e+101 20
1.7976931348623157e+100 5.393079404586947e+100 8.988465674311579e+100 1.258385194403621e+101 1.7976931348623158e+101 2.1572317618347787e+101 1.576006924325044e+256 2.876309015779705e+101 3.2358476427521683e+101 19
1.7976931348623157e+100 5.393079404586947e+100 8.988465674311579e+100 1.258385194403621e+101 1.7976931348623158e+101 2.1572317618347787e+101 1.576006924325044e+256 2.876309015779705e+101 3.2358476427521683e+101 19
1.7976931348623157e+100 5.393079404586947e+100 8.988465674311579e+100 1.258385194403621e+101 1.7976931348623158e+101 2.1572317618347787e+101 1.576006924325044e+256 2.876309015779705e+101 3.2358476427521683e+101 19
1.7976931348623157e+100 5.393079404586947e+100 8.988465674311579e+100 1.258385194403621e+101 1.7976931348623158e+101 2.1572317618347787e+101 2.516770388807242e+101 2.876309015779705e+101 3.2358476427521683e+101 19
3.5953862697246314e+100 7.190772539449263e+100 1.0786158809173893e+101 1.4381545078898526e+101 1.7976931348623158e+101 2.1572317618347787e+101 2.516770388807242e+101 2.876309015779705e+101 3.2358476427521683e+101 20
1.7976931348623157e+100 5.393079404586947e+100 8.988465674311579e+100 1.258385194403621e+101 1.7976931348623158e+101 2.1572317618347787e+101 1.576006924325044e+256 2.876309015779705e+101 3.2358476427521683e+101 19
3.5953862697246314e+100 7.190772539449263e+100 1.0786158809173893e+101 1.4381545078898526e+101 1.7976931348623158e+101 2.1572317618347787e+101 2.516770388807242e+101 2.876309015779705e+101 3.2358476427521683e+101 20
3.5953862697246314e+100 7.190772539449263e+100 1.0786158809173893e+101 1.258385194403621e+101 1.7976931348623158e+101 2.516770388807242e+101 2.876309015779705e+101 3.2358476427521683e+101 20
3.5953862697246314e+100 7.190772539449263e+100 1.0786158809173893e+101 1.4381545078898526e+101 1.7976931348623158e+101 2.1572317618347787e+101 2.516770388807242e+101 2.876309015779705e+101 3.2358476427521683e+101 20
3.5953862697246314e+100 5.393079404586947e+100 8.988465674311579e+100 1.258385194403621e+101 1.7976931348623158e+101 2.1572317618347787e+101 2.516770388807242e+101 2.876309015779705e+101 3.2358476427521683e+101 19
1.7976931348623157e+100 7.190772539449263e+100 8.988465674311579e+100 1.4381545078898526e+101 1.7976931348623158e+101 2.1572317618347787e+101 1.576006924325044e+256 2.876309015779705e+101 3.2358476427521683e+101 19
1.7976931348623157e+100 7.190772539449263e+100 1.0786158809173893e+101 1.4381545078898526e+101 1.7976931348623158e+101 2.1572317618347787e+101 2.516770388807242e+101 2.876309015779705e+101 3.2358476427521683e+101 19
3.5953862697246314e+100 7.190772539449263e+100 1.0786158809173893e+101 1.4381545078898526e+101 1.7976931348623158e+101 2.1572317618347787e+101 2.516770388807242e+101 2.876309015779705e+101 3.2358476427521683e+101 20
3.5953862697246314e+100 7.190772539449263e+100 1.0786158809173893e+101 1.258385194403621e+101 1.7976931348623158e+101 2.1572317618347787e+101 1.576006924325044e+256 2.876309015779705e+101 3.2358476427521683e+101 19
3.5953862697246314e+100 5.393079404586947e+100 8.988465674311579e+100 1.258385194403621e+101 1.7976931348623158e+101 2.1572317618347787e+101 2.516770388807242e+101 2.876309015779705e+101 3.2358476427521683e+101 19
1.7976931348623157e+100 5.393079404586947e+100 8.988465674311579e+100 1.258385194403621e+101 1.7976931348623158e+101 2.1572317618347787e+101 2.516770388807242e+101 2.876309015779705e+101 3.2358476427521683e+101 19
1.7976931348623157e+100 5.393079404586947e+100 8.988465674311579e+100 1.258385194403621e+101 1.7976931348623158e+101 2.1572317618347787e+101 2.516770388807242e+101 2.876309015779705e+101 3.2358476427521683e+101 19
1.7976931348623157e+100 5.393079404586947e+100 8.988465674311579e+100 1.258385194403621e+101 1.7976931348623158e+101 2.1572317618347787e+101 2.516770388807242e+101 2.876309015779705e+101 3.2358476427521683e+101 19
1.7976931348623157e+100 5.393079404586947e+100 8.988465674311579e+100 1.258385194403621e+101 1.7976931348623158e+101 2.1572317618347787e+101 1.576006924325044e+256 2.876309015779705e+101 3.2358476427521683e+101 19
1.7976931348623157e+100 5.393079404586947e+100 8.988465674311579e+100 1.258385194403621e+101 1.7976931348623158e+101 2.1572317618347787e+101 2.516770388807242e+101 2.876309015779705e+101 3.2358476427521683e+101 19
3.5953862697246314e+100 7.190772539449263e+100 1.0786158809173893e+101 1.4381545078898526e+101 1.7976931348623158e+101 2.1572317618347787e+101 2.516770388807242e+101 2.876309015779705e+101 3.2358476427521683e+101 20
3.5953862697246314e+100 7.190772539449263e+100 1.0786158809173893e+101 1.4381545078898526e+101 1.7976931348623158e+101 2.1572317618347787e+101 2.516770388807242e+101 2.876309015779705e+101 3.2358476427521683e+101 20
1.7976931348623157e+100 5.393079404586947e+100 8.988465674311579e+100 1.258385194403621e+101 1.7976931348623158e+101 2.1572317618347787e+101 1.576006924325044e+256 2.876309015779705e+101 3.2358476427521683e+101 19
3.5953862697246314e+100 5.393079404586947e+100 8.988465674311579e+100 1.258385194403621e+101 1.7976931348623158e+101 2.1572317618347787e+101 1.576006924325044e+256 2.876309015779705e+101 3.2358476427521683e+101 19
1.7976931348623157e+100 5.393079404586947e+100 8.988465674311579e+100 1.258385194403621e+101 1.7976931348623158e+101 2.1572317618347787e+101 1.576006924325044e+256 2.876309015779705e+101 3.2358476427521683e+101 19
1.7976931348623157e+100 5.393079404586947e+100 8.988465674311579e+100 1.258385194403621e+101 1.7976931348623158e+101 2.1572317618347787e+101 1.576006924325044e+256 2.876309015779705e+101 3.2358476427521683e+101 19
3.5953862697246314e+100 5.393079404586947e+100 1.0786158809173893e+101 1.258385194403621e+101 1.7976931348623158e+101 2.1572317618347787e+101 2.516770388807242e+101 2.876309015779705e+101 3.2358476427521683e+101 19
3.5953862697246314e+100 7.190772539449263e+100 1.0786158809173893e+101 1.4381545078898526e+101 1.7976931348623158e+101 2.1572317618347787e+101 2.516770388807242e+101 2.876309015779705e+101 3.2358476427521683e+101 20
3.5953862697246314e+100 5.393079404586947e+100 8.988465674311579e+100 1.258385194403621e+101 1.7976931348623158e+101 2.1572317618347787e+101 1.576006924325044e+256 2.876309015779705e+101 3.2358476427521683e+101 19
1.7976931348623157e+100 7.190772539449263e+100 8.988465674311579e+100 1.258385194403621e+101 1.7976931348623158e+101 2.1572317618347787e+101 2.516770388807242e+101 2.876309015779705e+101 3.2358476427521683e+101 19
3.5953862697246314e+100 7.190772539449263e+100 1.0786158809173893e+101 1.4381545078898526e+101 1.7976931348623158e+101 2.1572317618347787e+101 2.516770388807242e+101 2.876309015779705e+101 3.2358476427521683e+101 20
1.7976931348623157e+100 5.393079404586947e+100 8.988465674311579e+100 1.258385194403621e+101 1.7976931348623158e+101 2.1572317618347787e+101 2.516770388807242e+101 2.876309015779705e+101 3.2358476427521683e+101 19
1.7976931348623157e+100 5.393079404586947e+100 8.988465674311579e+100 1.258385194403621e+101 1.7976931348623158e+101 2.1572317618347787e+101 2.516770388807242e+101 2.876309015779705e+101 3.2358476427521683e+101 19
1.7976931348623157e+100 5.393079404586947e+100 8.988465674311579e+100 1.258385194403621e+101 1.7976931348623158e+101 2.1572317618347787e+101 1.576006924325044e+256 2.876309015779705e+101 3.2358476427521683e+101 19
3.5953862697246314e+100 5.393079404586947e+100 8.988465674311579e+100 1.258385194403621e+101 1.7976931348623158e+101 2.1572317618347787e+101 2.516770388807242e+101 2.876309015779705e+101 3.2358476427521683e+101 19
1.7976931348623157e+100 5.393079404586947e+100 8.988465674311579e+100 1.258385194403621e+101 1.7976931348623158e+101 2.1572317618347787e+101 2.516770388807242e+101 2.876309015779705e+101 3.2358476427521683e+101 19
1.7976931348623157e+100 5.393079404586947e+100 8.988465674311579e+100 1.258385194403621e+101 1.7976931348623158e+101 2.1572317618347787e+101 2.516770388807242e+101 2.876309015779705e+101 3.2358476427521683e+101 19
3.5953862697246314e+100 5.393079404586947e+100 8.988465674311579e+100 1.258385194403621e+101 1.7976931348623158e+101 2.1572317618347787e+101 2.516770388807242e+101 2.876309015779705e+101 3.2358476427521683e+101 19
3.5953862697246314e+100 7.190772539449263e+100 1.0786158809173893e+101 1.258385194403621e+101 1.7976931348623158e+101 2.1572317618347787e+101 2.516770388807242e+101 2.876309015779705e+101 3.2358476427521683e+101 19
1.7976931348623157e+100 5.393079404586947e+100 8.988465674311579e+100 1.258385194403621e+101 1.7976931348623158e+101 2.1572317618347787e+101 2.516770388807242e+101 2.876309015779705e+101 3.2358476427521683e+101 19
3.5953862697246314e+100 7.190772539449263e+100 1.0786158809173893e+101 1.4381545078898526e+101 1.7976931348623158e+101 2.1572317618347787e+101 2.516770388807242e+101 2.876309015779705e+101 3.2358476427521683e+101 20
3.5953862697246314e+100 5.393079404586947e+100 8.988465674311579e+100 1.4381545078898526e+101 1.7976931348623158e+101 2.1572317618347787e+101 1.576006924325044e+256 2.876309015779705e+101 3.2358476427521683e+101 19
1.7976931348623157e+100 5.393079404586947e+100 8.988465674311579e+100 1.258385194403621e+101 1.7976931348623158e+101 2.516770388807242e+101 2.876309015779705e+101 3.2358476427521683e+101 19
1.7976931348623157e+100 5.393079404586947e+100 8.988465674311579e+100 1.4381545078898526e+101 1.7976931348623158e+101 2.1572317618347787e+101 1.576006924325044e+256 2.876309015779705e+101 3.2358476427521683e+101 19
1.7976931348623157e+100 5.393079404586947e+100 8.988465674311579e+100 1.258385194403621e+101 1.7976931348623158e+101 2.1572317618347787e+101 1.576006924325044e+256 2.876309015779705e+101 3.2358476427521683e+101 19
1.7976931348623157e+100 7.190772539449263e+100 1.0786158809173893e+101 1.4381545078898526e+101 1.7976931348623158e+101 2.1572317618347787e+101 2.516770388807242e+101 2.876309015779705e+101 3.2358476427521683e+101 19
3.5953862697246314e+100 7.190772539449263e+100 1.0786158809173893e+101 1.4381545078898526e+101 1.7976931348623158e+101 2.1572317618347787e+101 2.516770388807242e+101 2.876309015779705e+101 3.2358476427521683e+101 20
3.5953862697246314e+100 5.393079404586947e+100 8.988465674311579e+100 1.4381545078898526e+101 1.7976931348623158e+101 2.1572317618347787e+101 2.516770388807242e+101 2.876309015779705e+101 3.2358476427521683e+101 19
3.5953862697246314e+100 7.190772539449263e+100 1.0786158809173893e+101 1.258385194403621e+101 1.7976931348623158e+101 2.1572317618347787e+101 2.516770388807242e+101 2.876309015779705e+101 3.2358476427521683e+101 20
3.5953862697246314e+100 7.190772539449263e+100 8.988465674311579e+100 1.258385194403621e+101 1.7976931348623158e+101 2.1572317618347787e+101 2.516770388807242e+101 2.876309015779705e+101 3.2358476427521683e+101 19
1.7976931348623157e+100 5.393079404586947e+100 8.988465674311579e+100 1.258385194403621e+101 1.7976931348623158e+101 2.1572317618347787e+101 1.576006924325044e+256 2.876309015779705e+101 3.2358476427521683e+101 19
1.7976931348623157e+100 5.393079404586947e+100 8.988465674311579e+100 1.258385194403621e+101 1.7976931348623158e+101 2.1572317618347787e+101 2.516770388807242e+101 2.876309015779705e+101 3.2358476427521683e+101 19
3.5953862697246314e+100 7.190772539449263e+100 8.988465674311579e+100 1.258385194403621e+101 1.7976931348623158e+101 2.1572317618347787e+101 2.516770388807242e+101 2.876309015779705e+101 3.2358476427521683e+101 19
1.7976931348623157e+100 7.190772539449263e+100 1.0786158809173893e+101 1.258385194403621e+101 1.7976931348623158e+101 2.1572317618347787e+101 1.576006924325044e+256 2.876309015779705e+101 3.2358476427521683e+101 19
3.5953862697246314e+100 7.190772539449263e+100 1.0786158809173893e+101 1.4381545078898526e+101 1.7976931348623158e+101 2.1572317618347787e+101 1.576006924325044e+256 2.876309015779705e+101 3.2358476427521683e+101 19
3.5953862697246314e+100 5.393079404586947e+100 8.988465674311579e+100 1.258385194403621e+101 1.7976931348623158e+101 2.1572317618347787e+101 1.576006924325044e+256 2.876309015779705e+101 3.2358476427521683e+101 19
3.5953862697246314e+100 7.190772539449263e+100 1.0786158809173893e+101 1.4381545078898526e+101 1.7976931348623158e+101 2.1572317618347787e+101 2.516770388807242e+101 2.876309015779705e+101 3.2358476427521683e+101 20
1.7976931348623157e+100 5.393079404586947e+100 1.0786158809173893e+101 1.258385194403621e+101 1.7976931348623158e+101 2.1572317618347787e+101 1.576006924325044e+256 2.876309015779705e+101 3.2358476427521683e+101 19
3.5953862697246314e+100 7.190772539449263e+100 1.0786158809173893e+101 1.4381545078898526e+101 1.7976931348623158e+101 2.1572317618347787e+101 2.516770388807242e+101 2.876309015779705e+101 3.2358476427521683e+101 20
3.5953862697246314e+100 7.190772539449263e+100 1.0786158809173893e+101 1.4381545078898526e+101 1.7976931348623158e+101 2.1572317618347787e+101 2.516770388807242e+101 2.876309015779705e+101 3.2358476427521683e+101 20
3.5953862697246314e+100 7.190772539449263e+100 1.0786158809173893e+101 1.4381545078898526e+101 1.7976931348623158e+101 2.1572317618347787e+101 2.516770388807242e+101 2.876309015779705e+101 3.2358476427521683e+101 20
1.7976931348623157e+100 5.393079404586947e+100 8.988465674311579e+100 1.258385194403621e+101 1.7976931348623158e+101 2.1572317618347787e+101 1.576006924325044e+256 2.876309015779705e+101 3.2358476427521683e+101 19
3.5953862697246314e+100 5.393079404586947e+100 8.988465674311579e+100 1.4381545078898526e+101 1.7976931348623158e+101 2.1572317618347787e+101 2.516770388807242e+101 2.876309015779705e+101 3.2358476427521683e+101 19
3.5953862697246314e+100 5.393079404586947e+100 1.0786158809173893e+101 1.258385194403621e+101 1.7976931348623158e+101 2.1572317618347787e+101 2.516770388807242e+101 2.876309015779705e+101 3.2358476427521683e+101 19
3.5953862697246314e+100 7.190772539449263e+100 1.0786158809173893e+101 1.4381545078898526e+101 1.7976931348623158e+101 2.1572317618347787e+101 2.516770388807242e+101 2.876309015779705e+101 3.2358476427521683e+101 20
1.7976931348623157e+100 5.393079404586947e+100 8.988465674311579e+100 1.4381545078898526e+101 1.7976931348623158e+101 2.1572317618347787e+101 1.576006924325044e+256 2.876309015779705e+101 3.2358476427521683e+101 19
3.5953862697246314e+100 7.190772539449263e+100 1.0786158809173893e+101 1.4381545078898526e+101 1.7976931348623158e+101 2.1572317618347787e+101 2.516770388807242e+101 2.876309015779705e+101 3.2358476427521683e+101 20
1.7976931348623157e+100 5.393079404586947e+100 8.988465674311579e+100 1.258385194403621e+101 1.7976931348623158e+101 2.1572317618347787e+101 2.516770388807242e+101 2.876309015779705e+101 3.2358476427521683e+101 19
3.5953862697246314e+100 7.190772539449263e+100 1.0786158809173893e+101 1.4381545078898526e+101 1.7976931348623158e+101 2.1572317618347787e+101 1.576006924325044e+256 2.876309015779705e+101 3.2358476427521683e+101 19
3.5953862697246314e+100 7.190772539449263e+100 1.0786158809173893e+101 1.4381545078898526e+101 1.7976931348623158e+101 2.1572317618347787e+101 2.516770388807242e+101 2.876309015779705e+101 3.2358476427521683e+101 19
3.5953862697246314e+100 7.190772539449263e+100 1.0786158809173893e+101 1.4381545078898526e+101 1.7976931348623158e+101 2.1572317618347787e+101 2.516770388807242e+101 2.876309015779705e+101 3.2358476427521683e+101 20
3.5953862697246314e+100 7.190772539449263e+100 1.0786158809173893e+101 1.258385194403621e+101 1.7976931348623158e+101 2.1572317618347787e+101 2.516770388807242e+101 2.876309015779705e+101 3.2358476427521683e+101 20
1.7976931348623157e+100 5.393079404586947e+100 1.0786158809173893e+101 1.4381545078898526e+101 1.7976931348623158e+101 2.1572317618347787e+101 2.516770388807242e+101 2.876309015779705e+101 3.2358476427521683e+101 19
3.5953862697246314e+100 7.190772539449263e+100 1.0786158809173893e+101 1.4381545078898526e+101 1.7976931348623158e+101 2.1572317618347787e+101 2.516770388807242e+101 2.876309015779705e+101 3.2358476427521683e+101 20
1.7976931348623157e+100 5.393079404586947e+100 8.988465674311579e+100 1.4381545078898526e+101 1.7976931348623158e+101 2.1572317618347787e+101 1.576006924325044e+256 2.876309015779705e+101 3.2358476427521683e+101 19
1.7976931348623157e+100 5.393079404586947e+100 8.988465674311579e+100 1.258385194403621e+101 1.7976931348623158e+101 2.1572317618347787e+101 2.516770388807242e+101 2.876309015779705e+101 3.2358476427521683e+101 19
1.7976931348623157e+100 5.393079404586947e+100 8.988465674311579e+100 1.258385194403621e+101 1.7976931348623158e+101 2.1572317618347787e+101 2.516770388807242e+101 2.876309015779705e+101 3.2358476427521683e+101 19
3.5953862697246314e+100 7.190772539449263e+100 1.0786158809173893e+101 1.4381545078898526e+101 1.7976931348623158e+101 2.1572317618347787e+101 2.516770388807242e+101 2.876309015779705e+101 3.2358476427521683e+101 20
3.5953862697246314e+100 7.190772539449263e+100 1.0786158809173893e+101 1.4381545078898526e+101 1.7976931348623158e+101 2.1572317618347787e+101 2.516770388807242e+101 2.876309015779705e+101 3.2358476427521683e+101 20
3.5953862697246314e+100 7.190772539449263e+100 1.0786158809173893e+101 1.4381545078898526e+101 1.7976931348623158e+101 2.1572317618347787e+101 2.516770388807242e+101 2.876309015779705e+101 3.2358476427521683e+101 20
3.5953862697246314e+100 7.190772539449263e+100 1.0786158809173893e+101 1.4381545078898526e+101 1.7976931348623158e+101 2.1572317618347787e+101 2.516770388807242e+101 2.876309015779705e+101 3.2358476427521683e+101 20
3.5953862697246314e+100 7.190772539449263e+100 1.0786158809173893e+101 1.4381545078898526e+101 1.7976931348623158e+101 2.1572317618347787e+101 2.516770388807242e+101 2.876309015779705e+101 3.2358476427521683e+101 19
1.7976931348623157e+100 5.393079404586947e+100 8.988465674311579e+100 1.258385194403621e+101 1.7976931348623158e+101 2.1572317618347787e+101 2.516770388807242e+101 2.876309015779705e+101 3.2358476427521683e+101 19
3.5953862697246314e+100 7.190772539449263e+100 1.0786158809173893e+101 1.4381545078898526e+101 1.7976931348623158e+101 2.1572317618347787e+101 2.516770388807242e+101 2.876309015779705e+101 3.2358476427521683e+101 20
1.7976931348623157e+100 5.393079404586947e+100 8.988465674311579e+100 1.258385194403621e+101 1.7976931348623158e+101 2.1572317618347787e+101 1.576006924325044e+256 2.876309015779705e+101 3.2358476427521683e+101 19
1.7976931348623157e+100 7.190772539449263e+100 1.0786158809173893e+101 1.4381545078898526e+101 1.7976931348623158e+101 2.1572317618347787e+101 2.516770388807242e+101 2.876309015779705e+101 3.2358476427521683e+101 19
3.5953862697246314e+100 7.190772539449263e+100 1.0786158809173893e+101 1.4381545078898526e+101 1.7976931348623158e+101 2.1572317618347787e+101 2.516770388807242e+101 2.876309015779705e+101 3.2358476427521683e+101 20
3.5953862697246314e+100 7.190772539449263e+100 1.0786158809173893e+101 1.4381545078898526e+101 1.7976931348623158e+101 2.1572317618347787e+101 2.516770388807242e+101 2.876309015779705e+101 3.2358476427521683e+101 20
3.5953862697246314e+100 5.393079404586947e+100 8.988465674311579e+100 1.258385194403621e+101 1.7976931348623158e+101 2.1572317618347787e+101 2.516770388807242e+101 2.876309015779705e+101 3.2358476427521683e+101 19
3.5953862697246314e+100 7.190772539449263e+100 1.0786158809173893e+101 1.4381545078898526e+101 1.7976931348623158e+101 2.1572317618347787e+101 2.516770388807242e+101 2.876309015779705e+101 3.2358476427521683e+101 20
3.5953862697246314e+100 7.190772539449263e+100 8.988465674311579e+100 1.4381545078898526e+101 1.7976931348623158e+101 2.1572317618347787e+101 2.516770388807242e+101 2.876309015779705e+101 3.2358476427521683e+101 19
3.5953862697246314e+100 7.190772539449263e+100 1.0786158809173893e+101 1.4381545078898526e+101 1.7976931348623158e+101 2.1572317618347787e+101 2.516770388807242e+101 2.876309015779705e+101 3.2358476427521683e+101 20
1.7976931348623157e+100 5.393079404586947e+100 8.988465674311579e+100 1.258385194403621e+101 1.7976931348623158e+101 2.1572317618347787e+101 2.516770388807242e+101 2.876309015779705e+101 3.2358476427521683e+101 19
3.5953862697246314e+100 5.393079404586947e+100 8.988465674311579e+100 1.258385194403621e+101 1.7976931348623158e+101 2.1572317618347787e+101 2.516770388807242e+101 2.876309015779705e+101 3.2358476427521683e+101 19
1.7976931348623157e+100 5.393079404586947e+100 8.988465674311579e+100 1.258385194403621e+101 1.7976931348623158e+101 2.1572317618347787e+101 2.516770388807242e+101 2.876309015779705e+101 3.2358476427521683e+101 19
1.7976931348623157e+100 5.393079404586947e+100 1.0786158809173893e+101 1.258385194403621e+101 1.7976931348623158e+101 2.1572317618347787e+101 1.576006924325044e+256 2.876309015779705e+101 3.2358476427521683e+101 19
1.7976931348623157e+100 5.393079404586947e+100 8.988465674311579e+100 1.258385194403621e+101 1.7976931348623158e+101 2.1572317618347787e+101 2.516770388807242e+101 2.876309015779705e+101 3.2358476427521683e+101 19
3.5953862697246314e+100 5.393079404586947e+100 8.988465674311579e+100 1.258385194403621e+101 1.7976931348623158e+101 2.1572317618347787e+101 2.516770388807242e+101 2.876309015779705e+101 3.2358476427521683e+101 19
1.7976931348623157e+100 5.393079404586947e+100 1.0786158809173893e+101 1.258385194403621e+101 1.7976931348623158e+101 2.1572317618347787e+101 2.516770388807242e+101 2.876309015779705e+101 3.2358476427521683e+101 19
1.7976931348623157e+100 5.393079404586947e+100 1.0786158809173893e+101 1.258385194403621e+101 1.7976931348623158e+101 2.516770388807242e+101 2.876309015779705e+101 3.2358476427521683e+101 19
1.7976931348623157e+100 5.393079404586947e+100 8.988465674311579e+100 1.258385194403621e+101 1.7976931348623158e+101 2.1572317618347787e+101 2.516770388807242e+101 2.876309015779705e+101 3.2358476427521683e+101 19
1.7976931348623157e+100 5.393079404586947e+100 8.988465674311579e+100 1.258385194403621e+101 1.7976931348623158e+101 2.1572317618347787e+101 2.516770388807242e+101 2.876309015779705e+101 3.2358476427521683e+101 19
1.7976931348623157e+100 5.393079404586947e+100 8.988465674311579e+100 1.258385194403621e+101 1.7976931348623158e+101 2.1572317618347787e+101 2.516770388807242e+101 2.876309015779705e+101 3.2358476427521683e+101 19
1.7976931348623157e+100 7.190772539449263e+100 1.0786158809173893e+101 1.4381545078898526e+101 1.7976931348623158e+101 2.1572317618347787e+101 2.516770388807242e+101 2.876309015779705e+101 3.2358476427521683e+101 19
1.7976931348623157e+100 5.393079404586947e+100 8.988465674311579e+100 1.258385194403621e+101 1.7976931348623158e+101 2.1572317618347787e+101 2.516770388807242e+101 2.876309015779705e+101 3.2358476427521683e+101 19
1.7976931348623157e+100 5.393079404586947e+100 1.0786158809173893e+101 1.258385194403621e+101 1.7976931348623158e+101 2.1572317618347787e+101 1.576006924325044e+256 2.876309015779705e+101 3.2358476427521683e+101 19
1.7976931348623157e+100 5.393079404586947e+100 8.988465674311579e+100 1.258385194403621e+101 1.7976931348623158e+101 2.1572317618347787e+101 2.516770388807242e+101 2.876309015779705e+101 3.2358476427521683e+101 19
1.7976931348623157e+100 5.393079404586947e+100 8.988465674311579e+100 1.258385194403621e+101 1.7976931348623158e+101 2.1572317618347787e+101 2.516770388807242e+101 2.876309015779705e+101 3.2358476427521683e+101 19
3.5953862697246314e+100 5.393079404586947e+100 8.988465674311579e+100 1.258385194403621e+101 1.7976931348623158e+101 2.1572317618347787e+101 1.576006924325044e+256 2.876309015779705e+101 3.2358476427521683e+101 19
3.5953862697246314e+100 7.190772539449263e+100 1.0786158809173893e+101 1.4381545078898526e+101 1.7976931348623158e+101 2.1572317618347787e+101 2.516770388807242e+101 2.876309015779705e+101 3.2358476427521683e+101 20
3.5953862697246314e+100 5.393079404586947e+100 8.988465674311579e+100 1.258385194403621e+101 1.7976931348623158e+101 2.1572317618347787e+101 1.576006924325044e+256 2.876309015779705e+101 3.2358476427521683e+101 19
1.7976931348623157e+100 5.393079404586947e+100 8.988465674311579e+100 1.258385194403621e+101 1.7976931348623158e+101 2.1572317618347787e+101 1.576006924325044e+256 2.876309015779705e+101 3.2358476427521683e+101 19
1.7976931348623157e+100 5.393079404586947e+100 8.988465674311579e+100 1.258385194403621e+101 1.7976931348623158e+101 2.1572317618347787e+101 2.516770388807242e+101 2.876309015779705e+101 3.2358476427521683e+101 19
3.5953862697246314e+100 7.190772539449263e+100 1.0786158809173893e+101 1.4381545078898526e+101 1.7976931348623158e+101 2.1572317618347787e+101 2.516770388807242e+101 2.876309015779705e+101 3.2358476427521683e+101 20
1.7976931348623157e+100 5.393079404586947e+100 8.988465674311579e+100 1.258385194403621e+101 1.7976931348623158e+101 2.1572317618347787e+101 2.516770388807242e+101 2.876309015779705e+101 3.2358476427521683e+101 19
3.5953862697246314e+100 7.190772539449263e+100 1.0786158809173893e+101 1.4381545078898526e+101 1.7976931348623158e+101 2.1572317618347787e+101 2.516770388807242e+101 2.876309015779705e+101 3.2358476427521683e+101 20
1.7976931348623157e+100 5.393079404586947e+100 8.988465674311579e+100 1.258385194403621e+101 1.7976931348623158e+101 2.1572317618347787e+101 1.576006924325044e+256 2.876309015779705e+101 3.2358476427521683e+101 19
1.7976931348623157e+100 5.393079404586947e+100 8.988465674311579e+100 1.258385194403621e+101 1.7976931348623158e+101 2.1572317618347787e+101 2.516770388807242e+101 2.876309015779705e+101 3.2358476427521683e+101 19
3.5953862697246314e+100 5.393079404586947e+100 8.988465674311579e+100 1.258385194403621e+101 1.7976931348623158e+101 2.1572317618347787e+101 2.516770388807242e+101 2.876309015779705e+101 3.2358476427521683e+101 19
3.5953862697246314e+100 5.393079404586947e+100 8.988465674311579e+100 1.258385194403621e+101 1.7976931348623158e+101 2.1572317618347787e+101 2.516770388807242e+101 2.876309015779705e+101 3.2358476427521683e+101 19
1.7976931348623157e+100 5.393079404586947e+100 8.988465674311579e+100 1.258385194403621e+101 1.7976931348623158e+101 2.1572317618347787e+101 2.516770388807242e+101 2.876309015779705e+101 3.2358476427521683e+101 19
3.5953862697246314e+100 5.393079404586947e+100 8.988465674311579e+100 1.258385194403621e+101 1.7976931348623158e+101 2.1572317618347787e+101 2.516770388807242e+101 2.876309015779705e+101 3.2358476427521683e+101 19
3.5953862697246314e+100 7.190772539449263e+100 1.0786158809173893e+101 1.4381545078898526e+101 1.7976931348623158e+101 2.1572317618347787e+101 2.516770388807242e+101 2.876309015779705e+101 3.2358476427521683e+101 20
1.7976931348623157e+100 5.393079404586947e+100 1.0786158809173893e+101 1.258385194403621e+101 1.7976931348623158e+101 2.1572317618347787e+101 2.516770388807242e+101 2.876309015779705e+101 3.2358476427521683e+101 19
3.5953862697246314e+100 7.190772539449263e+100 1.0786158809173893e+101 1.4381545078898526e+101 1.7976931348623158e+101 2.1572317618347787e+101 2.516770388807242e+101 2.876309015779705e+101 3.2358476427521683e+101 20
1.7976931348623157e+100 5.393079404586947e+100 8.988465674311579e+100 1.258385194403621e+101 1.7976931348623158e+101 2.1572317618347787e+101 1.576006924325044e+256 2.876309015779705e+101 3.2358476427521683e+101 19
3.5953862697246314e+100 7.190772539449263e+100 8.988465674311579e+100 1.258385194403621e+101 1.7976931348623158e+101 2.1572317618347787e+101 1.576006924325044e+256 2.876309015779705e+101 3.2358476427521683e+101 19
3.5953862697246314e+100 7.190772539449263e+100 8.988465674311579e+100 1.258385194403621e+101 1.7976931348623158e+101 2.1572317618347787e+101 2.516770388807242e+101 2.876309015779705e+101 3.2358476427521683e+101 19
3.5953862697246314e+100 7.190772539449263e+100 1.0786158809173893e+101 1.4381545078898526e+101 1.7976931348623158e+101 2.1572317618347787e+101 2.516770388807242e+101 2.876309015779705e+101 3.2358476427521683e+101 20
3.5953862697246314e+100 7.190772539449263e+100 1.0786158809173893e+101 1.4381545078898526e+101 1.7976931348623158e+101 2.1572317618347787e+101 2.516770388807242e+101 2.876309015779705e+101 3.2358476427521683e+101 20
3.5953862697246314e+100 7.190772539449263e+100 1.0786158809173893e+101 1.4381545078898526e+101 1.7976931348623158e+101 2.1572317618347787e+101 2.516770388807242e+101 2.876309015779705e+101 3.2358476427521683e+101 20
1.7976931348623157e+100 5.393079404586947e+100 8.988465674311579e+100 1.258385194403621e+101 1.7976931348623158e+101 2.1572317618347787e+101 2.516770388807242e+101 2.876309015779705e+101 3.2358476427521683e+101 19
3.5953862697246314e+100 7.190772539449263e+100 1.0786158809173893e+101 1.4381545078898526e+101 1.7976931348623158e+101 2.1572317618347787e+101 2.516770388807242e+101 2.876309015779705e+101 3.2358476427521683e+101 20
1.7976931348623157e+100 5.393079404586947e+100 8.988465674311579e+100 1.258385194403621e+101 1.7976931348623158e+101 2.1572317618347787e+101 2.516770388807242e+101 2.876309015779705e+101 3.2358476427521683e+101 19
3.5953862697246314e+100 5.393079404586947e+100 8.988465674311579e+100 1.258385194403621e+101 1.7976931348623158e+101 2.1572317618347787e+101 1.576006924325044e+256 2.876309015779705e+101 3.2358476427521683e+101 19
3.5953862697246314e+100 5.393079404586947e+100 8.988465674311579e+100 1.258385194403621e+101 1.7976931348623158e+101 2.1572317618347787e+101 1.576006924325044e+256 2.876309015779705e+101 3.2358476427521683e+101 19
3.5953862697246314e+100 7.190772539449263e+100 1.0786158809173893e+101 1.4381545078898526e+101 1.7976931348623158e+101 2.1572317618347787e+101 2.516770388807242e+101 2.876309015779705e+101 3.2358476427521683e+101 20
3.5953862697246314e+100 7.190772539449263e+100 1.0786158809173893e+101 1.4381545078898526e+101 1.7976931348623158e+101 2.1572317618347787e+101 2.516770388807242e+101 2.876309015779705e+101 3.2358476427521683e+101 20
1.7976931348623157e+100 7.190772539449263e+100 1.0786158809173893e+101 1.258385194403621e+101 1.7976931348623158e+101 2.1572317618347787e+101 2.516770388807242e+101 2.876309015779705e+101 3.2358476427521683e+101 19
3.5953862697246314e+100 5.393079404586947e+100 8.988465674311579e+100 1.258385194403621e+101 1.7976931348623158e+101 2.1572317618347787e+101 2.516770388807242e+101 2.876309015779705e+101 3.2358476427521683e+101 19
3.5953862697246314e+100 5.393079404586947e+100 8.988465674311579e+100 1.258385194403621e+101 1.7976931348623158e+101 2.1572317618347787e+101 2.516770388807242e+101 2.876309015779705e+101 3.2358476427521683e+101 19
3.5953862697246314e+100 7.190772539449263e+100 1.0786158809173893e+101 1.258385194403621e+101 1.7976931348623158e+101 2.1572317618347787e+101 1.576006924325044e+256 2.876309015779705e+101 3.2358476427521683e+101 19
3.5953862697246314e+100 7.190772539449263e+100 1.0786158809173893e+101 1.4381545078898526e+101 1.7976931348623158e+101 2.1572317618347787e+101 2.516770388807242e+101 2.876309015779705e+101 3.2358476427521683e+101 20
1.7976931348623157e+100 5.393079404586947e+100 8.988465674311579e+100 1.258385194403621e+101 1.7976931348623158e+101 2.1572317618347787e+101 1.576006924325044e+256 2.876309015779705e+101 3.2358476427521683e+101 19
1.7976931348623157e+100 5.393079404586947e+100 8.988465674311579e+100 1.258385194403621e+101 1.7976931348623158e+101 2.1572317618347787e+101 1.576006924325044e+256 2.876309015779705e+101 3.2358476427521683e+101 19
1.7976931348623157e+100 5.393079404586947e+100 1.0786158809173893e+101 1.4381545078898526e+101 1.7976931348623158e+101 2.1572317618347787e+101 2.516770388807242e+101 2.876309015779705e+101 3.2358476427521683e+101 19
1.7976931348623157e+100 5.393079404586947e+100 8.988465674311579e+100 1.258385194403621e+101 1.7976931348623158e+101 2.1572317618347787e+101 2.516770388807242e+101 2.876309015779705e+101 3.2358476427521683e+101 19
3.5953862697246314e+100 5.393079404586947e+100 8.988465674311579e+100 1.258385194403621e+101 1.7976931348623158e+101 2.1572317618347787e+101 1.576006924325044e+256 2.876309015779705e+101 3.2358476427521683e+101 19
3.5953862697246314e+100 5.393079404586947e+100 8.988465674311579e+100 1.4381545078898526e+101 1.7976931348623158e+101 2.1572317618347787e+101 2.516770388807242e+101 2.876309015779705e+101 3.2358476427521683e+101 19
3.5953862697246314e+100 7.190772539449263e+100 1.0786158809173893e+101 1.4381545078898526e+101 1.7976931348623158e+101 2.1572317618347787e+101 2.516770388807242e+101 2.876309015779705e+101 3.2358476427521683e+101 20
3.5953862697246314e+100 5.393079404586947e+100 8.988465674311579e+100 1.258385194403621e+101 1.7976931348623158e+101 2.1572317618347787e+101 1.576006924325044e+256 2.876309015779705e+101 3.2358476427521683e+101 19
1.7976931348623157e+100 5.393079404586947e+100 8.988465674311579e+100 1.4381545078898526e+101 1.7976931348623158e+101 2.1572317618347787e+101 1.576006924325044e+256 2.876309015779705e+101 3.2358476427521683e+101 19
3.5953862697246314e+100 7.190772539449263e+100 1.0786158809173893e+101 1.4381545078898526e+101 1.7976931348623158e+101 2.1572317618347787e+101 2.516770388807242e+101 2.876309015779705e+101 3.2358476427521683e+101 20
3.5953862697246314e+100 7.190772539449263e+100 1.0786158809173893e+101 1.258385194403621e+101 1.7976931348623158e+101 2.1572317618347787e+101 2.516770388807242e+101 2.876309015779705e+101 3.2358476427521683e+101 20
3.5953862697246314e+100 7.190772539449263e+100 1.0786158809173893e+101 1.4381545078898526e+101 1.7976931348623158e+101 2.1572317618347787e+101 2.516770388807242e+101 2.876309015779705e+101 3.2358476427521683e+101 19
3.5953862697246314e+100 7.190772539449263e+100 1.0786158809173893e+101 1.4381545078898526e+101 1.7976931348623158e+101 2.1572317618347787e+101 2.516770388807242e+101 2.876309015779705e+101 3.2358476427521683e+101 20
3.5953862697246314e+100 5.393079404586947e+100 8.988465674311579e+100 1.258385194403621e+101 1.7976931348623158e+101 2.1572317618347787e+101 2.516770388807242e+101 2.876309015779705e+101 3.2358476427521683e+101 19
1.7976931348623157e+100 5.393079404586947e+100 8.988465674311579e+100 1.258385194403621e+101 1.7976931348623158e+101 2.1572317618347787e+101 1.576006924325044e+256 2.876309015779705e+101 3.2358476427521683e+101 19
1.7976931348623157e+100 5.393079404586947e+100 8.988465674311579e+100 1.258385194403621e+101 1.7976931348623158e+101 2.1572317618347787e+101 1.576006924325044e+256 2.876309015779705e+101 3.2358476427521683e+101 19
3.5953862697246314e+100 5.393079404586947e+100 8.988465674311579e+100 1.258385194403621e+101 1.7976931348623158e+101 2.1572317618347787e+101 2.516770388807242e+101 2.876309015779705e+101 3.2358476427521683e+101 19
3.5953862697246314e+100 7.190772539449263e+100 1.0786158809173893e+101 1.4381545078898526e+101 1.7976931348623158e+101 2.1572317618347787e+101 2.516770388807242e+101 2.876309015779705e+101 3.2358476427521683e+101 20
1.7976931348623157e+100 5.393079404586947e+100 8.988465674311579e+100 1.258385194403621e+101 1.7976931348623158e+101 2.516770388807242e+101 2.876309015779705e+101 3.2358476427521683e+101 19
3.5953862697246314e+100 7.190772539449263e+100 1.0786158809173893e+101 1.4381545078898526e+101 1.7976931348623158e+101 2.1572317618347787e+101 2.516770388807242e+101 2.876309015779705e+101 3.2358476427521683e+101 20
3.5953862697246314e+100 5.393079404586947e+100 8.988465674311579e+100 1.258385194403621e+101 1.7976931348623158e+101 2.1572317618347787e+101 1.576006924325044e+256 2.876309015779705e+101 3.2358476427521683e+101 19
3.5953862697246314e+100 7.190772539449263e+100 1.0786158809173893e+101 1.258385194403621e+101 1.7976931348623158e+101 2.1572317618347787e+101 1.576006924325044e+256 2.876309015779705e+101 3.2358476427521683e+101 19
3.5953862697246314e+100 5.393079404586947e+100 1.0786158809173893e+101 1.258385194403621e+101 1.7976931348623158e+101 2.1572317618347787e+101 1.576006924325044e+256 2.876309015779705e+101 3.2358476427521683e+101 19
1.7976931348623157e+100 5.393079404586947e+100 8.988465674311579e+100 1.4381545078898526e+101 1.7976931348623158e+101 2.1572317618347787e+101 1.576006924325044e+256 2.876309015779705e+101 3.2358476427521683e+101 19
1.7976931348623157e+100 7.190772539449263e+100 1.0786158809173893e+101 1.258385194403621e+101 1.7976931348623158e+101 2.1572317618347787e+101 2.516770388807242e+101 2.876309015779705e+101 3.2358476427521683e+101 19
3.5953862697246314e+100 7.190772539449263e+100 1.0786158809173893e+101 1.4381545078898526e+101 1.7976931348623158e+101 2.1572317618347787e+101 2.516770388807242e+101 2.876309015779705e+101 3.2358476427521683e+101 20
3.5953862697246314e+100 7.190772539449263e+100 1.0786158809173893e+101 1.4381545078898526e+101 1.7976931348623158e+101 2.1572317618347787e+101 2.516770388807242e+101 2.876309015779705e+101 3.2358476427521683e+101 20
1.7976931348623157e+100 5.393079404586947e+100 8.988465674311579e+100 1.258385194403621e+101 1.7976931348623158e+101 2.1572317618347787e+101 1.576006924325044e+256 2.876309015779705e+101 3.2358476427521683e+101 19
1.7976931348623157e+100 5.393079404586947e+100 1.0786158809173893e+101 1.258385194403621e+101 1.7976931348623158e+101 2.516770388807242e+101 2.876309015779705e+101 3.2358476427521683e+101 19
3.5953862697246314e+100 5.393079404586947e+100 1.0786158809173893e+101 1.258385194403621e+101 1.7976931348623158e+101 2.1572317618347787e+101 2.516770388807242e+101 2.876309015779705e+101 3.2358476427521683e+101 19
3.5953862697246314e+100 7.190772539449263e+100 1.0786158809173893e+101 1.4381545078898526e+101 1.7976931348623158e+101 2.1572317618347787e+101 2.516770388807242e+101 2.876309015779705e+101 3.2358476427521683e+101 20
1.7976931348623157e+100 7.190772539449263e+100 1.0786158809173893e+101 1.258385194403621e+101 1.7976931348623158e+101 2.1572317618347787e+101 2.516770388807242e+101 2.876309015779705e+101 3.2358476427521683e+101 19
3.5953862697246314e+100 7.190772539449263e+100 1.0786158809173893e+101 1.258385194403621e+101 1.7976931348623158e+101 2.1572317618347787e+101 1.576006924325044e+256 2.876309015779705e+101 3.2358476427521683e+101 19
3.5953862697246314e+100 7.190772539449263e+100 1.0786158809173893e+101 1.4381545078898526e+101 1.7976931348623158e+101 2.1572317618347787e+101 2.516770388807242e+101 2.876309015779705e+101 3.2358476427521683e+101 20
1.7976931348623157e+100 5.393079404586947e+100 8.988465674311579e+100 1.258385194403621e+101 1.7976931348623158e+101 2.1572317618347787e+101 1.576006924325044e+256 2.876309015779705e+101 3.2358476427521683e+101 19
3.5953862697246314e+100 7.190772539449263e+100 1.0786158809173893e+101 1.258385194403621e+101 1.7976931348623158e+101 2.1572317618347787e+101 1.576006924325044e+256 2.876309015779705e+101 3.2358476427521683e+101 19
1.7976931348623157e+100 5.393079404586947e+100 8.988465674311579e+100 1.258385194403621e+101 1.7976931348623158e+101 2.1572317618347787e+101 1.576006924325044e+256 2.876309015779705e+101 3.2358476427521683e+101 19
1.7976931348623157e+100 7.190772539449263e+100 1.0786158809173893e+101 1.4381545078898526e+101 1.7976931348623158e+101 2.1572317618347787e+101 2.516770388807242e+101 2.876309015779705e+101 3.2358476427521683e+101 20
3.5953862697246314e+100 7.190772539449263e+100 1.0786158809173893e+101 1.4381545078898526e+101 1.7976931348623158e+101 2.1572317618347787e+101 2.516770388807242e+101 2.876309015779705e+101 3.2358476427521683e+101 20
1.7976931348623157e+100 5.393079404586947e+100 1.0786158809173893e+101 1.258385194403621e+101 1.7976931348623158e+101 2.1572317618347787e+101 2.516770388807242e+101 2.876309015779705e+101 3.2358476427521683e+101 19
1.7976931348623157e+100 5.393079404586947e+100 8.988465674311579e+100 1.258385194403621e+101 1.7976931348623158e+101 2.1572317618347787e+101 1.576006924325044e+256 2.876309015779705e+101 3.2358476427521683e+101 19
1.7976931348623157e+100 5.393079404586947e+100 8.988465674311579e+100 1.258385194403621e+101 1.7976931348623158e+101 2.1572317618347787e+101 2.516770388807242e+101 2.876309015779705e+101 3.2358476427521683e+101 19
1.7976931348623157e+100 5.393079404586947e+100 8.988465674311579e+100 1.258385194403621e+101 1.7976931348623158e+101 2.1572317618347787e+101 2.516770388807242e+101 2.876309015779705e+101 3.2358476427521683e+101 19
3.5953862697246314e+100 5.393079404586947e+100 8.988465674311579e+100 1.258385194403621e+101 1.7976931348623158e+101 2.1572317618347787e+101 2.516770388807242e+101 2.876309015779705e+101 3.2358476427521683e+101 19
3.5953862697246314e+100 5.393079404586947e+100 8.988465674311579e+100 1.258385194403621e+101 1.7976931348623158e+101 2.1572317618347787e+101 1.576006924325044e+256 2.876309015779705e+101 3.2358476427521683e+101 19
3.5953862697246314e+100 7.190772539449263e+100 1.0786158809173893e+101 1.4381545078898526e+101 1.7976931348623158e+101 2.1572317618347787e+101 2.516770388807242e+101 2.876309015779705e+101 3.2358476427521683e+101 20
3.5953862697246314e+100 7.190772539449263e+100 1.0786158809173893e+101 1.4381545078898526e+101 1.7976931348623158e+101 2.1572317618347787e+101 2.516770388807242e+101 2.876309015779705e+101 3.2358476427521683e+101 20
3.5953862697246314e+100 7.190772539449263e+100 1.0786158809173893e+101 1.4381545078898526e+101 1.7976931348623158e+101 2.1572317618347787e+101 2.516770388807242e+101 2.876309015779705e+101 3.2358476427521683e+101 20
1.7976931348623157e+100 7.190772539449263e+100 1.0786158809173893e+101 1.4381545078898526e+101 1.7976931348623158e+101 2.1572317618347787e+101 2.516770388807242e+101 2.876309015779705e+101 3.2358476427521683e+101 19
1.7976931348623157e+100 7.190772539449263e+100 1.0786158809173893e+101 1.4381545078898526e+101 1.7976931348623158e+101 2.1572317618347787e+101 2.516770388807242e+101 2.876309015779705e+101 3.2358476427521683e+101 20
3.5953862697246314e+100 7.190772539449263e+100 1.0786158809173893e+101 1.4381545078898526e+101 1.7976931348623158e+101 2.1572317618347787e+101 2.516770388807242e+101 2.876309015779705e+101 3.2358476427521683e+101 20
3.5953862697246314e+100 5.393079404586947e+100 1.0786158809173893e+101 1.258385194403621e+101 1.7976931348623158e+101 2.1572317618347787e+101 2.516770388807242e+101 2.876309015779705e+101 3.2358476427521683e+101 19
3.5953862697246314e+100 7.190772539449263e+100 1.0786158809173893e+101 1.258385194403621e+101 1.7976931348623158e+101 2.1572317618347787e+101 2.516770388807242e+101 2.876309015779705e+101 3.2358476427521683e+101 19
3.5953862697246314e+100 7.190772539449263e+100 1.0786158809173893e+101 1.4381545078898526e+101 1.7976931348623158e+101 2.1572317618347787e+101 2.516770388807242e+101 2.876309015779705e+101 3.2358476427521683e+101 20
