1368.4884977029797 2.6057644310035613e-17 0.0014419091161516255 1.2994755314188982e-11 3.8479243690430345e-05 2.8519087465293384e-31 3.092348034116318e-09 8.159699235176632e-22 6.2098696082272986e-12 46
3.010769058271962e-28 6.675467378268845e-09 1.0449519333585026e-12 1.2994755314188982e-11 3.8479243690430345e-05 0.27082928475944573 1.9173456572955052e-13 8.159699235176632e-22 6.2098696082272986e-12 43
3.010769058271962e-28 6.675467378268845e-09 1.0449519333585026e-12 1.2994755314188982e-11 1.9778113219770383e-06 2.8519087465293384e-31 1.9173456572955052e-13 8.159699235176632e-22 6.2098696082272986e-12 43
3.010769058271962e-28 2.6057644310035613e-17 1.091409020413201e-16 3.8553103659796976e-13 1.8880138765686478e-05 2.8519087465293384e-31 5.207846475422968e-16 8.159699235176632e-22 6.2098696082272986e-12 48
1368.4884977029797 6.675467378268845e-09 1.4857258035461796e-10 1.2994755314188982e-11 1.9778113219770383e-06 1196466.7376800168 368.73740594199444 1.7541987870181843e-09 3.6385128296281457e-25 43
3.010769058271962e-28 1.323821968959444e-14 1.091409020413201e-16 1.4763689303674605e-16 3.8479243690430345e-05 5.1527856966260025e-09 5.207846475422968e-16 1.7541987870181843e-09 6.2098696082272986e-12 48
1368.4884977029797 6.675467378268845e-09 1.0449519333585026e-12 1.2994755314188982e-11 1.9778113219770383e-06 1196466.7376800168 5.207846475422968e-16 8.159699235176632e-22 0.004166793645255563 42
1368.4884977029797 6.675467378268845e-09 1.0449519333585026e-12 3.8553103659796976e-13 1.9778113219770383e-06 2.8519087465293384e-31 5.207846475422968e-16 8.159699235176632e-22 3.6385128296281457e-25 43
8.799815899212035e-18 1.323821968959444e-14 0.0014419091161516255 3.8553103659796976e-13 3.62172796662309e-10 0.27082928475944573 5.207846475422968e-16 1.7541987870181843e-09 6.2098696082272986e-12 48
3.010769058271962e-28 6.675467378268845e-09 1.0449519333585026e-12 1.2994755314188982e-11 1.9778113219770383e-06 2.8519087465293384e-31 1.9173456572955052e-13 8.159699235176632e-22 6.2098696082272986e-12 43
8.799815899212035e-18 2.6057644310035613e-17 1.091409020413201e-16 3.8553103659796976e-13 3.8479243690430345e-05 5.1527856966260025e-09 3.092348034116318e-09 8.159699235176632e-22 6.2098696082272986e-12 43
1368.4884977029797 6.675467378268845e-09 1.0449519333585026e-12 3.8553103659796976e-13 1.9778113219770383e-06 3.3674091333121547e-06 5.207846475422968e-16 1.05 3.6385128296281457e-25 44
1368.4884977029797 1.323821968959444e-14 1.091409020413201e-16 1.4763689303674605e-16 1.9778113219770383e-06 5.1527856966260025e-09 368.73740594199444 8.159699235176632e-22 6.2098696082272986e-12 47
1368.4884977029797 6.675467378268845e-09 1.0449519333585026e-12 3.8553103659796976e-13 1.9778113219770383e-06 3.3674091333121547e-06 368.73740594199444 8.159699235176632e-22 0.004166793645255563 42
3.010769058271962e-28 0.0033064736281270936 1.0449519333585026e-12 1.4763689303674605e-16 3.8479243690430345e-05 2.8519087465293384e-31 1.9173456572955052e-13 8.159699235176632e-22 3.6385128296281457e-25 43
1368.4884977029797 1.323821968959444e-14 1.0449519333585026e-12 1.4763689303674605e-16 3.62172796662309e-10 2.8519087465293384e-31 1.9173456572955052e-13 1.7541987870181843e-09 6.2098696082272986e-12 48
3.010769058271962e-28 0.0033064736281270936 1.0449519333585026e-12 1.2994755314188982e-11 1.0549805749421599e-15 2.8519087465293384e-31 1.9173456572955052e-13 8.159699235176632e-22 3.6385128296281457e-25 42
1368.4884977029797 6.675467378268845e-09 1.0449519333585026e-12 3.8553103659796976e-13 1.9778113219770383e-06 2.8519087465293384e-31 5.207846475422968e-16 8.159699235176632e-22 6.2098696082272986e-12 42
1368.4884977029797 1.323821968959444e-14 1.0449519333585026e-12 3.8553103659796976e-13 3.62172796662309e-10 0.27082928475944573 3.400980678500241e-05 8.159699235176632e-22 3.6385128296281457e-25 44
1368.4884977029797 6.675467378268845e-09 1.0449519333585026e-12 3.8553103659796976e-13 1.0549805749421599e-15 1196466.7376800168 5.207846475422968e-16 8.159699235176632e-22 3.6385128296281457e-25 43
1368.4884977029797 0.0033064736281270936 1.0449519333585026e-12 3.8553103659796976e-13 3.8479243690430345e-05 2.8519087465293384e-31 5.207846475422968e-16 8.159699235176632e-22 0.004166793645255563 42
3.010769058271962e-28 6.675467378268845e-09 1.0449519333585026e-12 3.8553103659796976e-13 1.9778113219770383e-06 1196466.7376800168 5.207846475422968e-16 8.159699235176632e-22 6.2098696082272986e-12 42
1368.4884977029797 0.0033064736281270936 1.0449519333585026e-12 3.8553103659796976e-13 1.0549805749421599e-15 2.8519087465293384e-31 5.207846475422968e-16 8.159699235176632e-22 6.2098696082272986e-12 42
1368.4884977029797 6.675467378268845e-09 1.0449519333585026e-12 3.8553103659796976e-13 1.9778113219770383e-06 3.3674091333121547e-06 368.73740594199444 8.159699235176632e-22 0.004166793645255563 42
8.799815899212035e-18 6.675467378268845e-09 1.091409020413201e-16 3.8553103659796976e-13 3.62172796662309e-10 0.27082928475944573 3.092348034116318e-09 8.159699235176632e-22 3.6385128296281457e-25 43
1368.4884977029797 6.675467378268845e-09 0.8594543940250974 3.8553103659796976e-13 1.9778113219770383e-06 2.8519087465293384e-31 1.9173456572955052e-13 8.159699235176632e-22 3.6385128296281457e-25 43
1368.4884977029797 1.323821968959444e-14 1.091409020413201e-16 1.2994755314188982e-11 3.62172796662309e-10 0.27082928475944573 3.092348034116318e-09 8.159699235176632e-22 3.6385128296281457e-25 43
3.010769058271962e-28 2.6057644310035613e-17 1.091409020413201e-16 3.8553103659796976e-13 1.8880138765686478e-05 2.8519087465293384e-31 5.207846475422968e-16 8.159699235176632e-22 6.2098696082272986e-12 48
1368.4884977029797 6.675467378268845e-09 1.0449519333585026e-12 3.8553103659796976e-13 1.9778113219770383e-06 3.3674091333121547e-06 368.73740594199444 8.159699235176632e-22 0.004166793645255563 42
3.010769058271962e-28 1.323821968959444e-14 1.091409020413201e-16 1.4763689303674605e-16 3.8479243690430345e-05 5.1527856966260025e-09 5.207846475422968e-16 1.7541987870181843e-09 6.2098696082272986e-12 48
1368.4884977029797 6.675467378268845e-09 1.0449519333585026e-12 1.2994755314188982e-11 1.9778113219770383e-06 2.8519087465293384e-31 5.207846475422968e-16 8.159699235176632e-22 6.2098696082272986e-12 42
3.010769058271962e-28 6.675467378268845e-09 1.0449519333585026e-12 1.2994755314188982e-11 1.9778113219770383e-06 2.8519087465293384e-31 1.9173456572955052e-13 8.159699235176632e-22 3.6385128296281457e-25 43
3.010769058271962e-28 2.6057644310035613e-17 1.091409020413201e-16 3.8553103659796976e-13 1.8880138765686478e-05 2.8519087465293384e-31 5.207846475422968e-16 8.159699235176632e-22 6.2098696082272986e-12 48
1368.4884977029797 0.0033064736281270936 1.091409020413201e-16 1.2994755314188982e-11 3.8479243690430345e-05 0.27082928475944573 3.092348034116318e-09 8.159699235176632e-22 6.2098696082272986e-12 46
0.03 6.675467378268845e-09 1.0449519333585026e-12 3.8553103659796976e-13 1.0549805749421599e-15 2.8519087465293384e-31 5.207846475422968e-16 8.159699235176632e-22 3.6385128296281457e-25 42
3.010769058271962e-28 6.675467378268845e-09 1.0449519333585026e-12 3.8553103659796976e-13 1.9778113219770383e-06 2.8519087465293384e-31 5.207846475422968e-16 8.159699235176632e-22 6.2098696082272986e-12 44
1368.4884977029797 6.675467378268845e-09 1.0449519333585026e-12 3.8553103659796976e-13 1.9778113219770383e-06 1196466.7376800168 5.207846475422968e-16 8.159699235176632e-22 6.2098696082272986e-12 43
1368.4884977029797 0.0033064736281270936 1.0449519333585026e-12 3.8553103659796976e-13 3.8479243690430345e-05 2.8519087465293384e-31 5.207846475422968e-16 8.159699235176632e-22 0.004166793645255563 42
3.010769058271962e-28 6.675467378268845e-09 1.0449519333585026e-12 3.8553103659796976e-13 1.0549805749421599e-15 1196466.7376800168 5.207846475422968e-16 8.159699235176632e-22 6.2098696082272986e-12 44
3.010769058271962e-28 1.323821968959444e-14 1.091409020413201e-16 1.4763689303674605e-16 1.9778113219770383e-06 5.1527856966260025e-09 368.73740594199444 1.7541987870181843e-09 6.2098696082272986e-12 48
1368.4884977029797 6.675467378268845e-09 1.091409020413201e-16 3.8553103659796976e-13 1.8880138765686478e-05 5.1527856966260025e-09 3.092348034116318e-09 8.159699235176632e-22 6.2098696082272986e-12 43
1368.4884977029797 6.675467378268845e-09 1.0449519333585026e-12 1.2994755314188982e-11 1.9778113219770383e-06 2.8519087465293384e-31 5.207846475422968e-16 8.159699235176632e-22 3.6385128296281457e-25 43
3.010769058271962e-28 6.675467378268845e-09 1.0449519333585026e-12 1.2994755314188982e-11 1.9778113219770383e-06 2.8519087465293384e-31 1.9173456572955052e-13 8.159699235176632e-22 3.6385128296281457e-25 43
1368.4884977029797 1.323821968959444e-14 0.8594543940250974 3.8553103659796976e-13 3.62172796662309e-10 3.3674091333121547e-06 368.73740594199444 8.159699235176632e-22 6.2098696082272986e-12 42
1368.4884977029797 6.675467378268845e-09 1.0449519333585026e-12 3.8553103659796976e-13 1.9778113219770383e-06 3.3674091333121547e-06 368.73740594199444 8.159699235176632e-22 6.2098696082272986e-12 42
1368.4884977029797 1.323821968959444e-14 1.091409020413201e-16 3.8553103659796976e-13 3.8479243690430345e-05 5.1527856966260025e-09 3.092348034116318e-09 8.159699235176632e-22 6.2098696082272986e-12 47
1368.4884977029797 0.0033064736281270936 1.0449519333585026e-12 1.2994755314188982e-11 1.0549805749421599e-15 2.8519087465293384e-31 5.207846475422968e-16 8.159699235176632e-22 6.2098696082272986e-12 42
3.010769058271962e-28 1.323821968959444e-14 0.0014419091161516255 1.4763689303674605e-16 1.0549805749421599e-15 5.1527856966260025e-09 5.207846475422968e-16 1.7541987870181843e-09 6.2098696082272986e-12 48
1368.4884977029797 1.323821968959444e-14 1.091409020413201e-16 1.4763689303674605e-16 3.8479243690430345e-05 5.1527856966260025e-09 5.207846475422968e-16 1.7541987870181843e-09 6.2098696082272986e-12 48
1368.4884977029797 6.675467378268845e-09 1.0449519333585026e-12 3.8553103659796976e-13 1.9778113219770383e-06 3.3674091333121547e-06 368.73740594199444 8.159699235176632e-22 6.2098696082272986e-12 42
3.010769058271962e-28 1.323821968959444e-14 1.0449519333585026e-12 1.4763689303674605e-16 3.62172796662309e-10 3.3674091333121547e-06 1.9173456572955052e-13 8.159699235176632e-22 3.6385128296281457e-25 43
1368.4884977029797 1.323821968959444e-14 0.8594543940250974 3.8553103659796976e-13 3.62172796662309e-10 3.3674091333121547e-06 368.73740594199444 8.159699235176632e-22 6.2098696082272986e-12 42
1368.4884977029797 6.675467378268845e-09 1.0449519333585026e-12 3.8553103659796976e-13 1.9778113219770383e-06 2.8519087465293384e-31 5.207846475422968e-16 8.159699235176632e-22 6.2098696082272986e-12 43
1368.4884977029797 1.323821968959444e-14 1.0449519333585026e-12 3.8553103659796976e-13 3.62172796662309e-10 1196466.7376800168 5.207846475422968e-16 1.05 6.2098696082272986e-12 42
1368.4884977029797 6.675467378268845e-09 1.0449519333585026e-12 3.8553103659796976e-13 1.9778113219770383e-06 3.3674091333121547e-06 368.73740594199444 8.159699235176632e-22 6.2098696082272986e-12 42
1368.4884977029797 6.675467378268845e-09 1.0449519333585026e-12 3.8553103659796976e-13 1.9778113219770383e-06 2.8519087465293384e-31 1.9173456572955052e-13 8.159699235176632e-22 6.2098696082272986e-12 42
3.010769058271962e-28 6.675467378268845e-09 1.0449519333585026e-12 1.2994755314188982e-11 3.8479243690430345e-05 2.8519087465293384e-31 1.9173456572955052e-13 8.159699235176632e-22 3.6385128296281457e-25 42
3.010769058271962e-28 6.675467378268845e-09 1.0449519333585026e-12 1.2994755314188982e-11 3.8479243690430345e-05 0.27082928475944573 1.9173456572955052e-13 8.159699235176632e-22 6.2098696082272986e-12 43
1368.4884977029797 1.323821968959444e-14 1.091409020413201e-16 1.2994755314188982e-11 3.62172796662309e-10 0.27082928475944573 3.092348034116318e-09 8.159699235176632e-22 3.6385128296281457e-25 43
1368.4884977029797 0.0033064736281270936 1.0449519333585026e-12 3.8553103659796976e-13 1.0549805749421599e-15 2.8519087465293384e-31 5.207846475422968e-16 8.159699235176632e-22 6.2098696082272986e-12 42
3.010769058271962e-28 6.675467378268845e-09 1.0449519333585026e-12 3.8553103659796976e-13 1.9778113219770383e-06 1196466.7376800168 5.207846475422968e-16 8.159699235176632e-22 6.2098696082272986e-12 43
1368.4884977029797 6.675467378268845e-09 1.4857258035461796e-10 1.2994755314188982e-11 1.9778113219770383e-06 1196466.7376800168 368.73740594199444 8.159699235176632e-22 3.6385128296281457e-25 43
1368.4884977029797 6.675467378268845e-09 0.8594543940250974 3.8553103659796976e-13 1.9778113219770383e-06 2.8519087465293384e-31 5.207846475422968e-16 8.159699235176632e-22 6.2098696082272986e-12 43
3.010769058271962e-28 0.0033064736281270936 1.0449519333585026e-12 1.2994755314188982e-11 1.0549805749421599e-15 2.8519087465293384e-31 1.9173456572955052e-13 8.159699235176632e-22 3.6385128296281457e-25 42
3.010769058271962e-28 1.323821968959444e-14 1.091409020413201e-16 1.4763689303674605e-16 1.0549805749421599e-15 3.3674091333121547e-06 3.400980678500241e-05 1.7541987870181843e-09 6.2098696082272986e-12 48
1368.4884977029797 1.323821968959444e-14 1.0449519333585026e-12 3.8553103659796976e-13 3.62172796662309e-10 3.3674091333121547e-06 368.73740594199444 8.159699235176632e-22 6.2098696082272986e-12 44
1368.4884977029797 0.0033064736281270936 1.0449519333585026e-12 3.8553103659796976e-13 1.0549805749421599e-15 2.8519087465293384e-31 5.207846475422968e-16 8.159699235176632e-22 6.2098696082272986e-12 42
3.010769058271962e-28 6.675467378268845e-09 1.0449519333585026e-12 1.2994755314188982e-11 1.0549805749421599e-15 2.8519087465293384e-31 1.9173456572955052e-13 8.159699235176632e-22 3.6385128296281457e-25 43
1368.4884977029797 6.675467378268845e-09 1.4857258035461796e-10 3.8553103659796976e-13 1.9778113219770383e-06 1196466.7376800168 3.400980678500241e-05 8.159699235176632e-22 6.2098696082272986e-12 42
1368.4884977029797 6.675467378268845e-09 1.0449519333585026e-12 3.8553103659796976e-13 1.0549805749421599e-15 2.8519087465293384e-31 5.207846475422968e-16 8.159699235176632e-22 6.2098696082272986e-12 42
1368.4884977029797 6.675467378268845e-09 1.0449519333585026e-12 3.8553103659796976e-13 1.9778113219770383e-06 2.8519087465293384e-31 5.207846475422968e-16 8.159699235176632e-22 3.6385128296281457e-25 42
3.010769058271962e-28 1.323821968959444e-14 1.091409020413201e-16 1.4763689303674605e-16 3.8479243690430345e-05 5.1527856966260025e-09 5.207846475422968e-16 1.7541987870181843e-09 6.2098696082272986e-12 48
3.010769058271962e-28 6.675467378268845e-09 1.0449519333585026e-12 1.2994755314188982e-11 1.0549805749421599e-15 2.8519087465293384e-31 1.9173456572955052e-13 8.159699235176632e-22 3.6385128296281457e-25 43
3.010769058271962e-28 6.675467378268845e-09 1.0449519333585026e-12 1.2994755314188982e-11 1.0549805749421599e-15 2.8519087465293384e-31 1.9173456572955052e-13 8.159699235176632e-22 3.6385128296281457e-25 43
1368.4884977029797 6.675467378268845e-09 1.0449519333585026e-12 3.8553103659796976e-13 1.9778113219770383e-06 3.3674091333121547e-06 368.73740594199444 8.159699235176632e-22 6.2098696082272986e-12 42
3.010769058271962e-28 0.0033064736281270936 1.0449519333585026e-12 1.2994755314188982e-11 3.8479243690430345e-05 2.8519087465293384e-31 1.9173456572955052e-13 8.159699235176632e-22 6.2098696082272986e-12 43
1368.4884977029797 6.675467378268845e-09 1.0449519333585026e-12 1.2994755314188982e-11 1.9778113219770383e-06 1196466.7376800168 5.207846475422968e-16 8.159699235176632e-22 0.004166793645255563 42
3.010769058271962e-28 1.323821968959444e-14 1.0449519333585026e-12 3.8553103659796976e-13 1.0549805749421599e-15 0.27082928475944573 1.9173456572955052e-13 8.159699235176632e-22 3.6385128296281457e-25 43
1368.4884977029797 6.675467378268845e-09 1.0449519333585026e-12 1.2994755314188982e-11 1.9778113219770383e-06 2.8519087465293384e-31 1.9173456572955052e-13 8.159699235176632e-22 6.2098696082272986e-12 43
3.010769058271962e-28 6.675467378268845e-09 1.0449519333585026e-12 1.4763689303674605e-16 1.9778113219770383e-06 2.8519087465293384e-31 1.9173456572955052e-13 8.159699235176632e-22 6.2098696082272986e-12 43
3.010769058271962e-28 0.0033064736281270936 1.4857258035461796e-10 1.2994755314188982e-11 3.8479243690430345e-05 2.8519087465293384e-31 5.207846475422968e-16 8.159699235176632e-22 6.2098696082272986e-12 43
1368.4884977029797 6.675467378268845e-09 1.0449519333585026e-12 3.8553103659796976e-13 1.9778113219770383e-06 3.3674091333121547e-06 368.73740594199444 8.159699235176632e-22 6.2098696082272986e-12 42
3.010769058271962e-28 0.0033064736281270936 1.4857258035461796e-10 1.2994755314188982e-11 3.8479243690430345e-05 2.8519087465293384e-31 5.207846475422968e-16 1.05 3.6385128296281457e-25 43
3.010769058271962e-28 0.0033064736281270936 1.4857258035461796e-10 1.2994755314188982e-11 3.8479243690430345e-05 2.8519087465293384e-31 5.207846475422968e-16 8.159699235176632e-22 6.2098696082272986e-12 43
1368.4884977029797 1.323821968959444e-14 1.091409020413201e-16 1.4763689303674605e-16 1.9778113219770383e-06 5.1527856966260025e-09 368.73740594199444 8.159699235176632e-22 6.2098696082272986e-12 47
1368.4884977029797 6.675467378268845e-09 1.0449519333585026e-12 3.8553103659796976e-13 1.0549805749421599e-15 3.3674091333121547e-06 5.207846475422968e-16 8.159699235176632e-22 6.2098696082272986e-12 44
3.010769058271962e-28 6.675467378268845e-09 1.0449519333585026e-12 1.2994755314188982e-11 1.0549805749421599e-15 2.8519087465293384e-31 1.9173456572955052e-13 8.159699235176632e-22 6.2098696082272986e-12 43
0.03 6.675467378268845e-09 1.0449519333585026e-12 3.8553103659796976e-13 1.0549805749421599e-15 2.8519087465293384e-31 5.207846475422968e-16 8.159699235176632e-22 3.6385128296281457e-25 42
1368.4884977029797 1.323821968959444e-14 1.4857258035461796e-10 1.4763689303674605e-16 3.62172796662309e-10 2.8519087465293384e-31 368.73740594199444 8.159699235176632e-22 6.2098696082272986e-12 48
1368.4884977029797 6.675467378268845e-09 0.8594543940250974 3.8553103659796976e-13 3.62172796662309e-10 3.3674091333121547e-06 5.207846475422968e-16 8.159699235176632e-22 6.2098696082272986e-12 42
1368.4884977029797 0.0033064736281270936 1.0449519333585026e-12 3.8553103659796976e-13 3.8479243690430345e-05 2.8519087465293384e-31 5.207846475422968e-16 8.159699235176632e-22 6.2098696082272986e-12 42
1368.4884977029797 0.0033064736281270936 1.0449519333585026e-12 3.8553103659796976e-13 1.0549805749421599e-15 2.8519087465293384e-31 5.207846475422968e-16 8.159699235176632e-22 3.6385128296281457e-25 42
1368.4884977029797 6.675467378268845e-09 1.0449519333585026e-12 3.8553103659796976e-13 1.0549805749421599e-15 3.3674091333121547e-06 5.207846475422968e-16 8.159699235176632e-22 6.2098696082272986e-12 44
8.799815899212035e-18 1.323821968959444e-14 1.4857258035461796e-10 3.8553103659796976e-13 3.62172796662309e-10 3.3674091333121547e-06 3.092348034116318e-09 8.159699235176632e-22 6.2098696082272986e-12 43
1368.4884977029797 6.675467378268845e-09 1.0449519333585026e-12 3.8553103659796976e-13 1.9778113219770383e-06 3.3674091333121547e-06 5.207846475422968e-16 8.159699235176632e-22 6.2098696082272986e-12 44
1368.4884977029797 6.675467378268845e-09 1.4857258035461796e-10 3.8553103659796976e-13 1.9778113219770383e-06 5.1527856966260025e-09 368.73740594199444 8.159699235176632e-22 6.2098696082272986e-12 47
1368.4884977029797 0.0033064736281270936 1.4857258035461796e-10 1.2994755314188982e-11 1.0549805749421599e-15 2.8519087465293384e-31 3.400980678500241e-05 8.159699235176632e-22 6.2098696082272986e-12 43
8.799815899212035e-18 1.323821968959444e-14 1.0449519333585026e-12 3.8553103659796976e-13 3.62172796662309e-10 3.3674091333121547e-06 368.73740594199444 8.159699235176632e-22 3.6385128296281457e-25 42
1368.4884977029797 6.675467378268845e-09 1.0449519333585026e-12 3.8553103659796976e-13 1.9778113219770383e-06 0.27082928475944573 368.73740594199444 8.159699235176632e-22 3.6385128296281457e-25 42
3.010769058271962e-28 6.675467378268845e-09 1.0449519333585026e-12 1.2994755314188982e-11 3.8479243690430345e-05 2.8519087465293384e-31 1.9173456572955052e-13 8.159699235176632e-22 3.6385128296281457e-25 42
1368.4884977029797 6.675467378268845e-09 1.0449519333585026e-12 3.8553103659796976e-13 1.9778113219770383e-06 3.3674091333121547e-06 5.207846475422968e-16 1.05 3.6385128296281457e-25 44
3.010769058271962e-28 1.323821968959444e-14 1.091409020413201e-16 1.4763689303674605e-16 1.9778113219770383e-06 5.1527856966260025e-09 368.73740594199444 1.7541987870181843e-09 6.2098696082272986e-12 48
1368.4884977029797 0.0033064736281270936 1.0449519333585026e-12 3.8553103659796976e-13 1.0549805749421599e-15 2.8519087465293384e-31 5.207846475422968e-16 8.159699235176632e-22 6.2098696082272986e-12 42
1368.4884977029797 6.675467378268845e-09 0.8594543940250974 3.8553103659796976e-13 1.9778113219770383e-06 2.8519087465293384e-31 1.9173456572955052e-13 8.159699235176632e-22 3.6385128296281457e-25 43
1368.4884977029797 6.675467378268845e-09 1.0449519333585026e-12 3.8553103659796976e-13 1.9778113219770383e-06 3.3674091333121547e-06 368.73740594199444 8.159699235176632e-22 6.2098696082272986e-12 42
1368.4884977029797 1.323821968959444e-14 1.091409020413201e-16 1.4763689303674605e-16 1.9778113219770383e-06 5.1527856966260025e-09 368.73740594199444 8.159699235176632e-22 6.2098696082272986e-12 47
1368.4884977029797 6.675467378268845e-09 1.0449519333585026e-12 3.8553103659796976e-13 1.0549805749421599e-15 2.8519087465293384e-31 5.207846475422968e-16 8.159699235176632e-22 6.2098696082272986e-12 42
1368.4884977029797 1.323821968959444e-14 1.0449519333585026e-12 3.8553103659796976e-13 1.9778113219770383e-06 1196466.7376800168 5.207846475422968e-16 8.159699235176632e-22 6.2098696082272986e-12 42
1368.4884977029797 1.323821968959444e-14 1.0449519333585026e-12 3.8553103659796976e-13 3.62172796662309e-10 0.27082928475944573 3.400980678500241e-05 8.159699235176632e-22 3.6385128296281457e-25 44
3.010769058271962e-28 1.323821968959444e-14 1.091409020413201e-16 1.4763689303674605e-16 1.0549805749421599e-15 5.1527856966260025e-09 5.207846475422968e-16 1.7541987870181843e-09 6.2098696082272986e-12 48
1368.4884977029797 6.675467378268845e-09 1.0449519333585026e-12 3.8553103659796976e-13 1.9778113219770383e-06 2.8519087465293384e-31 1.9173456572955052e-13 8.159699235176632e-22 6.2098696082272986e-12 42
1368.4884977029797 6.675467378268845e-09 1.4857258035461796e-10 1.2994755314188982e-11 1.0549805749421599e-15 2.8519087465293384e-31 5.207846475422968e-16 1.05 6.2098696082272986e-12 43
8.799815899212035e-18 2.6057644310035613e-17 1.091409020413201e-16 3.8553103659796976e-13 1.0549805749421599e-15 5.1527856966260025e-09 3.092348034116318e-09 8.159699235176632e-22 6.2098696082272986e-12 43
1368.4884977029797 6.675467378268845e-09 1.0449519333585026e-12 3.8553103659796976e-13 1.9778113219770383e-06 3.3674091333121547e-06 5.207846475422968e-16 8.159699235176632e-22 6.2098696082272986e-12 42
3.010769058271962e-28 1.323821968959444e-14 1.091409020413201e-16 1.4763689303674605e-16 3.8479243690430345e-05 5.1527856966260025e-09 5.207846475422968e-16 1.7541987870181843e-09 3.6385128296281457e-25 48
1368.4884977029797 1.323821968959444e-14 0.8594543940250974 3.8553103659796976e-13 3.62172796662309e-10 5.1527856966260025e-09 368.73740594199444 8.159699235176632e-22 6.2098696082272986e-12 42
1368.4884977029797 6.675467378268845e-09 1.0449519333585026e-12 3.8553103659796976e-13 1.9778113219770383e-06 3.3674091333121547e-06 368.73740594199444 8.159699235176632e-22 6.2098696082272986e-12 42
3.010769058271962e-28 6.675467378268845e-09 1.0449519333585026e-12 3.8553103659796976e-13 1.9778113219770383e-06 1196466.7376800168 5.207846475422968e-16 8.159699235176632e-22 6.2098696082272986e-12 43
3.010769058271962e-28 1.323821968959444e-14 1.091409020413201e-16 1.4763689303674605e-16 1.0549805749421599e-15 3.3674091333121547e-06 5.207846475422968e-16 1.7541987870181843e-09 6.2098696082272986e-12 48
1368.4884977029797 0.0033064736281270936 1.0449519333585026e-12 3.8553103659796976e-13 1.0549805749421599e-15 2.8519087465293384e-31 5.207846475422968e-16 8.159699235176632e-22 6.2098696082272986e-12 42
1368.4884977029797 6.675467378268845e-09 1.091409020413201e-16 1.2994755314188982e-11 3.8479243690430345e-05 3.3674091333121547e-06 3.092348034116318e-09 8.159699235176632e-22 3.6385128296281457e-25 46
3.010769058271962e-28 6.675467378268845e-09 1.0449519333585026e-12 1.2994755314188982e-11 1.0549805749421599e-15 2.8519087465293384e-31 1.9173456572955052e-13 8.159699235176632e-22 6.2098696082272986e-12 43
3.010769058271962e-28 1.323821968959444e-14 0.0014419091161516255 1.4763689303674605e-16 1.0549805749421599e-15 5.1527856966260025e-09 5.207846475422968e-16 1.7541987870181843e-09 6.2098696082272986e-12 48
3.010769058271962e-28 0.0033064736281270936 1.0449519333585026e-12 1.2994755314188982e-11 3.8479243690430345e-05 2.8519087465293384e-31 1.9173456572955052e-13 8.159699235176632e-22 6.2098696082272986e-12 43
8.799815899212035e-18 1.323821968959444e-14 0.0014419091161516255 3.8553103659796976e-13 3.62172796662309e-10 0.27082928475944573 5.207846475422968e-16 1.7541987870181843e-09 6.2098696082272986e-12 48
1368.4884977029797 6.675467378268845e-09 1.0449519333585026e-12 3.8553103659796976e-13 3.8479243690430345e-05 1196466.7376800168 5.207846475422968e-16 8.159699235176632e-22 3.6385128296281457e-25 42
1368.4884977029797 1.323821968959444e-14 1.0449519333585026e-12 3.8553103659796976e-13 3.62172796662309e-10 1196466.7376800168 5.207846475422968e-16 1.05 6.2098696082272986e-12 42
1368.4884977029797 1.323821968959444e-14 1.0449519333585026e-12 3.8553103659796976e-13 1.9778113219770383e-06 1196466.7376800168 5.207846475422968e-16 8.159699235176632e-22 6.2098696082272986e-12 42
1368.4884977029797 1.323821968959444e-14 1.0449519333585026e-12 1.4763689303674605e-16 3.62172796662309e-10 2.8519087465293384e-31 1.9173456572955052e-13 1.7541987870181843e-09 6.2098696082272986e-12 48
3.010769058271962e-28 1.323821968959444e-14 1.091409020413201e-16 1.4763689303674605e-16 1.0549805749421599e-15 5.1527856966260025e-09 5.207846475422968e-16 1.7541987870181843e-09 6.2098696082272986e-12 48
3.010769058271962e-28 6.675467378268845e-09 1.0449519333585026e-12 1.2994755314188982e-11 1.0549805749421599e-15 2.8519087465293384e-31 1.9173456572955052e-13 8.159699235176632e-22 3.6385128296281457e-25 43
1368.4884977029797 6.675467378268845e-09 1.0449519333585026e-12 3.8553103659796976e-13 1.9778113219770383e-06 3.3674091333121547e-06 368.73740594199444 8.159699235176632e-22 6.2098696082272986e-12 42
1368.4884977029797 1.323821968959444e-14 1.091409020413201e-16 1.4763689303674605e-16 1.9778113219770383e-06 5.1527856966260025e-09 3.092348034116318e-09 8.159699235176632e-22 6.2098696082272986e-12 47
1368.4884977029797 6.675467378268845e-09 1.0449519333585026e-12 3.8553103659796976e-13 1.9778113219770383e-06 3.3674091333121547e-06 5.207846475422968e-16 8.159699235176632e-22 6.2098696082272986e-12 42
3.010769058271962e-28 1.323821968959444e-14 1.0449519333585026e-12 1.4763689303674605e-16 3.62172796662309e-10 3.3674091333121547e-06 1.9173456572955052e-13 8.159699235176632e-22 3.6385128296281457e-25 43
1368.4884977029797 1.323821968959444e-14 0.8594543940250974 3.8553103659796976e-13 3.62172796662309e-10 5.1527856966260025e-09 368.73740594199444 8.159699235176632e-22 6.2098696082272986e-12 44
1368.4884977029797 6.675467378268845e-09 1.0449519333585026e-12 3.8553103659796976e-13 1.9778113219770383e-06 2.8519087465293384e-31 5.207846475422968e-16 8.159699235176632e-22 6.2098696082272986e-12 42
