4.8660890600280896e-123 1.9703127920862744e-58 2.3200214493805754e-135 1.122828596610417e-121 2.1845032797476524e-41 4.0549661600729637e-41 2.5326785155923722e-109 1.05 1.1121017695235368e-160 42
4.8660890600280896e-123 5.933536905821569e-28 2.3200214493805754e-135 1.122828596610417e-121 4.152729367917341e-38 1.6931328569260335e-143 2.5326785155923722e-109 1.5363296526347446e-212 2.0825556414173027e-103 43
4.8660890600280896e-123 1.9703127920862744e-58 2.1069359031448193e-92 1.2182135504778718e-89 8.68147183752934e-108 4.032280088146285e-31 1.0329916272249847e-25 1.5363296526347446e-212 1.1121017695235368e-160 47
3.4401899046627636e-124 1.9703127920862744e-58 2.1069359031448193e-92 1.2182135504778718e-89 4.152729367917341e-38 4.032280088146285e-31 2.5326785155923722e-109 4.224668159993583e-51 1.1121017695235368e-160 48
4.8660890600280896e-123 1.5186654121670762e-170 2.0384850764968355e-23 1.122828596610417e-121 2.1845032797476524e-41 3.7494165334784913e-22 1.0329916272249847e-25 1.5363296526347446e-212 2.0825556414173027e-103 42
4.8660890600280896e-123 6.062249336845282e-25 2.3200214493805754e-135 1.122828596610417e-121 3.4159724225502405e-82 1.6931328569260335e-143 2.5326785155923722e-109 1.5363296526347446e-212 1.1121017695235368e-160 42
4.8660890600280896e-123 6.062249336845282e-25 2.3200214493805754e-135 1.122828596610417e-121 3.4159724225502405e-82 1.6931328569260335e-143 2.5326785155923722e-109 1.5363296526347446e-212 1.1121017695235368e-160 42
3.0617022725194786e-34 5.933536905821569e-28 2.1069359031448193e-92 1.122828596610417e-121 2.1845032797476524e-41 2.1837877983864375e-42 4.010943629630835e-41 1.5363296526347446e-212 2.0825556414173027e-103 43
4.8660890600280896e-123 1.9703127920862744e-58 2.1069359031448193e-92 1.2182135504778718e-89 8.68147183752934e-108 4.032280088146285e-31 1.0329916272249847e-25 1.5363296526347446e-212 1.1121017695235368e-160 47
4.8660890600280896e-123 5.933536905821569e-28 2.3200214493805754e-135 1.122828596610417e-121 4.152729367917341e-38 1.6931328569260335e-143 2.5326785155923722e-109 1.5363296526347446e-212 2.0825556414173027e-103 43
4.8660890600280896e-123 1.5186654121670762e-170 3.7769903144820567e-16 7.643965238816904e-68 8.68147183752934e-108 4.0549661600729637e-41 1.0329916272249847e-25 4.224668159993583e-51 2.0825556414173027e-103 43
4.8660890600280896e-123 1.5186654121670762e-170 2.3200214493805754e-135 1.122828596610417e-121 3.4159724225502405e-82 1.6931328569260335e-143 5.277960215220769e-71 1.5363296526347446e-212 1.1121017695235368e-160 42
3.0617022725194786e-34 1.5186654121670762e-170 3.7769903144820567e-16 1.122828596610417e-121 2.1845032797476524e-41 2.1837877983864375e-42 4.010943629630835e-41 1.5363296526347446e-212 1.1121017695235368e-160 43
4.8660890600280896e-123 1.9703127920862744e-58 2.3200214493805754e-135 1.122828596610417e-121 2.1845032797476524e-41 4.0549661600729637e-41 2.5326785155923722e-109 1.05 1.1121017695235368e-160 42
4.8660890600280896e-123 1.5186654121670762e-170 2.1069359031448193e-92 7.643965238816904e-68 4.152729367917341e-38 2.1837877983864375e-42 4.010943629630835e-41 1.5363296526347446e-212 2.0825556414173027e-103 46
3.4401899046627636e-124 1.9703127920862744e-58 3.7769903144820567e-16 1.2182135504778718e-89 2.1845032797476524e-41 1.6931328569260335e-143 5.277960215220769e-71 4.224668159993583e-51 1.1121017695235368e-160 46
4.8660890600280896e-123 1.9703127920862744e-58 2.0384850764968355e-23 1.122828596610417e-121 2.1845032797476524e-41 2.1837877983864375e-42 1.0329916272249847e-25 1.5363296526347446e-212 1.1121017695235368e-160 42
4.8660890600280896e-123 1.5186654121670762e-170 2.3200214493805754e-135 1.122828596610417e-121 4.152729367917341e-38 4.0549661600729637e-41 2.5326785155923722e-109 1.5363296526347446e-212 1.1121017695235368e-160 42
4.8660890600280896e-123 1.5186654121670762e-170 3.7769903144820567e-16 1.122828596610417e-121 8.68147183752934e-108 4.0549661600729637e-41 9.883528543756236e-33 1.5363296526347446e-212 1.1121017695235368e-160 42
4.8660890600280896e-123 6.062249336845282e-25 3.7769903144820567e-16 7.643965238816904e-68 3.4159724225502405e-82 1.6931328569260335e-143 9.883528543756236e-33 1.5363296526347446e-212 1.1121017695235368e-160 43
4.8660890600280896e-123 1.5186654121670762e-170 2.3200214493805754e-135 1.122828596610417e-121 8.68147183752934e-108 1.6931328569260335e-143 2.5326785155923722e-109 1.5363296526347446e-212 2.0825556414173027e-103 43
4.8660890600280896e-123 1.5186654121670762e-170 2.3200214493805754e-135 1.122828596610417e-121 8.68147183752934e-108 1.6931328569260335e-143 2.5326785155923722e-109 1.5363296526347446e-212 1.1121017695235368e-160 42
3.4401899046627636e-124 1.9703127920862744e-58 2.1069359031448193e-92 1.2182135504778718e-89 3.4159724225502405e-82 4.032280088146285e-31 2.5326785155923722e-109 4.224668159993583e-51 1.1121017695235368e-160 48
4.8660890600280896e-123 1.5186654121670762e-170 3.7769903144820567e-16 7.643965238816904e-68 3.4159724225502405e-82 1.6931328569260335e-143 2.5326785155923722e-109 1.05 1.1121017695235368e-160 43
4.8660890600280896e-123 1.5186654121670762e-170 3.7769903144820567e-16 7.643965238816904e-68 8.68147183752934e-108 4.0549661600729637e-41 1.0329916272249847e-25 1.5363296526347446e-212 2.0825556414173027e-103 43
4.8660890600280896e-123 1.5186654121670762e-170 2.3200214493805754e-135 7.643965238816904e-68 8.68147183752934e-108 1.6931328569260335e-143 2.5326785155923722e-109 1.5363296526347446e-212 1.1121017695235368e-160 44
4.8660890600280896e-123 1.5186654121670762e-170 2.3200214493805754e-135 1.122828596610417e-121 8.68147183752934e-108 3.7494165334784913e-22 1.0329916272249847e-25 1.5363296526347446e-212 2.0825556414173027e-103 42
4.8660890600280896e-123 1.5186654121670762e-170 2.3200214493805754e-135 7.643965238816904e-68 8.68147183752934e-108 1.6931328569260335e-143 2.5326785155923722e-109 1.5363296526347446e-212 2.0825556414173027e-103 43
4.8660890600280896e-123 1.5186654121670762e-170 3.7769903144820567e-16 7.643965238816904e-68 8.68147183752934e-108 4.0549661600729637e-41 1.0329916272249847e-25 1.5363296526347446e-212 2.0825556414173027e-103 43
3.4401899046627636e-124 1.9703127920862744e-58 2.1069359031448193e-92 1.2182135504778718e-89 4.152729367917341e-38 4.032280088146285e-31 2.5326785155923722e-109 4.224668159993583e-51 1.1121017695235368e-160 48
3.4401899046627636e-124 1.5186654121670762e-170 2.3200214493805754e-135 7.643965238816904e-68 3.4159724225502405e-82 1.6931328569260335e-143 5.277960215220769e-71 1.5363296526347446e-212 2.0825556414173027e-103 43
3.4401899046627636e-124 1.5186654121670762e-170 2.3200214493805754e-135 1.122828596610417e-121 8.68147183752934e-108 4.0549661600729637e-41 2.5326785155923722e-109 1.5363296526347446e-212 1.1121017695235368e-160 44
4.8660890600280896e-123 1.9703127920862744e-58 2.1069359031448193e-92 1.2182135504778718e-89 8.68147183752934e-108 4.032280088146285e-31 1.0329916272249847e-25 1.5363296526347446e-212 1.1121017695235368e-160 47
4.8660890600280896e-123 1.5186654121670762e-170 3.7769903144820567e-16 1.122828596610417e-121 8.68147183752934e-108 4.032280088146285e-31 1.0329916272249847e-25 1.5363296526347446e-212 1.1121017695235368e-160 47
3.4401899046627636e-124 1.5186654121670762e-170 2.3200214493805754e-135 7.643965238816904e-68 4.152729367917341e-38 3.7494165334784913e-22 5.277960215220769e-71 1.5363296526347446e-212 1.1121017695235368e-160 43
4.8660890600280896e-123 1.9703127920862744e-58 2.3200214493805754e-135 1.122828596610417e-121 2.1845032797476524e-41 2.1837877983864375e-42 1.0329916272249847e-25 1.5363296526347446e-212 1.1121017695235368e-160 44
3.0617022725194786e-34 1.5186654121670762e-170 3.7769903144820567e-16 1.122828596610417e-121 2.1845032797476524e-41 2.1837877983864375e-42 4.010943629630835e-41 1.5363296526347446e-212 1.1121017695235368e-160 43
4.8660890600280896e-123 1.5186654121670762e-170 2.3200214493805754e-135 1.122828596610417e-121 3.4159724225502405e-82 2.1837877983864375e-42 2.5326785155923722e-109 1.5363296526347446e-212 1.1121017695235368e-160 44
4.8660890600280896e-123 1.5186654121670762e-170 2.3200214493805754e-135 1.2182135504778718e-89 8.68147183752934e-108 1.6931328569260335e-143 5.277960215220769e-71 1.5363296526347446e-212 1.1121017695235368e-160 43
4.8660890600280896e-123 1.9703127920862744e-58 2.1069359031448193e-92 1.122828596610417e-121 4.152729367917341e-38 4.032280088146285e-31 4.010943629630835e-41 1.5363296526347446e-212 1.1121017695235368e-160 47
4.8660890600280896e-123 1.5186654121670762e-170 2.3200214493805754e-135 7.643965238816904e-68 8.68147183752934e-108 1.6931328569260335e-143 2.5326785155923722e-109 1.5363296526347446e-212 2.0825556414173027e-103 43
4.8660890600280896e-123 1.9703127920862744e-58 3.7769903144820567e-16 7.643965238816904e-68 8.68147183752934e-108 4.032280088146285e-31 1.0329916272249847e-25 1.5363296526347446e-212 1.1121017695235368e-160 47
4.8660890600280896e-123 6.062249336845282e-25 2.3200214493805754e-135 1.122828596610417e-121 3.4159724225502405e-82 1.6931328569260335e-143 2.5326785155923722e-109 1.5363296526347446e-212 1.1121017695235368e-160 42
4.8660890600280896e-123 1.5186654121670762e-170 2.3200214493805754e-135 7.643965238816904e-68 8.68147183752934e-108 1.6931328569260335e-143 2.5326785155923722e-109 1.5363296526347446e-212 2.0825556414173027e-103 43
3.4401899046627636e-124 1.9703127920862744e-58 2.3200214493805754e-135 1.2182135504778718e-89 2.1845032797476524e-41 2.1837877983864375e-42 5.277960215220769e-71 1.5363296526347446e-212 2.0825556414173027e-103 43
4.8660890600280896e-123 1.5186654121670762e-170 2.3200214493805754e-135 1.122828596610417e-121 8.68147183752934e-108 2.1837877983864375e-42 1.0329916272249847e-25 1.5363296526347446e-212 5.746461274677933e-14 42
4.8660890600280896e-123 1.9703127920862744e-58 2.0384850764968355e-23 1.122828596610417e-121 2.1845032797476524e-41 2.1837877983864375e-42 1.0329916272249847e-25 1.5363296526347446e-212 1.1121017695235368e-160 42
4.8660890600280896e-123 1.9703127920862744e-58 2.0384850764968355e-23 1.122828596610417e-121 2.1845032797476524e-41 2.1837877983864375e-42 1.0329916272249847e-25 1.5363296526347446e-212 1.1121017695235368e-160 42
4.8660890600280896e-123 1.9703127920862744e-58 3.7769903144820567e-16 7.643965238816904e-68 8.68147183752934e-108 4.032280088146285e-31 1.0329916272249847e-25 1.5363296526347446e-212 1.1121017695235368e-160 47
3.4401899046627636e-124 6.062249336845282e-25 2.3200214493805754e-135 7.643965238816904e-68 3.4159724225502405e-82 1.6931328569260335e-143 5.277960215220769e-71 1.5363296526347446e-212 2.0825556414173027e-103 42
4.8660890600280896e-123 1.9703127920862744e-58 2.0384850764968355e-23 1.122828596610417e-121 2.1845032797476524e-41 2.1837877983864375e-42 1.0329916272249847e-25 1.5363296526347446e-212 1.1121017695235368e-160 42
4.8660890600280896e-123 6.062249336845282e-25 2.3200214493805754e-135 1.122828596610417e-121 3.4159724225502405e-82 1.6931328569260335e-143 2.5326785155923722e-109 1.5363296526347446e-212 2.0825556414173027e-103 42
4.8660890600280896e-123 6.062249336845282e-25 2.3200214493805754e-135 7.643965238816904e-68 3.4159724225502405e-82 1.6931328569260335e-143 2.5326785155923722e-109 1.5363296526347446e-212 1.1121017695235368e-160 42
3.4401899046627636e-124 1.9703127920862744e-58 2.3200214493805754e-135 1.2182135504778718e-89 2.1845032797476524e-41 2.1837877983864375e-42 5.277960215220769e-71 1.5363296526347446e-212 2.0825556414173027e-103 43
4.8660890600280896e-123 1.9703127920862744e-58 3.7769903144820567e-16 7.643965238816904e-68 8.68147183752934e-108 4.032280088146285e-31 1.0329916272249847e-25 1.5363296526347446e-212 1.1121017695235368e-160 47
3.4401899046627636e-124 5.933536905821569e-28 2.1069359031448193e-92 1.122828596610417e-121 2.8848023009903583e-11 1.6931328569260335e-143 2.5326785155923722e-109 1.5363296526347446e-212 1.1121017695235368e-160 48
4.8660890600280896e-123 1.9703127920862744e-58 2.3200214493805754e-135 1.122828596610417e-121 8.68147183752934e-108 2.1837877983864375e-42 2.5326785155923722e-109 1.5363296526347446e-212 1.1121017695235368e-160 42
3.4401899046627636e-124 1.9703127920862744e-58 3.7769903144820567e-16 1.2182135504778718e-89 8.68147183752934e-108 1.6931328569260335e-143 5.277960215220769e-71 1.5363296526347446e-212 1.1121017695235368e-160 43
3.4401899046627636e-124 6.062249336845282e-25 2.3200214493805754e-135 7.643965238816904e-68 4.152729367917341e-38 1.6931328569260335e-143 5.277960215220769e-71 1.5363296526347446e-212 1.1121017695235368e-160 43
4.8660890600280896e-123 1.9703127920862744e-58 2.1069359031448193e-92 1.2182135504778718e-89 8.68147183752934e-108 1.6931328569260335e-143 5.277960215220769e-71 4.224668159993583e-51 1.1121017695235368e-160 48
3.0617022725194786e-34 5.933536905821569e-28 2.1069359031448193e-92 1.122828596610417e-121 2.1845032797476524e-41 2.1837877983864375e-42 4.010943629630835e-41 1.5363296526347446e-212 2.0825556414173027e-103 43
3.0617022725194786e-34 1.9703127920862744e-58 7.887143746338726e-15 1.122828596610417e-121 2.1845032797476524e-41 3.7494165334784913e-22 2.5326785155923722e-109 4.224668159993583e-51 1.1121017695235368e-160 48
4.8660890600280896e-123 1.5186654121670762e-170 2.3200214493805754e-135 1.122828596610417e-121 3.4159724225502405e-82 1.6931328569260335e-143 5.277960215220769e-71 1.5363296526347446e-212 1.1121017695235368e-160 42
3.4401899046627636e-124 1.9703127920862744e-58 3.7769903144820567e-16 1.2182135504778718e-89 8.68147183752934e-108 1.6931328569260335e-143 5.277960215220769e-71 1.5363296526347446e-212 1.1121017695235368e-160 43
4.8660890600280896e-123 1.5186654121670762e-170 2.3200214493805754e-135 1.122828596610417e-121 4.152729367917341e-38 4.0549661600729637e-41 2.5326785155923722e-109 1.5363296526347446e-212 2.0825556414173027e-103 42
3.4401899046627636e-124 6.062249336845282e-25 2.3200214493805754e-135 7.643965238816904e-68 3.4159724225502405e-82 1.6931328569260335e-143 5.277960215220769e-71 1.5363296526347446e-212 2.0825556414173027e-103 42
3.4401899046627636e-124 1.5186654121670762e-170 2.3200214493805754e-135 7.643965238816904e-68 8.68147183752934e-108 1.6931328569260335e-143 5.277960215220769e-71 1.5363296526347446e-212 1.1121017695235368e-160 43
4.8660890600280896e-123 1.5186654121670762e-170 3.7769903144820567e-16 1.122828596610417e-121 3.4159724225502405e-82 4.0549661600729637e-41 9.883528543756236e-33 1.5363296526347446e-212 2.0825556414173027e-103 42
4.8660890600280896e-123 5.933536905821569e-28 7.887143746338726e-15 7.643965238816904e-68 8.68147183752934e-108 4.0549661600729637e-41 4.010943629630835e-41 1.5363296526347446e-212 1.1121017695235368e-160 46
4.8660890600280896e-123 1.9703127920862744e-58 2.0384850764968355e-23 1.122828596610417e-121 2.1845032797476524e-41 4.032280088146285e-31 1.0329916272249847e-25 1.5363296526347446e-212 1.1121017695235368e-160 42
4.8660890600280896e-123 1.5186654121670762e-170 2.0384850764968355e-23 1.122828596610417e-121 2.1845032797476524e-41 2.1837877983864375e-42 2.5326785155923722e-109 1.5363296526347446e-212 1.1121017695235368e-160 42
4.8660890600280896e-123 1.9703127920862744e-58 2.1069359031448193e-92 1.2182135504778718e-89 4.152729367917341e-38 4.032280088146285e-31 2.5326785155923722e-109 4.224668159993583e-51 1.1121017695235368e-160 48
3.4401899046627636e-124 5.933536905821569e-28 2.1069359031448193e-92 1.122828596610417e-121 2.8848023009903583e-11 1.6931328569260335e-143 2.5326785155923722e-109 1.5363296526347446e-212 1.1121017695235368e-160 48
3.4401899046627636e-124 1.9703127920862744e-58 2.1069359031448193e-92 1.2182135504778718e-89 4.152729367917341e-38 4.032280088146285e-31 2.5326785155923722e-109 4.224668159993583e-51 1.1121017695235368e-160 48
3.4401899046627636e-124 1.5186654121670762e-170 2.3200214493805754e-135 1.122828596610417e-121 8.68147183752934e-108 4.0549661600729637e-41 2.5326785155923722e-109 1.5363296526347446e-212 1.1121017695235368e-160 44
4.8660890600280896e-123 1.5186654121670762e-170 2.3200214493805754e-135 7.643965238816904e-68 8.68147183752934e-108 4.0549661600729637e-41 2.5326785155923722e-109 1.5363296526347446e-212 1.1121017695235368e-160 44
4.8660890600280896e-123 1.5186654121670762e-170 3.7769903144820567e-16 1.122828596610417e-121 8.68147183752934e-108 4.032280088146285e-31 1.0329916272249847e-25 1.5363296526347446e-212 1.1121017695235368e-160 47
4.8660890600280896e-123 6.062249336845282e-25 2.3200214493805754e-135 1.122828596610417e-121 3.4159724225502405e-82 1.6931328569260335e-143 2.5326785155923722e-109 1.5363296526347446e-212 1.1121017695235368e-160 42
4.8660890600280896e-123 1.9703127920862744e-58 2.1069359031448193e-92 1.122828596610417e-121 4.152729367917341e-38 4.032280088146285e-31 4.010943629630835e-41 1.5363296526347446e-212 1.1121017695235368e-160 47
3.4401899046627636e-124 1.9703127920862744e-58 2.1069359031448193e-92 1.2182135504778718e-89 8.68147183752934e-108 4.032280088146285e-31 1.0329916272249847e-25 4.224668159993583e-51 1.1121017695235368e-160 48
4.8660890600280896e-123 1.5186654121670762e-170 2.3200214493805754e-135 1.122828596610417e-121 8.68147183752934e-108 1.6931328569260335e-143 2.5326785155923722e-109 1.5363296526347446e-212 2.0825556414173027e-103 43
3.4401899046627636e-124 1.5186654121670762e-170 2.3200214493805754e-135 7.643965238816904e-68 3.4159724225502405e-82 1.6931328569260335e-143 5.277960215220769e-71 1.5363296526347446e-212 1.1121017695235368e-160 43
3.4401899046627636e-124 6.062249336845282e-25 2.3200214493805754e-135 7.643965238816904e-68 3.4159724225502405e-82 1.6931328569260335e-143 5.277960215220769e-71 1.5363296526347446e-212 2.0825556414173027e-103 42
4.8660890600280896e-123 6.062249336845282e-25 2.3200214493805754e-135 7.643965238816904e-68 3.4159724225502405e-82 1.6931328569260335e-143 2.5326785155923722e-109 1.5363296526347446e-212 1.1121017695235368e-160 42
4.8660890600280896e-123 1.5186654121670762e-170 3.7769903144820567e-16 7.643965238816904e-68 8.68147183752934e-108 4.0549661600729637e-41 1.0329916272249847e-25 1.5363296526347446e-212 2.0825556414173027e-103 43
4.8660890600280896e-123 1.5186654121670762e-170 2.3200214493805754e-135 1.122828596610417e-121 4.152729367917341e-38 1.6931328569260335e-143 5.277960215220769e-71 1.5363296526347446e-212 1.1121017695235368e-160 42
3.4401899046627636e-124 1.5186654121670762e-170 2.3200214493805754e-135 7.643965238816904e-68 3.4159724225502405e-82 1.6931328569260335e-143 5.277960215220769e-71 1.5363296526347446e-212 2.0825556414173027e-103 43
4.8660890600280896e-123 1.9703127920862744e-58 2.3200214493805754e-135 1.122828596610417e-121 2.1845032797476524e-41 2.1837877983864375e-42 1.0329916272249847e-25 1.5363296526347446e-212 1.1121017695235368e-160 44
4.8660890600280896e-123 1.9703127920862744e-58 2.1069359031448193e-92 1.2182135504778718e-89 4.152729367917341e-38 4.032280088146285e-31 2.5326785155923722e-109 4.224668159993583e-51 1.1121017695235368e-160 48
4.8660890600280896e-123 1.9703127920862744e-58 3.7769903144820567e-16 7.643965238816904e-68 8.68147183752934e-108 4.032280088146285e-31 1.0329916272249847e-25 1.5363296526347446e-212 1.1121017695235368e-160 47
3.4401899046627636e-124 6.062249336845282e-25 2.3200214493805754e-135 7.643965238816904e-68 3.4159724225502405e-82 1.6931328569260335e-143 5.277960215220769e-71 1.5363296526347446e-212 2.0825556414173027e-103 42
3.4401899046627636e-124 1.9703127920862744e-58 2.1069359031448193e-92 1.2182135504778718e-89 3.4159724225502405e-82 2.1837877983864375e-42 9.883528543756236e-33 4.224668159993583e-51 1.1121017695235368e-160 48
4.8660890600280896e-123 1.5186654121670762e-170 2.3200214493805754e-135 1.122828596610417e-121 8.68147183752934e-108 1.6931328569260335e-143 2.5326785155923722e-109 1.5363296526347446e-212 1.1121017695235368e-160 42
4.8660890600280896e-123 1.5186654121670762e-170 2.3200214493805754e-135 1.122828596610417e-121 8.68147183752934e-108 1.6931328569260335e-143 2.5326785155923722e-109 1.5363296526347446e-212 1.1121017695235368e-160 42
4.8660890600280896e-123 1.5186654121670762e-170 2.3200214493805754e-135 7.643965238816904e-68 8.68147183752934e-108 1.6931328569260335e-143 5.277960215220769e-71 1.5363296526347446e-212 1.1121017695235368e-160 43
4.8660890600280896e-123 1.5186654121670762e-170 2.3200214493805754e-135 1.122828596610417e-121 3.4159724225502405e-82 1.6931328569260335e-143 5.277960215220769e-71 1.5363296526347446e-212 1.1121017695235368e-160 42
4.8660890600280896e-123 6.062249336845282e-25 3.7769903144820567e-16 7.643965238816904e-68 3.4159724225502405e-82 1.6931328569260335e-143 9.883528543756236e-33 1.5363296526347446e-212 1.1121017695235368e-160 43
3.0617022725194786e-34 1.5186654121670762e-170 3.7769903144820567e-16 1.122828596610417e-121 2.1845032797476524e-41 2.1837877983864375e-42 4.010943629630835e-41 1.5363296526347446e-212 1.1121017695235368e-160 43
4.8660890600280896e-123 1.5186654121670762e-170 2.3200214493805754e-135 7.643965238816904e-68 8.68147183752934e-108 1.6931328569260335e-143 2.5326785155923722e-109 1.5363296526347446e-212 1.1121017695235368e-160 42
4.8660890600280896e-123 1.5186654121670762e-170 2.0384850764968355e-23 7.643965238816904e-68 8.68147183752934e-108 4.0549661600729637e-41 2.5326785155923722e-109 1.5363296526347446e-212 2.0825556414173027e-103 43
3.4401899046627636e-124 6.062249336845282e-25 3.7769903144820567e-16 7.643965238816904e-68 4.152729367917341e-38 1.6931328569260335e-143 2.5326785155923722e-109 1.5363296526347446e-212 1.1121017695235368e-160 43
3.4401899046627636e-124 1.5186654121670762e-170 2.3200214493805754e-135 1.122828596610417e-121 8.68147183752934e-108 4.0549661600729637e-41 2.5326785155923722e-109 1.5363296526347446e-212 1.1121017695235368e-160 43
3.4401899046627636e-124 6.062249336845282e-25 2.3200214493805754e-135 1.2182135504778718e-89 4.152729367917341e-38 1.6931328569260335e-143 5.277960215220769e-71 1.5363296526347446e-212 2.0825556414173027e-103 43
3.4401899046627636e-124 1.9703127920862744e-58 2.1069359031448193e-92 1.2182135504778718e-89 3.4159724225502405e-82 4.032280088146285e-31 2.5326785155923722e-109 4.224668159993583e-51 1.1121017695235368e-160 48
4.8660890600280896e-123 1.5186654121670762e-170 2.3200214493805754e-135 1.122828596610417e-121 8.68147183752934e-108 1.6931328569260335e-143 2.5326785155923722e-109 1.5363296526347446e-212 1.1121017695235368e-160 42
4.8660890600280896e-123 1.9703127920862744e-58 2.0384850764968355e-23 1.122828596610417e-121 2.1845032797476524e-41 2.1837877983864375e-42 1.0329916272249847e-25 1.5363296526347446e-212 1.1121017695235368e-160 42
4.8660890600280896e-123 6.062249336845282e-25 2.3200214493805754e-135 1.122828596610417e-121 3.4159724225502405e-82 1.6931328569260335e-143 2.5326785155923722e-109 1.5363296526347446e-212 1.1121017695235368e-160 42
3.4401899046627636e-124 1.5186654121670762e-170 2.3200214493805754e-135 7.643965238816904e-68 3.4159724225502405e-82 4.0549661600729637e-41 2.5326785155923722e-109 1.5363296526347446e-212 1.1121017695235368e-160 43
4.8660890600280896e-123 1.5186654121670762e-170 2.3200214493805754e-135 1.122828596610417e-121 8.68147183752934e-108 1.6931328569260335e-143 2.5326785155923722e-109 1.5363296526347446e-212 2.0825556414173027e-103 42
3.0617022725194786e-34 1.9703127920862744e-58 3.7769903144820567e-16 1.122828596610417e-121 2.1845032797476524e-41 2.1837877983864375e-42 4.010943629630835e-41 1.5363296526347446e-212 1.1121017695235368e-160 43
3.4401899046627636e-124 1.5186654121670762e-170 2.3200214493805754e-135 7.643965238816904e-68 4.152729367917341e-38 2.1837877983864375e-42 2.5326785155923722e-109 1.5363296526347446e-212 2.0825556414173027e-103 43
3.4401899046627636e-124 6.062249336845282e-25 2.3200214493805754e-135 7.643965238816904e-68 4.152729367917341e-38 1.6931328569260335e-143 5.277960215220769e-71 1.5363296526347446e-212 1.1121017695235368e-160 43
3.4401899046627636e-124 1.5186654121670762e-170 2.3200214493805754e-135 1.122828596610417e-121 8.68147183752934e-108 4.0549661600729637e-41 2.5326785155923722e-109 1.5363296526347446e-212 1.1121017695235368e-160 43
4.8660890600280896e-123 1.5186654121670762e-170 2.3200214493805754e-135 1.122828596610417e-121 8.68147183752934e-108 1.6931328569260335e-143 2.5326785155923722e-109 1.5363296526347446e-212 1.1121017695235368e-160 43
4.8660890600280896e-123 1.5186654121670762e-170 2.0384850764968355e-23 1.122828596610417e-121 8.68147183752934e-108 4.0549661600729637e-41 2.5326785155923722e-109 1.5363296526347446e-212 2.0825556414173027e-103 43
4.8660890600280896e-123 6.062249336845282e-25 2.3200214493805754e-135 1.122828596610417e-121 4.152729367917341e-38 1.6931328569260335e-143 2.5326785155923722e-109 1.5363296526347446e-212 1.1121017695235368e-160 42
3.4401899046627636e-124 1.5186654121670762e-170 2.3200214493805754e-135 1.122828596610417e-121 8.68147183752934e-108 4.0549661600729637e-41 2.5326785155923722e-109 1.5363296526347446e-212 1.1121017695235368e-160 44
4.8660890600280896e-123 1.5186654121670762e-170 2.3200214493805754e-135 1.122828596610417e-121 8.68147183752934e-108 2.1837877983864375e-42 1.0329916272249847e-25 1.5363296526347446e-212 1.1121017695235368e-160 42
3.0617022725194786e-34 6.062249336845282e-25 2.1069359031448193e-92 1.122828596610417e-121 8.68147183752934e-108 2.1837877983864375e-42 4.010943629630835e-41 1.5363296526347446e-212 1.1121017695235368e-160 43
4.8660890600280896e-123 1.5186654121670762e-170 2.1069359031448193e-92 7.643965238816904e-68 4.152729367917341e-38 2.1837877983864375e-42 4.010943629630835e-41 1.5363296526347446e-212 2.0825556414173027e-103 46
3.4401899046627636e-124 1.9703127920862744e-58 2.1069359031448193e-92 1.2182135504778718e-89 8.68147183752934e-108 4.032280088146285e-31 1.0329916272249847e-25 4.224668159993583e-51 1.1121017695235368e-160 48
3.4401899046627636e-124 1.9703127920862744e-58 2.1069359031448193e-92 1.2182135504778718e-89 8.68147183752934e-108 4.032280088146285e-31 1.0329916272249847e-25 4.224668159993583e-51 1.1121017695235368e-160 48
4.8660890600280896e-123 1.5186654121670762e-170 2.3200214493805754e-135 1.122828596610417e-121 8.68147183752934e-108 2.1837877983864375e-42 1.0329916272249847e-25 1.5363296526347446e-212 1.1121017695235368e-160 42
4.8660890600280896e-123 1.9703127920862744e-58 2.0384850764968355e-23 1.122828596610417e-121 2.1845032797476524e-41 2.1837877983864375e-42 1.0329916272249847e-25 1.5363296526347446e-212 1.1121017695235368e-160 42
4.8660890600280896e-123 1.9703127920862744e-58 2.1069359031448193e-92 1.2182135504778718e-89 4.152729367917341e-38 4.032280088146285e-31 2.5326785155923722e-109 4.224668159993583e-51 1.1121017695235368e-160 48
4.8660890600280896e-123 1.5186654121670762e-170 3.7769903144820567e-16 7.643965238816904e-68 8.68147183752934e-108 4.0549661600729637e-41 1.0329916272249847e-25 4.224668159993583e-51 2.0825556414173027e-103 43
4.8660890600280896e-123 1.5186654121670762e-170 2.3200214493805754e-135 1.122828596610417e-121 3.4159724225502405e-82 1.6931328569260335e-143 2.5326785155923722e-109 1.5363296526347446e-212 1.1121017695235368e-160 42
3.4401899046627636e-124 1.5186654121670762e-170 2.3200214493805754e-135 1.122828596610417e-121 8.68147183752934e-108 1.6931328569260335e-143 5.277960215220769e-71 1.5363296526347446e-212 1.1121017695235368e-160 43
4.8660890600280896e-123 1.5186654121670762e-170 2.0384850764968355e-23 1.122828596610417e-121 2.1845032797476524e-41 2.1837877983864375e-42 2.5326785155923722e-109 1.5363296526347446e-212 1.1121017695235368e-160 42
4.8660890600280896e-123 6.062249336845282e-25 2.3200214493805754e-135 1.122828596610417e-121 3.4159724225502405e-82 1.6931328569260335e-143 2.5326785155923722e-109 1.5363296526347446e-212 1.1121017695235368e-160 42
3.4401899046627636e-124 6.062249336845282e-25 3.7769903144820567e-16 7.643965238816904e-68 4.152729367917341e-38 1.6931328569260335e-143 2.5326785155923722e-109 1.5363296526347446e-212 1.1121017695235368e-160 43
4.8660890600280896e-123 1.5186654121670762e-170 2.3200214493805754e-135 1.122828596610417e-121 8.68147183752934e-108 2.1837877983864375e-42 1.0329916272249847e-25 1.5363296526347446e-212 1.1121017695235368e-160 42
3.4401899046627636e-124 1.5186654121670762e-170 2.3200214493805754e-135 1.2182135504778718e-89 8.68147183752934e-108 1.6931328569260335e-143 2.5326785155923722e-109 1.5363296526347446e-212 2.0825556414173027e-103 44
4.8660890600280896e-123 1.5186654121670762e-170 3.7769903144820567e-16 7.643965238816904e-68 8.68147183752934e-108 4.0549661600729637e-41 1.0329916272249847e-25 4.224668159993583e-51 2.0825556414173027e-103 43
4.8660890600280896e-123 1.5186654121670762e-170 2.3200214493805754e-135 1.122828596610417e-121 3.4159724225502405e-82 1.6931328569260335e-143 2.5326785155923722e-109 1.5363296526347446e-212 1.1121017695235368e-160 42
3.4401899046627636e-124 1.5186654121670762e-170 2.3200214493805754e-135 7.643965238816904e-68 8.68147183752934e-108 1.6931328569260335e-143 5.277960215220769e-71 1.5363296526347446e-212 1.1121017695235368e-160 43
4.8660890600280896e-123 1.5186654121670762e-170 2.0384850764968355e-23 7.643965238816904e-68 2.1845032797476524e-41 4.0549661600729637e-41 5.277960215220769e-71 1.5363296526347446e-212 2.0825556414173027e-103 43
