2.57602545429301e-75 6.58977684191842e-52 5.831121852325032e-12 1.3041442932913994e-52 1.4149537772681136e-63 1.2969815176017813e-28 2.425967294699575e-17 1.4011981665725737e-148 1.2943992867015395e-110 47
2.0315403771031085e-100 1.3785590805649309e-108 1.8473457090300314e-68 1.4629020015783387e-71 1.6747434530137918e-30 1.0890424295756683e-111 4.2074032160018e-56 1.4011981665725737e-148 1.2943992867015395e-110 46
2.57602545429301e-75 1.3785590805649309e-108 4.707091510424214e-103 8.343359894823213e-79 1.4149537772681136e-63 1.0890424295756683e-111 2.4187313854078124e-77 1.4011981665725737e-148 1.2943992867015395e-110 43
2.57602545429301e-75 6.58977684191842e-52 1.8473457090300314e-68 1.3041442932913994e-52 1.6747434530137918e-30 1.3331587234856524e-11 6.877644803203849e-27 1.4011981665725737e-148 2.6713016094265618e-79 43
2.0315403771031085e-100 1.3785590805649309e-108 4.707091510424214e-103 1.3041442932913994e-52 2.6570511706869228e-68 1.0890424295756683e-111 4.2074032160018e-56 1.4011981665725737e-148 1.2943992867015395e-110 43
2.57602545429301e-75 1.3785590805649309e-108 4.707091510424214e-103 8.343359894823213e-79 2.6570511706869228e-68 5.126530807977727e-20 2.4187313854078124e-77 1.4011981665725737e-148 2.6713016094265618e-79 43
2.0315403771031085e-100 1.3785590805649309e-108 4.707091510424214e-103 1.4629020015783387e-71 1.4149537772681136e-63 1.0890424295756683e-111 2.4187313854078124e-77 1.4011981665725737e-148 2.6713016094265618e-79 44
2.57602545429301e-75 2.9811582319821315e-19 4.707091510424214e-103 8.343359894823213e-79 2.0823852539116497e-30 1.0890424295756683e-111 2.4187313854078124e-77 1.4011981665725737e-148 5.859717806911976e-12 42
2.0315403771031085e-100 1.3785590805649309e-108 4.707091510424214e-103 1.3041442932913994e-52 2.0823852539116497e-30 3.574747186073233e-32 2.4187313854078124e-77 1.4011981665725737e-148 2.6713016094265618e-79 43
2.0315403771031085e-100 1.3785590805649309e-108 4.707091510424214e-103 8.343359894823213e-79 1.4149537772681136e-63 1.0890424295756683e-111 2.4187313854078124e-77 1.4011981665725737e-148 1.2943992867015395e-110 44
2.0315403771031085e-100 1.3785590805649309e-108 4.707091510424214e-103 1.3041442932913994e-52 2.6570511706869228e-68 1.0890424295756683e-111 4.2074032160018e-56 1.4011981665725737e-148 1.2943992867015395e-110 43
2.57602545429301e-75 1.3785590805649309e-108 4.707091510424214e-103 8.343359894823213e-79 1.4149537772681136e-63 3.574747186073233e-32 2.425967294699575e-17 1.4011981665725737e-148 1.2943992867015395e-110 42
2.0315403771031085e-100 2.9811582319821315e-19 4.707091510424214e-103 1.3041442932913994e-52 2.0823852539116497e-30 1.0890424295756683e-111 4.2074032160018e-56 1.4011981665725737e-148 1.2943992867015395e-110 43
2.57602545429301e-75 1.3785590805649309e-108 4.707091510424214e-103 8.343359894823213e-79 1.4149537772681136e-63 1.3331587234856524e-11 2.425967294699575e-17 1.4011981665725737e-148 2.6713016094265618e-79 42
2.0315403771031085e-100 1.3785590805649309e-108 4.707091510424214e-103 1.3041442932913994e-52 2.6570511706869228e-68 1.0890424295756683e-111 4.2074032160018e-56 1.4011981665725737e-148 1.2943992867015395e-110 43
2.57602545429301e-75 6.58977684191842e-52 5.831121852325032e-12 1.3041442932913994e-52 1.4149537772681136e-63 1.2969815176017813e-28 2.425967294699575e-17 1.4011981665725737e-148 1.2943992867015395e-110 47
2.57602545429301e-75 6.58977684191842e-52 4.707091510424214e-103 8.343359894823213e-79 1.6747434530137918e-30 1.3331587234856524e-11 4.9079639343284385e-26 1.4011981665725737e-148 2.6713016094265618e-79 44
2.0315403771031085e-100 2.9811582319821315e-19 4.707091510424214e-103 1.4629020015783387e-71 2.0823852539116497e-30 1.0890424295756683e-111 4.2074032160018e-56 1.4011981665725737e-148 2.6713016094265618e-79 43
2.57602545429301e-75 6.58977684191842e-52 1.8473457090300314e-68 1.4629020015783387e-71 1.4149537772681136e-63 1.0890424295756683e-111 4.2074032160018e-56 6.983378928346728e-40 1.2943992867015395e-110 48
2.0315403771031085e-100 1.3785590805649309e-108 4.707091510424214e-103 1.3041442932913994e-52 1.4149537772681136e-63 1.0890424295756683e-111 4.2074032160018e-56 1.4011981665725737e-148 1.2943992867015395e-110 43
2.57602545429301e-75 1.3785590805649309e-108 4.707091510424214e-103 8.343359894823213e-79 1.4149537772681136e-63 1.0890424295756683e-111 2.4187313854078124e-77 1.4011981665725737e-148 2.6713016094265618e-79 42
2.57602545429301e-75 1.3785590805649309e-108 7.574681605194305e-10 8.343359894823213e-79 1.4149537772681136e-63 1.0890424295756683e-111 4.2074032160018e-56 1.4011981665725737e-148 2.6713016094265618e-79 43
2.57602545429301e-75 2.9811582319821315e-19 4.707091510424214e-103 8.343359894823213e-79 2.6570511706869228e-68 1.0890424295756683e-111 2.4187313854078124e-77 1.4011981665725737e-148 1.2943992867015395e-110 42
2.57602545429301e-75 6.58977684191842e-52 1.8473457090300314e-68 8.343359894823213e-79 1.4149537772681136e-63 3.574747186073233e-32 6.877644803203849e-27 1.4011981665725737e-148 2.6713016094265618e-79 43
2.57602545429301e-75 1.3785590805649309e-108 4.707091510424214e-103 1.3041442932913994e-52 1.4149537772681136e-63 5.126530807977727e-20 2.4187313854078124e-77 1.4011981665725737e-148 5.859717806911976e-12 42
2.57602545429301e-75 6.58977684191842e-52 7.574681605194305e-10 8.343359894823213e-79 1.6747434530137918e-30 3.574747186073233e-32 2.425967294699575e-17 1.4011981665725737e-148 1.2943992867015395e-110 42
2.57602545429301e-75 1.3785590805649309e-108 4.707091510424214e-103 8.343359894823213e-79 1.4149537772681136e-63 5.126530807977727e-20 2.4187313854078124e-77 1.4011981665725737e-148 1.2943992867015395e-110 43
2.57602545429301e-75 6.58977684191842e-52 4.707091510424214e-103 0.42 1.4149537772681136e-63 3.574747186073233e-32 2.4187313854078124e-77 1.4011981665725737e-148 1.2943992867015395e-110 42
2.0315403771031085e-100 6.58977684191842e-52 5.831121852325032e-12 1.4629020015783387e-71 1.4149537772681136e-63 1.0890424295756683e-111 4.2074032160018e-56 1.4011981665725737e-148 1.2943992867015395e-110 43
2.57602545429301e-75 1.3785590805649309e-108 5.831121852325032e-12 8.343359894823213e-79 1.4149537772681136e-63 5.126530807977727e-20 4.9079639343284385e-26 1.4011981665725737e-148 1.2943992867015395e-110 42
2.0315403771031085e-100 1.3785590805649309e-108 4.707091510424214e-103 1.3041442932913994e-52 2.0823852539116497e-30 3.574747186073233e-32 2.4187313854078124e-77 1.4011981665725737e-148 2.6713016094265618e-79 43
2.0315403771031085e-100 1.3785590805649309e-108 1.8473457090300314e-68 1.4629020015783387e-71 1.6747434530137918e-30 1.0890424295756683e-111 4.2074032160018e-56 1.4011981665725737e-148 1.2943992867015395e-110 46
2.57602545429301e-75 6.58977684191842e-52 1.8473457090300314e-68 1.4629020015783387e-71 1.4149537772681136e-63 1.0890424295756683e-111 4.2074032160018e-56 6.983378928346728e-40 1.2943992867015395e-110 48
2.0315403771031085e-100 6.58977684191842e-52 1.1765907593588791e-12 1.4629020015783387e-71 2.6570511706869228e-68 1.2969815176017813e-28 2.4187313854078124e-77 6.983378928346728e-40 1.2943992867015395e-110 48
2.0315403771031085e-100 1.3785590805649309e-108 4.707091510424214e-103 1.3041442932913994e-52 1.4149537772681136e-63 5.126530807977727e-20 4.2074032160018e-56 1.4011981665725737e-148 1.2943992867015395e-110 43
2.57602545429301e-75 6.58977684191842e-52 1.8473457090300314e-68 1.4629020015783387e-71 1.4149537772681136e-63 1.0890424295756683e-111 4.2074032160018e-56 6.983378928346728e-40 1.2943992867015395e-110 48
2.57602545429301e-75 1.3785590805649309e-108 4.707091510424214e-103 8.343359894823213e-79 1.4149537772681136e-63 1.0890424295756683e-111 2.4187313854078124e-77 1.4011981665725737e-148 1.2943992867015395e-110 43
2.57602545429301e-75 6.58977684191842e-52 4.707091510424214e-103 8.343359894823213e-79 1.4149537772681136e-63 5.126530807977727e-20 2.4187313854078124e-77 1.4011981665725737e-148 1.2943992867015395e-110 42
2.0315403771031085e-100 6.58977684191842e-52 1.8473457090300314e-68 1.4629020015783387e-71 2.0823852539116497e-30 1.2969815176017813e-28 2.4187313854078124e-77 6.983378928346728e-40 1.2943992867015395e-110 48
2.57602545429301e-75 6.58977684191842e-52 7.574681605194305e-10 8.343359894823213e-79 1.6747434530137918e-30 3.574747186073233e-32 2.425967294699575e-17 1.4011981665725737e-148 1.2943992867015395e-110 42
2.57602545429301e-75 1.3785590805649309e-108 4.707091510424214e-103 1.3041442932913994e-52 1.4149537772681136e-63 1.0890424295756683e-111 2.4187313854078124e-77 1.4011981665725737e-148 1.2943992867015395e-110 42
2.57602545429301e-75 1.3785590805649309e-108 4.707091510424214e-103 8.343359894823213e-79 1.4149537772681136e-63 1.0890424295756683e-111 4.2074032160018e-56 1.4011981665725737e-148 1.2943992867015395e-110 42
2.57602545429301e-75 6.58977684191842e-52 4.707091510424214e-103 8.343359894823213e-79 1.6747434530137918e-30 3.574747186073233e-32 2.425967294699575e-17 1.4011981665725737e-148 1.2943992867015395e-110 44
2.0315403771031085e-100 1.3785590805649309e-108 4.707091510424214e-103 1.3041442932913994e-52 2.6570511706869228e-68 1.0890424295756683e-111 4.2074032160018e-56 1.4011981665725737e-148 1.2943992867015395e-110 43
2.57602545429301e-75 1.3785590805649309e-108 4.707091510424214e-103 8.343359894823213e-79 1.4149537772681136e-63 1.0890424295756683e-111 2.4187313854078124e-77 1.4011981665725737e-148 2.6713016094265618e-79 43
2.57602545429301e-75 1.3785590805649309e-108 4.707091510424214e-103 1.3041442932913994e-52 1.4149537772681136e-63 1.0890424295756683e-111 2.4187313854078124e-77 1.4011981665725737e-148 1.2943992867015395e-110 44
2.57602545429301e-75 1.3785590805649309e-108 4.707091510424214e-103 1.3041442932913994e-52 1.4149537772681136e-63 1.0890424295756683e-111 4.2074032160018e-56 1.4011981665725737e-148 1.2943992867015395e-110 43
2.57602545429301e-75 2.9811582319821315e-19 4.707091510424214e-103 8.343359894823213e-79 2.6570511706869228e-68 1.0890424295756683e-111 2.4187313854078124e-77 1.4011981665725737e-148 1.2943992867015395e-110 42
2.57602545429301e-75 6.58977684191842e-52 1.8473457090300314e-68 1.4629020015783387e-71 1.4149537772681136e-63 1.0890424295756683e-111 4.2074032160018e-56 6.983378928346728e-40 1.2943992867015395e-110 48
2.0315403771031085e-100 1.3785590805649309e-108 4.707091510424214e-103 1.3041442932913994e-52 2.0823852539116497e-30 1.3331587234856524e-11 4.2074032160018e-56 1.4011981665725737e-148 1.2943992867015395e-110 43
2.57602545429301e-75 1.3785590805649309e-108 4.707091510424214e-103 8.343359894823213e-79 2.0823852539116497e-30 5.126530807977727e-20 2.4187313854078124e-77 1.4011981665725737e-148 1.2943992867015395e-110 42
2.57602545429301e-75 1.3785590805649309e-108 5.831121852325032e-12 8.343359894823213e-79 1.4149537772681136e-63 1.2969815176017813e-28 2.425967294699575e-17 1.4011981665725737e-148 1.2943992867015395e-110 47
2.57602545429301e-75 1.3785590805649309e-108 5.831121852325032e-12 8.343359894823213e-79 1.4149537772681136e-63 1.2969815176017813e-28 2.425967294699575e-17 1.4011981665725737e-148 1.2943992867015395e-110 47
2.0315403771031085e-100 1.3785590805649309e-108 4.707091510424214e-103 1.3041442932913994e-52 1.4149537772681136e-63 5.126530807977727e-20 4.2074032160018e-56 1.4011981665725737e-148 1.2943992867015395e-110 43
2.0315403771031085e-100 1.3785590805649309e-108 4.707091510424214e-103 1.3041442932913994e-52 2.6570511706869228e-68 1.0890424295756683e-111 4.2074032160018e-56 1.4011981665725737e-148 2.6713016094265618e-79 43
2.57602545429301e-75 1.3785590805649309e-108 4.707091510424214e-103 8.343359894823213e-79 1.4149537772681136e-63 1.0890424295756683e-111 2.4187313854078124e-77 1.4011981665725737e-148 2.6713016094265618e-79 43
2.0315403771031085e-100 2.9811582319821315e-19 5.831121852325032e-12 1.3041442932913994e-52 2.0823852539116497e-30 1.0890424295756683e-111 2.4187313854078124e-77 1.05 2.6713016094265618e-79 43
2.57602545429301e-75 2.9811582319821315e-19 4.707091510424214e-103 8.343359894823213e-79 2.6570511706869228e-68 1.0890424295756683e-111 2.4187313854078124e-77 1.4011981665725737e-148 1.2943992867015395e-110 42
1.4909946359676574e-29 1.3785590805649309e-108 5.831121852325032e-12 8.343359894823213e-79 1.6747434530137918e-30 3.574747186073233e-32 6.877644803203849e-27 1.4011981665725737e-148 1.2943992867015395e-110 43
2.57602545429301e-75 1.3785590805649309e-108 4.707091510424214e-103 8.343359894823213e-79 1.4149537772681136e-63 1.3331587234856524e-11 2.425967294699575e-17 1.4011981665725737e-148 2.6713016094265618e-79 42
2.57602545429301e-75 6.58977684191842e-52 4.707091510424214e-103 8.343359894823213e-79 1.6747434530137918e-30 5.126530807977727e-20 2.4187313854078124e-77 1.05 1.2943992867015395e-110 42
2.0315403771031085e-100 1.3785590805649309e-108 4.707091510424214e-103 1.4629020015783387e-71 1.4149537772681136e-63 1.0890424295756683e-111 2.4187313854078124e-77 1.4011981665725737e-148 2.6713016094265618e-79 44
2.57602545429301e-75 1.3785590805649309e-108 4.707091510424214e-103 8.343359894823213e-79 2.6570511706869228e-68 1.0890424295756683e-111 2.4187313854078124e-77 1.4011981665725737e-148 1.2943992867015395e-110 42
2.0315403771031085e-100 1.3785590805649309e-108 4.707091510424214e-103 1.3041442932913994e-52 2.6570511706869228e-68 1.0890424295756683e-111 4.2074032160018e-56 1.4011981665725737e-148 1.2943992867015395e-110 43
2.0315403771031085e-100 1.3785590805649309e-108 4.707091510424214e-103 1.4629020015783387e-71 1.4149537772681136e-63 1.0890424295756683e-111 4.2074032160018e-56 1.4011981665725737e-148 1.2943992867015395e-110 43
2.57602545429301e-75 2.9811582319821315e-19 4.707091510424214e-103 8.343359894823213e-79 2.0823852539116497e-30 1.0890424295756683e-111 2.4187313854078124e-77 1.4011981665725737e-148 5.859717806911976e-12 42
1.4909946359676574e-29 6.050480496270409e-26 1.8473457090300314e-68 8.343359894823213e-79 1.6747434530137918e-30 3.574747186073233e-32 6.877644803203849e-27 1.4011981665725737e-148 2.6713016094265618e-79 43
2.0315403771031085e-100 1.3785590805649309e-108 4.707091510424214e-103 1.3041442932913994e-52 2.6570511706869228e-68 1.0890424295756683e-111 4.2074032160018e-56 1.4011981665725737e-148 1.2943992867015395e-110 43
2.57602545429301e-75 1.3785590805649309e-108 4.707091510424214e-103 8.343359894823213e-79 1.4149537772681136e-63 5.126530807977727e-20 2.4187313854078124e-77 1.4011981665725737e-148 1.2943992867015395e-110 43
2.57602545429301e-75 2.9811582319821315e-19 4.707091510424214e-103 8.343359894823213e-79 2.6570511706869228e-68 1.0890424295756683e-111 2.4187313854078124e-77 1.4011981665725737e-148 1.2943992867015395e-110 42
2.0315403771031085e-100 2.9811582319821315e-19 4.707091510424214e-103 1.3041442932913994e-52 2.0823852539116497e-30 1.0890424295756683e-111 4.2074032160018e-56 1.4011981665725737e-148 1.2943992867015395e-110 43
2.57602545429301e-75 6.58977684191842e-52 5.831121852325032e-12 1.3041442932913994e-52 1.4149537772681136e-63 1.2969815176017813e-28 2.425967294699575e-17 1.4011981665725737e-148 1.2943992867015395e-110 47
2.57602545429301e-75 1.3785590805649309e-108 7.574681605194305e-10 8.343359894823213e-79 1.6747434530137918e-30 1.3331587234856524e-11 2.425967294699575e-17 1.4011981665725737e-148 2.6713016094265618e-79 42
2.57602545429301e-75 6.58977684191842e-52 5.831121852325032e-12 1.4629020015783387e-71 1.6747434530137918e-30 1.0890424295756683e-111 2.425967294699575e-17 1.4011981665725737e-148 1.2943992867015395e-110 48
2.0315403771031085e-100 1.3785590805649309e-108 4.707091510424214e-103 1.3041442932913994e-52 2.6570511706869228e-68 1.0890424295756683e-111 4.2074032160018e-56 1.4011981665725737e-148 1.2943992867015395e-110 43
2.0315403771031085e-100 6.58977684191842e-52 1.1765907593588791e-12 1.4629020015783387e-71 2.6570511706869228e-68 1.2969815176017813e-28 2.4187313854078124e-77 6.983378928346728e-40 1.2943992867015395e-110 48
2.57602545429301e-75 1.3785590805649309e-108 4.707091510424214e-103 8.343359894823213e-79 1.4149537772681136e-63 1.0890424295756683e-111 2.4187313854078124e-77 1.4011981665725737e-148 2.6713016094265618e-79 43
2.0315403771031085e-100 2.9811582319821315e-19 4.707091510424214e-103 1.3041442932913994e-52 2.0823852539116497e-30 1.0890424295756683e-111 4.2074032160018e-56 1.4011981665725737e-148 1.2943992867015395e-110 43
2.0315403771031085e-100 6.050480496270409e-26 4.707091510424214e-103 8.343359894823213e-79 2.6570511706869228e-68 1.0890424295756683e-111 2.4187313854078124e-77 1.4011981665725737e-148 1.2943992867015395e-110 44
2.57602545429301e-75 6.58977684191842e-52 1.8473457090300314e-68 8.343359894823213e-79 1.4149537772681136e-63 3.574747186073233e-32 6.877644803203849e-27 1.4011981665725737e-148 2.6713016094265618e-79 43
2.57602545429301e-75 2.9811582319821315e-19 4.707091510424214e-103 8.343359894823213e-79 2.0823852539116497e-30 1.0890424295756683e-111 2.4187313854078124e-77 1.4011981665725737e-148 1.2943992867015395e-110 42
2.0315403771031085e-100 1.3785590805649309e-108 4.707091510424214e-103 1.3041442932913994e-52 2.0823852539116497e-30 1.3331587234856524e-11 4.2074032160018e-56 1.4011981665725737e-148 1.2943992867015395e-110 43
2.0315403771031085e-100 6.58977684191842e-52 4.707091510424214e-103 8.343359894823213e-79 2.6570511706869228e-68 1.3331587234856524e-11 4.2074032160018e-56 1.4011981665725737e-148 2.6713016094265618e-79 43
2.57602545429301e-75 1.3785590805649309e-108 4.707091510424214e-103 8.343359894823213e-79 1.4149537772681136e-63 1.0890424295756683e-111 2.4187313854078124e-77 1.4011981665725737e-148 2.6713016094265618e-79 43
2.57602545429301e-75 1.3785590805649309e-108 4.707091510424214e-103 8.343359894823213e-79 1.4149537772681136e-63 5.126530807977727e-20 2.4187313854078124e-77 1.4011981665725737e-148 1.2943992867015395e-110 43
2.57602545429301e-75 6.58977684191842e-52 4.707091510424214e-103 8.343359894823213e-79 1.6747434530137918e-30 5.126530807977727e-20 2.4187313854078124e-77 1.05 1.2943992867015395e-110 42
0.03 1.3785590805649309e-108 4.707091510424214e-103 8.343359894823213e-79 2.6570511706869228e-68 1.0890424295756683e-111 2.4187313854078124e-77 1.4011981665725737e-148 2.6713016094265618e-79 42
2.57602545429301e-75 6.58977684191842e-52 1.8473457090300314e-68 1.4629020015783387e-71 1.4149537772681136e-63 1.0890424295756683e-111 4.2074032160018e-56 6.983378928346728e-40 1.2943992867015395e-110 48
2.57602545429301e-75 6.58977684191842e-52 7.574681605194305e-10 8.343359894823213e-79 1.6747434530137918e-30 3.574747186073233e-32 2.425967294699575e-17 1.4011981665725737e-148 1.2943992867015395e-110 42
1.4909946359676574e-29 6.050480496270409e-26 1.8473457090300314e-68 8.343359894823213e-79 1.6747434530137918e-30 3.574747186073233e-32 6.877644803203849e-27 1.4011981665725737e-148 2.6713016094265618e-79 43
2.0315403771031085e-100 1.3785590805649309e-108 4.707091510424214e-103 1.3041442932913994e-52 2.0823852539116497e-30 3.574747186073233e-32 2.4187313854078124e-77 1.4011981665725737e-148 2.6713016094265618e-79 43
2.0315403771031085e-100 6.58977684191842e-52 4.707091510424214e-103 1.4629020015783387e-71 1.6747434530137918e-30 3.574747186073233e-32 4.2074032160018e-56 1.4011981665725737e-148 2.6713016094265618e-79 43
1.4909946359676574e-29 6.050480496270409e-26 1.8473457090300314e-68 8.343359894823213e-79 2.0823852539116497e-30 1.2969815176017813e-28 6.877644803203849e-27 1.4011981665725737e-148 1.2943992867015395e-110 43
2.57602545429301e-75 6.58977684191842e-52 1.8473457090300314e-68 8.343359894823213e-79 2.0823852539116497e-30 1.2969815176017813e-28 6.877644803203849e-27 1.4011981665725737e-148 1.2943992867015395e-110 47
2.57602545429301e-75 2.9811582319821315e-19 5.831121852325032e-12 8.343359894823213e-79 2.0823852539116497e-30 1.3331587234856524e-11 2.425967294699575e-17 1.4011981665725737e-148 2.6713016094265618e-79 43
2.57602545429301e-75 1.3785590805649309e-108 4.707091510424214e-103 8.343359894823213e-79 1.4149537772681136e-63 1.0890424295756683e-111 2.4187313854078124e-77 1.4011981665725737e-148 1.2943992867015395e-110 42
2.0315403771031085e-100 2.9811582319821315e-19 4.707091510424214e-103 1.4629020015783387e-71 2.0823852539116497e-30 1.0890424295756683e-111 4.2074032160018e-56 1.4011981665725737e-148 2.6713016094265618e-79 43
1.4909946359676574e-29 6.58977684191842e-52 1.1765907593588791e-12 8.343359894823213e-79 1.6747434530137918e-30 1.3331587234856524e-11 2.4187313854078124e-77 6.983378928346728e-40 1.2943992867015395e-110 48
2.57602545429301e-75 6.58977684191842e-52 7.574681605194305e-10 8.343359894823213e-79 1.6747434530137918e-30 3.574747186073233e-32 2.425967294699575e-17 1.4011981665725737e-148 1.2943992867015395e-110 42
2.57602545429301e-75 1.3785590805649309e-108 4.707091510424214e-103 1.3041442932913994e-52 1.4149537772681136e-63 5.126530807977727e-20 2.4187313854078124e-77 1.4011981665725737e-148 1.2943992867015395e-110 44
2.57602545429301e-75 1.3785590805649309e-108 4.707091510424214e-103 8.343359894823213e-79 1.4149537772681136e-63 5.126530807977727e-20 2.4187313854078124e-77 1.4011981665725737e-148 1.2943992867015395e-110 42
2.57602545429301e-75 2.9811582319821315e-19 4.707091510424214e-103 8.343359894823213e-79 2.6570511706869228e-68 1.0890424295756683e-111 2.4187313854078124e-77 1.4011981665725737e-148 1.2943992867015395e-110 42
2.0315403771031085e-100 1.3785590805649309e-108 4.707091510424214e-103 1.3041442932913994e-52 2.6570511706869228e-68 1.0890424295756683e-111 4.2074032160018e-56 1.4011981665725737e-148 1.2943992867015395e-110 43
2.57602545429301e-75 1.3785590805649309e-108 4.707091510424214e-103 1.3041442932913994e-52 1.4149537772681136e-63 1.0890424295756683e-111 4.2074032160018e-56 1.4011981665725737e-148 1.2943992867015395e-110 43
2.57602545429301e-75 6.58977684191842e-52 4.707091510424214e-103 8.343359894823213e-79 1.6747434530137918e-30 1.3331587234856524e-11 4.9079639343284385e-26 1.4011981665725737e-148 2.6713016094265618e-79 44
2.57602545429301e-75 2.9811582319821315e-19 5.831121852325032e-12 8.343359894823213e-79 2.0823852539116497e-30 1.3331587234856524e-11 2.425967294699575e-17 1.4011981665725737e-148 2.6713016094265618e-79 43
2.57602545429301e-75 1.3785590805649309e-108 4.707091510424214e-103 8.343359894823213e-79 1.4149537772681136e-63 5.126530807977727e-20 2.4187313854078124e-77 1.4011981665725737e-148 1.2943992867015395e-110 43
2.57602545429301e-75 6.58977684191842e-52 1.8473457090300314e-68 1.4629020015783387e-71 2.0823852539116497e-30 1.2969815176017813e-28 2.4187313854078124e-77 6.983378928346728e-40 1.2943992867015395e-110 48
2.57602545429301e-75 2.9811582319821315e-19 5.831121852325032e-12 8.343359894823213e-79 2.0823852539116497e-30 5.126530807977727e-20 4.9079639343284385e-26 1.4011981665725737e-148 2.6713016094265618e-79 42
2.0315403771031085e-100 6.58977684191842e-52 1.8473457090300314e-68 1.4629020015783387e-71 2.0823852539116497e-30 1.2969815176017813e-28 2.4187313854078124e-77 6.983378928346728e-40 1.2943992867015395e-110 48
2.57602545429301e-75 1.3785590805649309e-108 4.707091510424214e-103 8.343359894823213e-79 2.6570511706869228e-68 1.0890424295756683e-111 2.4187313854078124e-77 1.4011981665725737e-148 1.2943992867015395e-110 42
2.57602545429301e-75 1.3785590805649309e-108 4.707091510424214e-103 8.343359894823213e-79 1.4149537772681136e-63 5.126530807977727e-20 2.4187313854078124e-77 1.4011981665725737e-148 1.2943992867015395e-110 42
2.0315403771031085e-100 1.3785590805649309e-108 1.8473457090300314e-68 1.4629020015783387e-71 1.6747434530137918e-30 1.0890424295756683e-111 4.2074032160018e-56 1.4011981665725737e-148 1.2943992867015395e-110 46
1.4909946359676574e-29 6.58977684191842e-52 1.1765907593588791e-12 8.343359894823213e-79 1.6747434530137918e-30 1.3331587234856524e-11 2.4187313854078124e-77 6.983378928346728e-40 1.2943992867015395e-110 48
2.0315403771031085e-100 1.3785590805649309e-108 4.707091510424214e-103 1.3041442932913994e-52 1.4149537772681136e-63 5.126530807977727e-20 4.2074032160018e-56 1.4011981665725737e-148 1.2943992867015395e-110 43
2.0315403771031085e-100 6.58977684191842e-52 1.8473457090300314e-68 1.4629020015783387e-71 2.6570511706869228e-68 1.2969815176017813e-28 2.4187313854078124e-77 6.983378928346728e-40 1.2943992867015395e-110 48
2.57602545429301e-75 2.9811582319821315e-19 4.707091510424214e-103 8.343359894823213e-79 2.6570511706869228e-68 1.0890424295756683e-111 2.4187313854078124e-77 1.4011981665725737e-148 2.6713016094265618e-79 42
2.57602545429301e-75 6.58977684191842e-52 1.8473457090300314e-68 8.343359894823213e-79 2.0823852539116497e-30 1.2969815176017813e-28 6.877644803203849e-27 1.4011981665725737e-148 1.2943992867015395e-110 47
2.57602545429301e-75 6.58977684191842e-52 7.574681605194305e-10 8.343359894823213e-79 1.6747434530137918e-30 1.2969815176017813e-28 2.425967294699575e-17 1.4011981665725737e-148 1.2943992867015395e-110 44
2.57602545429301e-75 1.3785590805649309e-108 4.707091510424214e-103 1.3041442932913994e-52 2.6570511706869228e-68 1.0890424295756683e-111 4.2074032160018e-56 1.4011981665725737e-148 1.2943992867015395e-110 43
2.57602545429301e-75 6.58977684191842e-52 5.831121852325032e-12 1.3041442932913994e-52 1.4149537772681136e-63 1.2969815176017813e-28 2.425967294699575e-17 1.4011981665725737e-148 1.2943992867015395e-110 47
2.0315403771031085e-100 6.58977684191842e-52 1.8473457090300314e-68 1.4629020015783387e-71 2.0823852539116497e-30 1.2969815176017813e-28 2.4187313854078124e-77 6.983378928346728e-40 1.2943992867015395e-110 48
2.57602545429301e-75 1.3785590805649309e-108 4.707091510424214e-103 1.3041442932913994e-52 1.4149537772681136e-63 5.126530807977727e-20 2.4187313854078124e-77 1.4011981665725737e-148 1.2943992867015395e-110 44
2.0315403771031085e-100 1.3785590805649309e-108 4.707091510424214e-103 1.3041442932913994e-52 1.4149537772681136e-63 5.126530807977727e-20 4.2074032160018e-56 1.4011981665725737e-148 1.2943992867015395e-110 43
2.0315403771031085e-100 2.9811582319821315e-19 4.707091510424214e-103 1.3041442932913994e-52 2.0823852539116497e-30 1.0890424295756683e-111 4.2074032160018e-56 1.4011981665725737e-148 1.2943992867015395e-110 43
2.57602545429301e-75 1.3785590805649309e-108 5.831121852325032e-12 8.343359894823213e-79 1.4149537772681136e-63 1.2969815176017813e-28 2.425967294699575e-17 1.4011981665725737e-148 1.2943992867015395e-110 47
2.57602545429301e-75 1.3785590805649309e-108 4.707091510424214e-103 1.3041442932913994e-52 2.6570511706869228e-68 1.0890424295756683e-111 4.2074032160018e-56 1.4011981665725737e-148 1.2943992867015395e-110 43
2.57602545429301e-75 6.58977684191842e-52 4.707091510424214e-103 8.343359894823213e-79 1.4149537772681136e-63 5.126530807977727e-20 4.2074032160018e-56 1.4011981665725737e-148 1.2943992867015395e-110 42
2.57602545429301e-75 1.3785590805649309e-108 4.707091510424214e-103 8.343359894823213e-79 1.4149537772681136e-63 1.0890424295756683e-111 2.4187313854078124e-77 1.4011981665725737e-148 1.2943992867015395e-110 42
2.0315403771031085e-100 1.3785590805649309e-108 4.707091510424214e-103 1.3041442932913994e-52 2.0823852539116497e-30 1.3331587234856524e-11 4.2074032160018e-56 1.4011981665725737e-148 1.2943992867015395e-110 43
2.57602545429301e-75 1.3785590805649309e-108 7.574681605194305e-10 8.343359894823213e-79 1.4149537772681136e-63 5.126530807977727e-20 2.4187313854078124e-77 1.4011981665725737e-148 1.2943992867015395e-110 43
2.57602545429301e-75 6.58977684191842e-52 1.8473457090300314e-68 1.4629020015783387e-71 2.0823852539116497e-30 1.2969815176017813e-28 2.4187313854078124e-77 6.983378928346728e-40 1.2943992867015395e-110 48
2.0315403771031085e-100 1.3785590805649309e-108 4.707091510424214e-103 1.4629020015783387e-71 1.4149537772681136e-63 1.0890424295756683e-111 4.2074032160018e-56 1.4011981665725737e-148 1.2943992867015395e-110 43
2.57602545429301e-75 2.9811582319821315e-19 4.707091510424214e-103 1.3041442932913994e-52 2.6570511706869228e-68 1.0890424295756683e-111 2.4187313854078124e-77 1.4011981665725737e-148 1.2943992867015395e-110 42
2.57602545429301e-75 1.3785590805649309e-108 4.707091510424214e-103 8.343359894823213e-79 1.4149537772681136e-63 1.3331587234856524e-11 2.425967294699575e-17 1.4011981665725737e-148 2.6713016094265618e-79 42
2.57602545429301e-75 1.3785590805649309e-108 4.707091510424214e-103 1.3041442932913994e-52 1.4149537772681136e-63 1.0890424295756683e-111 2.4187313854078124e-77 1.4011981665725737e-148 1.2943992867015395e-110 42
2.0315403771031085e-100 2.9811582319821315e-19 4.707091510424214e-103 1.3041442932913994e-52 2.6570511706869228e-68 1.0890424295756683e-111 4.2074032160018e-56 1.4011981665725737e-148 2.6713016094265618e-79 42
