5.510233523634233e-84 5.385983174495834e-16 3.222316420913244e-13 6.471017411426041e-49 2.948393827493723e-23 1.4788892662408268e-97 2.2085453635842464e-72 1.551954411740402e-140 4.721893399178288e-103 43
2.0107063727729794e-74 4.881746049780679e-110 1.9016951978572562e-11 1.3916586612584623e-75 2.7750754322410352e-28 7.601556260732778e-25 2.2085453635842464e-72 1.551954411740402e-140 4.721893399178288e-103 42
5.510233523634233e-84 4.881746049780679e-110 1.1525393663707505e-86 1.3916586612584623e-75 2.3058675634104462e-73 1.0567754834966775e-24 2.2085453635842464e-72 1.551954411740402e-140 4.721893399178288e-103 42
5.510233523634233e-84 4.881746049780679e-110 1.1525393663707505e-86 6.471017411426041e-49 1.9495578648731844e-50 1.4788892662408268e-97 2.3930915277864927e-44 1.551954411740402e-140 4.721893399178288e-103 43
2.0107063727729794e-74 4.881746049780679e-110 1.9016951978572562e-11 6.471017411426041e-49 2.7750754322410352e-28 1.0567754834966775e-24 2.3930915277864927e-44 1.551954411740402e-140 2.0544787374613947e-71 43
2.0107063727729794e-74 4.881746049780679e-110 1.1525393663707505e-86 1.3916586612584623e-75 2.3058675634104462e-73 7.601556260732778e-25 2.2085453635842464e-72 1.551954411740402e-140 4.721893399178288e-103 44
2.0107063727729794e-74 4.881746049780679e-110 1.1525393663707505e-86 1.3916586612584623e-75 2.3058675634104462e-73 1.4788892662408268e-97 2.2085453635842464e-72 1.551954411740402e-140 4.721893399178288e-103 43
5.510233523634233e-84 4.771419341300271e-38 3.6758741625825944e-13 1.6587751797269745e-59 1.9495578648731844e-50 8.393479030870312e-22 2.2085453635842464e-72 8.588453199537471e-31 4.721893399178288e-103 48
2.0107063727729794e-74 4.881746049780679e-110 1.1525393663707505e-86 1.6587751797269745e-59 2.3058675634104462e-73 1.4788892662408268e-97 2.3930915277864927e-44 1.551954411740402e-140 4.721893399178288e-103 43
2.0107063727729794e-74 4.881746049780679e-110 1.1525393663707505e-86 1.3916586612584623e-75 1.9495578648731844e-50 1.4788892662408268e-97 2.2085453635842464e-72 1.551954411740402e-140 4.721893399178288e-103 42
2.0107063727729794e-74 4.771419341300271e-38 3.222316420913244e-13 1.6587751797269745e-59 2.7750754322410352e-28 1.4788892662408268e-97 9.590218438583313e-16 1.551954411740402e-140 4.721893399178288e-103 48
2.0107063727729794e-74 4.881746049780679e-110 3.222316420913244e-13 1.3916586612584623e-75 2.3058675634104462e-73 8.393479030870312e-22 9.590218438583313e-16 1.551954411740402e-140 4.721893399178288e-103 47
2.0107063727729794e-74 4.881746049780679e-110 1.1525393663707505e-86 1.3916586612584623e-75 1.9495578648731844e-50 1.4788892662408268e-97 2.2085453635842464e-72 1.551954411740402e-140 4.721893399178288e-103 42
5.510233523634233e-84 4.881746049780679e-110 1.1525393663707505e-86 6.471017411426041e-49 2.3058675634104462e-73 1.0567754834966775e-24 2.3930915277864927e-44 1.551954411740402e-140 4.721893399178288e-103 43
2.0107063727729794e-74 4.881746049780679e-110 1.1525393663707505e-86 6.471017411426041e-49 2.3058675634104462e-73 1.4788892662408268e-97 2.2085453635842464e-72 1.551954411740402e-140 4.721893399178288e-103 44
0.03 4.771419341300271e-38 1.6335341526567127e-62 0.44999999999999996 3.0145087998986633e-10 8.393479030870312e-22 2.3930915277864927e-44 1.551954411740402e-140 4.721893399178288e-103 47
5.510233523634233e-84 1.2257282295473156e-22 1.1525393663707505e-86 1.3916586612584623e-75 1.9495578648731844e-50 1.4788892662408268e-97 2.2085453635842464e-72 1.551954411740402e-140 4.721893399178288e-103 44
5.510233523634233e-84 4.771419341300271e-38 1.6335341526567127e-62 1.6587751797269745e-59 1.9495578648731844e-50 7.601556260732778e-25 1.2015272150826656e-20 8.588453199537471e-31 4.721893399178288e-103 48
5.510233523634233e-84 4.771419341300271e-38 3.222316420913244e-13 1.6587751797269745e-59 2.3058675634104462e-73 1.4788892662408268e-97 2.3930915277864927e-44 1.551954411740402e-140 4.721893399178288e-103 43
2.0107063727729794e-74 4.771419341300271e-38 1.6335341526567127e-62 1.3916586612584623e-75 2.3058675634104462e-73 7.601556260732778e-25 1.284136066155063e-31 1.551954411740402e-140 2.0544787374613947e-71 43
2.0107063727729794e-74 4.881746049780679e-110 1.1525393663707505e-86 6.471017411426041e-49 2.3058675634104462e-73 1.4788892662408268e-97 2.2085453635842464e-72 1.551954411740402e-140 4.721893399178288e-103 44
5.510233523634233e-84 4.881746049780679e-110 1.1525393663707505e-86 1.3916586612584623e-75 2.3058675634104462e-73 1.0567754834966775e-24 2.2085453635842464e-72 1.551954411740402e-140 4.721893399178288e-103 44
2.0107063727729794e-74 4.881746049780679e-110 1.9016951978572562e-11 1.3916586612584623e-75 2.7750754322410352e-28 3.247711234398468e-16 9.590218438583313e-16 1.551954411740402e-140 2.0544787374613947e-71 42
2.0107063727729794e-74 5.385983174495834e-16 1.1525393663707505e-86 1.3916586612584623e-75 1.9495578648731844e-50 1.4788892662408268e-97 2.2085453635842464e-72 1.551954411740402e-140 4.721893399178288e-103 42
2.0107063727729794e-74 4.771419341300271e-38 1.6335341526567127e-62 1.3916586612584623e-75 2.3058675634104462e-73 7.601556260732778e-25 1.284136066155063e-31 1.551954411740402e-140 2.0544787374613947e-71 43
2.0107063727729794e-74 4.771419341300271e-38 1.6335341526567127e-62 1.6587751797269745e-59 2.3058675634104462e-73 8.393479030870312e-22 9.590218438583313e-16 1.551954411740402e-140 4.721893399178288e-103 47
2.0107063727729794e-74 4.881746049780679e-110 1.1525393663707505e-86 1.3916586612584623e-75 2.3058675634104462e-73 7.601556260732778e-25 9.590218438583313e-16 1.551954411740402e-140 4.721893399178288e-103 42
5.510233523634233e-84 5.385983174495834e-16 3.222316420913244e-13 6.471017411426041e-49 2.948393827493723e-23 1.4788892662408268e-97 2.2085453635842464e-72 1.551954411740402e-140 4.721893399178288e-103 43
2.0107063727729794e-74 4.881746049780679e-110 1.1525393663707505e-86 1.3916586612584623e-75 1.9495578648731844e-50 7.601556260732778e-25 2.2085453635842464e-72 1.551954411740402e-140 4.721893399178288e-103 44
2.0107063727729794e-74 4.881746049780679e-110 1.1525393663707505e-86 1.3916586612584623e-75 2.3058675634104462e-73 1.0567754834966775e-24 2.2085453635842464e-72 1.551954411740402e-140 4.721893399178288e-103 42
2.0107063727729794e-74 4.881746049780679e-110 1.1525393663707505e-86 1.3916586612584623e-75 2.3058675634104462e-73 1.4788892662408268e-97 2.2085453635842464e-72 1.551954411740402e-140 4.721893399178288e-103 48
6.609125476358122e-28 1.2257282295473156e-22 1.6335341526567127e-62 1.3916586612584623e-75 2.948393827493723e-23 8.393479030870312e-22 1.284136066155063e-31 1.551954411740402e-140 4.721893399178288e-103 43
0.03 4.881746049780679e-110 3.222316420913244e-13 1.6587751797269745e-59 2.3058675634104462e-73 1.4788892662408268e-97 2.3930915277864927e-44 8.588453199537471e-31 4.721893399178288e-103 48
2.0107063727729794e-74 4.771419341300271e-38 1.9016951978572562e-11 1.3916586612584623e-75 2.7750754322410352e-28 8.393479030870312e-22 9.590218438583313e-16 1.551954411740402e-140 4.721893399178288e-103 42
5.510233523634233e-84 4.771419341300271e-38 3.6758741625825944e-13 1.6587751797269745e-59 1.9495578648731844e-50 8.393479030870312e-22 2.2085453635842464e-72 8.588453199537471e-31 4.721893399178288e-103 48
2.0107063727729794e-74 4.771419341300271e-38 3.222316420913244e-13 6.471017411426041e-49 2.3058675634104462e-73 8.393479030870312e-22 9.590218438583313e-16 1.551954411740402e-140 4.721893399178288e-103 47
2.0107063727729794e-74 4.881746049780679e-110 1.1525393663707505e-86 1.3916586612584623e-75 2.3058675634104462e-73 1.4788892662408268e-97 2.2085453635842464e-72 1.551954411740402e-140 2.0544787374613947e-71 43
5.510233523634233e-84 4.771419341300271e-38 1.6335341526567127e-62 1.6587751797269745e-59 1.9495578648731844e-50 8.393479030870312e-22 2.2085453635842464e-72 8.588453199537471e-31 4.721893399178288e-103 48
6.609125476358122e-28 4.771419341300271e-38 3.6758741625825944e-13 1.3916586612584623e-75 2.7750754322410352e-28 3.247711234398468e-16 2.2085453635842464e-72 8.588453199537471e-31 4.721893399178288e-103 48
5.510233523634233e-84 4.881746049780679e-110 1.6335341526567127e-62 1.6587751797269745e-59 2.7750754322410352e-28 1.4788892662408268e-97 2.3930915277864927e-44 1.551954411740402e-140 4.721893399178288e-103 46
2.0107063727729794e-74 4.881746049780679e-110 1.1525393663707505e-86 1.3916586612584623e-75 2.3058675634104462e-73 1.4788892662408268e-97 2.2085453635842464e-72 1.551954411740402e-140 4.721893399178288e-103 43
2.0107063727729794e-74 5.385983174495834e-16 1.1525393663707505e-86 1.3916586612584623e-75 2.948393827493723e-23 1.4788892662408268e-97 2.2085453635842464e-72 1.551954411740402e-140 1.9600223784316165e-08 42
0.03 4.881746049780679e-110 1.1525393663707505e-86 1.3916586612584623e-75 1.9495578648731844e-50 1.4788892662408268e-97 2.2085453635842464e-72 1.551954411740402e-140 2.0544787374613947e-71 42
2.0107063727729794e-74 4.771419341300271e-38 1.6335341526567127e-62 1.6587751797269745e-59 1.9495578648731844e-50 8.393479030870312e-22 2.2085453635842464e-72 8.588453199537471e-31 4.721893399178288e-103 48
2.0107063727729794e-74 4.881746049780679e-110 1.1525393663707505e-86 6.471017411426041e-49 2.3058675634104462e-73 1.0567754834966775e-24 2.2085453635842464e-72 1.551954411740402e-140 4.721893399178288e-103 44
5.510233523634233e-84 4.771419341300271e-38 1.1525393663707505e-86 1.3916586612584623e-75 1.9495578648731844e-50 3.247711234398468e-16 2.3930915277864927e-44 1.551954411740402e-140 2.0544787374613947e-71 43
2.0107063727729794e-74 4.881746049780679e-110 1.1525393663707505e-86 1.3916586612584623e-75 1.9495578648731844e-50 1.4788892662408268e-97 2.2085453635842464e-72 1.551954411740402e-140 4.721893399178288e-103 42
5.510233523634233e-84 4.881746049780679e-110 1.1525393663707505e-86 1.3916586612584623e-75 2.3058675634104462e-73 1.0567754834966775e-24 2.2085453635842464e-72 1.551954411740402e-140 4.721893399178288e-103 43
2.0107063727729794e-74 4.881746049780679e-110 1.6335341526567127e-62 6.471017411426041e-49 2.948393827493723e-23 7.601556260732778e-25 1.284136066155063e-31 1.551954411740402e-140 2.0544787374613947e-71 46
5.510233523634233e-84 4.881746049780679e-110 1.1525393663707505e-86 1.3916586612584623e-75 2.3058675634104462e-73 1.0567754834966775e-24 2.2085453635842464e-72 1.551954411740402e-140 4.721893399178288e-103 44
2.0107063727729794e-74 4.771419341300271e-38 1.1525393663707505e-86 1.6587751797269745e-59 2.7750754322410352e-28 1.4788892662408268e-97 2.3930915277864927e-44 8.588453199537471e-31 4.721893399178288e-103 48
6.609125476358122e-28 5.385983174495834e-16 1.6335341526567127e-62 1.3916586612584623e-75 2.3058675634104462e-73 7.601556260732778e-25 1.284136066155063e-31 1.551954411740402e-140 4.721893399178288e-103 43
2.0107063727729794e-74 4.881746049780679e-110 1.6335341526567127e-62 6.471017411426041e-49 2.948393827493723e-23 7.601556260732778e-25 1.284136066155063e-31 1.551954411740402e-140 2.0544787374613947e-71 46
2.0107063727729794e-74 4.881746049780679e-110 1.1525393663707505e-86 1.3916586612584623e-75 1.9495578648731844e-50 7.601556260732778e-25 2.2085453635842464e-72 1.551954411740402e-140 4.721893399178288e-103 44
5.510233523634233e-84 4.771419341300271e-38 1.6335341526567127e-62 1.6587751797269745e-59 2.948393827493723e-23 8.393479030870312e-22 2.2085453635842464e-72 8.588453199537471e-31 4.721893399178288e-103 48
2.0107063727729794e-74 4.881746049780679e-110 1.1525393663707505e-86 1.3916586612584623e-75 2.3058675634104462e-73 1.4788892662408268e-97 2.2085453635842464e-72 1.551954411740402e-140 2.0544787374613947e-71 42
2.0107063727729794e-74 4.881746049780679e-110 1.1525393663707505e-86 1.3916586612584623e-75 2.3058675634104462e-73 7.601556260732778e-25 2.2085453635842464e-72 1.551954411740402e-140 4.721893399178288e-103 42
5.510233523634233e-84 4.771419341300271e-38 1.6335341526567127e-62 1.6587751797269745e-59 2.948393827493723e-23 8.393479030870312e-22 2.2085453635842464e-72 8.588453199537471e-31 4.721893399178288e-103 48
2.0107063727729794e-74 4.881746049780679e-110 3.222316420913244e-13 6.471017411426041e-49 2.3058675634104462e-73 1.0567754834966775e-24 9.590218438583313e-16 8.588453199537471e-31 2.0544787374613947e-71 43
5.510233523634233e-84 5.385983174495834e-16 1.1525393663707505e-86 6.471017411426041e-49 2.948393827493723e-23 1.4788892662408268e-97 2.3930915277864927e-44 1.551954411740402e-140 4.721893399178288e-103 43
5.510233523634233e-84 4.881746049780679e-110 1.1525393663707505e-86 6.471017411426041e-49 1.9495578648731844e-50 1.4788892662408268e-97 2.3930915277864927e-44 1.551954411740402e-140 4.721893399178288e-103 43
2.0107063727729794e-74 4.881746049780679e-110 1.1525393663707505e-86 1.3916586612584623e-75 1.9495578648731844e-50 1.4788892662408268e-97 2.2085453635842464e-72 1.551954411740402e-140 4.721893399178288e-103 42
5.510233523634233e-84 4.881746049780679e-110 1.1525393663707505e-86 1.3916586612584623e-75 2.3058675634104462e-73 1.0567754834966775e-24 2.2085453635842464e-72 1.551954411740402e-140 4.721893399178288e-103 43
2.0107063727729794e-74 4.771419341300271e-38 3.222316420913244e-13 6.471017411426041e-49 2.3058675634104462e-73 8.393479030870312e-22 9.590218438583313e-16 1.551954411740402e-140 4.721893399178288e-103 47
5.510233523634233e-84 4.881746049780679e-110 1.1525393663707505e-86 6.471017411426041e-49 1.9495578648731844e-50 1.4788892662408268e-97 2.3930915277864927e-44 1.551954411740402e-140 2.0544787374613947e-71 43
6.609125476358122e-28 1.2257282295473156e-22 1.6335341526567127e-62 1.3916586612584623e-75 2.7750754322410352e-28 7.601556260732778e-25 1.284136066155063e-31 1.551954411740402e-140 2.0544787374613947e-71 43
2.0107063727729794e-74 4.771419341300271e-38 1.9016951978572562e-11 1.3916586612584623e-75 2.7750754322410352e-28 7.601556260732778e-25 1.2015272150826656e-20 1.551954411740402e-140 4.721893399178288e-103 42
2.0107063727729794e-74 5.385983174495834e-16 3.222316420913244e-13 1.3916586612584623e-75 2.948393827493723e-23 1.0567754834966775e-24 1.2015272150826656e-20 1.551954411740402e-140 2.0544787374613947e-71 42
2.0107063727729794e-74 4.881746049780679e-110 1.9016951978572562e-11 1.3916586612584623e-75 2.3058675634104462e-73 1.4788892662408268e-97 2.3930915277864927e-44 1.551954411740402e-140 2.0544787374613947e-71 43
2.0107063727729794e-74 5.385983174495834e-16 1.1525393663707505e-86 1.3916586612584623e-75 1.9495578648731844e-50 1.4788892662408268e-97 2.2085453635842464e-72 1.551954411740402e-140 4.721893399178288e-103 42
2.0107063727729794e-74 4.771419341300271e-38 1.6335341526567127e-62 1.6587751797269745e-59 2.948393827493723e-23 8.393479030870312e-22 2.2085453635842464e-72 8.588453199537471e-31 4.721893399178288e-103 48
5.510233523634233e-84 4.881746049780679e-110 1.1525393663707505e-86 6.471017411426041e-49 1.9495578648731844e-50 3.247711234398468e-16 2.3930915277864927e-44 1.551954411740402e-140 4.721893399178288e-103 42
5.510233523634233e-84 4.881746049780679e-110 1.1525393663707505e-86 6.471017411426041e-49 2.3058675634104462e-73 1.4788892662408268e-97 2.3930915277864927e-44 1.551954411740402e-140 2.0544787374613947e-71 43
2.0107063727729794e-74 4.881746049780679e-110 1.1525393663707505e-86 1.3916586612584623e-75 2.3058675634104462e-73 7.601556260732778e-25 2.2085453635842464e-72 1.05 2.0544787374613947e-71 44
5.510233523634233e-84 4.771419341300271e-38 3.222316420913244e-13 1.6587751797269745e-59 2.7750754322410352e-28 1.4788892662408268e-97 2.3930915277864927e-44 8.588453199537471e-31 4.721893399178288e-103 46
5.510233523634233e-84 4.881746049780679e-110 1.1525393663707505e-86 6.471017411426041e-49 2.948393827493723e-23 1.4788892662408268e-97 2.3930915277864927e-44 1.551954411740402e-140 2.0544787374613947e-71 42
2.0107063727729794e-74 5.385983174495834e-16 1.1525393663707505e-86 1.3916586612584623e-75 1.9495578648731844e-50 1.4788892662408268e-97 2.2085453635842464e-72 1.551954411740402e-140 4.721893399178288e-103 42
2.0107063727729794e-74 4.881746049780679e-110 1.1525393663707505e-86 1.3916586612584623e-75 2.3058675634104462e-73 3.247711234398468e-16 9.590218438583313e-16 1.551954411740402e-140 2.0544787374613947e-71 42
2.0107063727729794e-74 4.881746049780679e-110 1.1525393663707505e-86 1.3916586612584623e-75 2.3058675634104462e-73 1.4788892662408268e-97 2.2085453635842464e-72 1.551954411740402e-140 2.0544787374613947e-71 43
5.510233523634233e-84 4.881746049780679e-110 1.1525393663707505e-86 6.471017411426041e-49 2.948393827493723e-23 7.601556260732778e-25 2.2085453635842464e-72 1.551954411740402e-140 2.0544787374613947e-71 43
2.0107063727729794e-74 4.771419341300271e-38 1.1525393663707505e-86 1.3916586612584623e-75 2.3058675634104462e-73 1.0567754834966775e-24 2.3930915277864927e-44 1.551954411740402e-140 4.721893399178288e-103 42
2.0107063727729794e-74 4.771419341300271e-38 1.9016951978572562e-11 1.3916586612584623e-75 2.7750754322410352e-28 8.393479030870312e-22 9.590218438583313e-16 1.551954411740402e-140 4.721893399178288e-103 44
2.0107063727729794e-74 4.771419341300271e-38 1.6335341526567127e-62 1.6587751797269745e-59 2.3058675634104462e-73 8.393479030870312e-22 9.590218438583313e-16 1.551954411740402e-140 4.721893399178288e-103 47
2.0107063727729794e-74 4.881746049780679e-110 1.9016951978572562e-11 6.471017411426041e-49 2.7750754322410352e-28 1.0567754834966775e-24 2.3930915277864927e-44 1.551954411740402e-140 2.0544787374613947e-71 43
2.0107063727729794e-74 5.385983174495834e-16 1.1525393663707505e-86 1.3916586612584623e-75 1.9495578648731844e-50 1.4788892662408268e-97 2.2085453635842464e-72 1.551954411740402e-140 4.721893399178288e-103 42
2.0107063727729794e-74 4.771419341300271e-38 1.9016951978572562e-11 1.3916586612584623e-75 2.7750754322410352e-28 7.601556260732778e-25 9.590218438583313e-16 1.551954411740402e-140 4.721893399178288e-103 42
2.0107063727729794e-74 4.771419341300271e-38 1.6335341526567127e-62 1.3916586612584623e-75 2.948393827493723e-23 8.393479030870312e-22 1.284136066155063e-31 1.551954411740402e-140 4.721893399178288e-103 47
2.0107063727729794e-74 4.881746049780679e-110 1.1525393663707505e-86 6.471017411426041e-49 2.3058675634104462e-73 1.0567754834966775e-24 2.2085453635842464e-72 1.551954411740402e-140 1.9600223784316165e-08 42
2.0107063727729794e-74 4.881746049780679e-110 3.222316420913244e-13 6.471017411426041e-49 2.3058675634104462e-73 1.0567754834966775e-24 9.590218438583313e-16 8.588453199537471e-31 2.0544787374613947e-71 43
2.0107063727729794e-74 4.881746049780679e-110 1.1525393663707505e-86 6.471017411426041e-49 2.3058675634104462e-73 1.4788892662408268e-97 2.2085453635842464e-72 1.551954411740402e-140 2.0544787374613947e-71 43
2.0107063727729794e-74 5.385983174495834e-16 1.1525393663707505e-86 6.471017411426041e-49 1.9495578648731844e-50 1.4788892662408268e-97 2.2085453635842464e-72 1.551954411740402e-140 4.721893399178288e-103 42
5.510233523634233e-84 4.881746049780679e-110 1.1525393663707505e-86 1.3916586612584623e-75 2.3058675634104462e-73 1.0567754834966775e-24 2.2085453635842464e-72 1.551954411740402e-140 4.721893399178288e-103 44
5.510233523634233e-84 4.881746049780679e-110 1.6335341526567127e-62 1.6587751797269745e-59 2.7750754322410352e-28 1.4788892662408268e-97 2.3930915277864927e-44 1.551954411740402e-140 4.721893399178288e-103 46
2.0107063727729794e-74 4.881746049780679e-110 1.1525393663707505e-86 1.3916586612584623e-75 1.9495578648731844e-50 1.4788892662408268e-97 2.3930915277864927e-44 1.551954411740402e-140 4.721893399178288e-103 42
5.510233523634233e-84 4.881746049780679e-110 1.1525393663707505e-86 1.3916586612584623e-75 2.3058675634104462e-73 1.4788892662408268e-97 2.3930915277864927e-44 1.551954411740402e-140 4.721893399178288e-103 43
2.0107063727729794e-74 4.771419341300271e-38 1.1525393663707505e-86 0.42 2.3058675634104462e-73 7.601556260732778e-25 2.2085453635842464e-72 1.551954411740402e-140 4.721893399178288e-103 42
5.510233523634233e-84 4.771419341300271e-38 3.222316420913244e-13 1.6587751797269745e-59 2.3058675634104462e-73 1.4788892662408268e-97 2.3930915277864927e-44 1.551954411740402e-140 4.721893399178288e-103 43
2.0107063727729794e-74 4.881746049780679e-110 1.1525393663707505e-86 6.471017411426041e-49 2.3058675634104462e-73 1.4788892662408268e-97 2.2085453635842464e-72 1.551954411740402e-140 4.721893399178288e-103 42
2.0107063727729794e-74 4.881746049780679e-110 1.1525393663707505e-86 1.3916586612584623e-75 2.948393827493723e-23 1.0567754834966775e-24 2.2085453635842464e-72 1.551954411740402e-140 4.721893399178288e-103 42
2.0107063727729794e-74 4.881746049780679e-110 1.1525393663707505e-86 1.3916586612584623e-75 1.9495578648731844e-50 1.0567754834966775e-24 2.2085453635842464e-72 1.551954411740402e-140 4.721893399178288e-103 42
2.0107063727729794e-74 5.385983174495834e-16 1.1525393663707505e-86 6.471017411426041e-49 1.9495578648731844e-50 1.4788892662408268e-97 2.2085453635842464e-72 1.551954411740402e-140 4.721893399178288e-103 42
5.510233523634233e-84 5.385983174495834e-16 3.222316420913244e-13 6.471017411426041e-49 2.948393827493723e-23 1.4788892662408268e-97 2.2085453635842464e-72 1.05 2.0544787374613947e-71 43
5.510233523634233e-84 4.881746049780679e-110 1.1525393663707505e-86 6.471017411426041e-49 1.9495578648731844e-50 3.247711234398468e-16 2.3930915277864927e-44 1.551954411740402e-140 4.721893399178288e-103 42
2.0107063727729794e-74 4.881746049780679e-110 3.222316420913244e-13 1.3916586612584623e-75 2.3058675634104462e-73 1.0567754834966775e-24 1.2015272150826656e-20 1.551954411740402e-140 4.721893399178288e-103 42
2.0107063727729794e-74 4.771419341300271e-38 1.6335341526567127e-62 1.3916586612584623e-75 2.948393827493723e-23 8.393479030870312e-22 1.284136066155063e-31 1.551954411740402e-140 4.721893399178288e-103 47
5.510233523634233e-84 1.2257282295473156e-22 1.6335341526567127e-62 1.3916586612584623e-75 3.0145087998986633e-10 1.4788892662408268e-97 2.2085453635842464e-72 1.551954411740402e-140 4.721893399178288e-103 48
2.0107063727729794e-74 4.881746049780679e-110 1.1525393663707505e-86 1.3916586612584623e-75 2.3058675634104462e-73 1.4788892662408268e-97 2.2085453635842464e-72 1.551954411740402e-140 4.721893399178288e-103 42
6.609125476358122e-28 4.881746049780679e-110 1.6335341526567127e-62 1.3916586612584623e-75 2.7750754322410352e-28 3.247711234398468e-16 1.284136066155063e-31 1.551954411740402e-140 2.0544787374613947e-71 43
5.510233523634233e-84 5.385983174495834e-16 3.222316420913244e-13 6.471017411426041e-49 2.948393827493723e-23 1.4788892662408268e-97 2.2085453635842464e-72 1.05 2.0544787374613947e-71 43
5.510233523634233e-84 4.771419341300271e-38 1.1525393663707505e-86 1.3916586612584623e-75 1.9495578648731844e-50 3.247711234398468e-16 2.3930915277864927e-44 1.551954411740402e-140 2.0544787374613947e-71 43
2.0107063727729794e-74 4.881746049780679e-110 1.1525393663707505e-86 1.3916586612584623e-75 2.3058675634104462e-73 1.4788892662408268e-97 2.2085453635842464e-72 1.551954411740402e-140 4.721893399178288e-103 42
5.510233523634233e-84 4.881746049780679e-110 1.1525393663707505e-86 1.6587751797269745e-59 2.3058675634104462e-73 1.4788892662408268e-97 2.3930915277864927e-44 1.551954411740402e-140 4.721893399178288e-103 43
2.0107063727729794e-74 4.771419341300271e-38 1.6335341526567127e-62 1.6587751797269745e-59 1.9495578648731844e-50 8.393479030870312e-22 2.2085453635842464e-72 8.588453199537471e-31 4.721893399178288e-103 48
2.0107063727729794e-74 4.881746049780679e-110 1.1525393663707505e-86 1.6587751797269745e-59 2.3058675634104462e-73 1.4788892662408268e-97 2.3930915277864927e-44 1.551954411740402e-140 4.721893399178288e-103 43
2.0107063727729794e-74 4.881746049780679e-110 1.9016951978572562e-11 6.471017411426041e-49 2.3058675634104462e-73 1.0567754834966775e-24 2.2085453635842464e-72 1.551954411740402e-140 2.0544787374613947e-71 43
2.0107063727729794e-74 5.385983174495834e-16 1.1525393663707505e-86 1.3916586612584623e-75 1.9495578648731844e-50 1.4788892662408268e-97 2.2085453635842464e-72 1.551954411740402e-140 4.721893399178288e-103 42
2.0107063727729794e-74 4.881746049780679e-110 1.1525393663707505e-86 6.471017411426041e-49 1.9495578648731844e-50 1.4788892662408268e-97 2.3930915277864927e-44 1.551954411740402e-140 4.721893399178288e-103 43
2.0107063727729794e-74 4.771419341300271e-38 1.9016951978572562e-11 1.3916586612584623e-75 2.7750754322410352e-28 7.601556260732778e-25 9.590218438583313e-16 1.551954411740402e-140 4.721893399178288e-103 42
0.03 4.881746049780679e-110 1.1525393663707505e-86 1.3916586612584623e-75 1.9495578648731844e-50 1.4788892662408268e-97 2.2085453635842464e-72 1.551954411740402e-140 2.0544787374613947e-71 42
5.510233523634233e-84 4.771419341300271e-38 1.6335341526567127e-62 1.6587751797269745e-59 2.948393827493723e-23 8.393479030870312e-22 2.2085453635842464e-72 8.588453199537471e-31 4.721893399178288e-103 48
5.510233523634233e-84 4.771419341300271e-38 1.1525393663707505e-86 1.3916586612584623e-75 1.9495578648731844e-50 3.247711234398468e-16 2.3930915277864927e-44 1.551954411740402e-140 2.0544787374613947e-71 43
5.510233523634233e-84 4.881746049780679e-110 1.1525393663707505e-86 6.471017411426041e-49 2.948393827493723e-23 3.247711234398468e-16 2.3930915277864927e-44 1.551954411740402e-140 4.721893399178288e-103 43
2.0107063727729794e-74 4.771419341300271e-38 1.6335341526567127e-62 6.471017411426041e-49 2.7750754322410352e-28 3.247711234398468e-16 1.284136066155063e-31 1.551954411740402e-140 2.0544787374613947e-71 43
2.0107063727729794e-74 4.881746049780679e-110 1.1525393663707505e-86 1.3916586612584623e-75 2.3058675634104462e-73 7.601556260732778e-25 2.2085453635842464e-72 1.551954411740402e-140 4.721893399178288e-103 42
2.0107063727729794e-74 5.385983174495834e-16 1.1525393663707505e-86 1.3916586612584623e-75 1.9495578648731844e-50 1.4788892662408268e-97 2.2085453635842464e-72 1.551954411740402e-140 2.0544787374613947e-71 42
2.0107063727729794e-74 4.881746049780679e-110 1.1525393663707505e-86 1.3916586612584623e-75 2.3058675634104462e-73 7.601556260732778e-25 2.2085453635842464e-72 1.551954411740402e-140 4.721893399178288e-103 44
2.0107063727729794e-74 4.881746049780679e-110 3.222316420913244e-13 1.3916586612584623e-75 2.3058675634104462e-73 8.393479030870312e-22 9.590218438583313e-16 1.551954411740402e-140 4.721893399178288e-103 47
5.510233523634233e-84 5.385983174495834e-16 1.1525393663707505e-86 6.471017411426041e-49 2.948393827493723e-23 1.4788892662408268e-97 2.3930915277864927e-44 1.551954411740402e-140 4.721893399178288e-103 43
5.510233523634233e-84 4.771419341300271e-38 1.6335341526567127e-62 1.6587751797269745e-59 2.948393827493723e-23 8.393479030870312e-22 2.2085453635842464e-72 8.588453199537471e-31 4.721893399178288e-103 48
2.0107063727729794e-74 4.881746049780679e-110 1.1525393663707505e-86 1.3916586612584623e-75 1.9495578648731844e-50 1.4788892662408268e-97 2.2085453635842464e-72 1.551954411740402e-140 4.721893399178288e-103 42
2.0107063727729794e-74 4.881746049780679e-110 3.222316420913244e-13 6.471017411426041e-49 1.9495578648731844e-50 1.4788892662408268e-97 2.2085453635842464e-72 1.05 4.721893399178288e-103 43
0.03 4.881746049780679e-110 3.222316420913244e-13 1.6587751797269745e-59 2.3058675634104462e-73 1.4788892662408268e-97 2.3930915277864927e-44 8.588453199537471e-31 4.721893399178288e-103 48
5.510233523634233e-84 4.771419341300271e-38 1.6335341526567127e-62 1.6587751797269745e-59 2.948393827493723e-23 8.393479030870312e-22 2.2085453635842464e-72 8.588453199537471e-31 4.721893399178288e-103 48
5.510233523634233e-84 4.881746049780679e-110 1.1525393663707505e-86 6.471017411426041e-49 2.3058675634104462e-73 1.0567754834966775e-24 2.3930915277864927e-44 1.551954411740402e-140 4.721893399178288e-103 43
2.0107063727729794e-74 4.881746049780679e-110 1.9016951978572562e-11 6.471017411426041e-49 2.7750754322410352e-28 1.0567754834966775e-24 2.3930915277864927e-44 1.551954411740402e-140 2.0544787374613947e-71 43
2.0107063727729794e-74 4.881746049780679e-110 1.1525393663707505e-86 1.3916586612584623e-75 2.3058675634104462e-73 3.247711234398468e-16 9.590218438583313e-16 1.551954411740402e-140 2.0544787374613947e-71 42
2.0107063727729794e-74 1.2257282295473156e-22 1.1525393663707505e-86 1.3916586612584623e-75 2.948393827493723e-23 1.4788892662408268e-97 2.2085453635842464e-72 1.551954411740402e-140 2.0544787374613947e-71 43
