1.1195127505634552e-60 1.2796075789973641e-30 2.427832596489114e-40 5.424950030937001e-25 5.027922132239624e-20 385272.344896178 1.3103423961596739e-33 5.644941950072516e-58 2.4259027424248306e-42 43
1.1195127505634552e-60 1.3541568567473218e-09 2.427832596489114e-40 4.35992449504463e-40 1.2862190894353515e-16 3.4660087050185254e-60 1.3103423961596739e-33 5.644941950072516e-58 1.3764292826419248e-41 43
5.778653718382039e-13 1.2796075789973641e-30 0.00019155908755109252 8.837169202884055e-28 5.027922132239624e-20 3.4660087050185254e-60 1.3103423961596739e-33 5.644941950072516e-58 1.3764292826419248e-41 43
5.778653718382039e-13 1.2796075789973641e-30 7.54779196917185e-11 8.837169202884055e-28 5.027922132239624e-20 5.891389448212039e-19 0.0003156806363911071 5.644941950072516e-58 2.4259027424248306e-42 47
1.1195127505634552e-60 5.53470534275436e-34 1.7507486840047566e-34 4.35992449504463e-40 1.2862190894353515e-16 5.891389448212039e-19 1.311261350103085e-30 7.945709004197557e-24 1.3764292826419248e-41 48
1.1195127505634552e-60 1.2796075789973641e-30 2.427832596489114e-40 5.424950030937001e-25 4.965124741158827e-36 385272.344896178 1.311261350103085e-30 5.644941950072516e-58 2.4259027424248306e-42 43
5.778653718382039e-13 5.53470534275436e-34 2.427832596489114e-40 8.837169202884055e-28 5.027922132239624e-20 3.488007561353506e-18 1.311261350103085e-30 5.644941950072516e-58 2.4259027424248306e-42 42
5.778653718382039e-13 5.53470534275436e-34 0.00019155908755109252 8.837169202884055e-28 1.8717371022862073e-13 5.891389448212039e-19 0.0003156806363911071 5.644941950072516e-58 2.4259027424248306e-42 44
1.1195127505634552e-60 1.2796075789973641e-30 2.427832596489114e-40 8.837169202884055e-28 5.027922132239624e-20 385272.344896178 1.311261350103085e-30 5.644941950072516e-58 2.4259027424248306e-42 42
5.778653718382039e-13 1.2796075789973641e-30 2.427832596489114e-40 8.837169202884055e-28 5.027922132239624e-20 0.1651363721553138 0.0003156806363911071 5.644941950072516e-58 1.3764292826419248e-41 42
5.778653718382039e-13 5.53470534275436e-34 2.427832596489114e-40 8.837169202884055e-28 1.8717371022862073e-13 3.488007561353506e-18 0.0003156806363911071 5.644941950072516e-58 2.4259027424248306e-42 44
5.778653718382039e-13 5.53470534275436e-34 2.427832596489114e-40 8.837169202884055e-28 1.8717371022862073e-13 3.488007561353506e-18 0.0003156806363911071 5.644941950072516e-58 2.4259027424248306e-42 44
1.1195127505634552e-60 1.2796075789973641e-30 2.427832596489114e-40 5.424950030937001e-25 1.2862190894353515e-16 3.488007561353506e-18 1.311261350103085e-30 5.644941950072516e-58 1.3764292826419248e-41 43
5.778653718382039e-13 1.2796075789973641e-30 2.427832596489114e-40 5.424950030937001e-25 5.027922132239624e-20 385272.344896178 1.311261350103085e-30 5.644941950072516e-58 7.967950503210465e-08 42
5.778653718382039e-13 5.53470534275436e-34 1.7507486840047566e-34 8.837169202884055e-28 1.2862190894353515e-16 5.891389448212039e-19 7.760533504892032e-11 5.644941950072516e-58 2.4259027424248306e-42 47
5.778653718382039e-13 1.2796075789973641e-30 2.427832596489114e-40 8.837169202884055e-28 5.027922132239624e-20 3.488007561353506e-18 1.311261350103085e-30 1.05 1.3764292826419248e-41 44
1.1195127505634552e-60 5.53470534275436e-34 7.54779196917185e-11 4.35992449504463e-40 5.027922132239624e-20 3.4660087050185254e-60 1.3103423961596739e-33 5.644941950072516e-58 2.4259027424248306e-42 43
5.778653718382039e-13 1.2796075789973641e-30 2.427832596489114e-40 8.837169202884055e-28 4.965124741158827e-36 385272.344896178 1.311261350103085e-30 5.644941950072516e-58 2.4259027424248306e-42 42
5.778653718382039e-13 2.243555030926854e-21 9.6556951584417e-06 5.424950030937001e-25 1.2862190894353515e-16 3.4660087050185254e-60 7.760533504892032e-11 5.644941950072516e-58 2.4259027424248306e-42 46
5.778653718382039e-13 1.2796075789973641e-30 0.00019155908755109252 8.837169202884055e-28 5.027922132239624e-20 3.4660087050185254e-60 1.311261350103085e-30 5.644941950072516e-58 2.4259027424248306e-42 43
5.778653718382039e-13 1.2796075789973641e-30 2.427832596489114e-40 5.424950030937001e-25 5.027922132239624e-20 385272.344896178 1.311261350103085e-30 5.644941950072516e-58 7.967950503210465e-08 42
5.778653718382039e-13 1.2796075789973641e-30 2.427832596489114e-40 5.424950030937001e-25 5.027922132239624e-20 3.4660087050185254e-60 1.311261350103085e-30 5.644941950072516e-58 1.3764292826419248e-41 43
5.778653718382039e-13 5.53470534275436e-34 2.427832596489114e-40 8.837169202884055e-28 1.8717371022862073e-13 3.488007561353506e-18 0.0003156806363911071 5.644941950072516e-58 2.4259027424248306e-42 44
1.1195127505634552e-60 1.3541568567473218e-09 2.427832596489114e-40 4.35992449504463e-40 1.2862190894353515e-16 3.4660087050185254e-60 1.3103423961596739e-33 5.644941950072516e-58 1.3764292826419248e-41 43
1.1195127505634552e-60 1.2796075789973641e-30 2.427832596489114e-40 8.837169202884055e-28 5.027922132239624e-20 3.4660087050185254e-60 1.3103423961596739e-33 5.644941950072516e-58 2.4259027424248306e-42 43
1.1195127505634552e-60 5.53470534275436e-34 1.7507486840047566e-34 4.35992449504463e-40 4.965124741158827e-36 5.891389448212039e-19 1.311261350103085e-30 7.945709004197557e-24 2.4259027424248306e-42 48
1.1195127505634552e-60 5.53470534275436e-34 1.7507486840047566e-34 4.35992449504463e-40 1.2862190894353515e-16 5.891389448212039e-19 1.311261350103085e-30 7.945709004197557e-24 2.4259027424248306e-42 48
1.1195127505634552e-60 5.53470534275436e-34 1.7507486840047566e-34 4.35992449504463e-40 4.965124741158827e-36 3.488007561353506e-18 2.5996822618729837e-14 7.945709004197557e-24 2.4259027424248306e-42 48
5.778653718382039e-13 1.2796075789973641e-30 1.7507486840047566e-34 8.837169202884055e-28 2.581450978510123e-08 5.891389448212039e-19 7.760533504892032e-11 5.644941950072516e-58 2.4259027424248306e-42 43
5.778653718382039e-13 1.2796075789973641e-30 2.427832596489114e-40 8.837169202884055e-28 5.027922132239624e-20 385272.344896178 1.311261350103085e-30 5.644941950072516e-58 2.4259027424248306e-42 43
5.778653718382039e-13 5.53470534275436e-34 2.427832596489114e-40 8.837169202884055e-28 5.027922132239624e-20 3.488007561353506e-18 1.311261350103085e-30 5.644941950072516e-58 2.4259027424248306e-42 42
1.1195127505634552e-60 1.3541568567473218e-09 7.54779196917185e-11 5.424950030937001e-25 1.2862190894353515e-16 3.4660087050185254e-60 1.311261350103085e-30 5.644941950072516e-58 2.4259027424248306e-42 43
5.778653718382039e-13 1.3541568567473218e-09 2.427832596489114e-40 8.837169202884055e-28 4.965124741158827e-36 3.4660087050185254e-60 1.311261350103085e-30 5.644941950072516e-58 2.4259027424248306e-42 42
1.5838060540782915e-21 1.3541568567473218e-09 1.7507486840047566e-34 8.837169202884055e-28 5.027922132239624e-20 3.488007561353506e-18 7.760533504892032e-11 5.644941950072516e-58 2.4259027424248306e-42 43
1.1195127505634552e-60 1.2796075789973641e-30 2.427832596489114e-40 5.424950030937001e-25 1.2862190894353515e-16 3.4660087050185254e-60 1.3103423961596739e-33 5.644941950072516e-58 1.3764292826419248e-41 42
1.1195127505634552e-60 1.2796075789973641e-30 1.7507486840047566e-34 4.35992449504463e-40 1.8717371022862073e-13 3.4660087050185254e-60 1.3103423961596739e-33 5.644941950072516e-58 2.4259027424248306e-42 46
5.778653718382039e-13 5.53470534275436e-34 7.54779196917185e-11 5.424950030937001e-25 5.027922132239624e-20 5.891389448212039e-19 0.0003156806363911071 5.644941950072516e-58 2.4259027424248306e-42 47
1.1195127505634552e-60 1.2796075789973641e-30 2.427832596489114e-40 8.837169202884055e-28 5.027922132239624e-20 3.4660087050185254e-60 1.311261350103085e-30 5.644941950072516e-58 2.4259027424248306e-42 44
1.1195127505634552e-60 1.2796075789973641e-30 1.7507486840047566e-34 4.35992449504463e-40 1.8717371022862073e-13 3.4660087050185254e-60 1.3103423961596739e-33 5.644941950072516e-58 2.4259027424248306e-42 46
1.1195127505634552e-60 5.53470534275436e-34 1.7507486840047566e-34 4.35992449504463e-40 4.965124741158827e-36 3.488007561353506e-18 2.5996822618729837e-14 7.945709004197557e-24 2.4259027424248306e-42 48
1.5838060540782915e-21 1.3541568567473218e-09 1.7507486840047566e-34 8.837169202884055e-28 5.027922132239624e-20 3.488007561353506e-18 7.760533504892032e-11 5.644941950072516e-58 2.4259027424248306e-42 43
5.778653718382039e-13 5.53470534275436e-34 1.7507486840047566e-34 4.35992449504463e-40 1.2862190894353515e-16 5.891389448212039e-19 1.311261350103085e-30 7.945709004197557e-24 2.4259027424248306e-42 48
5.778653718382039e-13 5.53470534275436e-34 2.427832596489114e-40 4.35992449504463e-40 1.8717371022862073e-13 3.4660087050185254e-60 1.3103423961596739e-33 7.945709004197557e-24 2.4259027424248306e-42 48
5.778653718382039e-13 5.53470534275436e-34 7.54779196917185e-11 5.424950030937001e-25 5.027922132239624e-20 5.891389448212039e-19 0.0003156806363911071 5.644941950072516e-58 2.4259027424248306e-42 47
1.1195127505634552e-60 1.2796075789973641e-30 2.427832596489114e-40 5.424950030937001e-25 4.965124741158827e-36 385272.344896178 1.311261350103085e-30 5.644941950072516e-58 2.4259027424248306e-42 43
5.778653718382039e-13 1.2796075789973641e-30 2.427832596489114e-40 5.424950030937001e-25 5.027922132239624e-20 385272.344896178 1.311261350103085e-30 5.644941950072516e-58 7.967950503210465e-08 42
5.778653718382039e-13 2.243555030926854e-21 9.6556951584417e-06 5.424950030937001e-25 5.027922132239624e-20 385272.344896178 7.760533504892032e-11 5.644941950072516e-58 2.4259027424248306e-42 46
5.778653718382039e-13 1.2796075789973641e-30 7.54779196917185e-11 5.424950030937001e-25 4.965124741158827e-36 3.4660087050185254e-60 1.311261350103085e-30 1.05 2.4259027424248306e-42 43
1.1195127505634552e-60 1.3541568567473218e-09 2.427832596489114e-40 5.424950030937001e-25 4.965124741158827e-36 3.4660087050185254e-60 1.3103423961596739e-33 5.644941950072516e-58 1.3764292826419248e-41 42
5.778653718382039e-13 1.2796075789973641e-30 0.00019155908755109252 8.837169202884055e-28 5.027922132239624e-20 3.4660087050185254e-60 1.311261350103085e-30 5.644941950072516e-58 2.4259027424248306e-42 43
5.778653718382039e-13 1.2796075789973641e-30 0.00019155908755109252 8.837169202884055e-28 5.027922132239624e-20 3.4660087050185254e-60 1.3103423961596739e-33 5.644941950072516e-58 1.3764292826419248e-41 43
1.1195127505634552e-60 5.53470534275436e-34 1.7507486840047566e-34 4.35992449504463e-40 5.027922132239624e-20 5.891389448212039e-19 0.0003156806363911071 7.945709004197557e-24 2.4259027424248306e-42 48
5.778653718382039e-13 1.2796075789973641e-30 2.427832596489114e-40 8.837169202884055e-28 5.027922132239624e-20 3.4660087050185254e-60 1.311261350103085e-30 5.644941950072516e-58 2.4259027424248306e-42 48
5.778653718382039e-13 1.2796075789973641e-30 2.427832596489114e-40 4.35992449504463e-40 5.027922132239624e-20 3.4660087050185254e-60 1.3103423961596739e-33 5.644941950072516e-58 2.4259027424248306e-42 43
5.778653718382039e-13 1.2796075789973641e-30 0.00019155908755109252 8.837169202884055e-28 1.8717371022862073e-13 0.1651363721553138 0.0003156806363911071 5.644941950072516e-58 1.3764292826419248e-41 42
5.778653718382039e-13 1.2796075789973641e-30 0.00019155908755109252 8.837169202884055e-28 5.027922132239624e-20 385272.344896178 1.311261350103085e-30 5.644941950072516e-58 1.3764292826419248e-41 43
1.1195127505634552e-60 5.53470534275436e-34 1.7507486840047566e-34 4.35992449504463e-40 4.965124741158827e-36 5.891389448212039e-19 1.311261350103085e-30 7.945709004197557e-24 2.4259027424248306e-42 48
1.1195127505634552e-60 1.2796075789973641e-30 2.427832596489114e-40 5.424950030937001e-25 4.965124741158827e-36 385272.344896178 1.311261350103085e-30 5.644941950072516e-58 2.4259027424248306e-42 43
1.1195127505634552e-60 1.2796075789973641e-30 2.427832596489114e-40 4.35992449504463e-40 5.027922132239624e-20 3.4660087050185254e-60 1.3103423961596739e-33 5.644941950072516e-58 2.4259027424248306e-42 43
5.778653718382039e-13 2.243555030926854e-21 2.427832596489114e-40 8.837169202884055e-28 1.2862190894353515e-16 3.4660087050185254e-60 1.311261350103085e-30 5.644941950072516e-58 1.3764292826419248e-41 43
5.778653718382039e-13 5.53470534275436e-34 2.427832596489114e-40 8.837169202884055e-28 1.8717371022862073e-13 385272.344896178 1.311261350103085e-30 1.05 2.4259027424248306e-42 42
5.778653718382039e-13 1.2796075789973641e-30 2.427832596489114e-40 5.424950030937001e-25 5.027922132239624e-20 385272.344896178 1.311261350103085e-30 5.644941950072516e-58 2.4259027424248306e-42 44
1.1195127505634552e-60 5.53470534275436e-34 1.7507486840047566e-34 4.35992449504463e-40 4.965124741158827e-36 5.891389448212039e-19 1.311261350103085e-30 7.945709004197557e-24 2.4259027424248306e-42 48
5.778653718382039e-13 1.2796075789973641e-30 2.427832596489114e-40 8.837169202884055e-28 5.027922132239624e-20 3.4660087050185254e-60 1.311261350103085e-30 5.644941950072516e-58 2.4259027424248306e-42 42
5.778653718382039e-13 1.2796075789973641e-30 0.00019155908755109252 8.837169202884055e-28 1.8717371022862073e-13 0.1651363721553138 0.0003156806363911071 5.644941950072516e-58 1.3764292826419248e-41 42
5.778653718382039e-13 1.2796075789973641e-30 2.427832596489114e-40 4.35992449504463e-40 5.027922132239624e-20 3.4660087050185254e-60 1.3103423961596739e-33 5.644941950072516e-58 2.4259027424248306e-42 43
1.1195127505634552e-60 5.53470534275436e-34 7.54779196917185e-11 4.35992449504463e-40 5.027922132239624e-20 3.4660087050185254e-60 1.3103423961596739e-33 5.644941950072516e-58 2.4259027424248306e-42 43
5.778653718382039e-13 1.2796075789973641e-30 7.54779196917185e-11 8.837169202884055e-28 5.027922132239624e-20 5.891389448212039e-19 0.0003156806363911071 5.644941950072516e-58 2.4259027424248306e-42 47
5.778653718382039e-13 5.53470534275436e-34 1.7507486840047566e-34 4.35992449504463e-40 1.2862190894353515e-16 5.891389448212039e-19 1.311261350103085e-30 7.945709004197557e-24 2.4259027424248306e-42 48
1.1195127505634552e-60 5.53470534275436e-34 1.7507486840047566e-34 4.35992449504463e-40 1.2862190894353515e-16 5.891389448212039e-19 1.311261350103085e-30 7.945709004197557e-24 2.4259027424248306e-42 48
0.03 1.2796075789973641e-30 7.54779196917185e-11 4.35992449504463e-40 5.027922132239624e-20 3.4660087050185254e-60 1.3103423961596739e-33 7.945709004197557e-24 2.4259027424248306e-42 48
1.1195127505634552e-60 1.3541568567473218e-09 2.427832596489114e-40 5.424950030937001e-25 1.2862190894353515e-16 3.4660087050185254e-60 1.3103423961596739e-33 5.644941950072516e-58 2.4259027424248306e-42 43
1.1195127505634552e-60 1.2796075789973641e-30 1.7507486840047566e-34 4.35992449504463e-40 1.8717371022862073e-13 3.4660087050185254e-60 1.3103423961596739e-33 5.644941950072516e-58 2.4259027424248306e-42 46
5.778653718382039e-13 1.2796075789973641e-30 2.427832596489114e-40 8.837169202884055e-28 5.027922132239624e-20 0.1651363721553138 0.0003156806363911071 5.644941950072516e-58 1.3764292826419248e-41 42
5.778653718382039e-13 2.243555030926854e-21 2.427832596489114e-40 8.837169202884055e-28 1.2862190894353515e-16 3.4660087050185254e-60 1.311261350103085e-30 5.644941950072516e-58 1.3764292826419248e-41 43
1.1195127505634552e-60 5.53470534275436e-34 1.7507486840047566e-34 4.35992449504463e-40 1.2862190894353515e-16 5.891389448212039e-19 1.311261350103085e-30 7.945709004197557e-24 2.4259027424248306e-42 48
1.1195127505634552e-60 5.53470534275436e-34 1.7507486840047566e-34 4.35992449504463e-40 4.965124741158827e-36 5.891389448212039e-19 1.311261350103085e-30 7.945709004197557e-24 2.4259027424248306e-42 48
1.1195127505634552e-60 5.53470534275436e-34 1.7507486840047566e-34 4.35992449504463e-40 1.2862190894353515e-16 5.891389448212039e-19 1.311261350103085e-30 7.945709004197557e-24 1.3764292826419248e-41 48
5.778653718382039e-13 1.2796075789973641e-30 0.00019155908755109252 5.424950030937001e-25 5.027922132239624e-20 385272.344896178 1.311261350103085e-30 5.644941950072516e-58 1.3764292826419248e-41 43
1.1195127505634552e-60 1.3541568567473218e-09 2.427832596489114e-40 5.424950030937001e-25 4.965124741158827e-36 3.4660087050185254e-60 1.3103423961596739e-33 5.644941950072516e-58 1.3764292826419248e-41 42
1.1195127505634552e-60 1.2796075789973641e-30 2.427832596489114e-40 8.837169202884055e-28 5.027922132239624e-20 3.4660087050185254e-60 1.3103423961596739e-33 5.644941950072516e-58 2.4259027424248306e-42 43
1.1195127505634552e-60 5.53470534275436e-34 2.427832596489114e-40 8.837169202884055e-28 4.965124741158827e-36 0.1651363721553138 1.3103423961596739e-33 5.644941950072516e-58 1.3764292826419248e-41 43
1.1195127505634552e-60 1.3541568567473218e-09 2.427832596489114e-40 5.424950030937001e-25 1.2862190894353515e-16 3.4660087050185254e-60 1.3103423961596739e-33 5.644941950072516e-58 2.4259027424248306e-42 43
5.778653718382039e-13 1.2796075789973641e-30 2.427832596489114e-40 5.424950030937001e-25 4.965124741158827e-36 3.4660087050185254e-60 1.3103423961596739e-33 5.644941950072516e-58 2.4259027424248306e-42 43
1.1195127505634552e-60 2.243555030926854e-21 1.7507486840047566e-34 8.837169202884055e-28 2.581450978510123e-08 3.4660087050185254e-60 1.311261350103085e-30 5.644941950072516e-58 2.4259027424248306e-42 48
5.778653718382039e-13 1.3541568567473218e-09 2.427832596489114e-40 8.837169202884055e-28 4.965124741158827e-36 3.4660087050185254e-60 1.311261350103085e-30 5.644941950072516e-58 1.3764292826419248e-41 42
5.778653718382039e-13 1.2796075789973641e-30 2.427832596489114e-40 8.837169202884055e-28 5.027922132239624e-20 3.4660087050185254e-60 1.311261350103085e-30 5.644941950072516e-58 1.3764292826419248e-41 43
1.1195127505634552e-60 5.53470534275436e-34 7.54779196917185e-11 4.35992449504463e-40 1.8717371022862073e-13 3.4660087050185254e-60 1.3103423961596739e-33 7.945709004197557e-24 2.4259027424248306e-42 46
5.778653718382039e-13 1.2796075789973641e-30 9.6556951584417e-06 4.35992449504463e-40 5.027922132239624e-20 3.4660087050185254e-60 0.0003156806363911071 7.945709004197557e-24 1.3764292826419248e-41 46
1.1195127505634552e-60 1.2796075789973641e-30 2.427832596489114e-40 5.424950030937001e-25 4.965124741158827e-36 3.4660087050185254e-60 1.3103423961596739e-33 5.644941950072516e-58 2.4259027424248306e-42 43
5.778653718382039e-13 1.2796075789973641e-30 2.427832596489114e-40 4.35992449504463e-40 5.027922132239624e-20 3.4660087050185254e-60 1.3103423961596739e-33 5.644941950072516e-58 2.4259027424248306e-42 43
1.1195127505634552e-60 1.2796075789973641e-30 1.7507486840047566e-34 4.35992449504463e-40 1.8717371022862073e-13 3.4660087050185254e-60 1.3103423961596739e-33 5.644941950072516e-58 2.4259027424248306e-42 46
5.778653718382039e-13 1.3541568567473218e-09 2.427832596489114e-40 8.837169202884055e-28 4.965124741158827e-36 3.4660087050185254e-60 1.311261350103085e-30 5.644941950072516e-58 1.3764292826419248e-41 42
5.778653718382039e-13 1.2796075789973641e-30 2.427832596489114e-40 8.837169202884055e-28 5.027922132239624e-20 385272.344896178 1.311261350103085e-30 5.644941950072516e-58 2.4259027424248306e-42 43
5.778653718382039e-13 1.2796075789973641e-30 0.00019155908755109252 8.837169202884055e-28 1.8717371022862073e-13 0.1651363721553138 0.0003156806363911071 5.644941950072516e-58 1.3764292826419248e-41 42
5.778653718382039e-13 5.53470534275436e-34 1.7507486840047566e-34 8.837169202884055e-28 5.027922132239624e-20 3.488007561353506e-18 7.760533504892032e-11 5.644941950072516e-58 1.3764292826419248e-41 43
5.778653718382039e-13 1.3541568567473218e-09 2.427832596489114e-40 8.837169202884055e-28 4.965124741158827e-36 3.4660087050185254e-60 1.311261350103085e-30 5.644941950072516e-58 2.4259027424248306e-42 42
5.778653718382039e-13 1.3541568567473218e-09 2.427832596489114e-40 8.837169202884055e-28 5.027922132239624e-20 3.4660087050185254e-60 1.311261350103085e-30 5.644941950072516e-58 2.4259027424248306e-42 42
0.03 1.2796075789973641e-30 2.427832596489114e-40 8.837169202884055e-28 4.965124741158827e-36 3.4660087050185254e-60 1.311261350103085e-30 5.644941950072516e-58 1.3764292826419248e-41 42
5.778653718382039e-13 1.2796075789973641e-30 7.54779196917185e-11 8.837169202884055e-28 4.965124741158827e-36 385272.344896178 2.5996822618729837e-14 5.644941950072516e-58 1.3764292826419248e-41 42
5.778653718382039e-13 1.2796075789973641e-30 7.54779196917185e-11 5.424950030937001e-25 4.965124741158827e-36 3.4660087050185254e-60 1.311261350103085e-30 1.05 2.4259027424248306e-42 43
5.778653718382039e-13 5.53470534275436e-34 2.427832596489114e-40 8.837169202884055e-28 5.027922132239624e-20 3.488007561353506e-18 1.311261350103085e-30 5.644941950072516e-58 2.4259027424248306e-42 42
5.778653718382039e-13 5.53470534275436e-34 2.427832596489114e-40 8.837169202884055e-28 1.8717371022862073e-13 3.488007561353506e-18 0.0003156806363911071 5.644941950072516e-58 2.4259027424248306e-42 44
5.778653718382039e-13 1.2796075789973641e-30 2.427832596489114e-40 5.424950030937001e-25 5.027922132239624e-20 3.4660087050185254e-60 1.311261350103085e-30 5.644941950072516e-58 2.4259027424248306e-42 44
5.778653718382039e-13 5.53470534275436e-34 0.00019155908755109252 8.837169202884055e-28 1.8717371022862073e-13 3.488007561353506e-18 0.0003156806363911071 5.644941950072516e-58 2.4259027424248306e-42 42
5.778653718382039e-13 1.2796075789973641e-30 2.427832596489114e-40 8.837169202884055e-28 5.027922132239624e-20 3.488007561353506e-18 1.311261350103085e-30 5.644941950072516e-58 2.4259027424248306e-42 42
1.1195127505634552e-60 1.2796075789973641e-30 2.427832596489114e-40 5.424950030937001e-25 4.965124741158827e-36 385272.344896178 1.311261350103085e-30 5.644941950072516e-58 2.4259027424248306e-42 43
5.778653718382039e-13 5.53470534275436e-34 2.427832596489114e-40 8.837169202884055e-28 1.8717371022862073e-13 385272.344896178 1.311261350103085e-30 1.05 2.4259027424248306e-42 42
1.1195127505634552e-60 1.2796075789973641e-30 2.427832596489114e-40 5.424950030937001e-25 5.027922132239624e-20 3.4660087050185254e-60 1.3103423961596739e-33 5.644941950072516e-58 2.4259027424248306e-42 43
5.778653718382039e-13 1.2796075789973641e-30 2.427832596489114e-40 8.837169202884055e-28 5.027922132239624e-20 3.488007561353506e-18 1.311261350103085e-30 5.644941950072516e-58 2.4259027424248306e-42 44
5.778653718382039e-13 1.2796075789973641e-30 2.427832596489114e-40 5.424950030937001e-25 5.027922132239624e-20 3.4660087050185254e-60 1.311261350103085e-30 5.644941950072516e-58 1.3764292826419248e-41 43
1.1195127505634552e-60 1.2796075789973641e-30 1.7507486840047566e-34 4.35992449504463e-40 1.8717371022862073e-13 3.4660087050185254e-60 1.3103423961596739e-33 5.644941950072516e-58 2.4259027424248306e-42 46
1.1195127505634552e-60 1.2796075789973641e-30 2.427832596489114e-40 5.424950030937001e-25 4.965124741158827e-36 385272.344896178 1.311261350103085e-30 5.644941950072516e-58 2.4259027424248306e-42 43
1.1195127505634552e-60 5.53470534275436e-34 2.427832596489114e-40 4.35992449504463e-40 1.8717371022862073e-13 3.488007561353506e-18 1.3103423961596739e-33 5.644941950072516e-58 1.3764292826419248e-41 43
1.5838060540782915e-21 5.53470534275436e-34 9.6556951584417e-06 8.837169202884055e-28 1.8717371022862073e-13 0.1651363721553138 1.311261350103085e-30 7.945709004197557e-24 2.4259027424248306e-42 48
5.778653718382039e-13 5.53470534275436e-34 2.427832596489114e-40 8.837169202884055e-28 1.8717371022862073e-13 385272.344896178 1.311261350103085e-30 1.05 2.4259027424248306e-42 42
1.5838060540782915e-21 5.53470534275436e-34 7.54779196917185e-11 8.837169202884055e-28 1.8717371022862073e-13 3.488007561353506e-18 7.760533504892032e-11 5.644941950072516e-58 2.4259027424248306e-42 43
1.1195127505634552e-60 1.2796075789973641e-30 2.427832596489114e-40 5.424950030937001e-25 4.965124741158827e-36 3.4660087050185254e-60 1.3103423961596739e-33 5.644941950072516e-58 1.3764292826419248e-41 43
5.778653718382039e-13 1.3541568567473218e-09 7.54779196917185e-11 8.837169202884055e-28 1.2862190894353515e-16 385272.344896178 2.5996822618729837e-14 5.644941950072516e-58 1.3764292826419248e-41 42
5.778653718382039e-13 1.2796075789973641e-30 2.427832596489114e-40 5.424950030937001e-25 5.027922132239624e-20 3.4660087050185254e-60 1.3103423961596739e-33 5.644941950072516e-58 2.4259027424248306e-42 43
5.778653718382039e-13 1.3541568567473218e-09 2.427832596489114e-40 8.837169202884055e-28 5.027922132239624e-20 3.4660087050185254e-60 1.311261350103085e-30 5.644941950072516e-58 2.4259027424248306e-42 42
5.778653718382039e-13 5.53470534275436e-34 1.7507486840047566e-34 8.837169202884055e-28 5.027922132239624e-20 3.488007561353506e-18 7.760533504892032e-11 5.644941950072516e-58 1.3764292826419248e-41 43
5.778653718382039e-13 1.2796075789973641e-30 0.00019155908755109252 5.424950030937001e-25 1.8717371022862073e-13 385272.344896178 1.3103423961596739e-33 5.644941950072516e-58 1.3764292826419248e-41 43
5.778653718382039e-13 1.3541568567473218e-09 2.427832596489114e-40 8.837169202884055e-28 4.965124741158827e-36 3.4660087050185254e-60 1.311261350103085e-30 5.644941950072516e-58 1.3764292826419248e-41 42
1.1195127505634552e-60 1.2796075789973641e-30 2.427832596489114e-40 5.424950030937001e-25 1.2862190894353515e-16 3.488007561353506e-18 1.311261350103085e-30 5.644941950072516e-58 1.3764292826419248e-41 43
5.778653718382039e-13 1.3541568567473218e-09 2.427832596489114e-40 8.837169202884055e-28 4.965124741158827e-36 3.4660087050185254e-60 1.311261350103085e-30 5.644941950072516e-58 1.3764292826419248e-41 42
5.778653718382039e-13 1.2796075789973641e-30 0.00019155908755109252 8.837169202884055e-28 5.027922132239624e-20 3.4660087050185254e-60 1.311261350103085e-30 5.644941950072516e-58 2.4259027424248306e-42 43
1.1195127505634552e-60 1.2796075789973641e-30 2.427832596489114e-40 5.424950030937001e-25 4.965124741158827e-36 3.4660087050185254e-60 1.3103423961596739e-33 5.644941950072516e-58 1.3764292826419248e-41 43
5.778653718382039e-13 1.2796075789973641e-30 2.427832596489114e-40 8.837169202884055e-28 5.027922132239624e-20 3.4660087050185254e-60 1.311261350103085e-30 5.644941950072516e-58 1.3764292826419248e-41 42
5.778653718382039e-13 5.53470534275436e-34 0.00019155908755109252 8.837169202884055e-28 1.8717371022862073e-13 3.488007561353506e-18 0.0003156806363911071 5.644941950072516e-58 2.4259027424248306e-42 42
5.778653718382039e-13 5.53470534275436e-34 1.7507486840047566e-34 8.837169202884055e-28 1.2862190894353515e-16 5.891389448212039e-19 7.760533504892032e-11 5.644941950072516e-58 2.4259027424248306e-42 47
5.778653718382039e-13 1.2796075789973641e-30 2.427832596489114e-40 8.837169202884055e-28 4.965124741158827e-36 3.4660087050185254e-60 1.3103423961596739e-33 5.644941950072516e-58 2.4259027424248306e-42 42
5.778653718382039e-13 1.2796075789973641e-30 0.00019155908755109252 8.837169202884055e-28 1.8717371022862073e-13 3.488007561353506e-18 1.311261350103085e-30 5.644941950072516e-58 2.4259027424248306e-42 42
1.1195127505634552e-60 1.2796075789973641e-30 2.427832596489114e-40 5.424950030937001e-25 4.965124741158827e-36 3.4660087050185254e-60 1.3103423961596739e-33 5.644941950072516e-58 2.4259027424248306e-42 43
5.778653718382039e-13 1.2796075789973641e-30 2.427832596489114e-40 8.837169202884055e-28 5.027922132239624e-20 3.488007561353506e-18 0.0003156806363911071 5.644941950072516e-58 7.967950503210465e-08 42
1.1195127505634552e-60 5.53470534275436e-34 2.427832596489114e-40 8.837169202884055e-28 4.965124741158827e-36 0.1651363721553138 1.3103423961596739e-33 5.644941950072516e-58 1.3764292826419248e-41 43
5.778653718382039e-13 1.2796075789973641e-30 2.427832596489114e-40 8.837169202884055e-28 5.027922132239624e-20 0.1651363721553138 0.0003156806363911071 5.644941950072516e-58 1.3764292826419248e-41 42
