47
47
43
48
48
48
43
46
48
48
44
48
42
43
43
48
44
42
43
43
43
43
42
43
43
43
43
48
43
43
44
43
43
42
43
46
43
44
48
43
43
42
42
42
42
42
42
44
47
42
43
44
43
44
48
42
42
43
46
48
43
42
42
46
43
42
43
42
42
43
43
47
43
42
46
43
42
48
42
43
43
48
42
44
42
48
46
42
43
42
42
43
43
42
43
43
43
43
48
43
42
43
42
43
43
48
43
42
43
43
46
44
42
42
48
43
48
44
42
42
43
44
43
42
47
42
43
44
48
43
42
48
44
42
48
43
42
42
48
46
43
46
42
48
48
43
42
42
42
42
42
42
42
43
48
43
46
46
47
43
42
43
43
42
42
42
42
43
42
42
44
