0.0005625026352214251 0.6325687953685868 7.956244233932122e-09 7.916876109756287e-09 7.9032907342603975 0.7649873099866424 1.4270849715677538e-09 9.816265799281496 23.43625092471784 48
7.91661150860464e-07 0.6325687953685868 7.956244233932122e-09 7.916876109756287e-09 3.583837723720388e-15 0.7649873099866424 0.018322709148258585 9.816265799281496 23.43625092471784 48
0.0005625026352214251 0.6325687953685868 3.4167648052586226e-06 0.07124294734364088 3.583837723720388e-15 0.7649873099866424 0.018322709148258585 3.220315760742896e-14 23.43625092471784 47
0.0005625026352214251 1.8975944653516807e-07 1.2351043226078726 4.647535834234361e-11 3.583837723720388e-15 1.698115597656803e-22 1.4270849715677538e-09 3.220315760742896e-14 23.43625092471784 42
2.885522145304653e-13 1.8975944653516807e-07 7.956244233932122e-09 4.647535834234361e-11 1.6769645778627957e-06 0.023249590295891538 1.1068353319231657e-08 3.220315760742896e-14 7.532648983122747e-21 43
0.0005625026352214251 6.710328500817093e-13 1.2351043226078726 4.647535834234361e-11 1.1044678133910935 1.698115597656803e-22 1.4270849715677538e-09 3.220315760742896e-14 7.532648983122747e-21 43
0.0005625026352214251 0.00335006050208557 1.2351043226078726 4.647535834234361e-11 7.9032907342603975 1.698115597656803e-22 1.4270849715677538e-09 3.220315760742896e-14 23.43625092471784 42
0.0005625026352214251 0.6325687953685868 7.956244233932122e-09 7.916876109756287e-09 3.583837723720388e-15 1.698115597656803e-22 0.38237855201694804 9.816265799281496 23.43625092471784 48
0.0005625026352214251 0.6325687953685868 7.956244233932122e-09 7.916876109756287e-09 7.9032907342603975 0.7649873099866424 1.4270849715677538e-09 9.816265799281496 23.43625092471784 48
0.0005625026352214251 0.00335006050208557 1.2351043226078726 0.07124294734364088 7.9032907342603975 1.698115597656803e-22 1.4270849715677538e-09 3.220315760742896e-14 23.43625092471784 42
0.0005625026352214251 1.8975944653516807e-07 3.4167648052586226e-06 4.647535834234361e-11 3.583837723720388e-15 1815.6887200850051 1.2400762217937018 3.220315760742896e-14 23.43625092471784 42
7.91661150860464e-07 1.8975944653516807e-07 1.2351043226078726 0.07124294734364088 7.9032907342603975 1.698115597656803e-22 0.38237855201694804 3.220315760742896e-14 23.43625092471784 43
7.91661150860464e-07 0.6325687953685868 7.956244233932122e-09 7.916876109756287e-09 7.9032907342603975 0.7649873099866424 1.4270849715677538e-09 9.816265799281496 23.43625092471784 48
0.0005625026352214251 0.00335006050208557 1.2351043226078726 4.647535834234361e-11 7.9032907342603975 1.698115597656803e-22 1.4270849715677538e-09 3.220315760742896e-14 7.532648983122747e-21 42
0.0005625026352214251 1.8975944653516807e-07 7.956244233932122e-09 4.647535834234361e-11 0.3708853970446029 0.7649873099866424 1.1068353319231657e-08 3.220315760742896e-14 23.43625092471784 43
0.0005625026352214251 1.8975944653516807e-07 1.2351043226078726 4.647535834234361e-11 3.583837723720388e-15 1.698115597656803e-22 1.4270849715677538e-09 3.220315760742896e-14 23.43625092471784 42
0.0005625026352214251 0.00335006050208557 1.2351043226078726 4.647535834234361e-11 1.1044678133910935 1.698115597656803e-22 1.4270849715677538e-09 3.220315760742896e-14 1.89002974953799 42
0.0005625026352214251 0.00335006050208557 1.2351043226078726 4.647535834234361e-11 7.9032907342603975 1.698115597656803e-22 1.4270849715677538e-09 3.220315760742896e-14 7.532648983122747e-21 42
7.91661150860464e-07 1.8975944653516807e-07 1.2351043226078726 7.916876109756287e-09 3.583837723720388e-15 1.698115597656803e-22 1.4270849715677538e-09 3.220315760742896e-14 7.532648983122747e-21 44
0.0005625026352214251 1.8975944653516807e-07 7.956244233932122e-09 4.647535834234361e-11 0.3708853970446029 0.7649873099866424 1.1068353319231657e-08 3.220315760742896e-14 23.43625092471784 43
0.0005625026352214251 6.710328500817093e-13 0.0015183117476396584 0.07124294734364088 1.1044678133910935 1.698115597656803e-22 1.1068353319231657e-08 3.220315760742896e-14 23.43625092471784 46
7.91661150860464e-07 1.8975944653516807e-07 1.2351043226078726 0.07124294734364088 1.1044678133910935 0.023249590295891538 0.38237855201694804 3.220315760742896e-14 23.43625092471784 43
0.0005625026352214251 1.8975944653516807e-07 1.2351043226078726 0.07124294734364088 3.583837723720388e-15 1815.6887200850051 1.4270849715677538e-09 3.220315760742896e-14 23.43625092471784 44
7.91661150860464e-07 6.710328500817093e-13 7.956244233932122e-09 4.647535834234361e-11 0.3708853970446029 1.698115597656803e-22 1.4270849715677538e-09 3.220315760742896e-14 23.43625092471784 48
0.0005625026352214251 0.6325687953685868 7.956244233932122e-09 7.916876109756287e-09 1.1044678133910935 0.7649873099866424 1.4270849715677538e-09 9.816265799281496 23.43625092471784 48
0.0005625026352214251 1.8975944653516807e-07 1.2351043226078726 4.647535834234361e-11 3.583837723720388e-15 10.363054599240513 0.018322709148258585 3.220315760742896e-14 1.89002974953799 42
0.0005625026352214251 0.00335006050208557 1.2351043226078726 4.647535834234361e-11 1.1044678133910935 1.698115597656803e-22 1.4270849715677538e-09 3.220315760742896e-14 1.89002974953799 42
0.0005625026352214251 1.8975944653516807e-07 0.0015183117476396584 7.916876109756287e-09 3.583837723720388e-15 1.698115597656803e-22 0.018322709148258585 9.816265799281496 7.532648983122747e-21 46
0.0005625026352214251 1.8975944653516807e-07 1.2351043226078726 4.647535834234361e-11 3.583837723720388e-15 10.363054599240513 0.018322709148258585 3.220315760742896e-14 23.43625092471784 42
0.0005625026352214251 0.6325687953685868 1.2351043226078726 4.647535834234361e-11 1.6769645778627957e-06 10.363054599240513 0.018322709148258585 3.220315760742896e-14 23.43625092471784 44
0.0005625026352214251 1.8975944653516807e-07 1.2351043226078726 0.07124294734364088 3.583837723720388e-15 1815.6887200850051 1.4270849715677538e-09 3.220315760742896e-14 23.43625092471784 44
0.0005625026352214251 1.8975944653516807e-07 1.2351043226078726 4.647535834234361e-11 3.583837723720388e-15 1.698115597656803e-22 1.4270849715677538e-09 3.220315760742896e-14 23.43625092471784 42
7.91661150860464e-07 0.6325687953685868 1.2351043226078726 4.647535834234361e-11 7.9032907342603975 0.023249590295891538 0.38237855201694804 3.220315760742896e-14 7.532648983122747e-21 43
7.91661150860464e-07 0.6325687953685868 1.2351043226078726 4.647535834234361e-11 7.9032907342603975 0.023249590295891538 0.38237855201694804 3.220315760742896e-14 7.532648983122747e-21 43
0.0005625026352214251 0.6325687953685868 7.956244233932122e-09 7.916876109756287e-09 1.1044678133910935 0.7649873099866424 1.4270849715677538e-09 9.816265799281496 23.43625092471784 48
7.91661150860464e-07 1.8975944653516807e-07 1.2351043226078726 4.647535834234361e-11 3.583837723720388e-15 1815.6887200850051 1.4270849715677538e-09 3.220315760742896e-14 23.43625092471784 42
0.0005625026352214251 1.8975944653516807e-07 1.2351043226078726 7.916876109756287e-09 3.583837723720388e-15 1.698115597656803e-22 0.38237855201694804 3.220315760742896e-14 23.43625092471784 43
0.03 0.6325687953685868 7.956244233932122e-09 0.44999999999999996 0.3708853970446029 0.7649873099866424 0.38237855201694804 3.220315760742896e-14 23.43625092471784 47
7.91661150860464e-07 1.8975944653516807e-07 1.2351043226078726 0.07124294734364088 7.9032907342603975 1815.6887200850051 1.4270849715677538e-09 3.220315760742896e-14 23.43625092471784 43
0.0005625026352214251 0.00335006050208557 1.2351043226078726 4.647535834234361e-11 7.9032907342603975 1.698115597656803e-22 1.4270849715677538e-09 3.220315760742896e-14 23.43625092471784 42
0.0005625026352214251 1.8975944653516807e-07 1.2351043226078726 4.647535834234361e-11 3.583837723720388e-15 1.698115597656803e-22 1.4270849715677538e-09 3.220315760742896e-14 7.532648983122747e-21 43
0.0005625026352214251 0.00335006050208557 3.4167648052586226e-06 0.07124294734364088 7.9032907342603975 1.698115597656803e-22 1.2400762217937018 3.220315760742896e-14 23.43625092471784 43
7.91661150860464e-07 1.8975944653516807e-07 1.2351043226078726 4.647535834234361e-11 7.9032907342603975 1815.6887200850051 1.4270849715677538e-09 3.220315760742896e-14 23.43625092471784 44
0.0005625026352214251 0.00335006050208557 7.956244233932122e-09 0.07124294734364088 1.1044678133910935 0.023249590295891538 1.1068353319231657e-08 3.220315760742896e-14 23.43625092471784 46
2.885522145304653e-13 0.6325687953685868 0.0015183117476396584 4.647535834234361e-11 1.6769645778627957e-06 0.023249590295891538 1.4270849715677538e-09 9.816265799281496 23.43625092471784 48
7.91661150860464e-07 1.8975944653516807e-07 1.2351043226078726 0.07124294734364088 7.9032907342603975 1.698115597656803e-22 0.38237855201694804 3.220315760742896e-14 7.532648983122747e-21 43
0.0005625026352214251 1.8975944653516807e-07 1.2351043226078726 0.07124294734364088 3.583837723720388e-15 1815.6887200850051 1.4270849715677538e-09 3.220315760742896e-14 1.89002974953799 42
0.0005625026352214251 1.8975944653516807e-07 1.2351043226078726 4.647535834234361e-11 3.583837723720388e-15 1.698115597656803e-22 1.4270849715677538e-09 3.220315760742896e-14 23.43625092471784 42
0.0005625026352214251 0.00335006050208557 3.4167648052586226e-06 0.07124294734364088 7.9032907342603975 1.698115597656803e-22 1.2400762217937018 3.220315760742896e-14 23.43625092471784 43
0.0005625026352214251 0.00335006050208557 3.4167648052586226e-06 4.647535834234361e-11 1.1044678133910935 0.023249590295891538 0.018322709148258585 3.220315760742896e-14 7.532648983122747e-21 43
0.0005625026352214251 1.8975944653516807e-07 7.956244233932122e-09 0.07124294734364088 1.1044678133910935 10.363054599240513 1.1068353319231657e-08 3.220315760742896e-14 7.532648983122747e-21 46
0.0005625026352214251 1.8975944653516807e-07 1.2351043226078726 0.07124294734364088 3.583837723720388e-15 1.698115597656803e-22 1.4270849715677538e-09 3.220315760742896e-14 7.532648983122747e-21 43
0.0005625026352214251 0.00335006050208557 1.2351043226078726 4.647535834234361e-11 7.9032907342603975 1.698115597656803e-22 1.4270849715677538e-09 3.220315760742896e-14 23.43625092471784 42
0.0005625026352214251 1.8975944653516807e-07 1.2351043226078726 0.07124294734364088 3.583837723720388e-15 1815.6887200850051 1.4270849715677538e-09 3.220315760742896e-14 23.43625092471784 44
0.0005625026352214251 1.8975944653516807e-07 1.2351043226078726 0.07124294734364088 7.9032907342603975 1.698115597656803e-22 0.38237855201694804 3.220315760742896e-14 23.43625092471784 43
0.0005625026352214251 0.6325687953685868 1.2351043226078726 4.647535834234361e-11 1.6769645778627957e-06 1815.6887200850051 1.4270849715677538e-09 1.05 23.43625092471784 42
0.0005625026352214251 0.6325687953685868 7.956244233932122e-09 4.647535834234361e-11 3.583837723720388e-15 10.363054599240513 1.1068353319231657e-08 3.220315760742896e-14 7.532648983122747e-21 43
0.0005625026352214251 0.6325687953685868 1.2351043226078726 4.647535834234361e-11 3.583837723720388e-15 10.363054599240513 1.4270849715677538e-09 3.220315760742896e-14 23.43625092471784 42
7.91661150860464e-07 1.8975944653516807e-07 7.956244233932122e-09 7.916876109756287e-09 1.6769645778627957e-06 1.698115597656803e-22 0.38237855201694804 3.220315760742896e-14 23.43625092471784 46
7.91661150860464e-07 1.8975944653516807e-07 1.2351043226078726 0.07124294734364088 7.9032907342603975 1.698115597656803e-22 0.38237855201694804 3.220315760742896e-14 7.532648983122747e-21 43
0.0005625026352214251 1.8975944653516807e-07 1.2351043226078726 4.647535834234361e-11 3.583837723720388e-15 10.363054599240513 1.4270849715677538e-09 1.05 7.532648983122747e-21 44
7.91661150860464e-07 0.6325687953685868 7.956244233932122e-09 7.916876109756287e-09 1.1044678133910935 0.7649873099866424 1.4270849715677538e-09 9.816265799281496 23.43625092471784 48
0.0005625026352214251 1.8975944653516807e-07 1.2351043226078726 0.07124294734364088 3.583837723720388e-15 1.698115597656803e-22 1.4270849715677538e-09 3.220315760742896e-14 7.532648983122747e-21 43
7.91661150860464e-07 0.00335006050208557 1.2351043226078726 7.916876109756287e-09 1.1044678133910935 1.698115597656803e-22 0.38237855201694804 3.220315760742896e-14 7.532648983122747e-21 43
0.0005625026352214251 0.00335006050208557 1.2351043226078726 4.647535834234361e-11 7.9032907342603975 1.698115597656803e-22 1.4270849715677538e-09 3.220315760742896e-14 23.43625092471784 42
0.03 0.6325687953685868 7.956244233932122e-09 0.44999999999999996 0.3708853970446029 0.7649873099866424 0.38237855201694804 3.220315760742896e-14 23.43625092471784 47
0.0005625026352214251 1.8975944653516807e-07 1.2351043226078726 4.647535834234361e-11 3.583837723720388e-15 1.698115597656803e-22 1.4270849715677538e-09 3.220315760742896e-14 23.43625092471784 42
0.0005625026352214251 0.00335006050208557 1.2351043226078726 4.647535834234361e-11 1.1044678133910935 1.698115597656803e-22 1.4270849715677538e-09 3.220315760742896e-14 23.43625092471784 42
7.91661150860464e-07 1.8975944653516807e-07 1.2351043226078726 0.07124294734364088 7.9032907342603975 1815.6887200850051 1.4270849715677538e-09 3.220315760742896e-14 23.43625092471784 43
0.0005625026352214251 1.8975944653516807e-07 1.4597940257253097e-05 4.647535834234361e-11 1.6769645778627957e-06 0.023249590295891538 0.018322709148258585 3.220315760742896e-14 7.532648983122747e-21 42
0.0005625026352214251 1.8975944653516807e-07 3.4167648052586226e-06 0.07124294734364088 3.583837723720388e-15 1815.6887200850051 0.018322709148258585 9.816265799281496 7.532648983122747e-21 43
7.91661150860464e-07 1.8975944653516807e-07 1.2351043226078726 0.07124294734364088 7.9032907342603975 1815.6887200850051 1.4270849715677538e-09 3.220315760742896e-14 23.43625092471784 43
0.0005625026352214251 1.8975944653516807e-07 1.2351043226078726 4.647535834234361e-11 3.583837723720388e-15 10.363054599240513 0.018322709148258585 3.220315760742896e-14 23.43625092471784 42
0.0005625026352214251 1.8975944653516807e-07 1.2351043226078726 4.647535834234361e-11 3.583837723720388e-15 1.698115597656803e-22 1.4270849715677538e-09 3.220315760742896e-14 7.532648983122747e-21 42
7.91661150860464e-07 0.00335006050208557 3.4167648052586226e-06 0.07124294734364088 1.1044678133910935 1.698115597656803e-22 1.4270849715677538e-09 3.220315760742896e-14 23.43625092471784 43
0.0005625026352214251 1.8975944653516807e-07 1.2351043226078726 0.07124294734364088 3.583837723720388e-15 1.698115597656803e-22 1.4270849715677538e-09 3.220315760742896e-14 23.43625092471784 44
7.91661150860464e-07 1.8975944653516807e-07 1.2351043226078726 4.647535834234361e-11 3.583837723720388e-15 1815.6887200850051 1.4270849715677538e-09 3.220315760742896e-14 23.43625092471784 44
0.0005625026352214251 0.6325687953685868 3.4167648052586226e-06 0.07124294734364088 3.583837723720388e-15 0.7649873099866424 0.018322709148258585 3.220315760742896e-14 23.43625092471784 47
0.0005625026352214251 1.8975944653516807e-07 1.4597940257253097e-05 4.647535834234361e-11 1.6769645778627957e-06 10.363054599240513 1.4270849715677538e-09 3.220315760742896e-14 23.43625092471784 42
0.0005625026352214251 1.8975944653516807e-07 1.2351043226078726 0.07124294734364088 7.9032907342603975 1.698115597656803e-22 0.38237855201694804 3.220315760742896e-14 23.43625092471784 43
0.0005625026352214251 0.00335006050208557 1.2351043226078726 4.647535834234361e-11 3.583837723720388e-15 1.698115597656803e-22 1.4270849715677538e-09 3.220315760742896e-14 23.43625092471784 42
0.0005625026352214251 0.00335006050208557 1.2351043226078726 4.647535834234361e-11 7.9032907342603975 1.698115597656803e-22 1.4270849715677538e-09 3.220315760742896e-14 23.43625092471784 42
0.0005625026352214251 0.6325687953685868 3.4167648052586226e-06 0.07124294734364088 3.583837723720388e-15 0.7649873099866424 0.018322709148258585 3.220315760742896e-14 23.43625092471784 47
0.0005625026352214251 0.6325687953685868 3.4167648052586226e-06 0.07124294734364088 3.583837723720388e-15 0.7649873099866424 0.018322709148258585 3.220315760742896e-14 23.43625092471784 47
0.03 0.6325687953685868 7.956244233932122e-09 0.44999999999999996 0.3708853970446029 0.7649873099866424 0.38237855201694804 3.220315760742896e-14 23.43625092471784 47
0.0005625026352214251 0.6325687953685868 7.956244233932122e-09 7.916876109756287e-09 3.583837723720388e-15 0.7649873099866424 1.1068353319231657e-08 3.220315760742896e-14 23.43625092471784 47
7.91661150860464e-07 1.8975944653516807e-07 1.2351043226078726 4.647535834234361e-11 3.583837723720388e-15 1815.6887200850051 1.4270849715677538e-09 3.220315760742896e-14 23.43625092471784 44
0.0005625026352214251 1.8975944653516807e-07 1.2351043226078726 0.07124294734364088 3.583837723720388e-15 1.698115597656803e-22 1.4270849715677538e-09 3.220315760742896e-14 23.43625092471784 44
0.0005625026352214251 0.00335006050208557 1.2351043226078726 4.647535834234361e-11 3.583837723720388e-15 1.698115597656803e-22 1.4270849715677538e-09 3.220315760742896e-14 23.43625092471784 42
0.0005625026352214251 0.6325687953685868 7.956244233932122e-09 7.916876109756287e-09 3.583837723720388e-15 0.7649873099866424 0.018322709148258585 3.220315760742896e-14 23.43625092471784 47
7.91661150860464e-07 1.8975944653516807e-07 1.2351043226078726 0.07124294734364088 7.9032907342603975 1.698115597656803e-22 0.38237855201694804 3.220315760742896e-14 7.532648983122747e-21 43
0.0005625026352214251 1.8975944653516807e-07 1.2351043226078726 4.647535834234361e-11 7.9032907342603975 1.698115597656803e-22 1.4270849715677538e-09 3.220315760742896e-14 23.43625092471784 42
0.0005625026352214251 1.8975944653516807e-07 1.2351043226078726 0.07124294734364088 3.583837723720388e-15 1.698115597656803e-22 1.4270849715677538e-09 3.220315760742896e-14 23.43625092471784 44
0.0005625026352214251 1.8975944653516807e-07 3.4167648052586226e-06 4.647535834234361e-11 3.583837723720388e-15 0.7649873099866424 0.018322709148258585 3.220315760742896e-14 23.43625092471784 47
7.91661150860464e-07 1.8975944653516807e-07 1.2351043226078726 0.07124294734364088 1.1044678133910935 10.363054599240513 1.4270849715677538e-09 3.220315760742896e-14 7.532648983122747e-21 43
0.0005625026352214251 0.6325687953685868 1.2351043226078726 7.916876109756287e-09 1.6769645778627957e-06 1.698115597656803e-22 0.38237855201694804 9.816265799281496 23.43625092471784 48
0.0005625026352214251 1.8975944653516807e-07 1.2351043226078726 4.647535834234361e-11 7.9032907342603975 1.698115597656803e-22 0.38237855201694804 3.220315760742896e-14 23.43625092471784 42
7.91661150860464e-07 0.6325687953685868 3.4167648052586226e-06 7.916876109756287e-09 3.583837723720388e-15 1.698115597656803e-22 0.38237855201694804 3.220315760742896e-14 23.43625092471784 43
7.91661150860464e-07 1.8975944653516807e-07 1.2351043226078726 0.07124294734364088 3.583837723720388e-15 1.698115597656803e-22 0.38237855201694804 3.220315760742896e-14 23.43625092471784 43
0.0005625026352214251 0.6325687953685868 1.4597940257253097e-05 4.647535834234361e-11 1.6769645778627957e-06 0.7649873099866424 0.018322709148258585 3.220315760742896e-14 23.43625092471784 44
7.91661150860464e-07 1.8975944653516807e-07 1.2351043226078726 7.916876109756287e-09 3.583837723720388e-15 1.698115597656803e-22 1.4270849715677538e-09 3.220315760742896e-14 7.532648983122747e-21 44
7.91661150860464e-07 1.8975944653516807e-07 1.2351043226078726 0.07124294734364088 7.9032907342603975 1815.6887200850051 1.4270849715677538e-09 3.220315760742896e-14 23.43625092471784 43
7.91661150860464e-07 0.6325687953685868 7.956244233932122e-09 7.916876109756287e-09 1.1044678133910935 0.7649873099866424 1.4270849715677538e-09 9.816265799281496 23.43625092471784 48
7.91661150860464e-07 1.8975944653516807e-07 1.2351043226078726 4.647535834234361e-11 7.9032907342603975 1815.6887200850051 1.4270849715677538e-09 3.220315760742896e-14 23.43625092471784 44
7.91661150860464e-07 1.8975944653516807e-07 1.2351043226078726 7.916876109756287e-09 3.583837723720388e-15 1.698115597656803e-22 0.38237855201694804 3.220315760742896e-14 23.43625092471784 43
7.91661150860464e-07 1.8975944653516807e-07 7.956244233932122e-09 7.916876109756287e-09 1.6769645778627957e-06 1.698115597656803e-22 0.38237855201694804 3.220315760742896e-14 23.43625092471784 46
0.0005625026352214251 1.8975944653516807e-07 1.2351043226078726 4.647535834234361e-11 3.583837723720388e-15 10.363054599240513 1.4270849715677538e-09 3.220315760742896e-14 23.43625092471784 42
0.0005625026352214251 1.8975944653516807e-07 1.4597940257253097e-05 4.647535834234361e-11 3.583837723720388e-15 1815.6887200850051 1.4270849715677538e-09 3.220315760742896e-14 7.532648983122747e-21 43
0.0005625026352214251 0.6325687953685868 1.4597940257253097e-05 4.647535834234361e-11 1.6769645778627957e-06 10.363054599240513 0.018322709148258585 3.220315760742896e-14 23.43625092471784 42
0.0005625026352214251 0.6325687953685868 1.4597940257253097e-05 4.647535834234361e-11 1.6769645778627957e-06 10.363054599240513 0.018322709148258585 3.220315760742896e-14 23.43625092471784 42
7.91661150860464e-07 0.6325687953685868 7.956244233932122e-09 7.916876109756287e-09 7.9032907342603975 0.7649873099866424 1.4270849715677538e-09 9.816265799281496 23.43625092471784 48
0.0005625026352214251 0.6325687953685868 7.956244233932122e-09 7.916876109756287e-09 1.1044678133910935 0.7649873099866424 1.4270849715677538e-09 9.816265799281496 23.43625092471784 48
0.0005625026352214251 0.00335006050208557 3.4167648052586226e-06 0.07124294734364088 7.9032907342603975 1.698115597656803e-22 1.2400762217937018 3.220315760742896e-14 23.43625092471784 43
7.91661150860464e-07 1.8975944653516807e-07 1.2351043226078726 0.07124294734364088 7.9032907342603975 1.698115597656803e-22 0.38237855201694804 3.220315760742896e-14 23.43625092471784 43
7.91661150860464e-07 0.00335006050208557 1.2351043226078726 0.07124294734364088 1.1044678133910935 1.698115597656803e-22 0.38237855201694804 3.220315760742896e-14 23.43625092471784 43
0.0005625026352214251 1.8975944653516807e-07 1.4597940257253097e-05 4.647535834234361e-11 3.583837723720388e-15 1.698115597656803e-22 0.38237855201694804 3.220315760742896e-14 7.532648983122747e-21 43
7.91661150860464e-07 1.8975944653516807e-07 1.2351043226078726 4.647535834234361e-11 3.583837723720388e-15 1815.6887200850051 1.4270849715677538e-09 3.220315760742896e-14 23.43625092471784 43
0.0005625026352214251 0.00335006050208557 1.2351043226078726 4.647535834234361e-11 7.9032907342603975 1.698115597656803e-22 1.4270849715677538e-09 3.220315760742896e-14 7.532648983122747e-21 42
0.0005625026352214251 1.8975944653516807e-07 1.2351043226078726 4.647535834234361e-11 3.583837723720388e-15 1.698115597656803e-22 1.4270849715677538e-09 3.220315760742896e-14 7.532648983122747e-21 42
0.0005625026352214251 0.6325687953685868 1.4597940257253097e-05 4.647535834234361e-11 1.6769645778627957e-06 10.363054599240513 0.018322709148258585 3.220315760742896e-14 23.43625092471784 42
0.0005625026352214251 0.6325687953685868 1.2351043226078726 4.647535834234361e-11 1.6769645778627957e-06 0.023249590295891538 1.2400762217937018 3.220315760742896e-14 7.532648983122747e-21 44
0.0005625026352214251 1.8975944653516807e-07 1.2351043226078726 4.647535834234361e-11 3.583837723720388e-15 10.363054599240513 0.018322709148258585 3.220315760742896e-14 23.43625092471784 42
7.91661150860464e-07 1.8975944653516807e-07 1.2351043226078726 4.647535834234361e-11 3.583837723720388e-15 1.698115597656803e-22 0.38237855201694804 3.220315760742896e-14 23.43625092471784 43
7.91661150860464e-07 1.8975944653516807e-07 7.956244233932122e-09 7.916876109756287e-09 1.6769645778627957e-06 1.698115597656803e-22 0.38237855201694804 3.220315760742896e-14 23.43625092471784 46
0.0005625026352214251 0.00335006050208557 3.4167648052586226e-06 4.647535834234361e-11 1.1044678133910935 1815.6887200850051 1.2400762217937018 3.220315760742896e-14 7.532648983122747e-21 42
0.0005625026352214251 0.00335006050208557 1.2351043226078726 4.647535834234361e-11 7.9032907342603975 1.698115597656803e-22 1.4270849715677538e-09 3.220315760742896e-14 23.43625092471784 42
2.885522145304653e-13 6.710328500817093e-13 7.956244233932122e-09 4.647535834234361e-11 1.6769645778627957e-06 10.363054599240513 1.1068353319231657e-08 3.220315760742896e-14 7.532648983122747e-21 43
0.0005625026352214251 1.8975944653516807e-07 1.4597940257253097e-05 0.07124294734364088 3.583837723720388e-15 1815.6887200850051 1.4270849715677538e-09 3.220315760742896e-14 7.532648983122747e-21 43
0.0005625026352214251 0.6325687953685868 7.956244233932122e-09 7.916876109756287e-09 7.9032907342603975 0.7649873099866424 1.4270849715677538e-09 9.816265799281496 23.43625092471784 48
7.91661150860464e-07 0.6325687953685868 7.956244233932122e-09 7.916876109756287e-09 1.1044678133910935 0.7649873099866424 1.4270849715677538e-09 9.816265799281496 23.43625092471784 48
7.91661150860464e-07 1.8975944653516807e-07 1.2351043226078726 0.07124294734364088 1.1044678133910935 1.698115597656803e-22 0.38237855201694804 3.220315760742896e-14 7.532648983122747e-21 42
0.0005625026352214251 1.8975944653516807e-07 1.2351043226078726 4.647535834234361e-11 3.583837723720388e-15 1.698115597656803e-22 1.4270849715677538e-09 3.220315760742896e-14 7.532648983122747e-21 43
0.0005625026352214251 0.00335006050208557 1.2351043226078726 4.647535834234361e-11 7.9032907342603975 1.698115597656803e-22 1.4270849715677538e-09 3.220315760742896e-14 7.532648983122747e-21 42
0.0005625026352214251 1.8975944653516807e-07 3.4167648052586226e-06 0.07124294734364088 7.9032907342603975 1.698115597656803e-22 1.4270849715677538e-09 1.05 23.43625092471784 43
7.91661150860464e-07 1.8975944653516807e-07 1.2351043226078726 0.07124294734364088 7.9032907342603975 0.023249590295891538 0.38237855201694804 3.220315760742896e-14 23.43625092471784 42
0.0005625026352214251 1.8975944653516807e-07 1.2351043226078726 4.647535834234361e-11 3.583837723720388e-15 1.698115597656803e-22 1.4270849715677538e-09 3.220315760742896e-14 7.532648983122747e-21 42
7.91661150860464e-07 0.6325687953685868 7.956244233932122e-09 7.916876109756287e-09 1.1044678133910935 0.7649873099866424 1.4270849715677538e-09 9.816265799281496 23.43625092471784 48
