1.8019254666352038e-42 1.5875782383155116e-69 9.539826655087981e-09 3.365635172487778e-50 5.100901228855438e-47 3.132651450154939e-07 5.023997217958009e-51 6.569889494271112e-102 1.5716484244526254e-76 43
1.8019254666352038e-42 6.743831285854639e-14 2.238875179549889e-66 3.365635172487778e-50 4.3722113597461064e-44 1.246912023539402e-82 5.023997217958009e-51 6.569889494271112e-102 7.023470452212013e-58 42
2.955022749111544e-26 6.743831285854639e-14 4.412100417966374e-50 3.365635172487778e-50 5.100901228855438e-47 1.4585431938909392e-25 1.3371695818996144e-20 6.569889494271112e-102 1.5716484244526254e-76 43
0.03 1.5875782383155116e-69 2.238875179549889e-66 3.365635172487778e-50 4.3722113597461064e-44 1.246912023539402e-82 5.023997217958009e-51 6.569889494271112e-102 7.023470452212013e-58 42
6.117161240643932e-78 6.743831285854639e-14 2.340587701779366e-11 6.529488736205877e-39 1.9562827528269122e-21 1.246912023539402e-82 5.023997217958009e-51 1.05 7.023470452212013e-58 43
6.117161240643932e-78 8.0950805420538e-40 4.412100417966374e-50 3.0236501000537516e-55 1.9562827528269122e-21 9.31803663592602e-23 5.023997217958009e-51 3.6592355602063804e-30 1.5716484244526254e-76 48
6.117161240643932e-78 7.892305113926098e-24 2.238875179549889e-66 3.365635172487778e-50 4.3722113597461064e-44 1.246912023539402e-82 5.023997217958009e-51 6.569889494271112e-102 1.5716484244526254e-76 44
1.8019254666352038e-42 8.0950805420538e-40 9.539826655087981e-09 3.365635172487778e-50 8.256519200682485e-23 1.4585431938909392e-25 2.3478293068918234e-12 6.569889494271112e-102 1.5716484244526254e-76 42
1.8019254666352038e-42 1.5875782383155116e-69 2.238875179549889e-66 3.365635172487778e-50 5.100901228855438e-47 1.246912023539402e-82 5.023997217958009e-51 6.569889494271112e-102 7.023470452212013e-58 42
1.8019254666352038e-42 6.743831285854639e-14 2.238875179549889e-66 3.365635172487778e-50 1.9562827528269122e-21 1.246912023539402e-82 5.023997217958009e-51 6.569889494271112e-102 1.5716484244526254e-76 42
1.8019254666352038e-42 6.743831285854639e-14 2.238875179549889e-66 3.365635172487778e-50 4.3722113597461064e-44 1.246912023539402e-82 5.023997217958009e-51 6.569889494271112e-102 1.5716484244526254e-76 42
1.8019254666352038e-42 1.5875782383155116e-69 2.238875179549889e-66 3.365635172487778e-50 5.100901228855438e-47 2.7135238540038493e-07 2.3478293068918234e-12 6.569889494271112e-102 7.023470452212013e-58 42
6.117161240643932e-78 1.5875782383155116e-69 4.412100417966374e-50 3.0236501000537516e-55 8.256519200682485e-23 1.246912023539402e-82 1.7297739998820857e-42 6.569889494271112e-102 1.5716484244526254e-76 46
1.8019254666352038e-42 1.5875782383155116e-69 2.238875179549889e-66 3.365635172487778e-50 5.100901228855438e-47 1.246912023539402e-82 5.023997217958009e-51 6.569889494271112e-102 1.5716484244526254e-76 43
1.8019254666352038e-42 7.892305113926098e-24 8.55259621249656e-11 6.529488736205877e-39 1.9562827528269122e-21 1.246912023539402e-82 1.3371695818996144e-20 6.569889494271112e-102 1.5716484244526254e-76 46
1.8019254666352038e-42 1.5875782383155116e-69 4.412100417966374e-50 6.529488736205877e-39 1.9562827528269122e-21 1.4585431938909392e-25 1.3371695818996144e-20 6.569889494271112e-102 7.023470452212013e-58 46
1.8019254666352038e-42 8.0950805420538e-40 2.238875179549889e-66 3.365635172487778e-50 8.256519200682485e-23 1.4585431938909392e-25 2.3478293068918234e-12 6.569889494271112e-102 1.5716484244526254e-76 44
1.8019254666352038e-42 6.743831285854639e-14 2.238875179549889e-66 3.365635172487778e-50 4.3722113597461064e-44 1.246912023539402e-82 5.023997217958009e-51 6.569889494271112e-102 1.5716484244526254e-76 42
1.8019254666352038e-42 1.5875782383155116e-69 2.238875179549889e-66 3.365635172487778e-50 5.100901228855438e-47 1.246912023539402e-82 5.023997217958009e-51 6.569889494271112e-102 7.023470452212013e-58 42
6.117161240643932e-78 1.5875782383155116e-69 4.412100417966374e-50 3.0236501000537516e-55 8.256519200682485e-23 1.246912023539402e-82 1.7297739998820857e-42 6.569889494271112e-102 1.5716484244526254e-76 46
6.117161240643932e-78 1.5875782383155116e-69 2.238875179549889e-66 6.529488736205877e-39 5.100901228855438e-47 3.132651450154939e-07 1.7297739998820857e-42 6.569889494271112e-102 1.5716484244526254e-76 43
1.8019254666352038e-42 1.5875782383155116e-69 2.238875179549889e-66 6.529488736205877e-39 5.100901228855438e-47 3.132651450154939e-07 5.023997217958009e-51 6.569889494271112e-102 1.5716484244526254e-76 43
6.117161240643932e-78 8.0950805420538e-40 8.55259621249656e-11 3.0236501000537516e-55 4.3722113597461064e-44 9.31803663592602e-23 5.023997217958009e-51 3.6592355602063804e-30 1.5716484244526254e-76 48
1.8019254666352038e-42 1.5875782383155116e-69 2.238875179549889e-66 3.365635172487778e-50 5.100901228855438e-47 1.4585431938909392e-25 2.3478293068918234e-12 6.569889494271112e-102 7.662255361624714e-09 42
6.117161240643932e-78 8.0950805420538e-40 4.412100417966374e-50 3.0236501000537516e-55 5.100901228855438e-47 9.31803663592602e-23 2.3478293068918234e-12 3.6592355602063804e-30 1.5716484244526254e-76 48
1.8019254666352038e-42 8.0950805420538e-40 4.412100417966374e-50 3.0236501000537516e-55 1.9562827528269122e-21 9.31803663592602e-23 5.023997217958009e-51 3.6592355602063804e-30 1.5716484244526254e-76 48
6.117161240643932e-78 1.5875782383155116e-69 2.238875179549889e-66 3.365635172487778e-50 5.100901228855438e-47 3.132651450154939e-07 5.023997217958009e-51 6.569889494271112e-102 1.5716484244526254e-76 43
1.8019254666352038e-42 8.0950805420538e-40 2.340587701779366e-11 3.0236501000537516e-55 8.256519200682485e-23 1.246912023539402e-82 2.3478293068918234e-12 6.569889494271112e-102 1.5716484244526254e-76 48
6.117161240643932e-78 6.743831285854639e-14 2.238875179549889e-66 6.529488736205877e-39 4.3722113597461064e-44 1.246912023539402e-82 1.7297739998820857e-42 6.569889494271112e-102 7.023470452212013e-58 42
1.8019254666352038e-42 8.0950805420538e-40 2.238875179549889e-66 3.365635172487778e-50 8.256519200682485e-23 2.7135238540038493e-07 1.2750638970780558e-18 6.569889494271112e-102 7.023470452212013e-58 44
1.8019254666352038e-42 8.0950805420538e-40 2.340587701779366e-11 3.0236501000537516e-55 8.256519200682485e-23 1.246912023539402e-82 2.3478293068918234e-12 6.569889494271112e-102 1.5716484244526254e-76 48
1.8019254666352038e-42 1.5875782383155116e-69 2.238875179549889e-66 3.365635172487778e-50 5.100901228855438e-47 1.4585431938909392e-25 5.023997217958009e-51 6.569889494271112e-102 1.5716484244526254e-76 42
1.8019254666352038e-42 1.5875782383155116e-69 2.238875179549889e-66 3.365635172487778e-50 1.9562827528269122e-21 1.246912023539402e-82 1.7297739998820857e-42 6.569889494271112e-102 1.5716484244526254e-76 42
6.117161240643932e-78 7.892305113926098e-24 4.412100417966374e-50 3.365635172487778e-50 1.369164317204252e-10 1.246912023539402e-82 5.023997217958009e-51 6.569889494271112e-102 1.5716484244526254e-76 48
6.117161240643932e-78 1.5875782383155116e-69 2.238875179549889e-66 6.529488736205877e-39 4.3722113597461064e-44 1.246912023539402e-82 1.7297739998820857e-42 6.569889494271112e-102 1.5716484244526254e-76 43
1.8019254666352038e-42 1.5875782383155116e-69 4.412100417966374e-50 3.365635172487778e-50 1.369164317204252e-10 9.31803663592602e-23 1.3371695818996144e-20 6.569889494271112e-102 1.5716484244526254e-76 43
1.8019254666352038e-42 1.5875782383155116e-69 9.539826655087981e-09 3.365635172487778e-50 5.100901228855438e-47 3.132651450154939e-07 5.023997217958009e-51 6.569889494271112e-102 1.5716484244526254e-76 43
1.8019254666352038e-42 8.0950805420538e-40 2.340587701779366e-11 6.529488736205877e-39 5.100901228855438e-47 9.31803663592602e-23 2.3478293068918234e-12 6.569889494271112e-102 1.5716484244526254e-76 47
1.8019254666352038e-42 1.5875782383155116e-69 2.238875179549889e-66 3.365635172487778e-50 5.100901228855438e-47 1.4585431938909392e-25 2.3478293068918234e-12 6.569889494271112e-102 1.5716484244526254e-76 42
1.8019254666352038e-42 8.0950805420538e-40 2.340587701779366e-11 3.0236501000537516e-55 8.256519200682485e-23 1.246912023539402e-82 2.3478293068918234e-12 6.569889494271112e-102 1.5716484244526254e-76 48
6.117161240643932e-78 1.5875782383155116e-69 2.238875179549889e-66 3.365635172487778e-50 4.3722113597461064e-44 3.132651450154939e-07 5.023997217958009e-51 6.569889494271112e-102 1.5716484244526254e-76 44
1.8019254666352038e-42 8.0950805420538e-40 2.238875179549889e-66 0.42 5.100901228855438e-47 1.4585431938909392e-25 5.023997217958009e-51 6.569889494271112e-102 1.5716484244526254e-76 42
1.8019254666352038e-42 1.5875782383155116e-69 2.238875179549889e-66 3.365635172487778e-50 5.100901228855438e-47 1.4585431938909392e-25 5.023997217958009e-51 6.569889494271112e-102 1.5716484244526254e-76 44
6.117161240643932e-78 1.5875782383155116e-69 2.238875179549889e-66 6.529488736205877e-39 4.3722113597461064e-44 1.246912023539402e-82 1.7297739998820857e-42 6.569889494271112e-102 7.023470452212013e-58 43
1.8019254666352038e-42 6.743831285854639e-14 2.340587701779366e-11 3.365635172487778e-50 1.9562827528269122e-21 3.132651450154939e-07 1.2750638970780558e-18 6.569889494271112e-102 7.023470452212013e-58 42
1.8019254666352038e-42 6.743831285854639e-14 2.238875179549889e-66 3.365635172487778e-50 1.9562827528269122e-21 1.246912023539402e-82 5.023997217958009e-51 6.569889494271112e-102 1.5716484244526254e-76 42
6.117161240643932e-78 7.892305113926098e-24 4.412100417966374e-50 3.365635172487778e-50 1.369164317204252e-10 1.246912023539402e-82 5.023997217958009e-51 6.569889494271112e-102 1.5716484244526254e-76 48
1.8019254666352038e-42 6.743831285854639e-14 2.238875179549889e-66 3.365635172487778e-50 4.3722113597461064e-44 1.246912023539402e-82 5.023997217958009e-51 6.569889494271112e-102 1.5716484244526254e-76 42
1.8019254666352038e-42 8.0950805420538e-40 4.412100417966374e-50 3.0236501000537516e-55 1.9562827528269122e-21 9.31803663592602e-23 5.023997217958009e-51 3.6592355602063804e-30 1.5716484244526254e-76 48
1.8019254666352038e-42 1.5875782383155116e-69 9.539826655087981e-09 3.365635172487778e-50 8.256519200682485e-23 1.4585431938909392e-25 5.023997217958009e-51 6.569889494271112e-102 1.5716484244526254e-76 42
6.117161240643932e-78 1.5875782383155116e-69 2.238875179549889e-66 6.529488736205877e-39 4.3722113597461064e-44 1.246912023539402e-82 1.7297739998820857e-42 6.569889494271112e-102 1.5716484244526254e-76 43
1.8019254666352038e-42 1.5875782383155116e-69 2.340587701779366e-11 6.529488736205877e-39 5.100901228855438e-47 3.132651450154939e-07 2.3478293068918234e-12 3.6592355602063804e-30 7.023470452212013e-58 43
1.8019254666352038e-42 8.0950805420538e-40 9.539826655087981e-09 3.365635172487778e-50 8.256519200682485e-23 1.4585431938909392e-25 2.3478293068918234e-12 6.569889494271112e-102 1.5716484244526254e-76 42
1.8019254666352038e-42 1.5875782383155116e-69 2.238875179549889e-66 3.365635172487778e-50 5.100901228855438e-47 1.246912023539402e-82 5.023997217958009e-51 6.569889494271112e-102 7.023470452212013e-58 42
1.8019254666352038e-42 8.0950805420538e-40 2.238875179549889e-66 3.365635172487778e-50 8.256519200682485e-23 2.7135238540038493e-07 1.2750638970780558e-18 6.569889494271112e-102 7.023470452212013e-58 44
1.8019254666352038e-42 8.0950805420538e-40 9.539826655087981e-09 3.365635172487778e-50 8.256519200682485e-23 1.4585431938909392e-25 1.2750638970780558e-18 6.569889494271112e-102 1.5716484244526254e-76 42
1.8019254666352038e-42 1.5875782383155116e-69 2.340587701779366e-11 6.529488736205877e-39 5.100901228855438e-47 3.132651450154939e-07 2.3478293068918234e-12 6.569889494271112e-102 7.023470452212013e-58 43
1.8019254666352038e-42 1.5875782383155116e-69 2.340587701779366e-11 6.529488736205877e-39 4.3722113597461064e-44 1.246912023539402e-82 5.023997217958009e-51 1.05 1.5716484244526254e-76 43
1.8019254666352038e-42 1.5875782383155116e-69 2.238875179549889e-66 6.529488736205877e-39 5.100901228855438e-47 1.246912023539402e-82 5.023997217958009e-51 6.569889494271112e-102 1.5716484244526254e-76 42
1.8019254666352038e-42 8.0950805420538e-40 9.539826655087981e-09 3.365635172487778e-50 8.256519200682485e-23 1.4585431938909392e-25 1.2750638970780558e-18 6.569889494271112e-102 1.5716484244526254e-76 42
1.8019254666352038e-42 1.5875782383155116e-69 2.238875179549889e-66 3.365635172487778e-50 4.3722113597461064e-44 1.246912023539402e-82 1.7297739998820857e-42 6.569889494271112e-102 1.5716484244526254e-76 42
2.955022749111544e-26 7.892305113926098e-24 4.412100417966374e-50 3.365635172487778e-50 8.256519200682485e-23 1.4585431938909392e-25 1.3371695818996144e-20 6.569889494271112e-102 7.023470452212013e-58 43
6.117161240643932e-78 8.0950805420538e-40 2.340587701779366e-11 3.0236501000537516e-55 5.100901228855438e-47 1.246912023539402e-82 1.7297739998820857e-42 6.569889494271112e-102 1.5716484244526254e-76 43
2.955022749111544e-26 6.743831285854639e-14 4.412100417966374e-50 3.365635172487778e-50 5.100901228855438e-47 1.4585431938909392e-25 1.3371695818996144e-20 6.569889494271112e-102 1.5716484244526254e-76 43
6.117161240643932e-78 1.5875782383155116e-69 2.238875179549889e-66 3.365635172487778e-50 5.100901228855438e-47 3.132651450154939e-07 5.023997217958009e-51 6.569889494271112e-102 1.5716484244526254e-76 42
6.117161240643932e-78 1.5875782383155116e-69 2.238875179549889e-66 3.0236501000537516e-55 5.100901228855438e-47 1.246912023539402e-82 5.023997217958009e-51 6.569889494271112e-102 7.023470452212013e-58 44
1.8019254666352038e-42 1.5875782383155116e-69 9.539826655087981e-09 6.529488736205877e-39 5.100901228855438e-47 3.132651450154939e-07 5.023997217958009e-51 6.569889494271112e-102 7.023470452212013e-58 43
1.8019254666352038e-42 1.5875782383155116e-69 2.340587701779366e-11 3.365635172487778e-50 5.100901228855438e-47 9.31803663592602e-23 2.3478293068918234e-12 6.569889494271112e-102 1.5716484244526254e-76 47
1.8019254666352038e-42 1.5875782383155116e-69 9.539826655087981e-09 3.365635172487778e-50 5.100901228855438e-47 1.246912023539402e-82 1.7297739998820857e-42 6.569889494271112e-102 7.023470452212013e-58 43
2.955022749111544e-26 8.0950805420538e-40 2.340587701779366e-11 3.365635172487778e-50 8.256519200682485e-23 1.4585431938909392e-25 1.3371695818996144e-20 6.569889494271112e-102 1.5716484244526254e-76 43
1.8019254666352038e-42 1.5875782383155116e-69 2.238875179549889e-66 3.365635172487778e-50 5.100901228855438e-47 1.246912023539402e-82 5.023997217958009e-51 6.569889494271112e-102 1.5716484244526254e-76 48
1.8019254666352038e-42 6.743831285854639e-14 2.238875179549889e-66 6.529488736205877e-39 4.3722113597461064e-44 1.246912023539402e-82 5.023997217958009e-51 6.569889494271112e-102 1.5716484244526254e-76 42
1.8019254666352038e-42 6.743831285854639e-14 2.340587701779366e-11 6.529488736205877e-39 4.3722113597461064e-44 1.246912023539402e-82 1.2750638970780558e-18 6.569889494271112e-102 1.5716484244526254e-76 43
0.03 1.5875782383155116e-69 2.340587701779366e-11 3.0236501000537516e-55 5.100901228855438e-47 1.246912023539402e-82 1.7297739998820857e-42 3.6592355602063804e-30 1.5716484244526254e-76 48
1.8019254666352038e-42 1.5875782383155116e-69 2.238875179549889e-66 3.365635172487778e-50 5.100901228855438e-47 1.246912023539402e-82 5.023997217958009e-51 6.569889494271112e-102 7.023470452212013e-58 43
2.955022749111544e-26 6.743831285854639e-14 4.412100417966374e-50 3.365635172487778e-50 5.100901228855438e-47 1.4585431938909392e-25 1.3371695818996144e-20 6.569889494271112e-102 1.5716484244526254e-76 43
1.8019254666352038e-42 8.0950805420538e-40 2.340587701779366e-11 6.529488736205877e-39 5.100901228855438e-47 9.31803663592602e-23 2.3478293068918234e-12 6.569889494271112e-102 1.5716484244526254e-76 47
2.955022749111544e-26 8.0950805420538e-40 2.238875179549889e-66 3.365635172487778e-50 8.256519200682485e-23 1.4585431938909392e-25 2.3478293068918234e-12 6.569889494271112e-102 7.023470452212013e-58 42
1.8019254666352038e-42 6.743831285854639e-14 2.340587701779366e-11 3.365635172487778e-50 1.9562827528269122e-21 2.7135238540038493e-07 2.3478293068918234e-12 6.569889494271112e-102 7.023470452212013e-58 43
6.117161240643932e-78 6.743831285854639e-14 2.238875179549889e-66 6.529488736205877e-39 4.3722113597461064e-44 1.246912023539402e-82 1.7297739998820857e-42 6.569889494271112e-102 7.023470452212013e-58 42
1.8019254666352038e-42 1.5875782383155116e-69 2.238875179549889e-66 3.365635172487778e-50 5.100901228855438e-47 1.246912023539402e-82 5.023997217958009e-51 6.569889494271112e-102 7.023470452212013e-58 42
6.117161240643932e-78 1.5875782383155116e-69 2.238875179549889e-66 6.529488736205877e-39 4.3722113597461064e-44 3.132651450154939e-07 5.023997217958009e-51 6.569889494271112e-102 1.5716484244526254e-76 43
2.955022749111544e-26 7.892305113926098e-24 4.412100417966374e-50 3.365635172487778e-50 1.9562827528269122e-21 9.31803663592602e-23 1.3371695818996144e-20 6.569889494271112e-102 1.5716484244526254e-76 43
6.117161240643932e-78 1.5875782383155116e-69 2.238875179549889e-66 6.529488736205877e-39 5.100901228855438e-47 1.246912023539402e-82 1.7297739998820857e-42 6.569889494271112e-102 7.023470452212013e-58 43
6.117161240643932e-78 1.5875782383155116e-69 2.238875179549889e-66 6.529488736205877e-39 4.3722113597461064e-44 1.246912023539402e-82 1.7297739998820857e-42 6.569889494271112e-102 1.5716484244526254e-76 43
1.8019254666352038e-42 6.743831285854639e-14 2.238875179549889e-66 3.365635172487778e-50 1.9562827528269122e-21 1.246912023539402e-82 5.023997217958009e-51 6.569889494271112e-102 7.662255361624714e-09 42
6.117161240643932e-78 1.5875782383155116e-69 2.238875179549889e-66 3.365635172487778e-50 5.100901228855438e-47 1.246912023539402e-82 1.7297739998820857e-42 6.569889494271112e-102 1.5716484244526254e-76 43
0.03 8.0950805420538e-40 4.412100417966374e-50 0.44999999999999996 1.369164317204252e-10 9.31803663592602e-23 1.7297739998820857e-42 6.569889494271112e-102 1.5716484244526254e-76 47
1.8019254666352038e-42 1.5875782383155116e-69 2.238875179549889e-66 3.365635172487778e-50 5.100901228855438e-47 2.7135238540038493e-07 2.3478293068918234e-12 6.569889494271112e-102 7.023470452212013e-58 42
6.117161240643932e-78 1.5875782383155116e-69 2.238875179549889e-66 3.365635172487778e-50 5.100901228855438e-47 3.132651450154939e-07 5.023997217958009e-51 6.569889494271112e-102 1.5716484244526254e-76 44
1.8019254666352038e-42 1.5875782383155116e-69 2.238875179549889e-66 6.529488736205877e-39 5.100901228855438e-47 3.132651450154939e-07 5.023997217958009e-51 6.569889494271112e-102 1.5716484244526254e-76 44
6.117161240643932e-78 8.0950805420538e-40 4.412100417966374e-50 3.0236501000537516e-55 4.3722113597461064e-44 1.4585431938909392e-25 5.023997217958009e-51 3.6592355602063804e-30 1.5716484244526254e-76 48
6.117161240643932e-78 6.743831285854639e-14 2.238875179549889e-66 6.529488736205877e-39 4.3722113597461064e-44 1.246912023539402e-82 1.7297739998820857e-42 6.569889494271112e-102 7.023470452212013e-58 42
1.8019254666352038e-42 1.5875782383155116e-69 2.238875179549889e-66 3.0236501000537516e-55 5.100901228855438e-47 1.246912023539402e-82 1.7297739998820857e-42 6.569889494271112e-102 1.5716484244526254e-76 43
1.8019254666352038e-42 8.0950805420538e-40 2.238875179549889e-66 0.42 5.100901228855438e-47 1.4585431938909392e-25 5.023997217958009e-51 6.569889494271112e-102 1.5716484244526254e-76 42
1.8019254666352038e-42 1.5875782383155116e-69 2.238875179549889e-66 6.529488736205877e-39 5.100901228855438e-47 3.132651450154939e-07 5.023997217958009e-51 6.569889494271112e-102 7.662255361624714e-09 42
1.8019254666352038e-42 1.5875782383155116e-69 2.238875179549889e-66 6.529488736205877e-39 5.100901228855438e-47 1.246912023539402e-82 1.7297739998820857e-42 6.569889494271112e-102 1.5716484244526254e-76 43
1.8019254666352038e-42 8.0950805420538e-40 4.412100417966374e-50 3.0236501000537516e-55 1.9562827528269122e-21 9.31803663592602e-23 5.023997217958009e-51 3.6592355602063804e-30 1.5716484244526254e-76 48
2.955022749111544e-26 8.0950805420538e-40 2.238875179549889e-66 3.365635172487778e-50 8.256519200682485e-23 1.4585431938909392e-25 2.3478293068918234e-12 6.569889494271112e-102 7.023470452212013e-58 42
1.8019254666352038e-42 1.5875782383155116e-69 2.238875179549889e-66 3.365635172487778e-50 4.3722113597461064e-44 1.246912023539402e-82 1.7297739998820857e-42 6.569889494271112e-102 1.5716484244526254e-76 42
1.8019254666352038e-42 1.5875782383155116e-69 2.238875179549889e-66 3.365635172487778e-50 5.100901228855438e-47 1.4585431938909392e-25 2.3478293068918234e-12 6.569889494271112e-102 1.5716484244526254e-76 42
1.8019254666352038e-42 1.5875782383155116e-69 2.238875179549889e-66 6.529488736205877e-39 5.100901228855438e-47 3.132651450154939e-07 5.023997217958009e-51 6.569889494271112e-102 7.662255361624714e-09 42
1.8019254666352038e-42 1.5875782383155116e-69 2.340587701779366e-11 3.365635172487778e-50 5.100901228855438e-47 3.132651450154939e-07 1.2750638970780558e-18 6.569889494271112e-102 1.5716484244526254e-76 42
1.8019254666352038e-42 1.5875782383155116e-69 2.238875179549889e-66 3.365635172487778e-50 4.3722113597461064e-44 1.246912023539402e-82 1.7297739998820857e-42 6.569889494271112e-102 1.5716484244526254e-76 42
2.955022749111544e-26 6.743831285854639e-14 4.412100417966374e-50 3.365635172487778e-50 5.100901228855438e-47 1.4585431938909392e-25 1.3371695818996144e-20 6.569889494271112e-102 1.5716484244526254e-76 43
1.8019254666352038e-42 1.5875782383155116e-69 2.238875179549889e-66 3.365635172487778e-50 5.100901228855438e-47 2.7135238540038493e-07 2.3478293068918234e-12 6.569889494271112e-102 7.023470452212013e-58 42
1.8019254666352038e-42 6.743831285854639e-14 2.238875179549889e-66 3.365635172487778e-50 4.3722113597461064e-44 1.246912023539402e-82 5.023997217958009e-51 6.569889494271112e-102 1.5716484244526254e-76 42
6.117161240643932e-78 1.5875782383155116e-69 2.238875179549889e-66 6.529488736205877e-39 4.3722113597461064e-44 1.246912023539402e-82 1.7297739998820857e-42 6.569889494271112e-102 1.5716484244526254e-76 43
6.117161240643932e-78 8.0950805420538e-40 4.412100417966374e-50 3.0236501000537516e-55 1.9562827528269122e-21 9.31803663592602e-23 5.023997217958009e-51 3.6592355602063804e-30 1.5716484244526254e-76 48
6.117161240643932e-78 6.743831285854639e-14 2.238875179549889e-66 6.529488736205877e-39 1.9562827528269122e-21 1.246912023539402e-82 1.7297739998820857e-42 6.569889494271112e-102 1.5716484244526254e-76 43
1.8019254666352038e-42 1.5875782383155116e-69 2.238875179549889e-66 6.529488736205877e-39 5.100901228855438e-47 3.132651450154939e-07 5.023997217958009e-51 6.569889494271112e-102 1.5716484244526254e-76 43
1.8019254666352038e-42 1.5875782383155116e-69 2.340587701779366e-11 3.365635172487778e-50 5.100901228855438e-47 9.31803663592602e-23 2.3478293068918234e-12 6.569889494271112e-102 1.5716484244526254e-76 47
1.8019254666352038e-42 8.0950805420538e-40 9.539826655087981e-09 3.365635172487778e-50 8.256519200682485e-23 1.4585431938909392e-25 2.3478293068918234e-12 6.569889494271112e-102 1.5716484244526254e-76 42
6.117161240643932e-78 8.0950805420538e-40 4.412100417966374e-50 3.0236501000537516e-55 1.9562827528269122e-21 9.31803663592602e-23 5.023997217958009e-51 3.6592355602063804e-30 1.5716484244526254e-76 48
1.8019254666352038e-42 1.5875782383155116e-69 2.238875179549889e-66 3.365635172487778e-50 4.3722113597461064e-44 1.4585431938909392e-25 5.023997217958009e-51 6.569889494271112e-102 1.5716484244526254e-76 44
6.117161240643932e-78 7.892305113926098e-24 4.412100417966374e-50 3.365635172487778e-50 1.369164317204252e-10 1.246912023539402e-82 5.023997217958009e-51 6.569889494271112e-102 1.5716484244526254e-76 48
6.117161240643932e-78 1.5875782383155116e-69 2.238875179549889e-66 6.529488736205877e-39 5.100901228855438e-47 1.246912023539402e-82 1.7297739998820857e-42 6.569889494271112e-102 7.023470452212013e-58 43
1.8019254666352038e-42 8.0950805420538e-40 9.539826655087981e-09 3.365635172487778e-50 8.256519200682485e-23 1.4585431938909392e-25 2.3478293068918234e-12 6.569889494271112e-102 1.5716484244526254e-76 42
1.8019254666352038e-42 7.892305113926098e-24 2.238875179549889e-66 3.365635172487778e-50 1.9562827528269122e-21 1.246912023539402e-82 5.023997217958009e-51 6.569889494271112e-102 7.023470452212013e-58 43
6.117161240643932e-78 1.5875782383155116e-69 2.238875179549889e-66 6.529488736205877e-39 1.9562827528269122e-21 1.4585431938909392e-25 5.023997217958009e-51 6.569889494271112e-102 7.023470452212013e-58 43
1.8019254666352038e-42 8.0950805420538e-40 4.412100417966374e-50 3.0236501000537516e-55 5.100901228855438e-47 9.31803663592602e-23 2.3478293068918234e-12 6.569889494271112e-102 1.5716484244526254e-76 47
1.8019254666352038e-42 7.892305113926098e-24 8.55259621249656e-11 6.529488736205877e-39 5.100901228855438e-47 3.132651450154939e-07 1.3371695818996144e-20 6.569889494271112e-102 1.5716484244526254e-76 46
1.8019254666352038e-42 1.5875782383155116e-69 2.238875179549889e-66 3.365635172487778e-50 5.100901228855438e-47 1.246912023539402e-82 5.023997217958009e-51 6.569889494271112e-102 1.5716484244526254e-76 42
6.117161240643932e-78 1.5875782383155116e-69 2.238875179549889e-66 6.529488736205877e-39 5.100901228855438e-47 1.246912023539402e-82 1.7297739998820857e-42 6.569889494271112e-102 1.5716484244526254e-76 43
6.117161240643932e-78 1.5875782383155116e-69 2.238875179549889e-66 6.529488736205877e-39 4.3722113597461064e-44 3.132651450154939e-07 5.023997217958009e-51 6.569889494271112e-102 1.5716484244526254e-76 43
2.955022749111544e-26 8.0950805420538e-40 8.55259621249656e-11 3.365635172487778e-50 8.256519200682485e-23 2.7135238540038493e-07 5.023997217958009e-51 3.6592355602063804e-30 1.5716484244526254e-76 48
1.8019254666352038e-42 1.5875782383155116e-69 2.238875179549889e-66 3.365635172487778e-50 4.3722113597461064e-44 1.246912023539402e-82 5.023997217958009e-51 6.569889494271112e-102 1.5716484244526254e-76 42
6.117161240643932e-78 1.5875782383155116e-69 2.238875179549889e-66 6.529488736205877e-39 5.100901228855438e-47 3.132651450154939e-07 1.7297739998820857e-42 6.569889494271112e-102 1.5716484244526254e-76 43
1.8019254666352038e-42 1.5875782383155116e-69 2.238875179549889e-66 3.365635172487778e-50 4.3722113597461064e-44 1.246912023539402e-82 1.7297739998820857e-42 6.569889494271112e-102 1.5716484244526254e-76 42
1.8019254666352038e-42 1.5875782383155116e-69 2.238875179549889e-66 6.529488736205877e-39 5.100901228855438e-47 1.246912023539402e-82 5.023997217958009e-51 6.569889494271112e-102 1.5716484244526254e-76 42
2.955022749111544e-26 1.5875782383155116e-69 2.340587701779366e-11 3.365635172487778e-50 8.256519200682485e-23 1.4585431938909392e-25 1.3371695818996144e-20 6.569889494271112e-102 1.5716484244526254e-76 43
1.8019254666352038e-42 1.5875782383155116e-69 2.238875179549889e-66 3.365635172487778e-50 4.3722113597461064e-44 3.132651450154939e-07 5.023997217958009e-51 6.569889494271112e-102 1.5716484244526254e-76 42
1.8019254666352038e-42 1.5875782383155116e-69 2.238875179549889e-66 3.365635172487778e-50 4.3722113597461064e-44 1.246912023539402e-82 1.7297739998820857e-42 6.569889494271112e-102 1.5716484244526254e-76 42
2.955022749111544e-26 8.0950805420538e-40 8.55259621249656e-11 3.365635172487778e-50 8.256519200682485e-23 2.7135238540038493e-07 5.023997217958009e-51 3.6592355602063804e-30 1.5716484244526254e-76 48
6.117161240643932e-78 1.5875782383155116e-69 2.238875179549889e-66 3.365635172487778e-50 5.100901228855438e-47 3.132651450154939e-07 5.023997217958009e-51 6.569889494271112e-102 1.5716484244526254e-76 42
1.8019254666352038e-42 1.5875782383155116e-69 2.238875179549889e-66 6.529488736205877e-39 5.100901228855438e-47 3.132651450154939e-07 5.023997217958009e-51 6.569889494271112e-102 1.5716484244526254e-76 44
1.8019254666352038e-42 1.5875782383155116e-69 2.238875179549889e-66 3.365635172487778e-50 5.100901228855438e-47 1.246912023539402e-82 5.023997217958009e-51 6.569889494271112e-102 1.5716484244526254e-76 43
