2.0399198105651076e-07 1.2990547416669186e-13 2.68266470849415e-06 2.9351442802140415e-14 8.137709133325895e-25 0.0032058558789489606 0.17948963273479052 9.244961349652186e-23 7.702020646701933e-09 42
1.4032993837926884e-17 9.022131158314269e-17 2.4164424208516856e-16 2.9351442802140415e-14 0.12551492299960715 0.13392718232342427 4.798510362692022e-15 9.244961349652186e-23 7.702020646701933e-09 43
2.0399198105651076e-07 1.2990547416669186e-13 14.623587858775187 2.9351442802140415e-14 140.91136571946691 1.0748806257640536e-25 1.908314679004729e-09 9.244961349652186e-23 7.702020646701933e-09 42
2.0399198105651076e-07 1.2990547416669186e-13 14.623587858775187 2.9351442802140415e-14 8.137709133325895e-25 103.65203667702131 0.2686869761568314 9.244961349652186e-23 7.702020646701933e-09 42
2.0399198105651076e-07 0.04431519720958791 2.68266470849415e-06 0.00013161375274255415 8.137709133325895e-25 0.13392718232342427 0.2686869761568314 9.244961349652186e-23 7.702020646701933e-09 47
1.4032993837926884e-17 1.2990547416669186e-13 2.68266470849415e-06 2.9351442802140415e-14 1.380314589245949e-07 103.65203667702131 4.798510362692022e-15 9.244961349652186e-23 7.702020646701933e-09 43
2.0399198105651076e-07 1.2990547416669186e-13 14.623587858775187 2.9351442802140415e-14 8.137709133325895e-25 1.0748806257640536e-25 1.908314679004729e-09 9.244961349652186e-23 7.702020646701933e-09 42
2.0399198105651076e-07 0.007116513455444692 2.68266470849415e-06 2.9351442802140415e-14 0.12551492299960715 0.0032058558789489606 0.17948963273479052 9.244961349652186e-23 4.836735524806142e-22 42
2.0399198105651076e-07 1.2990547416669186e-13 2.4164424208516856e-16 0.00013161375274255415 0.12551492299960715 103.65203667702131 4.798510362692022e-15 9.244961349652186e-23 4.836735524806142e-22 46
6.148565800112569e-10 0.04431519720958791 14.623587858775187 9.294728228648547e-14 1.380314589245949e-07 103.65203667702131 4.256679725770027e-06 9.244961349652186e-23 4.836735524806142e-22 43
2.0399198105651076e-07 1.2990547416669186e-13 2.68266470849415e-06 0.00013161375274255415 140.91136571946691 1.0748806257640536e-25 1.908314679004729e-09 1.05 7.702020646701933e-09 43
2.0399198105651076e-07 1.2990547416669186e-13 14.623587858775187 2.9351442802140415e-14 8.137709133325895e-25 1.0748806257640536e-25 1.908314679004729e-09 9.244961349652186e-23 7.702020646701933e-09 48
2.0399198105651076e-07 0.04431519720958791 4.461175604011652e-10 2.9351442802140415e-14 1.380314589245949e-07 103.65203667702131 0.2686869761568314 9.244961349652186e-23 7.702020646701933e-09 42
2.0399198105651076e-07 1.2990547416669186e-13 14.623587858775187 2.9351442802140415e-14 8.137709133325895e-25 1.0748806257640536e-25 1.908314679004729e-09 9.244961349652186e-23 7.702020646701933e-09 42
6.148565800112569e-10 0.04431519720958791 2.4164424208516856e-16 9.294728228648547e-14 0.12551492299960715 0.13392718232342427 1.908314679004729e-09 4.039298408495614 7.702020646701933e-09 48
6.148565800112569e-10 1.2990547416669186e-13 14.623587858775187 0.00013161375274255415 140.91136571946691 1.0748806257640536e-25 4.256679725770027e-06 9.244961349652186e-23 4.836735524806142e-22 43
1.4032993837926884e-17 0.04431519720958791 0.0024103616639276973 2.9351442802140415e-14 1.380314589245949e-07 0.00016272868515942676 1.908314679004729e-09 4.039298408495614 7.702020646701933e-09 48
2.0399198105651076e-07 1.2990547416669186e-13 4.461175604011652e-10 2.9351442802140415e-14 8.137709133325895e-25 1.0748806257640536e-25 1.908314679004729e-09 9.244961349652186e-23 7.702020646701933e-09 43
6.148565800112569e-10 1.2990547416669186e-13 14.623587858775187 2.9351442802140415e-14 140.91136571946691 0.0032058558789489606 1.908314679004729e-09 9.244961349652186e-23 7.702020646701933e-09 44
6.148565800112569e-10 1.2990547416669186e-13 14.623587858775187 0.00013161375274255415 8.137709133325895e-25 1.0748806257640536e-25 4.256679725770027e-06 9.244961349652186e-23 4.836735524806142e-22 43
2.0399198105651076e-07 1.2990547416669186e-13 14.623587858775187 2.9351442802140415e-14 8.137709133325895e-25 1.0748806257640536e-25 1.908314679004729e-09 9.244961349652186e-23 7.702020646701933e-09 42
6.148565800112569e-10 1.2990547416669186e-13 14.623587858775187 0.00013161375274255415 140.91136571946691 1.0748806257640536e-25 4.256679725770027e-06 9.244961349652186e-23 4.836735524806142e-22 43
2.0399198105651076e-07 0.007116513455444692 14.623587858775187 2.9351442802140415e-14 0.12551492299960715 1.0748806257640536e-25 1.908314679004729e-09 9.244961349652186e-23 7.702020646701933e-09 42
6.148565800112569e-10 0.007116513455444692 2.68266470849415e-06 0.00013161375274255415 0.12551492299960715 1.0748806257640536e-25 1.908314679004729e-09 9.244961349652186e-23 7.702020646701933e-09 43
6.148565800112569e-10 1.2990547416669186e-13 14.623587858775187 0.00013161375274255415 140.91136571946691 1.0748806257640536e-25 4.256679725770027e-06 9.244961349652186e-23 7.702020646701933e-09 43
2.0399198105651076e-07 9.022131158314269e-17 0.0024103616639276973 0.00013161375274255415 8.137709133325895e-25 0.0032058558789489606 4.798510362692022e-15 9.244961349652186e-23 7.702020646701933e-09 46
6.148565800112569e-10 1.2990547416669186e-13 14.623587858775187 2.9351442802140415e-14 8.137709133325895e-25 0.0032058558789489606 1.908314679004729e-09 9.244961349652186e-23 7.702020646701933e-09 44
2.0399198105651076e-07 1.2990547416669186e-13 14.623587858775187 2.9351442802140415e-14 0.12551492299960715 1.0748806257640536e-25 4.256679725770027e-06 9.244961349652186e-23 7.702020646701933e-09 42
2.0399198105651076e-07 1.2990547416669186e-13 4.461175604011652e-10 2.9351442802140415e-14 8.137709133325895e-25 1.0748806257640536e-25 4.256679725770027e-06 9.244961349652186e-23 4.836735524806142e-22 43
6.148565800112569e-10 1.2990547416669186e-13 14.623587858775187 0.00013161375274255415 8.137709133325895e-25 1.0748806257640536e-25 4.256679725770027e-06 9.244961349652186e-23 4.836735524806142e-22 43
2.0399198105651076e-07 1.2990547416669186e-13 14.623587858775187 0.00013161375274255415 8.137709133325895e-25 1.0748806257640536e-25 1.908314679004729e-09 9.244961349652186e-23 7.702020646701933e-09 44
6.148565800112569e-10 1.2990547416669186e-13 14.623587858775187 9.294728228648547e-14 8.137709133325895e-25 1.0748806257640536e-25 4.256679725770027e-06 9.244961349652186e-23 7.702020646701933e-09 43
6.148565800112569e-10 0.04431519720958791 2.4164424208516856e-16 9.294728228648547e-14 140.91136571946691 0.13392718232342427 1.908314679004729e-09 4.039298408495614 7.702020646701933e-09 48
2.0399198105651076e-07 1.2990547416669186e-13 14.623587858775187 2.9351442802140415e-14 8.137709133325895e-25 1.0748806257640536e-25 4.256679725770027e-06 9.244961349652186e-23 7.702020646701933e-09 42
0.03 0.04431519720958791 2.4164424208516856e-16 0.44999999999999996 0.13415297309281632 0.13392718232342427 4.256679725770027e-06 9.244961349652186e-23 7.702020646701933e-09 47
2.0399198105651076e-07 1.2990547416669186e-13 4.461175604011652e-10 0.00013161375274255415 1.380314589245949e-07 0.0032058558789489606 4.256679725770027e-06 9.244961349652186e-23 4.836735524806142e-22 43
6.148565800112569e-10 1.2990547416669186e-13 14.623587858775187 2.9351442802140415e-14 8.137709133325895e-25 1.0748806257640536e-25 1.908314679004729e-09 9.244961349652186e-23 7.702020646701933e-09 44
1.4032993837926884e-17 9.022131158314269e-17 2.4164424208516856e-16 2.9351442802140415e-14 1.380314589245949e-07 103.65203667702131 4.798510362692022e-15 9.244961349652186e-23 4.836735524806142e-22 43
2.0399198105651076e-07 1.2990547416669186e-13 14.623587858775187 2.9351442802140415e-14 8.137709133325895e-25 103.65203667702131 1.908314679004729e-09 1.05 4.836735524806142e-22 44
6.148565800112569e-10 0.04431519720958791 14.623587858775187 9.294728228648547e-14 1.380314589245949e-07 103.65203667702131 4.256679725770027e-06 9.244961349652186e-23 4.836735524806142e-22 43
2.0399198105651076e-07 9.022131158314269e-17 14.623587858775187 2.9351442802140415e-14 0.12551492299960715 1.0748806257640536e-25 1.908314679004729e-09 9.244961349652186e-23 4.836735524806142e-22 43
2.0399198105651076e-07 1.2990547416669186e-13 14.623587858775187 2.9351442802140415e-14 8.137709133325895e-25 1.0748806257640536e-25 1.908314679004729e-09 9.244961349652186e-23 4.836735524806142e-22 43
2.0399198105651076e-07 1.2990547416669186e-13 14.623587858775187 2.9351442802140415e-14 140.91136571946691 1.0748806257640536e-25 1.908314679004729e-09 9.244961349652186e-23 7.702020646701933e-09 42
2.0399198105651076e-07 1.2990547416669186e-13 14.623587858775187 2.9351442802140415e-14 8.137709133325895e-25 1.0748806257640536e-25 4.256679725770027e-06 9.244961349652186e-23 7.702020646701933e-09 42
0.03 0.04431519720958791 2.4164424208516856e-16 0.44999999999999996 0.13415297309281632 0.13392718232342427 4.256679725770027e-06 9.244961349652186e-23 7.702020646701933e-09 47
6.148565800112569e-10 0.04431519720958791 2.4164424208516856e-16 9.294728228648547e-14 140.91136571946691 103.65203667702131 1.908314679004729e-09 4.039298408495614 7.702020646701933e-09 48
2.0399198105651076e-07 1.2990547416669186e-13 14.623587858775187 2.9351442802140415e-14 8.137709133325895e-25 0.0032058558789489606 1.908314679004729e-09 9.244961349652186e-23 7.702020646701933e-09 42
2.0399198105651076e-07 0.04431519720958791 4.461175604011652e-10 2.9351442802140415e-14 1.380314589245949e-07 0.13392718232342427 0.2686869761568314 9.244961349652186e-23 7.702020646701933e-09 44
2.0399198105651076e-07 1.2990547416669186e-13 14.623587858775187 2.9351442802140415e-14 8.137709133325895e-25 1.0748806257640536e-25 1.908314679004729e-09 9.244961349652186e-23 4.836735524806142e-22 42
2.0399198105651076e-07 1.2990547416669186e-13 14.623587858775187 2.9351442802140415e-14 8.137709133325895e-25 103.65203667702131 0.2686869761568314 9.244961349652186e-23 7.702020646701933e-09 42
6.148565800112569e-10 1.2990547416669186e-13 14.623587858775187 0.00013161375274255415 0.12551492299960715 1.0748806257640536e-25 4.256679725770027e-06 9.244961349652186e-23 4.836735524806142e-22 42
2.0399198105651076e-07 1.2990547416669186e-13 14.623587858775187 0.00013161375274255415 8.137709133325895e-25 1.0748806257640536e-25 1.908314679004729e-09 9.244961349652186e-23 4.836735524806142e-22 43
2.0399198105651076e-07 0.04431519720958791 2.4164424208516856e-16 9.294728228648547e-14 0.12551492299960715 0.13392718232342427 1.908314679004729e-09 4.039298408495614 7.702020646701933e-09 48
6.148565800112569e-10 1.2990547416669186e-13 14.623587858775187 2.9351442802140415e-14 8.137709133325895e-25 0.0032058558789489606 1.908314679004729e-09 9.244961349652186e-23 7.702020646701933e-09 44
6.148565800112569e-10 1.2990547416669186e-13 14.623587858775187 0.00013161375274255415 8.137709133325895e-25 1.0748806257640536e-25 4.256679725770027e-06 9.244961349652186e-23 4.836735524806142e-22 43
2.0399198105651076e-07 9.022131158314269e-17 0.0024103616639276973 0.00013161375274255415 0.12551492299960715 1.0748806257640536e-25 4.798510362692022e-15 9.244961349652186e-23 7.702020646701933e-09 46
6.148565800112569e-10 1.2990547416669186e-13 14.623587858775187 0.00013161375274255415 0.12551492299960715 0.00016272868515942676 4.256679725770027e-06 9.244961349652186e-23 7.702020646701933e-09 43
2.0399198105651076e-07 0.04431519720958791 2.4164424208516856e-16 9.294728228648547e-14 8.137709133325895e-25 0.13392718232342427 0.2686869761568314 9.244961349652186e-23 7.702020646701933e-09 47
0.03 1.2990547416669186e-13 14.623587858775187 2.9351442802140415e-14 140.91136571946691 1.0748806257640536e-25 1.908314679004729e-09 9.244961349652186e-23 4.836735524806142e-22 42
1.4032993837926884e-17 0.04431519720958791 2.68266470849415e-06 2.9351442802140415e-14 1.380314589245949e-07 103.65203667702131 4.798510362692022e-15 9.244961349652186e-23 7.702020646701933e-09 43
2.0399198105651076e-07 1.2990547416669186e-13 2.68266470849415e-06 2.9351442802140415e-14 140.91136571946691 0.0032058558789489606 0.17948963273479052 9.244961349652186e-23 4.836735524806142e-22 42
2.0399198105651076e-07 1.2990547416669186e-13 14.623587858775187 2.9351442802140415e-14 140.91136571946691 0.0032058558789489606 1.908314679004729e-09 9.244961349652186e-23 7.702020646701933e-09 42
2.0399198105651076e-07 0.04431519720958791 14.623587858775187 2.9351442802140415e-14 8.137709133325895e-25 0.0032058558789489606 1.908314679004729e-09 9.244961349652186e-23 7.702020646701933e-09 42
2.0399198105651076e-07 1.2990547416669186e-13 4.461175604011652e-10 2.9351442802140415e-14 8.137709133325895e-25 0.0032058558789489606 1.908314679004729e-09 9.244961349652186e-23 4.836735524806142e-22 43
2.0399198105651076e-07 1.2990547416669186e-13 14.623587858775187 0.00013161375274255415 8.137709133325895e-25 1.0748806257640536e-25 1.908314679004729e-09 9.244961349652186e-23 7.702020646701933e-09 42
6.148565800112569e-10 1.2990547416669186e-13 14.623587858775187 0.00013161375274255415 0.12551492299960715 103.65203667702131 1.908314679004729e-09 9.244961349652186e-23 4.836735524806142e-22 43
2.0399198105651076e-07 0.04431519720958791 14.623587858775187 2.9351442802140415e-14 8.137709133325895e-25 103.65203667702131 1.908314679004729e-09 9.244961349652186e-23 7.702020646701933e-09 42
6.148565800112569e-10 1.2990547416669186e-13 14.623587858775187 0.00013161375274255415 8.137709133325895e-25 0.0032058558789489606 4.256679725770027e-06 9.244961349652186e-23 7.702020646701933e-09 43
2.0399198105651076e-07 1.2990547416669186e-13 4.461175604011652e-10 0.00013161375274255415 1.380314589245949e-07 0.0032058558789489606 4.256679725770027e-06 9.244961349652186e-23 4.836735524806142e-22 43
6.148565800112569e-10 1.2990547416669186e-13 14.623587858775187 0.00013161375274255415 140.91136571946691 1.0748806257640536e-25 4.256679725770027e-06 9.244961349652186e-23 7.702020646701933e-09 43
6.148565800112569e-10 1.2990547416669186e-13 2.4164424208516856e-16 9.294728228648547e-14 1.380314589245949e-07 1.0748806257640536e-25 4.256679725770027e-06 9.244961349652186e-23 7.702020646701933e-09 46
2.0399198105651076e-07 1.2990547416669186e-13 2.68266470849415e-06 2.9351442802140415e-14 140.91136571946691 0.0032058558789489606 0.17948963273479052 9.244961349652186e-23 4.836735524806142e-22 42
2.0399198105651076e-07 0.04431519720958791 2.4164424208516856e-16 9.294728228648547e-14 0.12551492299960715 0.13392718232342427 1.908314679004729e-09 4.039298408495614 7.702020646701933e-09 48
2.0399198105651076e-07 0.04431519720958791 2.4164424208516856e-16 9.294728228648547e-14 0.12551492299960715 0.13392718232342427 1.908314679004729e-09 4.039298408495614 7.702020646701933e-09 48
2.0399198105651076e-07 0.04431519720958791 2.4164424208516856e-16 9.294728228648547e-14 0.12551492299960715 0.13392718232342427 1.908314679004729e-09 4.039298408495614 7.702020646701933e-09 48
2.0399198105651076e-07 1.2990547416669186e-13 14.623587858775187 0.00013161375274255415 8.137709133325895e-25 1.0748806257640536e-25 1.908314679004729e-09 9.244961349652186e-23 7.702020646701933e-09 42
6.148565800112569e-10 1.2990547416669186e-13 14.623587858775187 9.294728228648547e-14 8.137709133325895e-25 1.0748806257640536e-25 1.908314679004729e-09 9.244961349652186e-23 4.836735524806142e-22 44
6.148565800112569e-10 0.04431519720958791 2.4164424208516856e-16 9.294728228648547e-14 0.12551492299960715 0.13392718232342427 1.908314679004729e-09 4.039298408495614 4.836735524806142e-22 48
2.0399198105651076e-07 1.2990547416669186e-13 14.623587858775187 2.9351442802140415e-14 8.137709133325895e-25 103.65203667702131 0.2686869761568314 9.244961349652186e-23 7.702020646701933e-09 42
6.148565800112569e-10 1.2990547416669186e-13 14.623587858775187 2.9351442802140415e-14 140.91136571946691 0.0032058558789489606 1.908314679004729e-09 9.244961349652186e-23 7.702020646701933e-09 44
2.0399198105651076e-07 1.2990547416669186e-13 0.0024103616639276973 9.294728228648547e-14 8.137709133325895e-25 1.0748806257640536e-25 0.2686869761568314 4.039298408495614 4.836735524806142e-22 46
2.0399198105651076e-07 1.2990547416669186e-13 0.0024103616639276973 9.294728228648547e-14 8.137709133325895e-25 1.0748806257640536e-25 0.2686869761568314 4.039298408495614 4.836735524806142e-22 46
2.0399198105651076e-07 1.2990547416669186e-13 0.0024103616639276973 9.294728228648547e-14 8.137709133325895e-25 1.0748806257640536e-25 0.2686869761568314 4.039298408495614 4.836735524806142e-22 46
6.148565800112569e-10 0.007116513455444692 14.623587858775187 0.00013161375274255415 140.91136571946691 1.0748806257640536e-25 4.256679725770027e-06 9.244961349652186e-23 4.836735524806142e-22 42
2.0399198105651076e-07 0.04431519720958791 14.623587858775187 2.9351442802140415e-14 1.380314589245949e-07 0.00016272868515942676 0.17948963273479052 9.244961349652186e-23 4.836735524806142e-22 44
6.148565800112569e-10 1.2990547416669186e-13 14.623587858775187 0.00013161375274255415 8.137709133325895e-25 0.0032058558789489606 4.256679725770027e-06 9.244961349652186e-23 7.702020646701933e-09 43
2.0399198105651076e-07 1.2990547416669186e-13 2.4164424208516856e-16 2.9351442802140415e-14 0.13415297309281632 0.13392718232342427 4.798510362692022e-15 9.244961349652186e-23 7.702020646701933e-09 43
6.148565800112569e-10 1.2990547416669186e-13 14.623587858775187 0.00013161375274255415 8.137709133325895e-25 0.0032058558789489606 4.256679725770027e-06 9.244961349652186e-23 7.702020646701933e-09 43
2.0399198105651076e-07 1.2990547416669186e-13 14.623587858775187 2.9351442802140415e-14 8.137709133325895e-25 1.0748806257640536e-25 1.908314679004729e-09 9.244961349652186e-23 7.702020646701933e-09 48
6.148565800112569e-10 1.2990547416669186e-13 14.623587858775187 2.9351442802140415e-14 140.91136571946691 0.0032058558789489606 1.908314679004729e-09 9.244961349652186e-23 7.702020646701933e-09 44
2.0399198105651076e-07 0.04431519720958791 2.68266470849415e-06 0.00013161375274255415 8.137709133325895e-25 0.13392718232342427 0.2686869761568314 9.244961349652186e-23 7.702020646701933e-09 47
1.4032993837926884e-17 9.022131158314269e-17 2.4164424208516856e-16 2.9351442802140415e-14 0.12551492299960715 0.13392718232342427 4.798510362692022e-15 9.244961349652186e-23 7.702020646701933e-09 43
6.148565800112569e-10 1.2990547416669186e-13 14.623587858775187 0.00013161375274255415 8.137709133325895e-25 1.0748806257640536e-25 4.256679725770027e-06 9.244961349652186e-23 7.702020646701933e-09 43
2.0399198105651076e-07 1.2990547416669186e-13 14.623587858775187 2.9351442802140415e-14 8.137709133325895e-25 0.00016272868515942676 0.2686869761568314 9.244961349652186e-23 4.836735524806142e-22 42
2.0399198105651076e-07 0.04431519720958791 2.68266470849415e-06 0.00013161375274255415 8.137709133325895e-25 0.13392718232342427 0.2686869761568314 9.244961349652186e-23 7.702020646701933e-09 47
2.0399198105651076e-07 1.2990547416669186e-13 14.623587858775187 2.9351442802140415e-14 8.137709133325895e-25 0.00016272868515942676 0.2686869761568314 9.244961349652186e-23 4.836735524806142e-22 42
2.0399198105651076e-07 0.04431519720958791 2.4164424208516856e-16 9.294728228648547e-14 140.91136571946691 0.13392718232342427 1.908314679004729e-09 4.039298408495614 7.702020646701933e-09 48
0.03 0.04431519720958791 2.4164424208516856e-16 0.44999999999999996 0.13415297309281632 0.13392718232342427 4.256679725770027e-06 9.244961349652186e-23 7.702020646701933e-09 47
6.148565800112569e-10 0.007116513455444692 2.68266470849415e-06 0.00013161375274255415 0.12551492299960715 1.0748806257640536e-25 1.908314679004729e-09 1.05 4.836735524806142e-22 43
2.0399198105651076e-07 1.2990547416669186e-13 14.623587858775187 0.00013161375274255415 8.137709133325895e-25 0.0032058558789489606 1.908314679004729e-09 9.244961349652186e-23 7.702020646701933e-09 43
2.0399198105651076e-07 0.04431519720958791 2.4164424208516856e-16 2.9351442802140415e-14 0.12551492299960715 0.13392718232342427 4.798510362692022e-15 9.244961349652186e-23 7.702020646701933e-09 47
2.0399198105651076e-07 1.2990547416669186e-13 4.461175604011652e-10 2.9351442802140415e-14 8.137709133325895e-25 1.0748806257640536e-25 4.256679725770027e-06 9.244961349652186e-23 4.836735524806142e-22 43
2.0399198105651076e-07 0.04431519720958791 14.623587858775187 2.9351442802140415e-14 1.380314589245949e-07 0.0032058558789489606 1.908314679004729e-09 1.05 7.702020646701933e-09 42
2.0399198105651076e-07 0.007116513455444692 14.623587858775187 2.9351442802140415e-14 140.91136571946691 1.0748806257640536e-25 1.908314679004729e-09 9.244961349652186e-23 7.702020646701933e-09 42
6.148565800112569e-10 1.2990547416669186e-13 14.623587858775187 0.00013161375274255415 140.91136571946691 1.0748806257640536e-25 4.256679725770027e-06 9.244961349652186e-23 7.702020646701933e-09 43
1.4032993837926884e-17 0.04431519720958791 0.0024103616639276973 2.9351442802140415e-14 1.380314589245949e-07 0.00016272868515942676 1.908314679004729e-09 4.039298408495614 7.702020646701933e-09 48
2.0399198105651076e-07 1.2990547416669186e-13 14.623587858775187 2.9351442802140415e-14 8.137709133325895e-25 0.0032058558789489606 1.908314679004729e-09 9.244961349652186e-23 7.702020646701933e-09 43
6.148565800112569e-10 1.2990547416669186e-13 14.623587858775187 0.00013161375274255415 8.137709133325895e-25 1.0748806257640536e-25 4.256679725770027e-06 9.244961349652186e-23 4.836735524806142e-22 43
2.0399198105651076e-07 0.007116513455444692 14.623587858775187 2.9351442802140415e-14 0.12551492299960715 1.0748806257640536e-25 1.908314679004729e-09 9.244961349652186e-23 7.702020646701933e-09 42
2.0399198105651076e-07 1.2990547416669186e-13 14.623587858775187 2.9351442802140415e-14 8.137709133325895e-25 1.0748806257640536e-25 1.908314679004729e-09 9.244961349652186e-23 4.836735524806142e-22 43
2.0399198105651076e-07 1.2990547416669186e-13 0.0024103616639276973 9.294728228648547e-14 8.137709133325895e-25 1.0748806257640536e-25 0.2686869761568314 4.039298408495614 4.836735524806142e-22 46
6.148565800112569e-10 1.2990547416669186e-13 14.623587858775187 0.00013161375274255415 140.91136571946691 1.0748806257640536e-25 4.256679725770027e-06 9.244961349652186e-23 7.702020646701933e-09 43
2.0399198105651076e-07 1.2990547416669186e-13 14.623587858775187 2.9351442802140415e-14 140.91136571946691 0.0032058558789489606 1.908314679004729e-09 9.244961349652186e-23 7.702020646701933e-09 42
1.4032993837926884e-17 0.04431519720958791 14.623587858775187 2.9351442802140415e-14 1.380314589245949e-07 103.65203667702131 0.2686869761568314 9.244961349652186e-23 4.836735524806142e-22 42
2.0399198105651076e-07 0.007116513455444692 14.623587858775187 2.9351442802140415e-14 140.91136571946691 1.0748806257640536e-25 1.908314679004729e-09 9.244961349652186e-23 7.702020646701933e-09 42
6.148565800112569e-10 0.007116513455444692 2.68266470849415e-06 0.00013161375274255415 0.12551492299960715 1.0748806257640536e-25 1.908314679004729e-09 1.05 4.836735524806142e-22 43
2.0399198105651076e-07 0.007116513455444692 2.68266470849415e-06 2.9351442802140415e-14 0.12551492299960715 0.00016272868515942676 0.2686869761568314 9.244961349652186e-23 4.836735524806142e-22 43
2.0399198105651076e-07 1.2990547416669186e-13 4.461175604011652e-10 2.9351442802140415e-14 1.380314589245949e-07 103.65203667702131 1.908314679004729e-09 9.244961349652186e-23 7.702020646701933e-09 42
2.0399198105651076e-07 0.04431519720958791 2.4164424208516856e-16 9.294728228648547e-14 140.91136571946691 0.13392718232342427 1.908314679004729e-09 4.039298408495614 7.702020646701933e-09 48
2.0399198105651076e-07 0.04431519720958791 2.4164424208516856e-16 9.294728228648547e-14 0.12551492299960715 0.13392718232342427 1.908314679004729e-09 4.039298408495614 7.702020646701933e-09 48
6.148565800112569e-10 0.04431519720958791 14.623587858775187 9.294728228648547e-14 1.380314589245949e-07 103.65203667702131 4.256679725770027e-06 9.244961349652186e-23 4.836735524806142e-22 43
2.0399198105651076e-07 0.04431519720958791 4.461175604011652e-10 2.9351442802140415e-14 1.380314589245949e-07 0.13392718232342427 0.2686869761568314 9.244961349652186e-23 7.702020646701933e-09 44
2.0399198105651076e-07 9.022131158314269e-17 14.623587858775187 2.9351442802140415e-14 0.12551492299960715 1.0748806257640536e-25 1.908314679004729e-09 9.244961349652186e-23 4.836735524806142e-22 43
6.148565800112569e-10 0.04431519720958791 14.623587858775187 9.294728228648547e-14 1.380314589245949e-07 103.65203667702131 4.256679725770027e-06 9.244961349652186e-23 4.836735524806142e-22 43
6.148565800112569e-10 0.007116513455444692 2.68266470849415e-06 0.00013161375274255415 0.12551492299960715 1.0748806257640536e-25 1.908314679004729e-09 1.05 4.836735524806142e-22 43
6.148565800112569e-10 1.2990547416669186e-13 2.4164424208516856e-16 9.294728228648547e-14 1.380314589245949e-07 1.0748806257640536e-25 4.256679725770027e-06 9.244961349652186e-23 7.702020646701933e-09 46
6.148565800112569e-10 1.2990547416669186e-13 14.623587858775187 0.00013161375274255415 140.91136571946691 0.00016272868515942676 4.256679725770027e-06 9.244961349652186e-23 7.702020646701933e-09 42
2.0399198105651076e-07 1.2990547416669186e-13 4.461175604011652e-10 0.00013161375274255415 1.380314589245949e-07 0.0032058558789489606 4.256679725770027e-06 9.244961349652186e-23 4.836735524806142e-22 43
2.0399198105651076e-07 1.2990547416669186e-13 4.461175604011652e-10 2.9351442802140415e-14 8.137709133325895e-25 0.0032058558789489606 1.908314679004729e-09 9.244961349652186e-23 4.836735524806142e-22 43
2.0399198105651076e-07 1.2990547416669186e-13 14.623587858775187 2.9351442802140415e-14 140.91136571946691 1.0748806257640536e-25 4.256679725770027e-06 9.244961349652186e-23 7.702020646701933e-09 42
2.0399198105651076e-07 1.2990547416669186e-13 14.623587858775187 2.9351442802140415e-14 8.137709133325895e-25 103.65203667702131 1.908314679004729e-09 9.244961349652186e-23 7.702020646701933e-09 44
6.148565800112569e-10 1.2990547416669186e-13 14.623587858775187 0.00013161375274255415 140.91136571946691 1.0748806257640536e-25 4.256679725770027e-06 9.244961349652186e-23 4.836735524806142e-22 43
2.0399198105651076e-07 1.2990547416669186e-13 14.623587858775187 2.9351442802140415e-14 8.137709133325895e-25 1.0748806257640536e-25 1.908314679004729e-09 9.244961349652186e-23 7.702020646701933e-09 42
2.0399198105651076e-07 1.2990547416669186e-13 14.623587858775187 0.00013161375274255415 8.137709133325895e-25 1.0748806257640536e-25 1.908314679004729e-09 9.244961349652186e-23 7.702020646701933e-09 42
2.0399198105651076e-07 0.04431519720958791 2.68266470849415e-06 9.294728228648547e-14 1.380314589245949e-07 1.0748806257640536e-25 0.2686869761568314 9.244961349652186e-23 7.702020646701933e-09 48
6.148565800112569e-10 1.2990547416669186e-13 14.623587858775187 0.00013161375274255415 8.137709133325895e-25 1.0748806257640536e-25 4.256679725770027e-06 9.244961349652186e-23 7.702020646701933e-09 43
0.03 0.04431519720958791 2.4164424208516856e-16 0.44999999999999996 0.13415297309281632 0.13392718232342427 4.256679725770027e-06 9.244961349652186e-23 7.702020646701933e-09 47
