4.48225770915606e-108 8.768502127015113e-123 2.3692499905989087e-106 2.5032492702830673e-57 3.4877156998057244e-79 5.791779420128209e-22 7.312896431421929e-60 9.632502920232075e-164 1.402155483936761e-124 43
3.545039694116244e-84 8.768502127015113e-123 2.3692499905989087e-106 2.5032492702830673e-57 3.4877156998057244e-79 5.791779420128209e-22 6.083309779269274e-82 9.632502920232075e-164 2.895345465524823e-12 42
3.545039694116244e-84 8.768502127015113e-123 2.3692499905989087e-106 2.9934584368649074e-86 3.4877156998057244e-79 2.6660768120805602e-37 6.232428853842124e-21 9.632502920232075e-164 1.402155483936761e-124 42
0.03 8.768502127015113e-123 4.549847108003616e-13 1.5650521212759692e-77 3.4877156998057244e-79 3.5221752824911614e-118 7.312896431421929e-60 1.3002163250340575e-43 1.402155483936761e-124 48
3.545039694116244e-84 9.056856017632631e-54 4.549847108003616e-13 2.5032492702830673e-57 3.4877156998057244e-79 7.301181862796497e-30 6.232428853842124e-21 9.632502920232075e-164 1.402155483936761e-124 47
4.48225770915606e-108 8.768502127015113e-123 2.3692499905989087e-106 2.9934584368649074e-86 3.4877156998057244e-79 3.5221752824911614e-118 6.083309779269274e-82 9.632502920232075e-164 1.402155483936761e-124 44
3.6179123705696424e-31 9.056856017632631e-54 4.549847108003616e-13 2.9934584368649074e-86 7.425229180968693e-33 2.6660768120805602e-37 1.1402309640127015e-31 9.632502920232075e-164 1.402155483936761e-124 43
3.545039694116244e-84 8.768502127015113e-123 2.3692499905989087e-106 1.5650521212759692e-77 3.4877156998057244e-79 3.5221752824911614e-118 7.312896431421929e-60 9.632502920232075e-164 1.402155483936761e-124 43
3.545039694116244e-84 8.768502127015113e-123 2.373986218321287e-15 2.5032492702830673e-57 7.425229180968693e-33 5.791779420128209e-22 7.312896431421929e-60 9.632502920232075e-164 3.677016737924469e-83 43
4.48225770915606e-108 8.768502127015113e-123 2.3692499905989087e-106 2.5032492702830673e-57 3.973350585475919e-66 6.4027246900557985e-15 7.312896431421929e-60 9.632502920232075e-164 1.402155483936761e-124 42
4.48225770915606e-108 8.768502127015113e-123 2.3692499905989087e-106 2.5032492702830673e-57 3.4877156998057244e-79 3.5221752824911614e-118 7.312896431421929e-60 9.632502920232075e-164 3.677016737924469e-83 43
4.48225770915606e-108 9.056856017632631e-54 4.209281974388514e-75 1.5650521212759692e-77 5.792207973141562e-32 7.301181862796497e-30 6.083309779269274e-82 1.3002163250340575e-43 1.402155483936761e-124 48
3.545039694116244e-84 8.768502127015113e-123 2.3692499905989087e-106 2.9934584368649074e-86 3.4877156998057244e-79 2.6660768120805602e-37 6.232428853842124e-21 9.632502920232075e-164 1.402155483936761e-124 42
4.48225770915606e-108 8.768502127015113e-123 2.3692499905989087e-106 2.5032492702830673e-57 3.4877156998057244e-79 3.5221752824911614e-118 7.312896431421929e-60 9.632502920232075e-164 1.402155483936761e-124 43
4.48225770915606e-108 8.768502127015113e-123 2.3692499905989087e-106 2.5032492702830673e-57 3.4877156998057244e-79 3.5221752824911614e-118 7.312896431421929e-60 9.632502920232075e-164 3.677016737924469e-83 43
3.545039694116244e-84 9.056856017632631e-54 2.3692499905989087e-106 0.42 3.4877156998057244e-79 2.6660768120805602e-37 6.083309779269274e-82 9.632502920232075e-164 1.402155483936761e-124 42
3.6179123705696424e-31 9.058326731583677e-27 4.209281974388514e-75 2.9934584368649074e-86 3.973350585475919e-66 7.301181862796497e-30 1.1402309640127015e-31 9.632502920232075e-164 1.402155483936761e-124 43
4.48225770915606e-108 9.056856017632631e-54 4.209281974388514e-75 1.5650521212759692e-77 3.973350585475919e-66 7.301181862796497e-30 6.083309779269274e-82 1.3002163250340575e-43 1.402155483936761e-124 48
3.545039694116244e-84 1.6782026665824348e-20 2.3692499905989087e-106 2.9934584368649074e-86 5.792207973141562e-32 3.5221752824911614e-118 6.083309779269274e-82 9.632502920232075e-164 1.402155483936761e-124 42
4.48225770915606e-108 8.768502127015113e-123 2.3692499905989087e-106 2.9934584368649074e-86 3.973350585475919e-66 5.791779420128209e-22 6.083309779269274e-82 9.632502920232075e-164 1.402155483936761e-124 44
3.545039694116244e-84 8.768502127015113e-123 2.3692499905989087e-106 2.9934584368649074e-86 3.973350585475919e-66 3.5221752824911614e-118 7.312896431421929e-60 9.632502920232075e-164 1.402155483936761e-124 42
3.545039694116244e-84 1.6782026665824348e-20 2.3692499905989087e-106 2.9934584368649074e-86 3.973350585475919e-66 3.5221752824911614e-118 6.083309779269274e-82 9.632502920232075e-164 1.402155483936761e-124 42
3.545039694116244e-84 9.056856017632631e-54 4.209281974388514e-75 1.5650521212759692e-77 3.973350585475919e-66 7.301181862796497e-30 6.083309779269274e-82 1.3002163250340575e-43 1.402155483936761e-124 48
4.48225770915606e-108 8.768502127015113e-123 2.3692499905989087e-106 2.5032492702830673e-57 3.973350585475919e-66 6.4027246900557985e-15 7.312896431421929e-60 9.632502920232075e-164 1.402155483936761e-124 42
3.545039694116244e-84 1.6782026665824348e-20 4.549847108003616e-13 2.9934584368649074e-86 5.792207973141562e-32 6.4027246900557985e-15 6.232428853842124e-21 9.632502920232075e-164 3.677016737924469e-83 43
3.545039694116244e-84 9.056856017632631e-54 4.209281974388514e-75 1.5650521212759692e-77 5.792207973141562e-32 7.301181862796497e-30 6.083309779269274e-82 1.3002163250340575e-43 1.402155483936761e-124 48
3.545039694116244e-84 8.768502127015113e-123 2.3692499905989087e-106 1.5650521212759692e-77 3.4877156998057244e-79 3.5221752824911614e-118 7.312896431421929e-60 9.632502920232075e-164 1.402155483936761e-124 43
3.545039694116244e-84 9.056856017632631e-54 4.549847108003616e-13 1.5650521212759692e-77 7.425229180968693e-33 3.5221752824911614e-118 6.232428853842124e-21 9.632502920232075e-164 1.402155483936761e-124 48
3.545039694116244e-84 9.056856017632631e-54 4.209281974388514e-75 1.5650521212759692e-77 5.792207973141562e-32 7.301181862796497e-30 6.083309779269274e-82 1.3002163250340575e-43 1.402155483936761e-124 48
3.545039694116244e-84 8.768502127015113e-123 2.3692499905989087e-106 2.5032492702830673e-57 3.4877156998057244e-79 3.5221752824911614e-118 6.083309779269274e-82 9.632502920232075e-164 1.402155483936761e-124 44
3.6179123705696424e-31 9.056856017632631e-54 2.3692499905989087e-106 2.9934584368649074e-86 7.425229180968693e-33 2.6660768120805602e-37 6.232428853842124e-21 9.632502920232075e-164 3.677016737924469e-83 42
3.6179123705696424e-31 9.058326731583677e-27 4.209281974388514e-75 2.9934584368649074e-86 7.425229180968693e-33 2.6660768120805602e-37 1.1402309640127015e-31 9.632502920232075e-164 3.677016737924469e-83 43
4.48225770915606e-108 8.768502127015113e-123 4.209281974388514e-75 1.5650521212759692e-77 7.425229180968693e-33 3.5221752824911614e-118 7.312896431421929e-60 9.632502920232075e-164 1.402155483936761e-124 46
4.48225770915606e-108 1.6782026665824348e-20 2.3692499905989087e-106 2.5032492702830673e-57 3.973350585475919e-66 3.5221752824911614e-118 7.312896431421929e-60 9.632502920232075e-164 3.677016737924469e-83 42
0.03 8.768502127015113e-123 4.549847108003616e-13 1.5650521212759692e-77 3.4877156998057244e-79 3.5221752824911614e-118 7.312896431421929e-60 1.3002163250340575e-43 1.402155483936761e-124 48
3.545039694116244e-84 1.6782026665824348e-20 2.3692499905989087e-106 2.9934584368649074e-86 3.973350585475919e-66 3.5221752824911614e-118 6.083309779269274e-82 9.632502920232075e-164 3.677016737924469e-83 42
4.48225770915606e-108 8.768502127015113e-123 2.3692499905989087e-106 2.5032492702830673e-57 5.792207973141562e-32 3.5221752824911614e-118 7.312896431421929e-60 9.632502920232075e-164 3.677016737924469e-83 42
3.6179123705696424e-31 1.6782026665824348e-20 4.209281974388514e-75 2.9934584368649074e-86 3.4877156998057244e-79 2.6660768120805602e-37 1.1402309640127015e-31 9.632502920232075e-164 1.402155483936761e-124 43
3.545039694116244e-84 9.056856017632631e-54 2.373986218321287e-15 2.9934584368649074e-86 7.425229180968693e-33 2.6660768120805602e-37 1.9421044612412645e-27 9.632502920232075e-164 1.402155483936761e-124 42
4.48225770915606e-108 8.768502127015113e-123 2.3692499905989087e-106 2.9934584368649074e-86 3.4877156998057244e-79 5.791779420128209e-22 6.083309779269274e-82 9.632502920232075e-164 1.402155483936761e-124 44
3.545039694116244e-84 8.768502127015113e-123 3.090815816648871e-14 1.5650521212759692e-77 3.4877156998057244e-79 3.5221752824911614e-118 6.232428853842124e-21 1.3002163250340575e-43 3.677016737924469e-83 46
3.545039694116244e-84 8.768502127015113e-123 2.3692499905989087e-106 1.5650521212759692e-77 3.4877156998057244e-79 3.5221752824911614e-118 7.312896431421929e-60 9.632502920232075e-164 1.402155483936761e-124 43
3.545039694116244e-84 8.768502127015113e-123 2.3692499905989087e-106 2.9934584368649074e-86 3.973350585475919e-66 5.791779420128209e-22 6.083309779269274e-82 9.632502920232075e-164 1.402155483936761e-124 42
4.48225770915606e-108 8.768502127015113e-123 2.3692499905989087e-106 2.5032492702830673e-57 3.973350585475919e-66 3.5221752824911614e-118 7.312896431421929e-60 9.632502920232075e-164 1.402155483936761e-124 43
4.48225770915606e-108 9.056856017632631e-54 2.3692499905989087e-106 1.5650521212759692e-77 7.425229180968693e-33 2.6660768120805602e-37 7.312896431421929e-60 9.632502920232075e-164 3.677016737924469e-83 43
3.545039694116244e-84 8.768502127015113e-123 2.3692499905989087e-106 2.9934584368649074e-86 3.4877156998057244e-79 2.6660768120805602e-37 6.083309779269274e-82 9.632502920232075e-164 1.402155483936761e-124 42
3.545039694116244e-84 9.056856017632631e-54 4.209281974388514e-75 1.5650521212759692e-77 3.973350585475919e-66 7.301181862796497e-30 6.083309779269274e-82 1.3002163250340575e-43 1.402155483936761e-124 48
3.545039694116244e-84 9.056856017632631e-54 4.549847108003616e-13 2.5032492702830673e-57 3.4877156998057244e-79 7.301181862796497e-30 6.232428853842124e-21 9.632502920232075e-164 1.402155483936761e-124 47
3.545039694116244e-84 8.768502127015113e-123 2.373986218321287e-15 2.5032492702830673e-57 7.425229180968693e-33 5.791779420128209e-22 7.312896431421929e-60 9.632502920232075e-164 3.677016737924469e-83 43
3.545039694116244e-84 1.6782026665824348e-20 2.3692499905989087e-106 2.9934584368649074e-86 5.792207973141562e-32 3.5221752824911614e-118 6.083309779269274e-82 9.632502920232075e-164 1.402155483936761e-124 42
4.48225770915606e-108 9.056856017632631e-54 4.209281974388514e-75 1.5650521212759692e-77 5.792207973141562e-32 7.301181862796497e-30 6.083309779269274e-82 1.3002163250340575e-43 3.677016737924469e-83 48
4.48225770915606e-108 1.6782026665824348e-20 4.549847108003616e-13 2.5032492702830673e-57 5.792207973141562e-32 3.5221752824911614e-118 6.083309779269274e-82 9.632502920232075e-164 1.402155483936761e-124 43
3.545039694116244e-84 1.6782026665824348e-20 2.3692499905989087e-106 2.9934584368649074e-86 3.973350585475919e-66 3.5221752824911614e-118 6.083309779269274e-82 9.632502920232075e-164 3.677016737924469e-83 42
3.545039694116244e-84 8.768502127015113e-123 2.373986218321287e-15 2.5032492702830673e-57 3.4877156998057244e-79 5.791779420128209e-22 6.083309779269274e-82 9.632502920232075e-164 3.677016737924469e-83 43
4.48225770915606e-108 8.768502127015113e-123 2.3692499905989087e-106 2.9934584368649074e-86 3.4877156998057244e-79 3.5221752824911614e-118 6.083309779269274e-82 9.632502920232075e-164 1.402155483936761e-124 44
4.48225770915606e-108 1.6782026665824348e-20 4.549847108003616e-13 2.5032492702830673e-57 5.792207973141562e-32 3.5221752824911614e-118 6.083309779269274e-82 9.632502920232075e-164 1.402155483936761e-124 43
3.545039694116244e-84 8.768502127015113e-123 2.3692499905989087e-106 2.5032492702830673e-57 3.4877156998057244e-79 5.791779420128209e-22 6.083309779269274e-82 9.632502920232075e-164 1.402155483936761e-124 44
3.545039694116244e-84 8.768502127015113e-123 2.3692499905989087e-106 2.9934584368649074e-86 3.4877156998057244e-79 3.5221752824911614e-118 6.083309779269274e-82 9.632502920232075e-164 1.402155483936761e-124 43
3.545039694116244e-84 9.056856017632631e-54 4.209281974388514e-75 1.5650521212759692e-77 3.4877156998057244e-79 7.301181862796497e-30 1.1402309640127015e-31 9.632502920232075e-164 1.402155483936761e-124 47
3.545039694116244e-84 9.056856017632631e-54 2.3692499905989087e-106 2.9934584368649074e-86 7.425229180968693e-33 6.4027246900557985e-15 1.9421044612412645e-27 9.632502920232075e-164 3.677016737924469e-83 44
3.545039694116244e-84 8.768502127015113e-123 2.3692499905989087e-106 2.9934584368649074e-86 3.4877156998057244e-79 2.6660768120805602e-37 6.083309779269274e-82 9.632502920232075e-164 1.402155483936761e-124 44
3.545039694116244e-84 8.768502127015113e-123 2.3692499905989087e-106 2.9934584368649074e-86 3.4877156998057244e-79 6.4027246900557985e-15 6.232428853842124e-21 9.632502920232075e-164 3.677016737924469e-83 42
3.545039694116244e-84 9.058326731583677e-27 2.3692499905989087e-106 2.9934584368649074e-86 5.792207973141562e-32 3.5221752824911614e-118 6.083309779269274e-82 9.632502920232075e-164 3.677016737924469e-83 43
3.545039694116244e-84 8.768502127015113e-123 2.3692499905989087e-106 2.9934584368649074e-86 3.4877156998057244e-79 5.791779420128209e-22 6.083309779269274e-82 9.632502920232075e-164 1.402155483936761e-124 43
3.545039694116244e-84 8.768502127015113e-123 2.3692499905989087e-106 2.9934584368649074e-86 5.792207973141562e-32 3.5221752824911614e-118 7.312896431421929e-60 9.632502920232075e-164 1.402155483936761e-124 42
3.545039694116244e-84 9.056856017632631e-54 2.373986218321287e-15 2.9934584368649074e-86 7.425229180968693e-33 7.301181862796497e-30 6.232428853842124e-21 9.632502920232075e-164 1.402155483936761e-124 42
3.545039694116244e-84 8.768502127015113e-123 2.3692499905989087e-106 2.9934584368649074e-86 3.973350585475919e-66 3.5221752824911614e-118 6.083309779269274e-82 9.632502920232075e-164 1.402155483936761e-124 42
4.48225770915606e-108 8.768502127015113e-123 2.3692499905989087e-106 2.5032492702830673e-57 3.4877156998057244e-79 5.791779420128209e-22 7.312896431421929e-60 9.632502920232075e-164 1.402155483936761e-124 43
3.545039694116244e-84 8.768502127015113e-123 2.3692499905989087e-106 2.9934584368649074e-86 3.4877156998057244e-79 3.5221752824911614e-118 6.083309779269274e-82 9.632502920232075e-164 1.402155483936761e-124 42
3.545039694116244e-84 8.768502127015113e-123 2.3692499905989087e-106 2.9934584368649074e-86 3.4877156998057244e-79 3.5221752824911614e-118 6.083309779269274e-82 9.632502920232075e-164 3.677016737924469e-83 43
3.545039694116244e-84 9.056856017632631e-54 4.209281974388514e-75 1.5650521212759692e-77 3.4877156998057244e-79 7.301181862796497e-30 6.232428853842124e-21 9.632502920232075e-164 1.402155483936761e-124 47
3.545039694116244e-84 9.056856017632631e-54 4.209281974388514e-75 1.5650521212759692e-77 5.792207973141562e-32 7.301181862796497e-30 6.083309779269274e-82 1.3002163250340575e-43 1.402155483936761e-124 48
3.545039694116244e-84 8.768502127015113e-123 2.3692499905989087e-106 2.9934584368649074e-86 3.4877156998057244e-79 2.6660768120805602e-37 6.232428853842124e-21 9.632502920232075e-164 1.402155483936761e-124 42
3.545039694116244e-84 1.6782026665824348e-20 2.3692499905989087e-106 2.9934584368649074e-86 3.973350585475919e-66 3.5221752824911614e-118 6.083309779269274e-82 9.632502920232075e-164 1.402155483936761e-124 42
4.48225770915606e-108 8.768502127015113e-123 2.3692499905989087e-106 2.5032492702830673e-57 3.973350585475919e-66 6.4027246900557985e-15 7.312896431421929e-60 9.632502920232075e-164 1.402155483936761e-124 42
3.6179123705696424e-31 8.768502127015113e-123 4.549847108003616e-13 2.9934584368649074e-86 7.425229180968693e-33 2.6660768120805602e-37 1.1402309640127015e-31 9.632502920232075e-164 1.402155483936761e-124 43
3.545039694116244e-84 9.056856017632631e-54 2.3692499905989087e-106 2.9934584368649074e-86 7.425229180968693e-33 6.4027246900557985e-15 1.9421044612412645e-27 9.632502920232075e-164 3.677016737924469e-83 44
3.545039694116244e-84 9.056856017632631e-54 2.3692499905989087e-106 2.9934584368649074e-86 7.425229180968693e-33 5.791779420128209e-22 6.083309779269274e-82 1.05 1.402155483936761e-124 42
4.48225770915606e-108 8.768502127015113e-123 4.209281974388514e-75 1.5650521212759692e-77 7.425229180968693e-33 3.5221752824911614e-118 7.312896431421929e-60 9.632502920232075e-164 1.402155483936761e-124 46
4.48225770915606e-108 8.768502127015113e-123 2.3692499905989087e-106 2.9934584368649074e-86 3.4877156998057244e-79 5.791779420128209e-22 6.083309779269274e-82 9.632502920232075e-164 1.402155483936761e-124 42
3.545039694116244e-84 9.056856017632631e-54 4.209281974388514e-75 1.5650521212759692e-77 3.4877156998057244e-79 3.5221752824911614e-118 7.312896431421929e-60 1.3002163250340575e-43 1.402155483936761e-124 48
3.545039694116244e-84 8.768502127015113e-123 4.549847108003616e-13 2.5032492702830673e-57 3.973350585475919e-66 3.5221752824911614e-118 6.083309779269274e-82 1.05 1.402155483936761e-124 43
4.48225770915606e-108 9.056856017632631e-54 4.209281974388514e-75 1.5650521212759692e-77 3.973350585475919e-66 7.301181862796497e-30 6.083309779269274e-82 1.3002163250340575e-43 1.402155483936761e-124 48
4.48225770915606e-108 1.6782026665824348e-20 2.3692499905989087e-106 2.5032492702830673e-57 5.792207973141562e-32 3.5221752824911614e-118 7.312896431421929e-60 9.632502920232075e-164 1.402155483936761e-124 43
4.48225770915606e-108 9.056856017632631e-54 4.549847108003616e-13 1.5650521212759692e-77 3.4877156998057244e-79 3.5221752824911614e-118 7.312896431421929e-60 9.632502920232075e-164 1.402155483936761e-124 43
3.545039694116244e-84 9.056856017632631e-54 2.3692499905989087e-106 2.9934584368649074e-86 3.4877156998057244e-79 2.6660768120805602e-37 6.083309779269274e-82 9.632502920232075e-164 1.402155483936761e-124 42
4.48225770915606e-108 9.056856017632631e-54 4.209281974388514e-75 1.5650521212759692e-77 3.973350585475919e-66 7.301181862796497e-30 6.083309779269274e-82 1.3002163250340575e-43 1.402155483936761e-124 48
3.545039694116244e-84 1.6782026665824348e-20 2.3692499905989087e-106 2.9934584368649074e-86 3.973350585475919e-66 3.5221752824911614e-118 6.083309779269274e-82 9.632502920232075e-164 1.402155483936761e-124 42
3.545039694116244e-84 8.768502127015113e-123 2.3692499905989087e-106 2.9934584368649074e-86 3.4877156998057244e-79 2.6660768120805602e-37 6.232428853842124e-21 9.632502920232075e-164 1.402155483936761e-124 42
4.48225770915606e-108 8.768502127015113e-123 2.3692499905989087e-106 2.9934584368649074e-86 3.4877156998057244e-79 5.791779420128209e-22 6.083309779269274e-82 9.632502920232075e-164 1.402155483936761e-124 42
3.545039694116244e-84 1.6782026665824348e-20 4.209281974388514e-75 2.5032492702830673e-57 5.792207973141562e-32 6.4027246900557985e-15 1.1402309640127015e-31 9.632502920232075e-164 1.402155483936761e-124 46
3.545039694116244e-84 8.768502127015113e-123 2.373986218321287e-15 2.9934584368649074e-86 7.425229180968693e-33 6.4027246900557985e-15 6.232428853842124e-21 9.632502920232075e-164 3.677016737924469e-83 42
3.545039694116244e-84 9.056856017632631e-54 4.209281974388514e-75 1.5650521212759692e-77 5.792207973141562e-32 7.301181862796497e-30 6.083309779269274e-82 1.3002163250340575e-43 1.402155483936761e-124 48
3.545039694116244e-84 9.056856017632631e-54 4.549847108003616e-13 2.5032492702830673e-57 3.4877156998057244e-79 7.301181862796497e-30 6.232428853842124e-21 9.632502920232075e-164 1.402155483936761e-124 47
4.48225770915606e-108 8.768502127015113e-123 2.3692499905989087e-106 2.9934584368649074e-86 3.4877156998057244e-79 3.5221752824911614e-118 6.083309779269274e-82 9.632502920232075e-164 1.402155483936761e-124 44
3.545039694116244e-84 8.768502127015113e-123 2.3692499905989087e-106 2.5032492702830673e-57 3.4877156998057244e-79 5.791779420128209e-22 6.083309779269274e-82 9.632502920232075e-164 1.402155483936761e-124 43
3.545039694116244e-84 1.6782026665824348e-20 4.549847108003616e-13 2.9934584368649074e-86 5.792207973141562e-32 6.4027246900557985e-15 6.232428853842124e-21 9.632502920232075e-164 3.677016737924469e-83 43
4.48225770915606e-108 8.768502127015113e-123 2.3692499905989087e-106 2.5032492702830673e-57 3.973350585475919e-66 6.4027246900557985e-15 7.312896431421929e-60 9.632502920232075e-164 1.402155483936761e-124 42
3.545039694116244e-84 8.768502127015113e-123 2.3692499905989087e-106 2.9934584368649074e-86 3.4877156998057244e-79 2.6660768120805602e-37 6.232428853842124e-21 9.632502920232075e-164 2.895345465524823e-12 42
3.545039694116244e-84 8.768502127015113e-123 2.3692499905989087e-106 2.9934584368649074e-86 3.4877156998057244e-79 3.5221752824911614e-118 6.083309779269274e-82 9.632502920232075e-164 1.402155483936761e-124 43
3.545039694116244e-84 8.768502127015113e-123 2.3692499905989087e-106 2.5032492702830673e-57 3.4877156998057244e-79 3.5221752824911614e-118 6.083309779269274e-82 9.632502920232075e-164 1.402155483936761e-124 42
3.545039694116244e-84 9.056856017632631e-54 2.373986218321287e-15 2.9934584368649074e-86 7.425229180968693e-33 7.301181862796497e-30 6.232428853842124e-21 9.632502920232075e-164 1.402155483936761e-124 42
4.48225770915606e-108 9.056856017632631e-54 4.209281974388514e-75 1.5650521212759692e-77 3.973350585475919e-66 2.6660768120805602e-37 1.9421044612412645e-27 1.3002163250340575e-43 1.402155483936761e-124 48
3.545039694116244e-84 8.768502127015113e-123 4.549847108003616e-13 2.5032492702830673e-57 3.973350585475919e-66 3.5221752824911614e-118 6.083309779269274e-82 1.05 1.402155483936761e-124 43
3.545039694116244e-84 8.768502127015113e-123 2.3692499905989087e-106 2.9934584368649074e-86 3.973350585475919e-66 2.6660768120805602e-37 6.083309779269274e-82 9.632502920232075e-164 1.402155483936761e-124 44
4.48225770915606e-108 8.768502127015113e-123 4.209281974388514e-75 1.5650521212759692e-77 7.425229180968693e-33 3.5221752824911614e-118 7.312896431421929e-60 9.632502920232075e-164 1.402155483936761e-124 46
4.48225770915606e-108 8.768502127015113e-123 2.3692499905989087e-106 2.5032492702830673e-57 3.4877156998057244e-79 3.5221752824911614e-118 7.312896431421929e-60 9.632502920232075e-164 3.677016737924469e-83 43
3.545039694116244e-84 8.768502127015113e-123 2.3692499905989087e-106 2.5032492702830673e-57 3.4877156998057244e-79 5.791779420128209e-22 6.083309779269274e-82 9.632502920232075e-164 1.402155483936761e-124 44
3.545039694116244e-84 8.768502127015113e-123 2.3692499905989087e-106 2.9934584368649074e-86 3.4877156998057244e-79 3.5221752824911614e-118 6.083309779269274e-82 9.632502920232075e-164 3.677016737924469e-83 42
4.48225770915606e-108 8.768502127015113e-123 2.3692499905989087e-106 2.9934584368649074e-86 3.4877156998057244e-79 5.791779420128209e-22 6.083309779269274e-82 9.632502920232075e-164 1.402155483936761e-124 42
3.545039694116244e-84 9.056856017632631e-54 2.373986218321287e-15 2.9934584368649074e-86 7.425229180968693e-33 2.6660768120805602e-37 1.9421044612412645e-27 9.632502920232075e-164 1.402155483936761e-124 42
3.545039694116244e-84 8.768502127015113e-123 4.549847108003616e-13 2.5032492702830673e-57 3.4877156998057244e-79 5.791779420128209e-22 6.232428853842124e-21 1.3002163250340575e-43 3.677016737924469e-83 43
4.48225770915606e-108 9.056856017632631e-54 4.209281974388514e-75 1.5650521212759692e-77 3.973350585475919e-66 2.6660768120805602e-37 6.083309779269274e-82 1.3002163250340575e-43 1.402155483936761e-124 48
3.545039694116244e-84 8.768502127015113e-123 2.3692499905989087e-106 2.9934584368649074e-86 3.4877156998057244e-79 5.791779420128209e-22 6.083309779269274e-82 9.632502920232075e-164 1.402155483936761e-124 43
3.6179123705696424e-31 9.058326731583677e-27 4.209281974388514e-75 2.9934584368649074e-86 3.973350585475919e-66 7.301181862796497e-30 1.1402309640127015e-31 9.632502920232075e-164 1.402155483936761e-124 43
3.545039694116244e-84 8.768502127015113e-123 2.3692499905989087e-106 2.9934584368649074e-86 3.973350585475919e-66 3.5221752824911614e-118 7.312896431421929e-60 9.632502920232075e-164 1.402155483936761e-124 42
3.545039694116244e-84 8.768502127015113e-123 3.090815816648871e-14 1.5650521212759692e-77 3.4877156998057244e-79 3.5221752824911614e-118 6.232428853842124e-21 1.3002163250340575e-43 3.677016737924469e-83 46
4.48225770915606e-108 9.056856017632631e-54 4.209281974388514e-75 1.5650521212759692e-77 3.4877156998057244e-79 7.301181862796497e-30 6.232428853842124e-21 1.3002163250340575e-43 1.402155483936761e-124 48
3.545039694116244e-84 8.768502127015113e-123 2.3692499905989087e-106 2.9934584368649074e-86 3.4877156998057244e-79 3.5221752824911614e-118 6.083309779269274e-82 9.632502920232075e-164 3.677016737924469e-83 43
4.48225770915606e-108 9.056856017632631e-54 4.209281974388514e-75 1.5650521212759692e-77 3.4877156998057244e-79 7.301181862796497e-30 6.232428853842124e-21 1.3002163250340575e-43 1.402155483936761e-124 48
3.545039694116244e-84 8.768502127015113e-123 4.549847108003616e-13 2.9934584368649074e-86 3.4877156998057244e-79 5.791779420128209e-22 1.9421044612412645e-27 9.632502920232075e-164 1.402155483936761e-124 42
3.545039694116244e-84 9.056856017632631e-54 2.373986218321287e-15 2.9934584368649074e-86 7.425229180968693e-33 2.6660768120805602e-37 6.232428853842124e-21 9.632502920232075e-164 1.402155483936761e-124 42
3.545039694116244e-84 1.6782026665824348e-20 2.3692499905989087e-106 2.9934584368649074e-86 3.973350585475919e-66 3.5221752824911614e-118 6.083309779269274e-82 9.632502920232075e-164 3.677016737924469e-83 42
3.6179123705696424e-31 9.058326731583677e-27 4.209281974388514e-75 2.9934584368649074e-86 5.792207973141562e-32 7.301181862796497e-30 1.1402309640127015e-31 9.632502920232075e-164 1.402155483936761e-124 43
3.545039694116244e-84 8.768502127015113e-123 4.549847108003616e-13 2.9934584368649074e-86 3.4877156998057244e-79 7.301181862796497e-30 6.232428853842124e-21 9.632502920232075e-164 1.402155483936761e-124 47
3.545039694116244e-84 8.768502127015113e-123 2.3692499905989087e-106 2.9934584368649074e-86 3.4877156998057244e-79 6.4027246900557985e-15 6.232428853842124e-21 9.632502920232075e-164 3.677016737924469e-83 42
4.48225770915606e-108 1.6782026665824348e-20 2.3692499905989087e-106 2.5032492702830673e-57 5.792207973141562e-32 3.5221752824911614e-118 7.312896431421929e-60 9.632502920232075e-164 1.402155483936761e-124 43
3.545039694116244e-84 9.056856017632631e-54 4.209281974388514e-75 1.5650521212759692e-77 3.4877156998057244e-79 3.5221752824911614e-118 7.312896431421929e-60 1.3002163250340575e-43 1.402155483936761e-124 48
3.545039694116244e-84 8.768502127015113e-123 4.549847108003616e-13 2.9934584368649074e-86 3.4877156998057244e-79 7.301181862796497e-30 6.232428853842124e-21 9.632502920232075e-164 1.402155483936761e-124 47
4.48225770915606e-108 8.768502127015113e-123 2.3692499905989087e-106 2.9934584368649074e-86 3.4877156998057244e-79 3.5221752824911614e-118 6.083309779269274e-82 9.632502920232075e-164 1.402155483936761e-124 44
3.545039694116244e-84 8.768502127015113e-123 2.3692499905989087e-106 2.9934584368649074e-86 3.4877156998057244e-79 2.6660768120805602e-37 6.083309779269274e-82 9.632502920232075e-164 1.402155483936761e-124 44
3.545039694116244e-84 9.056856017632631e-54 4.209281974388514e-75 1.5650521212759692e-77 3.4877156998057244e-79 7.301181862796497e-30 1.1402309640127015e-31 9.632502920232075e-164 1.402155483936761e-124 47
3.545039694116244e-84 8.768502127015113e-123 2.3692499905989087e-106 2.9934584368649074e-86 3.4877156998057244e-79 5.791779420128209e-22 6.083309779269274e-82 9.632502920232075e-164 1.402155483936761e-124 42
3.545039694116244e-84 8.768502127015113e-123 2.3692499905989087e-106 2.9934584368649074e-86 3.4877156998057244e-79 3.5221752824911614e-118 7.312896431421929e-60 9.632502920232075e-164 1.402155483936761e-124 42
3.545039694116244e-84 1.6782026665824348e-20 2.3692499905989087e-106 2.9934584368649074e-86 3.973350585475919e-66 3.5221752824911614e-118 6.083309779269274e-82 9.632502920232075e-164 1.402155483936761e-124 42
4.48225770915606e-108 8.768502127015113e-123 2.3692499905989087e-106 2.5032492702830673e-57 3.973350585475919e-66 3.5221752824911614e-118 7.312896431421929e-60 9.632502920232075e-164 1.402155483936761e-124 43
3.545039694116244e-84 8.768502127015113e-123 2.3692499905989087e-106 2.9934584368649074e-86 5.792207973141562e-32 5.791779420128209e-22 6.083309779269274e-82 9.632502920232075e-164 1.402155483936761e-124 42
