1.5557685236238965e-60 1.1540677436891075e-20 3.77726496307254e-40 6.446843183628392e-46 1.4982110623973215e-07 1.95390835746342e-69 1.1198633515015672e-45 4.361323921054977e-85 2.601932849327594e-59 48
1.6704150908059057e-36 3.1137511088362186e-61 5.494513304340664e-53 6.446843183628392e-46 2.2269851699907693e-40 1.95390835746342e-69 1.1198633515015672e-45 4.361323921054977e-85 4.346392223440801e-51 43
1.6704150908059057e-36 2.44555315722713e-10 5.494513304340664e-53 6.446843183628392e-46 4.762167439553832e-37 1.95390835746342e-69 1.1198633515015672e-45 4.361323921054977e-85 4.346392223440801e-51 42
3.092698294773994e-23 3.1137511088362186e-61 3.77726496307254e-40 6.446843183628392e-46 6.076617612656693e-19 3.868702152940447e-07 7.376900604327134e-19 4.361323921054977e-85 4.346392223440801e-51 43
1.6704150908059057e-36 1.9205867571989222e-28 3.77726496307254e-40 1.506754267003088e-41 2.2269851699907693e-40 1.95390835746342e-69 9.069487922756931e-33 3.457015261073098e-21 2.601932849327594e-59 48
1.6704150908059057e-36 3.1137511088362186e-61 5.494513304340664e-53 6.446843183628392e-46 2.2269851699907693e-40 1.95390835746342e-69 1.1198633515015672e-45 4.361323921054977e-85 4.346392223440801e-51 43
1.5557685236238965e-60 3.1137511088362186e-61 5.494513304340664e-53 6.446843183628392e-46 4.762167439553832e-37 3.912827401833688e-10 1.1198633515015672e-45 4.361323921054977e-85 2.601932849327594e-59 44
3.092698294773994e-23 1.9205867571989222e-28 9.079742299234488e-08 6.446843183628392e-46 6.076617612656693e-19 3.868702152940447e-07 1.1198633515015672e-45 3.457015261073098e-21 2.601932849327594e-59 48
1.5557685236238965e-60 3.1137511088362186e-61 5.494513304340664e-53 6.446843183628392e-46 4.762167439553832e-37 3.912827401833688e-10 1.1198633515015672e-45 4.361323921054977e-85 2.601932849327594e-59 44
1.5557685236238965e-60 3.1137511088362186e-61 5.494513304340664e-53 6.446843183628392e-46 2.2269851699907693e-40 1.95390835746342e-69 1.1198633515015672e-45 4.361323921054977e-85 2.601932849327594e-59 44
1.6704150908059057e-36 1.9205867571989222e-28 2.1403988110163043e-12 1.687903335325535e-30 2.2269851699907693e-40 3.8111331727258943e-16 2.164198330215317e-07 4.361323921054977e-85 2.601932849327594e-59 47
1.6704150908059057e-36 3.1137511088362186e-61 1.1540459408012096e-07 6.446843183628392e-46 2.2269851699907693e-40 1.95390835746342e-69 9.069487922756931e-33 4.361323921054977e-85 4.346392223440801e-51 43
1.6704150908059057e-36 3.1137511088362186e-61 5.494513304340664e-53 6.446843183628392e-46 2.2269851699907693e-40 3.912827401833688e-10 1.1198633515015672e-45 4.361323921054977e-85 2.601932849327594e-59 42
1.6704150908059057e-36 3.1137511088362186e-61 2.1403988110163043e-12 6.446843183628392e-46 2.2269851699907693e-40 3.912827401833688e-10 5.2937604399742385e-14 4.361323921054977e-85 2.601932849327594e-59 42
1.6704150908059057e-36 3.1137511088362186e-61 5.494513304340664e-53 6.446843183628392e-46 2.2269851699907693e-40 3.1533363732840764e-16 1.1198633515015672e-45 1.05 4.346392223440801e-51 44
1.6704150908059057e-36 2.44555315722713e-10 5.494513304340664e-53 6.446843183628392e-46 4.762167439553832e-37 1.95390835746342e-69 1.1198633515015672e-45 4.361323921054977e-85 2.601932849327594e-59 42
1.6704150908059057e-36 2.44555315722713e-10 5.494513304340664e-53 6.446843183628392e-46 4.762167439553832e-37 1.95390835746342e-69 1.1198633515015672e-45 4.361323921054977e-85 2.601932849327594e-59 42
1.6704150908059057e-36 3.1137511088362186e-61 5.494513304340664e-53 6.446843183628392e-46 2.2269851699907693e-40 1.95390835746342e-69 9.069487922756931e-33 4.361323921054977e-85 2.601932849327594e-59 42
1.6704150908059057e-36 3.1137511088362186e-61 1.1540459408012096e-07 6.446843183628392e-46 2.2269851699907693e-40 3.912827401833688e-10 1.1198633515015672e-45 4.361323921054977e-85 4.346392223440801e-51 43
1.5557685236238965e-60 3.1137511088362186e-61 5.494513304340664e-53 1.687903335325535e-30 4.762167439553832e-37 3.868702152940447e-07 9.069487922756931e-33 4.361323921054977e-85 2.601932849327594e-59 42
1.6704150908059057e-36 3.1137511088362186e-61 5.494513304340664e-53 6.446843183628392e-46 2.2269851699907693e-40 1.95390835746342e-69 1.1198633515015672e-45 4.361323921054977e-85 2.601932849327594e-59 42
1.5557685236238965e-60 2.44555315722713e-10 5.494513304340664e-53 1.506754267003088e-41 1.260476410595851e-15 1.95390835746342e-69 9.069487922756931e-33 4.361323921054977e-85 4.346392223440801e-51 43
1.6704150908059057e-36 1.9205867571989222e-28 2.1403988110163043e-12 1.687903335325535e-30 2.2269851699907693e-40 3.8111331727258943e-16 2.164198330215317e-07 4.361323921054977e-85 2.601932849327594e-59 47
1.6704150908059057e-36 3.1137511088362186e-61 1.1540459408012096e-07 6.446843183628392e-46 2.2269851699907693e-40 3.912827401833688e-10 1.1198633515015672e-45 4.361323921054977e-85 4.346392223440801e-51 43
1.6704150908059057e-36 3.1137511088362186e-61 5.494513304340664e-53 1.506754267003088e-41 2.2269851699907693e-40 1.95390835746342e-69 9.069487922756931e-33 4.361323921054977e-85 2.601932849327594e-59 43
1.6704150908059057e-36 3.1137511088362186e-61 5.494513304340664e-53 6.446843183628392e-46 2.2269851699907693e-40 1.95390835746342e-69 1.1198633515015672e-45 4.361323921054977e-85 4.346392223440801e-51 43
1.5557685236238965e-60 2.44555315722713e-10 5.494513304340664e-53 1.687903335325535e-30 1.260476410595851e-15 1.95390835746342e-69 9.069487922756931e-33 4.361323921054977e-85 2.601932849327594e-59 43
1.6704150908059057e-36 2.44555315722713e-10 5.494513304340664e-53 6.446843183628392e-46 4.762167439553832e-37 1.95390835746342e-69 1.1198633515015672e-45 4.361323921054977e-85 2.601932849327594e-59 42
1.5557685236238965e-60 3.1137511088362186e-61 5.494513304340664e-53 6.446843183628392e-46 2.2269851699907693e-40 3.912827401833688e-10 1.1198633515015672e-45 4.361323921054977e-85 2.601932849327594e-59 43
0.03 3.1137511088362186e-61 5.494513304340664e-53 6.446843183628392e-46 4.762167439553832e-37 1.95390835746342e-69 1.1198633515015672e-45 4.361323921054977e-85 4.346392223440801e-51 42
1.6704150908059057e-36 3.1137511088362186e-61 2.1403988110163043e-12 1.687903335325535e-30 4.762167439553832e-37 1.95390835746342e-69 1.1198633515015672e-45 1.05 2.601932849327594e-59 43
1.5557685236238965e-60 3.1137511088362186e-61 5.494513304340664e-53 1.687903335325535e-30 2.2269851699907693e-40 1.95390835746342e-69 9.069487922756931e-33 4.361323921054977e-85 4.346392223440801e-51 43
1.6704150908059057e-36 3.1137511088362186e-61 5.494513304340664e-53 6.446843183628392e-46 1.260476410595851e-15 3.912827401833688e-10 1.1198633515015672e-45 4.361323921054977e-85 4.346392223440801e-51 42
1.6704150908059057e-36 1.1540677436891075e-20 9.079742299234488e-08 1.687903335325535e-30 1.260476410595851e-15 1.95390835746342e-69 7.376900604327134e-19 4.361323921054977e-85 2.601932849327594e-59 46
1.6704150908059057e-36 3.1137511088362186e-61 1.1540459408012096e-07 6.446843183628392e-46 2.2269851699907693e-40 3.912827401833688e-10 1.1198633515015672e-45 4.361323921054977e-85 4.346392223440801e-51 43
1.6704150908059057e-36 1.9205867571989222e-28 1.1540459408012096e-07 6.446843183628392e-46 6.076617612656693e-19 3.1533363732840764e-16 2.164198330215317e-07 4.361323921054977e-85 2.601932849327594e-59 42
1.6704150908059057e-36 3.1137511088362186e-61 5.494513304340664e-53 6.446843183628392e-46 2.2269851699907693e-40 1.95390835746342e-69 1.1198633515015672e-45 4.361323921054977e-85 2.601932849327594e-59 48
1.6704150908059057e-36 1.9205867571989222e-28 5.494513304340664e-53 6.446843183628392e-46 2.2269851699907693e-40 3.912827401833688e-10 1.1198633515015672e-45 4.361323921054977e-85 2.601932849327594e-59 42
1.5557685236238965e-60 3.1137511088362186e-61 5.494513304340664e-53 1.687903335325535e-30 4.762167439553832e-37 1.95390835746342e-69 9.069487922756931e-33 4.361323921054977e-85 4.346392223440801e-51 43
1.6704150908059057e-36 2.44555315722713e-10 2.1403988110163043e-12 6.446843183628392e-46 1.260476410595851e-15 3.912827401833688e-10 5.2937604399742385e-14 4.361323921054977e-85 4.346392223440801e-51 42
1.6704150908059057e-36 3.1137511088362186e-61 2.1403988110163043e-12 6.446843183628392e-46 2.2269851699907693e-40 3.8111331727258943e-16 2.164198330215317e-07 4.361323921054977e-85 2.601932849327594e-59 47
1.6704150908059057e-36 1.9205867571989222e-28 2.1403988110163043e-12 1.687903335325535e-30 2.2269851699907693e-40 3.8111331727258943e-16 2.164198330215317e-07 4.361323921054977e-85 2.601932849327594e-59 47
1.6704150908059057e-36 3.1137511088362186e-61 5.494513304340664e-53 6.446843183628392e-46 2.2269851699907693e-40 1.95390835746342e-69 9.069487922756931e-33 4.361323921054977e-85 2.601932849327594e-59 42
0.03 3.1137511088362186e-61 5.494513304340664e-53 6.446843183628392e-46 4.762167439553832e-37 1.95390835746342e-69 1.1198633515015672e-45 4.361323921054977e-85 4.346392223440801e-51 42
1.6704150908059057e-36 2.44555315722713e-10 5.494513304340664e-53 1.687903335325535e-30 4.762167439553832e-37 1.95390835746342e-69 1.1198633515015672e-45 4.361323921054977e-85 2.601932849327594e-59 42
1.6704150908059057e-36 1.9205867571989222e-28 1.1540459408012096e-07 6.446843183628392e-46 6.076617612656693e-19 3.1533363732840764e-16 5.2937604399742385e-14 4.361323921054977e-85 2.601932849327594e-59 42
1.5557685236238965e-60 2.44555315722713e-10 5.494513304340664e-53 1.687903335325535e-30 4.762167439553832e-37 1.95390835746342e-69 9.069487922756931e-33 4.361323921054977e-85 4.346392223440801e-51 42
1.5557685236238965e-60 3.1137511088362186e-61 3.77726496307254e-40 1.506754267003088e-41 6.076617612656693e-19 1.95390835746342e-69 9.069487922756931e-33 4.361323921054977e-85 2.601932849327594e-59 46
1.5557685236238965e-60 3.1137511088362186e-61 5.494513304340664e-53 1.687903335325535e-30 2.2269851699907693e-40 1.95390835746342e-69 9.069487922756931e-33 4.361323921054977e-85 2.601932849327594e-59 43
1.5557685236238965e-60 3.1137511088362186e-61 5.494513304340664e-53 1.687903335325535e-30 2.2269851699907693e-40 3.912827401833688e-10 9.069487922756931e-33 4.361323921054977e-85 2.601932849327594e-59 43
1.5557685236238965e-60 3.1137511088362186e-61 5.494513304340664e-53 1.506754267003088e-41 2.2269851699907693e-40 1.95390835746342e-69 1.1198633515015672e-45 4.361323921054977e-85 4.346392223440801e-51 44
1.6704150908059057e-36 3.1137511088362186e-61 5.494513304340664e-53 6.446843183628392e-46 2.2269851699907693e-40 1.95390835746342e-69 1.1198633515015672e-45 4.361323921054977e-85 2.601932849327594e-59 42
1.6704150908059057e-36 1.9205867571989222e-28 3.77726496307254e-40 1.506754267003088e-41 2.2269851699907693e-40 1.95390835746342e-69 9.069487922756931e-33 3.457015261073098e-21 2.601932849327594e-59 48
1.6704150908059057e-36 1.9205867571989222e-28 2.1403988110163043e-12 1.506754267003088e-41 6.076617612656693e-19 1.95390835746342e-69 2.164198330215317e-07 4.361323921054977e-85 2.601932849327594e-59 48
1.6704150908059057e-36 3.1137511088362186e-61 5.494513304340664e-53 6.446843183628392e-46 2.2269851699907693e-40 1.95390835746342e-69 1.1198633515015672e-45 4.361323921054977e-85 2.601932849327594e-59 42
1.6704150908059057e-36 3.1137511088362186e-61 5.494513304340664e-53 6.446843183628392e-46 2.2269851699907693e-40 1.95390835746342e-69 1.1198633515015672e-45 4.361323921054977e-85 4.346392223440801e-51 43
1.5557685236238965e-60 3.1137511088362186e-61 5.494513304340664e-53 1.687903335325535e-30 1.260476410595851e-15 3.868702152940447e-07 9.069487922756931e-33 4.361323921054977e-85 2.601932849327594e-59 43
1.6704150908059057e-36 2.44555315722713e-10 5.494513304340664e-53 6.446843183628392e-46 1.260476410595851e-15 1.95390835746342e-69 1.1198633515015672e-45 4.361323921054977e-85 2.601932849327594e-59 42
1.6704150908059057e-36 3.1137511088362186e-61 5.494513304340664e-53 6.446843183628392e-46 1.260476410595851e-15 3.912827401833688e-10 1.1198633515015672e-45 4.361323921054977e-85 2.601932849327594e-59 42
1.6704150908059057e-36 1.9205867571989222e-28 2.1403988110163043e-12 1.687903335325535e-30 2.2269851699907693e-40 3.8111331727258943e-16 2.164198330215317e-07 4.361323921054977e-85 2.601932849327594e-59 47
1.6704150908059057e-36 3.1137511088362186e-61 2.1403988110163043e-12 6.446843183628392e-46 4.762167439553832e-37 3.912827401833688e-10 5.2937604399742385e-14 4.361323921054977e-85 4.346392223440801e-51 42
1.6704150908059057e-36 3.1137511088362186e-61 1.1540459408012096e-07 6.446843183628392e-46 6.076617612656693e-19 3.868702152940447e-07 2.164198330215317e-07 4.361323921054977e-85 4.346392223440801e-51 42
1.6704150908059057e-36 3.1137511088362186e-61 5.494513304340664e-53 6.446843183628392e-46 2.2269851699907693e-40 1.95390835746342e-69 1.1198633515015672e-45 4.361323921054977e-85 2.601932849327594e-59 42
1.6704150908059057e-36 3.1137511088362186e-61 5.494513304340664e-53 1.506754267003088e-41 2.2269851699907693e-40 1.95390835746342e-69 9.069487922756931e-33 4.361323921054977e-85 2.601932849327594e-59 43
1.5557685236238965e-60 3.1137511088362186e-61 3.77726496307254e-40 1.506754267003088e-41 6.076617612656693e-19 1.95390835746342e-69 9.069487922756931e-33 4.361323921054977e-85 2.601932849327594e-59 46
1.6704150908059057e-36 2.44555315722713e-10 5.494513304340664e-53 6.446843183628392e-46 1.260476410595851e-15 1.95390835746342e-69 1.1198633515015672e-45 4.361323921054977e-85 1.8454324126092231e-06 42
1.6704150908059057e-36 3.1137511088362186e-61 5.494513304340664e-53 6.446843183628392e-46 4.762167439553832e-37 1.95390835746342e-69 9.069487922756931e-33 4.361323921054977e-85 2.601932849327594e-59 42
1.5557685236238965e-60 2.44555315722713e-10 5.494513304340664e-53 1.687903335325535e-30 4.762167439553832e-37 1.95390835746342e-69 9.069487922756931e-33 4.361323921054977e-85 4.346392223440801e-51 42
1.6704150908059057e-36 1.9205867571989222e-28 3.77726496307254e-40 6.446843183628392e-46 2.2269851699907693e-40 3.1533363732840764e-16 7.376900604327134e-19 4.361323921054977e-85 4.346392223440801e-51 43
1.6704150908059057e-36 3.1137511088362186e-61 5.494513304340664e-53 6.446843183628392e-46 4.762167439553832e-37 1.95390835746342e-69 9.069487922756931e-33 4.361323921054977e-85 2.601932849327594e-59 42
1.6704150908059057e-36 3.1137511088362186e-61 5.494513304340664e-53 1.687903335325535e-30 2.2269851699907693e-40 3.912827401833688e-10 1.1198633515015672e-45 4.361323921054977e-85 2.601932849327594e-59 43
1.5557685236238965e-60 1.9205867571989222e-28 3.77726496307254e-40 1.506754267003088e-41 1.260476410595851e-15 3.8111331727258943e-16 1.1198633515015672e-45 3.457015261073098e-21 4.346392223440801e-51 48
1.6704150908059057e-36 3.1137511088362186e-61 5.494513304340664e-53 6.446843183628392e-46 4.762167439553832e-37 1.95390835746342e-69 1.1198633515015672e-45 4.361323921054977e-85 2.601932849327594e-59 42
1.5557685236238965e-60 3.1137511088362186e-61 5.494513304340664e-53 6.446843183628392e-46 2.2269851699907693e-40 1.95390835746342e-69 1.1198633515015672e-45 4.361323921054977e-85 2.601932849327594e-59 44
1.6704150908059057e-36 2.44555315722713e-10 5.494513304340664e-53 1.687903335325535e-30 4.762167439553832e-37 1.95390835746342e-69 1.1198633515015672e-45 4.361323921054977e-85 2.601932849327594e-59 42
1.6704150908059057e-36 2.44555315722713e-10 2.1403988110163043e-12 1.687903335325535e-30 4.762167439553832e-37 1.95390835746342e-69 5.2937604399742385e-14 4.361323921054977e-85 2.601932849327594e-59 43
1.6704150908059057e-36 3.1137511088362186e-61 5.494513304340664e-53 6.446843183628392e-46 2.2269851699907693e-40 1.95390835746342e-69 1.1198633515015672e-45 4.361323921054977e-85 4.346392223440801e-51 42
1.5557685236238965e-60 1.1540677436891075e-20 5.494513304340664e-53 6.446843183628392e-46 4.762167439553832e-37 1.95390835746342e-69 1.1198633515015672e-45 4.361323921054977e-85 2.601932849327594e-59 44
1.6704150908059057e-36 2.44555315722713e-10 2.1403988110163043e-12 1.687903335325535e-30 4.762167439553832e-37 1.95390835746342e-69 5.2937604399742385e-14 4.361323921054977e-85 2.601932849327594e-59 43
1.6704150908059057e-36 3.1137511088362186e-61 5.494513304340664e-53 6.446843183628392e-46 2.2269851699907693e-40 3.868702152940447e-07 2.164198330215317e-07 4.361323921054977e-85 4.346392223440801e-51 42
1.6704150908059057e-36 1.9205867571989222e-28 3.77726496307254e-40 1.506754267003088e-41 4.762167439553832e-37 3.8111331727258943e-16 1.1198633515015672e-45 3.457015261073098e-21 2.601932849327594e-59 48
1.6704150908059057e-36 3.1137511088362186e-61 5.494513304340664e-53 1.687903335325535e-30 2.2269851699907693e-40 1.95390835746342e-69 1.1198633515015672e-45 4.361323921054977e-85 2.601932849327594e-59 44
1.6704150908059057e-36 3.1137511088362186e-61 5.494513304340664e-53 6.446843183628392e-46 2.2269851699907693e-40 1.95390835746342e-69 1.1198633515015672e-45 4.361323921054977e-85 4.346392223440801e-51 42
1.6704150908059057e-36 3.1137511088362186e-61 5.494513304340664e-53 6.446843183628392e-46 2.2269851699907693e-40 1.95390835746342e-69 1.1198633515015672e-45 4.361323921054977e-85 4.346392223440801e-51 43
1.6704150908059057e-36 3.1137511088362186e-61 5.494513304340664e-53 6.446843183628392e-46 2.2269851699907693e-40 3.912827401833688e-10 1.1198633515015672e-45 4.361323921054977e-85 2.601932849327594e-59 42
1.5557685236238965e-60 1.9205867571989222e-28 3.77726496307254e-40 1.506754267003088e-41 1.260476410595851e-15 3.8111331727258943e-16 1.1198633515015672e-45 3.457015261073098e-21 2.601932849327594e-59 48
1.6704150908059057e-36 1.9205867571989222e-28 2.1403988110163043e-12 1.687903335325535e-30 2.2269851699907693e-40 3.8111331727258943e-16 2.164198330215317e-07 4.361323921054977e-85 2.601932849327594e-59 47
1.6704150908059057e-36 3.1137511088362186e-61 5.494513304340664e-53 1.687903335325535e-30 2.2269851699907693e-40 3.912827401833688e-10 1.1198633515015672e-45 4.361323921054977e-85 2.601932849327594e-59 44
1.6704150908059057e-36 3.1137511088362186e-61 1.1540459408012096e-07 6.446843183628392e-46 6.076617612656693e-19 3.868702152940447e-07 2.164198330215317e-07 4.361323921054977e-85 4.346392223440801e-51 42
1.6704150908059057e-36 1.9205867571989222e-28 3.77726496307254e-40 1.506754267003088e-41 1.260476410595851e-15 3.8111331727258943e-16 1.1198633515015672e-45 3.457015261073098e-21 2.601932849327594e-59 48
1.6704150908059057e-36 1.9205867571989222e-28 5.494513304340664e-53 6.446843183628392e-46 2.2269851699907693e-40 3.1533363732840764e-16 1.1198633515015672e-45 4.361323921054977e-85 2.601932849327594e-59 42
1.5557685236238965e-60 1.9205867571989222e-28 9.079742299234488e-08 1.506754267003088e-41 4.762167439553832e-37 3.8111331727258943e-16 1.1198633515015672e-45 3.457015261073098e-21 2.601932849327594e-59 48
1.6704150908059057e-36 3.1137511088362186e-61 5.494513304340664e-53 6.446843183628392e-46 2.2269851699907693e-40 1.95390835746342e-69 1.1198633515015672e-45 4.361323921054977e-85 4.346392223440801e-51 42
1.6704150908059057e-36 1.9205867571989222e-28 3.77726496307254e-40 1.506754267003088e-41 1.260476410595851e-15 3.8111331727258943e-16 1.1198633515015672e-45 3.457015261073098e-21 2.601932849327594e-59 48
1.6704150908059057e-36 1.1540677436891075e-20 9.079742299234488e-08 1.687903335325535e-30 2.2269851699907693e-40 3.912827401833688e-10 7.376900604327134e-19 4.361323921054977e-85 2.601932849327594e-59 46
1.6704150908059057e-36 2.44555315722713e-10 5.494513304340664e-53 6.446843183628392e-46 4.762167439553832e-37 1.95390835746342e-69 1.1198633515015672e-45 4.361323921054977e-85 2.601932849327594e-59 42
1.5557685236238965e-60 1.9205867571989222e-28 5.494513304340664e-53 1.506754267003088e-41 6.076617612656693e-19 3.1533363732840764e-16 9.069487922756931e-33 4.361323921054977e-85 4.346392223440801e-51 43
1.5557685236238965e-60 3.1137511088362186e-61 5.494513304340664e-53 1.687903335325535e-30 1.260476410595851e-15 3.868702152940447e-07 9.069487922756931e-33 4.361323921054977e-85 2.601932849327594e-59 43
1.5557685236238965e-60 1.9205867571989222e-28 5.494513304340664e-53 1.506754267003088e-41 6.076617612656693e-19 3.1533363732840764e-16 9.069487922756931e-33 4.361323921054977e-85 4.346392223440801e-51 43
1.6704150908059057e-36 1.9205867571989222e-28 5.494513304340664e-53 6.446843183628392e-46 2.2269851699907693e-40 3.912827401833688e-10 9.069487922756931e-33 4.361323921054977e-85 2.601932849327594e-59 42
1.6704150908059057e-36 3.1137511088362186e-61 5.494513304340664e-53 6.446843183628392e-46 4.762167439553832e-37 3.912827401833688e-10 1.1198633515015672e-45 4.361323921054977e-85 4.346392223440801e-51 43
1.6704150908059057e-36 3.1137511088362186e-61 5.494513304340664e-53 6.446843183628392e-46 2.2269851699907693e-40 1.95390835746342e-69 1.1198633515015672e-45 4.361323921054977e-85 4.346392223440801e-51 42
1.6704150908059057e-36 3.1137511088362186e-61 1.1540459408012096e-07 6.446843183628392e-46 2.2269851699907693e-40 3.912827401833688e-10 1.1198633515015672e-45 4.361323921054977e-85 2.601932849327594e-59 43
1.6704150908059057e-36 3.1137511088362186e-61 2.1403988110163043e-12 6.446843183628392e-46 2.2269851699907693e-40 3.912827401833688e-10 5.2937604399742385e-14 4.361323921054977e-85 2.601932849327594e-59 42
1.6704150908059057e-36 2.44555315722713e-10 5.494513304340664e-53 6.446843183628392e-46 4.762167439553832e-37 1.95390835746342e-69 1.1198633515015672e-45 4.361323921054977e-85 4.346392223440801e-51 42
1.6704150908059057e-36 3.1137511088362186e-61 5.494513304340664e-53 6.446843183628392e-46 1.260476410595851e-15 3.912827401833688e-10 1.1198633515015672e-45 4.361323921054977e-85 2.601932849327594e-59 42
1.6704150908059057e-36 1.9205867571989222e-28 5.494513304340664e-53 6.446843183628392e-46 2.2269851699907693e-40 3.1533363732840764e-16 1.1198633515015672e-45 4.361323921054977e-85 2.601932849327594e-59 42
1.6704150908059057e-36 2.44555315722713e-10 5.494513304340664e-53 6.446843183628392e-46 1.260476410595851e-15 1.95390835746342e-69 1.1198633515015672e-45 4.361323921054977e-85 2.601932849327594e-59 42
1.6704150908059057e-36 1.1540677436891075e-20 5.494513304340664e-53 6.446843183628392e-46 1.260476410595851e-15 1.95390835746342e-69 1.1198633515015672e-45 4.361323921054977e-85 4.346392223440801e-51 43
1.6704150908059057e-36 1.9205867571989222e-28 1.1540459408012096e-07 6.446843183628392e-46 6.076617612656693e-19 3.1533363732840764e-16 2.164198330215317e-07 4.361323921054977e-85 2.601932849327594e-59 42
1.5557685236238965e-60 3.1137511088362186e-61 5.494513304340664e-53 1.687903335325535e-30 2.2269851699907693e-40 1.95390835746342e-69 9.069487922756931e-33 4.361323921054977e-85 2.601932849327594e-59 43
1.5557685236238965e-60 2.44555315722713e-10 5.494513304340664e-53 1.506754267003088e-41 1.260476410595851e-15 1.95390835746342e-69 9.069487922756931e-33 4.361323921054977e-85 4.346392223440801e-51 43
1.5557685236238965e-60 3.1137511088362186e-61 5.494513304340664e-53 1.687903335325535e-30 1.260476410595851e-15 3.868702152940447e-07 9.069487922756931e-33 4.361323921054977e-85 2.601932849327594e-59 43
3.092698294773994e-23 1.9205867571989222e-28 5.494513304340664e-53 6.446843183628392e-46 6.076617612656693e-19 3.1533363732840764e-16 2.164198330215317e-07 4.361323921054977e-85 4.346392223440801e-51 42
1.5557685236238965e-60 3.1137511088362186e-61 5.494513304340664e-53 1.687903335325535e-30 2.2269851699907693e-40 3.912827401833688e-10 9.069487922756931e-33 4.361323921054977e-85 2.601932849327594e-59 43
1.5557685236238965e-60 1.1540677436891075e-20 5.494513304340664e-53 6.446843183628392e-46 4.762167439553832e-37 1.95390835746342e-69 1.1198633515015672e-45 4.361323921054977e-85 2.601932849327594e-59 44
1.6704150908059057e-36 1.9205867571989222e-28 1.1540459408012096e-07 6.446843183628392e-46 6.076617612656693e-19 3.1533363732840764e-16 2.164198330215317e-07 4.361323921054977e-85 2.601932849327594e-59 42
1.6704150908059057e-36 3.1137511088362186e-61 2.1403988110163043e-12 6.446843183628392e-46 4.762167439553832e-37 3.912827401833688e-10 5.2937604399742385e-14 4.361323921054977e-85 4.346392223440801e-51 42
1.6704150908059057e-36 1.9205867571989222e-28 5.494513304340664e-53 6.446843183628392e-46 2.2269851699907693e-40 3.912827401833688e-10 1.1198633515015672e-45 4.361323921054977e-85 2.601932849327594e-59 42
1.6704150908059057e-36 1.9205867571989222e-28 3.77726496307254e-40 1.506754267003088e-41 2.2269851699907693e-40 1.95390835746342e-69 9.069487922756931e-33 3.457015261073098e-21 2.601932849327594e-59 48
1.6704150908059057e-36 3.1137511088362186e-61 2.1403988110163043e-12 1.687903335325535e-30 4.762167439553832e-37 1.95390835746342e-69 1.1198633515015672e-45 1.05 2.601932849327594e-59 43
1.6704150908059057e-36 3.1137511088362186e-61 1.1540459408012096e-07 6.446843183628392e-46 2.2269851699907693e-40 1.95390835746342e-69 1.1198633515015672e-45 4.361323921054977e-85 2.601932849327594e-59 43
1.5557685236238965e-60 3.1137511088362186e-61 5.494513304340664e-53 6.446843183628392e-46 4.762167439553832e-37 3.912827401833688e-10 1.1198633515015672e-45 4.361323921054977e-85 2.601932849327594e-59 44
1.6704150908059057e-36 3.1137511088362186e-61 2.1403988110163043e-12 6.446843183628392e-46 2.2269851699907693e-40 3.912827401833688e-10 5.2937604399742385e-14 4.361323921054977e-85 2.601932849327594e-59 42
1.6704150908059057e-36 3.1137511088362186e-61 1.1540459408012096e-07 6.446843183628392e-46 2.2269851699907693e-40 1.95390835746342e-69 9.069487922756931e-33 4.361323921054977e-85 4.346392223440801e-51 43
1.6704150908059057e-36 3.1137511088362186e-61 5.494513304340664e-53 1.687903335325535e-30 2.2269851699907693e-40 1.95390835746342e-69 9.069487922756931e-33 4.361323921054977e-85 2.601932849327594e-59 43
1.6704150908059057e-36 3.1137511088362186e-61 3.77726496307254e-40 1.687903335325535e-30 1.260476410595851e-15 3.1533363732840764e-16 7.376900604327134e-19 4.361323921054977e-85 4.346392223440801e-51 46
1.6704150908059057e-36 1.9205867571989222e-28 1.1540459408012096e-07 6.446843183628392e-46 6.076617612656693e-19 3.8111331727258943e-16 2.164198330215317e-07 4.361323921054977e-85 2.601932849327594e-59 44
1.6704150908059057e-36 1.9205867571989222e-28 1.1540459408012096e-07 6.446843183628392e-46 6.076617612656693e-19 3.1533363732840764e-16 2.164198330215317e-07 4.361323921054977e-85 2.601932849327594e-59 42
3.092698294773994e-23 1.1540677436891075e-20 3.77726496307254e-40 6.446843183628392e-46 1.260476410595851e-15 3.8111331727258943e-16 7.376900604327134e-19 4.361323921054977e-85 2.601932849327594e-59 43
1.6704150908059057e-36 1.9205867571989222e-28 3.77726496307254e-40 1.506754267003088e-41 4.762167439553832e-37 3.8111331727258943e-16 1.1198633515015672e-45 3.457015261073098e-21 2.601932849327594e-59 48
1.6704150908059057e-36 3.1137511088362186e-61 5.494513304340664e-53 6.446843183628392e-46 1.260476410595851e-15 3.912827401833688e-10 1.1198633515015672e-45 4.361323921054977e-85 2.601932849327594e-59 42
1.6704150908059057e-36 3.1137511088362186e-61 5.494513304340664e-53 6.446843183628392e-46 1.260476410595851e-15 3.912827401833688e-10 1.1198633515015672e-45 4.361323921054977e-85 4.346392223440801e-51 42
1.5557685236238965e-60 1.9205867571989222e-28 3.77726496307254e-40 1.506754267003088e-41 1.260476410595851e-15 3.8111331727258943e-16 1.1198633515015672e-45 3.457015261073098e-21 4.346392223440801e-51 48
1.6704150908059057e-36 3.1137511088362186e-61 5.494513304340664e-53 6.446843183628392e-46 4.762167439553832e-37 3.912827401833688e-10 1.1198633515015672e-45 4.361323921054977e-85 4.346392223440801e-51 43
1.6704150908059057e-36 1.9205867571989222e-28 3.77726496307254e-40 1.506754267003088e-41 2.2269851699907693e-40 3.8111331727258943e-16 7.376900604327134e-19 4.361323921054977e-85 2.601932849327594e-59 47
1.6704150908059057e-36 3.1137511088362186e-61 5.494513304340664e-53 1.506754267003088e-41 2.2269851699907693e-40 1.95390835746342e-69 9.069487922756931e-33 4.361323921054977e-85 2.601932849327594e-59 43
