1.1986104134361035e-40 4.039195083236064e-06 9.186941409838097e-29 6.408832083181617e-19 1.901827115371049e-24 7.41879809677973e-46 9.889221471524737e-21 1.2365863643739068e-46 2.1921206994164984e-35 42
2.249304363439212e-14 4.479530505781618e-30 9.186941409838097e-29 9.917325032975042e-28 1.4234090595623686e-19 7.41879809677973e-46 2.0501991528011057e-28 1.2365863643739068e-46 2.1921206994164984e-35 42
1.1986104134361035e-40 4.039195083236064e-06 9.186941409838097e-29 4.920295484972993e-26 1.6246448961093678e-09 7.41879809677973e-46 9.889221471524737e-21 1.2365863643739068e-46 2.1921206994164984e-35 43
1.1986104134361035e-40 1.9535583613779987e-20 2.7776089798701596e-11 4.920295484972993e-26 1.5121157056211798e-14 7.41879809677973e-46 9.889221471524737e-21 2.6178113000684396e-15 1.2468646755694148e-31 46
2.249304363439212e-14 4.479530505781618e-30 0.001049911281033924 9.917325032975042e-28 1.4234090595623686e-19 1.7072977136964296 2.0501991528011057e-28 1.2365863643739068e-46 2.1921206994164984e-35 43
1.1986104134361035e-40 4.479530505781618e-30 9.186941409838097e-29 9.917325032975042e-28 1.901827115371049e-24 1.7072977136964296 2.0501991528011057e-28 1.2365863643739068e-46 1.2468646755694148e-31 44
2.249304363439212e-14 4.039195083236064e-06 9.186941409838097e-29 9.917325032975042e-28 1.901827115371049e-24 7.41879809677973e-46 2.0501991528011057e-28 1.2365863643739068e-46 1.2468646755694148e-31 42
5.686017410280495e-20 1.9535583613779987e-20 4.9835640566596056e-05 9.917325032975042e-28 1.5121157056211798e-14 0.0003235191086851054 2.0501991528011057e-28 2.6178113000684396e-15 1.2468646755694148e-31 48
1.1986104134361035e-40 1.9535583613779987e-20 9.186941409838097e-29 4.920295484972993e-26 1.5121157056211798e-14 2.658032275348269e-11 9.889221471524737e-21 1.2365863643739068e-46 2.1921206994164984e-35 43
5.686017410280495e-20 4.039195083236064e-06 6.649527965636887e-27 9.917325032975042e-28 1.4234090595623686e-19 2.658032275348269e-11 1.2767175796322686e-13 1.2365863643739068e-46 1.2468646755694148e-31 43
2.249304363439212e-14 4.479530505781618e-30 9.186941409838097e-29 9.917325032975042e-28 1.901827115371049e-24 7.41879809677973e-46 2.0501991528011057e-28 1.2365863643739068e-46 1.2468646755694148e-31 42
1.1986104134361035e-40 1.9535583613779987e-20 2.7776089798701596e-11 4.920295484972993e-26 1.5121157056211798e-14 7.41879809677973e-46 9.889221471524737e-21 2.6178113000684396e-15 1.2468646755694148e-31 46
2.249304363439212e-14 4.479530505781618e-30 0.001049911281033924 9.917325032975042e-28 1.4234090595623686e-19 1.7072977136964296 2.0501991528011057e-28 1.2365863643739068e-46 1.2468646755694148e-31 43
2.249304363439212e-14 4.039195083236064e-06 9.186941409838097e-29 9.917325032975042e-28 1.6246448961093678e-09 7.41879809677973e-46 2.0501991528011057e-28 1.2365863643739068e-46 0.0001456353742126713 42
2.249304363439212e-14 1.9535583613779987e-20 0.001049911281033924 9.917325032975042e-28 1.5121157056211798e-14 6.22456663992021e-12 0.0823481699560196 1.2365863643739068e-46 1.2468646755694148e-31 44
2.249304363439212e-14 4.479530505781618e-30 9.186941409838097e-29 9.917325032975042e-28 1.4234090595623686e-19 7.41879809677973e-46 2.0501991528011057e-28 1.2365863643739068e-46 2.1921206994164984e-35 43
2.249304363439212e-14 1.9535583613779987e-20 6.649527965636887e-27 4.920295484972993e-26 1.6246448961093678e-09 6.22456663992021e-12 2.0501991528011057e-28 2.6178113000684396e-15 1.2468646755694148e-31 48
2.249304363439212e-14 4.479530505781618e-30 9.186941409838097e-29 9.917325032975042e-28 1.901827115371049e-24 1.7072977136964296 2.0501991528011057e-28 1.2365863643739068e-46 2.1921206994164984e-35 43
2.249304363439212e-14 4.039195083236064e-06 9.186941409838097e-29 9.917325032975042e-28 1.6246448961093678e-09 7.41879809677973e-46 2.0501991528011057e-28 1.2365863643739068e-46 1.2468646755694148e-31 42
2.249304363439212e-14 9.107517922116748e-19 9.186941409838097e-29 9.917325032975042e-28 1.6246448961093678e-09 7.41879809677973e-46 2.0501991528011057e-28 1.2365863643739068e-46 2.1921206994164984e-35 43
2.249304363439212e-14 4.479530505781618e-30 9.186941409838097e-29 9.917325032975042e-28 1.4234090595623686e-19 2.658032275348269e-11 0.0823481699560196 1.2365863643739068e-46 0.0001456353742126713 42
2.249304363439212e-14 4.479530505781618e-30 9.186941409838097e-29 9.917325032975042e-28 1.4234090595623686e-19 7.41879809677973e-46 2.0501991528011057e-28 1.2365863643739068e-46 2.1921206994164984e-35 43
2.249304363439212e-14 1.9535583613779987e-20 2.7776089798701596e-11 6.408832083181617e-19 1.4234090595623686e-19 6.22456663992021e-12 0.0823481699560196 1.2365863643739068e-46 1.2468646755694148e-31 47
1.1986104134361035e-40 4.479530505781618e-30 9.186941409838097e-29 6.408832083181617e-19 1.6246448961093678e-09 0.0003235191086851054 9.889221471524737e-21 1.2365863643739068e-46 1.2468646755694148e-31 43
1.1986104134361035e-40 4.479530505781618e-30 9.186941409838097e-29 6.408832083181617e-19 1.4234090595623686e-19 7.41879809677973e-46 9.889221471524737e-21 1.2365863643739068e-46 2.1921206994164984e-35 43
2.249304363439212e-14 1.9535583613779987e-20 0.001049911281033924 9.917325032975042e-28 1.5121157056211798e-14 6.22456663992021e-12 0.0823481699560196 1.2365863643739068e-46 1.2468646755694148e-31 42
2.249304363439212e-14 1.9535583613779987e-20 9.186941409838097e-29 9.917325032975042e-28 1.4234090595623686e-19 2.658032275348269e-11 2.0501991528011057e-28 1.2365863643739068e-46 1.2468646755694148e-31 42
0.03 4.479530505781618e-30 9.186941409838097e-29 9.917325032975042e-28 1.901827115371049e-24 7.41879809677973e-46 2.0501991528011057e-28 1.2365863643739068e-46 2.1921206994164984e-35 42
2.249304363439212e-14 4.479530505781618e-30 9.186941409838097e-29 6.408832083181617e-19 1.4234090595623686e-19 7.41879809677973e-46 2.0501991528011057e-28 1.2365863643739068e-46 1.2468646755694148e-31 44
2.249304363439212e-14 4.479530505781618e-30 9.186941409838097e-29 9.917325032975042e-28 1.4234090595623686e-19 2.658032275348269e-11 0.0823481699560196 1.2365863643739068e-46 1.2468646755694148e-31 42
2.249304363439212e-14 4.479530505781618e-30 9.186941409838097e-29 6.408832083181617e-19 1.4234090595623686e-19 7.41879809677973e-46 9.889221471524737e-21 1.2365863643739068e-46 1.2468646755694148e-31 43
2.249304363439212e-14 4.479530505781618e-30 0.001049911281033924 9.917325032975042e-28 1.4234090595623686e-19 1.7072977136964296 2.0501991528011057e-28 1.2365863643739068e-46 1.2468646755694148e-31 43
2.249304363439212e-14 4.039195083236064e-06 9.186941409838097e-29 9.917325032975042e-28 1.901827115371049e-24 7.41879809677973e-46 2.0501991528011057e-28 1.2365863643739068e-46 1.2468646755694148e-31 42
2.249304363439212e-14 1.9535583613779987e-20 6.649527965636887e-27 4.920295484972993e-26 1.6246448961093678e-09 6.22456663992021e-12 2.0501991528011057e-28 2.6178113000684396e-15 1.2468646755694148e-31 48
2.249304363439212e-14 4.039195083236064e-06 2.7776089798701596e-11 9.917325032975042e-28 1.6246448961093678e-09 1.7072977136964296 7.680750297114171e-09 1.2365863643739068e-46 2.1921206994164984e-35 42
2.249304363439212e-14 4.479530505781618e-30 9.186941409838097e-29 9.917325032975042e-28 1.4234090595623686e-19 7.41879809677973e-46 2.0501991528011057e-28 1.2365863643739068e-46 1.2468646755694148e-31 42
2.249304363439212e-14 4.479530505781618e-30 9.186941409838097e-29 6.408832083181617e-19 1.4234090595623686e-19 1.7072977136964296 2.0501991528011057e-28 1.2365863643739068e-46 1.2468646755694148e-31 43
2.249304363439212e-14 4.479530505781618e-30 9.186941409838097e-29 9.917325032975042e-28 1.4234090595623686e-19 7.41879809677973e-46 2.0501991528011057e-28 1.2365863643739068e-46 1.2468646755694148e-31 42
2.249304363439212e-14 1.9535583613779987e-20 2.7776089798701596e-11 6.408832083181617e-19 1.4234090595623686e-19 6.22456663992021e-12 0.0823481699560196 1.2365863643739068e-46 1.2468646755694148e-31 47
2.249304363439212e-14 4.479530505781618e-30 4.9835640566596056e-05 4.920295484972993e-26 1.4234090595623686e-19 7.41879809677973e-46 0.0823481699560196 2.6178113000684396e-15 2.1921206994164984e-35 46
2.249304363439212e-14 1.9535583613779987e-20 0.001049911281033924 9.917325032975042e-28 1.5121157056211798e-14 6.22456663992021e-12 0.0823481699560196 1.2365863643739068e-46 1.2468646755694148e-31 44
5.686017410280495e-20 4.479530505781618e-30 2.7776089798701596e-11 9.917325032975042e-28 1.5121157056211798e-14 2.658032275348269e-11 1.2767175796322686e-13 1.2365863643739068e-46 1.2468646755694148e-31 43
2.249304363439212e-14 4.479530505781618e-30 9.186941409838097e-29 9.917325032975042e-28 1.4234090595623686e-19 7.41879809677973e-46 2.0501991528011057e-28 1.2365863643739068e-46 2.1921206994164984e-35 43
2.249304363439212e-14 4.479530505781618e-30 2.7776089798701596e-11 9.917325032975042e-28 1.4234090595623686e-19 1.7072977136964296 7.680750297114171e-09 1.2365863643739068e-46 1.2468646755694148e-31 42
2.249304363439212e-14 1.9535583613779987e-20 6.649527965636887e-27 4.920295484972993e-26 1.6246448961093678e-09 6.22456663992021e-12 2.0501991528011057e-28 2.6178113000684396e-15 1.2468646755694148e-31 48
2.249304363439212e-14 4.479530505781618e-30 4.9835640566596056e-05 4.920295484972993e-26 1.4234090595623686e-19 7.41879809677973e-46 0.0823481699560196 2.6178113000684396e-15 2.1921206994164984e-35 46
2.249304363439212e-14 4.039195083236064e-06 9.186941409838097e-29 9.917325032975042e-28 1.901827115371049e-24 7.41879809677973e-46 2.0501991528011057e-28 1.2365863643739068e-46 2.1921206994164984e-35 42
5.686017410280495e-20 9.107517922116748e-19 6.649527965636887e-27 9.917325032975042e-28 1.901827115371049e-24 6.22456663992021e-12 1.2767175796322686e-13 1.2365863643739068e-46 1.2468646755694148e-31 43
2.249304363439212e-14 4.479530505781618e-30 0.001049911281033924 9.917325032975042e-28 1.4234090595623686e-19 1.7072977136964296 2.0501991528011057e-28 1.2365863643739068e-46 1.2468646755694148e-31 43
1.1986104134361035e-40 4.479530505781618e-30 9.186941409838097e-29 6.408832083181617e-19 1.4234090595623686e-19 1.7072977136964296 9.889221471524737e-21 1.2365863643739068e-46 1.2468646755694148e-31 43
1.1986104134361035e-40 1.9535583613779987e-20 9.186941409838097e-29 4.920295484972993e-26 1.5121157056211798e-14 2.658032275348269e-11 9.889221471524737e-21 1.2365863643739068e-46 2.1921206994164984e-35 43
1.1986104134361035e-40 1.9535583613779987e-20 9.186941409838097e-29 9.917325032975042e-28 1.901827115371049e-24 0.0003235191086851054 9.889221471524737e-21 1.2365863643739068e-46 2.1921206994164984e-35 43
2.249304363439212e-14 4.479530505781618e-30 9.186941409838097e-29 6.408832083181617e-19 1.901827115371049e-24 7.41879809677973e-46 9.889221471524737e-21 1.2365863643739068e-46 1.2468646755694148e-31 43
1.1986104134361035e-40 4.039195083236064e-06 9.186941409838097e-29 4.920295484972993e-26 1.6246448961093678e-09 7.41879809677973e-46 9.889221471524737e-21 1.2365863643739068e-46 2.1921206994164984e-35 43
2.249304363439212e-14 4.479530505781618e-30 0.001049911281033924 9.917325032975042e-28 1.4234090595623686e-19 1.7072977136964296 2.0501991528011057e-28 1.2365863643739068e-46 2.1921206994164984e-35 43
2.249304363439212e-14 4.479530505781618e-30 9.186941409838097e-29 9.917325032975042e-28 1.4234090595623686e-19 7.41879809677973e-46 2.0501991528011057e-28 1.2365863643739068e-46 2.1921206994164984e-35 43
1.1986104134361035e-40 4.479530505781618e-30 9.186941409838097e-29 9.917325032975042e-28 1.901827115371049e-24 1.7072977136964296 2.0501991528011057e-28 1.2365863643739068e-46 1.2468646755694148e-31 44
2.249304363439212e-14 4.479530505781618e-30 9.186941409838097e-29 6.408832083181617e-19 1.4234090595623686e-19 7.41879809677973e-46 2.0501991528011057e-28 1.2365863643739068e-46 2.1921206994164984e-35 43
2.249304363439212e-14 4.039195083236064e-06 9.186941409838097e-29 6.408832083181617e-19 1.901827115371049e-24 7.41879809677973e-46 2.0501991528011057e-28 1.2365863643739068e-46 1.2468646755694148e-31 42
0.03 4.479530505781618e-30 9.186941409838097e-29 9.917325032975042e-28 1.901827115371049e-24 7.41879809677973e-46 2.0501991528011057e-28 1.2365863643739068e-46 2.1921206994164984e-35 42
2.249304363439212e-14 4.039195083236064e-06 2.7776089798701596e-11 9.917325032975042e-28 1.6246448961093678e-09 0.0003235191086851054 0.0823481699560196 1.2365863643739068e-46 2.1921206994164984e-35 43
1.1986104134361035e-40 9.107517922116748e-19 6.649527965636887e-27 9.917325032975042e-28 3.490397571447389e-06 7.41879809677973e-46 2.0501991528011057e-28 1.2365863643739068e-46 1.2468646755694148e-31 48
2.249304363439212e-14 1.9535583613779987e-20 9.186941409838097e-29 9.917325032975042e-28 1.4234090595623686e-19 1.7072977136964296 2.0501991528011057e-28 1.2365863643739068e-46 1.2468646755694148e-31 42
5.686017410280495e-20 1.9535583613779987e-20 2.7776089798701596e-11 9.917325032975042e-28 1.5121157056211798e-14 2.658032275348269e-11 1.2767175796322686e-13 1.2365863643739068e-46 1.2468646755694148e-31 43
2.249304363439212e-14 1.9535583613779987e-20 9.186941409838097e-29 9.917325032975042e-28 1.5121157056211798e-14 1.7072977136964296 2.0501991528011057e-28 1.05 1.2468646755694148e-31 42
5.686017410280495e-20 1.9535583613779987e-20 4.9835640566596056e-05 9.917325032975042e-28 1.5121157056211798e-14 0.0003235191086851054 2.0501991528011057e-28 2.6178113000684396e-15 1.2468646755694148e-31 48
1.1986104134361035e-40 4.479530505781618e-30 9.186941409838097e-29 6.408832083181617e-19 1.901827115371049e-24 7.41879809677973e-46 9.889221471524737e-21 1.2365863643739068e-46 1.2468646755694148e-31 43
2.249304363439212e-14 1.9535583613779987e-20 0.001049911281033924 9.917325032975042e-28 1.5121157056211798e-14 6.22456663992021e-12 0.0823481699560196 1.2365863643739068e-46 1.2468646755694148e-31 42
1.1986104134361035e-40 1.9535583613779987e-20 2.7776089798701596e-11 4.920295484972993e-26 1.5121157056211798e-14 7.41879809677973e-46 9.889221471524737e-21 2.6178113000684396e-15 1.2468646755694148e-31 46
5.686017410280495e-20 9.107517922116748e-19 6.649527965636887e-27 9.917325032975042e-28 1.901827115371049e-24 6.22456663992021e-12 1.2767175796322686e-13 1.2365863643739068e-46 1.2468646755694148e-31 43
2.249304363439212e-14 4.039195083236064e-06 9.186941409838097e-29 9.917325032975042e-28 1.901827115371049e-24 7.41879809677973e-46 2.0501991528011057e-28 1.2365863643739068e-46 1.2468646755694148e-31 42
1.1986104134361035e-40 1.9535583613779987e-20 2.7776089798701596e-11 4.920295484972993e-26 1.4234090595623686e-19 7.41879809677973e-46 9.889221471524737e-21 1.2365863643739068e-46 1.2468646755694148e-31 43
1.1986104134361035e-40 4.479530505781618e-30 9.186941409838097e-29 9.917325032975042e-28 1.901827115371049e-24 1.7072977136964296 2.0501991528011057e-28 1.2365863643739068e-46 1.2468646755694148e-31 44
2.249304363439212e-14 4.039195083236064e-06 9.186941409838097e-29 9.917325032975042e-28 1.901827115371049e-24 7.41879809677973e-46 2.0501991528011057e-28 1.2365863643739068e-46 1.2468646755694148e-31 42
2.249304363439212e-14 4.479530505781618e-30 9.186941409838097e-29 9.917325032975042e-28 1.4234090595623686e-19 0.0003235191086851054 0.0823481699560196 1.2365863643739068e-46 2.1921206994164984e-35 42
1.1986104134361035e-40 4.479530505781618e-30 9.186941409838097e-29 9.917325032975042e-28 1.4234090595623686e-19 1.7072977136964296 2.0501991528011057e-28 1.2365863643739068e-46 1.2468646755694148e-31 43
1.1986104134361035e-40 4.479530505781618e-30 9.186941409838097e-29 6.408832083181617e-19 1.901827115371049e-24 7.41879809677973e-46 9.889221471524737e-21 1.2365863643739068e-46 1.2468646755694148e-31 43
1.1986104134361035e-40 1.9535583613779987e-20 6.649527965636887e-27 4.920295484972993e-26 1.901827115371049e-24 2.658032275348269e-11 2.0501991528011057e-28 2.6178113000684396e-15 1.2468646755694148e-31 48
2.249304363439212e-14 1.9535583613779987e-20 9.186941409838097e-29 9.917325032975042e-28 1.5121157056211798e-14 0.0003235191086851054 7.680750297114171e-09 1.2365863643739068e-46 2.1921206994164984e-35 44
2.249304363439212e-14 1.9535583613779987e-20 2.7776089798701596e-11 4.920295484972993e-26 1.5121157056211798e-14 7.41879809677973e-46 0.0823481699560196 1.2365863643739068e-46 1.2468646755694148e-31 48
2.249304363439212e-14 4.479530505781618e-30 9.186941409838097e-29 6.408832083181617e-19 1.4234090595623686e-19 1.7072977136964296 2.0501991528011057e-28 1.2365863643739068e-46 0.0001456353742126713 42
1.1986104134361035e-40 1.9535583613779987e-20 6.649527965636887e-27 4.920295484972993e-26 1.6246448961093678e-09 6.22456663992021e-12 2.0501991528011057e-28 2.6178113000684396e-15 1.2468646755694148e-31 48
1.1986104134361035e-40 4.479530505781618e-30 9.186941409838097e-29 6.408832083181617e-19 1.901827115371049e-24 7.41879809677973e-46 9.889221471524737e-21 1.2365863643739068e-46 2.1921206994164984e-35 43
1.1986104134361035e-40 1.9535583613779987e-20 6.649527965636887e-27 4.920295484972993e-26 1.4234090595623686e-19 6.22456663992021e-12 0.0823481699560196 2.6178113000684396e-15 1.2468646755694148e-31 48
2.249304363439212e-14 1.9535583613779987e-20 9.186941409838097e-29 4.920295484972993e-26 1.5121157056211798e-14 7.41879809677973e-46 9.889221471524737e-21 2.6178113000684396e-15 1.2468646755694148e-31 48
2.249304363439212e-14 4.479530505781618e-30 9.186941409838097e-29 6.408832083181617e-19 1.4234090595623686e-19 7.41879809677973e-46 2.0501991528011057e-28 1.2365863643739068e-46 1.2468646755694148e-31 42
2.249304363439212e-14 1.9535583613779987e-20 6.649527965636887e-27 6.408832083181617e-19 1.5121157056211798e-14 0.0003235191086851054 1.2767175796322686e-13 1.2365863643739068e-46 2.1921206994164984e-35 43
2.249304363439212e-14 4.039195083236064e-06 9.186941409838097e-29 9.917325032975042e-28 1.901827115371049e-24 7.41879809677973e-46 2.0501991528011057e-28 1.2365863643739068e-46 2.1921206994164984e-35 42
2.249304363439212e-14 4.479530505781618e-30 9.186941409838097e-29 9.917325032975042e-28 1.4234090595623686e-19 0.0003235191086851054 0.0823481699560196 1.2365863643739068e-46 2.1921206994164984e-35 42
2.249304363439212e-14 9.107517922116748e-19 9.186941409838097e-29 9.917325032975042e-28 1.6246448961093678e-09 7.41879809677973e-46 2.0501991528011057e-28 1.2365863643739068e-46 2.1921206994164984e-35 43
2.249304363439212e-14 1.9535583613779987e-20 6.649527965636887e-27 4.920295484972993e-26 1.6246448961093678e-09 6.22456663992021e-12 2.0501991528011057e-28 2.6178113000684396e-15 1.2468646755694148e-31 48
2.249304363439212e-14 4.479530505781618e-30 9.186941409838097e-29 6.408832083181617e-19 1.4234090595623686e-19 1.7072977136964296 2.0501991528011057e-28 1.2365863643739068e-46 1.2468646755694148e-31 43
2.249304363439212e-14 1.9535583613779987e-20 6.649527965636887e-27 4.920295484972993e-26 1.6246448961093678e-09 6.22456663992021e-12 2.0501991528011057e-28 2.6178113000684396e-15 1.2468646755694148e-31 48
1.1986104134361035e-40 4.479530505781618e-30 9.186941409838097e-29 4.920295484972993e-26 1.4234090595623686e-19 7.41879809677973e-46 2.0501991528011057e-28 1.2365863643739068e-46 2.1921206994164984e-35 44
2.249304363439212e-14 4.479530505781618e-30 0.001049911281033924 6.408832083181617e-19 1.4234090595623686e-19 1.7072977136964296 2.0501991528011057e-28 1.2365863643739068e-46 2.1921206994164984e-35 43
2.249304363439212e-14 4.039195083236064e-06 6.649527965636887e-27 6.408832083181617e-19 1.6246448961093678e-09 0.0003235191086851054 1.2767175796322686e-13 1.2365863643739068e-46 1.2468646755694148e-31 46
1.1986104134361035e-40 1.9535583613779987e-20 6.649527965636887e-27 4.920295484972993e-26 1.6246448961093678e-09 6.22456663992021e-12 2.0501991528011057e-28 2.6178113000684396e-15 1.2468646755694148e-31 48
0.03 4.479530505781618e-30 9.186941409838097e-29 9.917325032975042e-28 1.901827115371049e-24 7.41879809677973e-46 2.0501991528011057e-28 1.2365863643739068e-46 2.1921206994164984e-35 42
2.249304363439212e-14 4.039195083236064e-06 9.186941409838097e-29 9.917325032975042e-28 1.901827115371049e-24 7.41879809677973e-46 2.0501991528011057e-28 1.2365863643739068e-46 1.2468646755694148e-31 42
1.1986104134361035e-40 4.479530505781618e-30 9.186941409838097e-29 6.408832083181617e-19 1.901827115371049e-24 7.41879809677973e-46 9.889221471524737e-21 1.2365863643739068e-46 1.2468646755694148e-31 43
2.249304363439212e-14 4.479530505781618e-30 9.186941409838097e-29 9.917325032975042e-28 1.4234090595623686e-19 7.41879809677973e-46 2.0501991528011057e-28 1.2365863643739068e-46 2.1921206994164984e-35 43
5.686017410280495e-20 1.9535583613779987e-20 2.7776089798701596e-11 9.917325032975042e-28 1.5121157056211798e-14 2.658032275348269e-11 1.2767175796322686e-13 1.2365863643739068e-46 1.2468646755694148e-31 43
2.249304363439212e-14 4.039195083236064e-06 9.186941409838097e-29 9.917325032975042e-28 1.901827115371049e-24 7.41879809677973e-46 2.0501991528011057e-28 1.2365863643739068e-46 1.2468646755694148e-31 42
2.249304363439212e-14 4.479530505781618e-30 9.186941409838097e-29 9.917325032975042e-28 1.4234090595623686e-19 2.658032275348269e-11 2.0501991528011057e-28 1.2365863643739068e-46 1.2468646755694148e-31 44
2.249304363439212e-14 4.479530505781618e-30 9.186941409838097e-29 9.917325032975042e-28 1.6246448961093678e-09 1.7072977136964296 2.0501991528011057e-28 1.2365863643739068e-46 2.1921206994164984e-35 42
0.03 4.479530505781618e-30 9.186941409838097e-29 9.917325032975042e-28 1.901827115371049e-24 7.41879809677973e-46 2.0501991528011057e-28 1.2365863643739068e-46 2.1921206994164984e-35 42
2.249304363439212e-14 4.479530505781618e-30 9.186941409838097e-29 9.917325032975042e-28 1.4234090595623686e-19 1.7072977136964296 2.0501991528011057e-28 1.2365863643739068e-46 1.2468646755694148e-31 42
5.686017410280495e-20 1.9535583613779987e-20 4.9835640566596056e-05 9.917325032975042e-28 1.5121157056211798e-14 0.0003235191086851054 2.0501991528011057e-28 2.6178113000684396e-15 1.2468646755694148e-31 48
2.249304363439212e-14 4.479530505781618e-30 9.186941409838097e-29 6.408832083181617e-19 1.4234090595623686e-19 7.41879809677973e-46 2.0501991528011057e-28 1.2365863643739068e-46 1.2468646755694148e-31 42
2.249304363439212e-14 4.479530505781618e-30 4.9835640566596056e-05 4.920295484972993e-26 1.4234090595623686e-19 7.41879809677973e-46 0.0823481699560196 2.6178113000684396e-15 2.1921206994164984e-35 46
1.1986104134361035e-40 4.479530505781618e-30 6.649527965636887e-27 4.920295484972993e-26 1.5121157056211798e-14 7.41879809677973e-46 9.889221471524737e-21 1.2365863643739068e-46 1.2468646755694148e-31 46
2.249304363439212e-14 4.039195083236064e-06 9.186941409838097e-29 9.917325032975042e-28 1.901827115371049e-24 7.41879809677973e-46 2.0501991528011057e-28 1.2365863643739068e-46 1.2468646755694148e-31 42
1.1986104134361035e-40 4.479530505781618e-30 9.186941409838097e-29 6.408832083181617e-19 1.6246448961093678e-09 7.41879809677973e-46 9.889221471524737e-21 1.2365863643739068e-46 2.1921206994164984e-35 42
1.1986104134361035e-40 4.479530505781618e-30 9.186941409838097e-29 9.917325032975042e-28 1.4234090595623686e-19 7.41879809677973e-46 9.889221471524737e-21 1.2365863643739068e-46 1.2468646755694148e-31 43
2.249304363439212e-14 1.9535583613779987e-20 6.649527965636887e-27 4.920295484972993e-26 1.901827115371049e-24 6.22456663992021e-12 2.0501991528011057e-28 2.6178113000684396e-15 1.2468646755694148e-31 48
2.249304363439212e-14 4.479530505781618e-30 9.186941409838097e-29 6.408832083181617e-19 1.4234090595623686e-19 7.41879809677973e-46 2.0501991528011057e-28 1.2365863643739068e-46 1.2468646755694148e-31 42
2.249304363439212e-14 4.039195083236064e-06 9.186941409838097e-29 6.408832083181617e-19 1.901827115371049e-24 7.41879809677973e-46 2.0501991528011057e-28 1.2365863643739068e-46 1.2468646755694148e-31 42
1.1986104134361035e-40 4.039195083236064e-06 2.7776089798701596e-11 6.408832083181617e-19 1.6246448961093678e-09 7.41879809677973e-46 2.0501991528011057e-28 1.2365863643739068e-46 1.2468646755694148e-31 43
2.249304363439212e-14 4.479530505781618e-30 9.186941409838097e-29 9.917325032975042e-28 1.6246448961093678e-09 1.7072977136964296 2.0501991528011057e-28 1.2365863643739068e-46 2.1921206994164984e-35 42
2.249304363439212e-14 4.479530505781618e-30 0.001049911281033924 9.917325032975042e-28 1.4234090595623686e-19 7.41879809677973e-46 9.889221471524737e-21 1.2365863643739068e-46 2.1921206994164984e-35 43
2.249304363439212e-14 4.479530505781618e-30 9.186941409838097e-29 6.408832083181617e-19 1.4234090595623686e-19 7.41879809677973e-46 2.0501991528011057e-28 1.2365863643739068e-46 2.1921206994164984e-35 43
1.1986104134361035e-40 4.479530505781618e-30 9.186941409838097e-29 6.408832083181617e-19 1.4234090595623686e-19 7.41879809677973e-46 9.889221471524737e-21 1.2365863643739068e-46 1.2468646755694148e-31 43
1.1986104134361035e-40 4.479530505781618e-30 9.186941409838097e-29 6.408832083181617e-19 1.901827115371049e-24 7.41879809677973e-46 9.889221471524737e-21 1.2365863643739068e-46 1.2468646755694148e-31 43
1.1986104134361035e-40 4.479530505781618e-30 6.649527965636887e-27 4.920295484972993e-26 1.5121157056211798e-14 7.41879809677973e-46 9.889221471524737e-21 1.2365863643739068e-46 1.2468646755694148e-31 46
2.249304363439212e-14 1.9535583613779987e-20 6.649527965636887e-27 4.920295484972993e-26 1.901827115371049e-24 6.22456663992021e-12 2.0501991528011057e-28 2.6178113000684396e-15 1.2468646755694148e-31 48
2.249304363439212e-14 1.9535583613779987e-20 6.649527965636887e-27 6.408832083181617e-19 1.5121157056211798e-14 0.0003235191086851054 1.2767175796322686e-13 1.2365863643739068e-46 2.1921206994164984e-35 43
5.686017410280495e-20 1.9535583613779987e-20 2.7776089798701596e-11 9.917325032975042e-28 1.5121157056211798e-14 2.658032275348269e-11 1.2767175796322686e-13 1.2365863643739068e-46 1.2468646755694148e-31 43
1.1986104134361035e-40 4.039195083236064e-06 2.7776089798701596e-11 6.408832083181617e-19 1.6246448961093678e-09 7.41879809677973e-46 2.0501991528011057e-28 1.05 2.1921206994164984e-35 43
1.1986104134361035e-40 4.479530505781618e-30 9.186941409838097e-29 6.408832083181617e-19 1.6246448961093678e-09 7.41879809677973e-46 9.889221471524737e-21 1.2365863643739068e-46 2.1921206994164984e-35 42
2.249304363439212e-14 4.479530505781618e-30 0.001049911281033924 6.408832083181617e-19 1.4234090595623686e-19 1.7072977136964296 2.0501991528011057e-28 1.2365863643739068e-46 2.1921206994164984e-35 43
5.686017410280495e-20 1.9535583613779987e-20 2.7776089798701596e-11 9.917325032975042e-28 1.5121157056211798e-14 2.658032275348269e-11 1.2767175796322686e-13 1.2365863643739068e-46 1.2468646755694148e-31 43
2.249304363439212e-14 1.9535583613779987e-20 0.001049911281033924 9.917325032975042e-28 1.5121157056211798e-14 2.658032275348269e-11 0.0823481699560196 1.2365863643739068e-46 1.2468646755694148e-31 42
1.1986104134361035e-40 4.039195083236064e-06 9.186941409838097e-29 6.408832083181617e-19 1.6246448961093678e-09 7.41879809677973e-46 9.889221471524737e-21 1.2365863643739068e-46 1.2468646755694148e-31 43
2.249304363439212e-14 4.479530505781618e-30 9.186941409838097e-29 9.917325032975042e-28 1.4234090595623686e-19 7.41879809677973e-46 2.0501991528011057e-28 1.2365863643739068e-46 1.2468646755694148e-31 48
2.249304363439212e-14 4.479530505781618e-30 9.186941409838097e-29 9.917325032975042e-28 1.4234090595623686e-19 0.0003235191086851054 0.0823481699560196 1.2365863643739068e-46 2.1921206994164984e-35 42
1.1986104134361035e-40 1.9535583613779987e-20 9.186941409838097e-29 4.920295484972993e-26 1.5121157056211798e-14 2.658032275348269e-11 9.889221471524737e-21 1.2365863643739068e-46 2.1921206994164984e-35 43
1.1986104134361035e-40 4.479530505781618e-30 9.186941409838097e-29 9.917325032975042e-28 1.4234090595623686e-19 1.7072977136964296 2.0501991528011057e-28 1.2365863643739068e-46 1.2468646755694148e-31 42
