6.331012714140778 1.4933233144029565e-15 0.03908017932304243 2.4550081682114492e-14 3.895770863945711e-12 1.8007614168029254e-07 1.8533406286995877 1.1067187695366613e-23 6.838648906266449e-14 42
1.9010713779556174e-29 9.055837165181753e-05 1.0583332005478012e-09 6.628283417191193e-09 1.1573885299888978e-06 3.072545516250706e-36 8.244187239371949e-17 1.1067187695366613e-23 6.838648906266449e-14 43
1.9010713779556174e-29 1.7813285414349443e-08 1.803599802641233e-14 6.628283417191193e-09 2.282149323185177e-18 288.38562844126574 6.847543456966093e-15 1.1067187695366613e-23 6.838648906266449e-14 42
1.9010713779556174e-29 1.4933233144029565e-15 7.493608019334998e-19 8.221786409837945e-23 1.1573885299888978e-06 1.8881599884255523e-09 8.244187239371949e-17 4.994473163823433e-11 6.838648906266449e-14 48
6.331012714140778 9.055837165181753e-05 7.493608019334998e-19 6.628283417191193e-09 1.1573885299888978e-06 288.38562844126574 2.5466158150049094e-09 1.1067187695366613e-23 6.838648906266449e-14 46
6.331012714140778 1.7813285414349443e-08 1.803599802641233e-14 6.628283417191193e-09 2.0357280629873636e-05 3.072545516250706e-36 6.847543456966093e-15 1.1067187695366613e-23 6.838648906266449e-14 43
1.9010713779556174e-29 1.7813285414349443e-08 1.803599802641233e-14 6.628283417191193e-09 1.1573885299888978e-06 1.8007614168029254e-07 8.244187239371949e-17 1.1067187695366613e-23 5.3812368259327175e-28 43
6.331012714140778 1.7813285414349443e-08 1.803599802641233e-14 6.628283417191193e-09 2.282149323185177e-18 3.072545516250706e-36 6.847543456966093e-15 1.1067187695366613e-23 6.838648906266449e-14 43
6.331012714140778 9.055837165181753e-05 7.493608019334998e-19 6.628283417191193e-09 1.1573885299888978e-06 288.38562844126574 2.5466158150049094e-09 1.1067187695366613e-23 6.838648906266449e-14 46
6.331012714140778 5.717192986005894e-20 0.0006794710781302743 6.628283417191193e-09 1.1573885299888978e-06 3.072545516250706e-36 2.5466158150049094e-09 1.1067187695366613e-23 6.838648906266449e-14 46
1.9010713779556174e-29 1.7813285414349443e-08 1.803599802641233e-14 6.628283417191193e-09 2.0357280629873636e-05 3.072545516250706e-36 6.847543456966093e-15 1.1067187695366613e-23 6.838648906266449e-14 43
6.331012714140778 1.7813285414349443e-08 1.803599802641233e-14 2.4550081682114492e-14 2.282149323185177e-18 3.072545516250706e-36 6.847543456966093e-15 1.1067187695366613e-23 6.838648906266449e-14 42
6.331012714140778 1.7813285414349443e-08 1.803599802641233e-14 6.628283417191193e-09 2.282149323185177e-18 3.072545516250706e-36 6.847543456966093e-15 1.1067187695366613e-23 6.838648906266449e-14 43
6.331012714140778 1.4933233144029565e-15 0.03908017932304243 2.4550081682114492e-14 3.895770863945711e-12 1.8007614168029254e-07 1.8533406286995877 1.1067187695366613e-23 6.838648906266449e-14 42
6.331012714140778 1.4933233144029565e-15 1.803599802641233e-14 0.42 2.0357280629873636e-05 1.8007614168029254e-07 8.244187239371949e-17 1.1067187695366613e-23 6.838648906266449e-14 42
1.9010713779556174e-29 1.4933233144029565e-15 7.493608019334998e-19 8.221786409837945e-23 2.282149323185177e-18 1.8881599884255523e-09 8.244187239371949e-17 4.994473163823433e-11 6.838648906266449e-14 48
6.331012714140778 1.7813285414349443e-08 1.803599802641233e-14 2.4550081682114492e-14 2.0357280629873636e-05 3.072545516250706e-36 8.244187239371949e-17 1.1067187695366613e-23 6.838648906266449e-14 42
1.9010713779556174e-29 1.7813285414349443e-08 1.803599802641233e-14 6.628283417191193e-09 2.282149323185177e-18 3.072545516250706e-36 6.847543456966093e-15 1.1067187695366613e-23 5.3812368259327175e-28 43
1.9010713779556174e-29 1.4933233144029565e-15 1.0583332005478012e-09 8.221786409837945e-23 2.0357280629873636e-05 3.072545516250706e-36 6.847543456966093e-15 1.1067187695366613e-23 6.838648906266449e-14 43
1.9010713779556174e-29 1.7813285414349443e-08 1.803599802641233e-14 2.4550081682114492e-14 2.0357280629873636e-05 3.072545516250706e-36 8.244187239371949e-17 1.1067187695366613e-23 6.838648906266449e-14 44
6.331012714140778 9.055837165181753e-05 1.803599802641233e-14 2.4550081682114492e-14 2.282149323185177e-18 3.072545516250706e-36 8.244187239371949e-17 1.1067187695366613e-23 5.3812368259327175e-28 42
6.331012714140778 5.717192986005894e-20 0.0006794710781302743 6.628283417191193e-09 1.1573885299888978e-06 3.072545516250706e-36 2.5466158150049094e-09 1.1067187695366613e-23 6.838648906266449e-14 46
6.331012714140778 5.717192986005894e-20 0.0006794710781302743 6.628283417191193e-09 1.1573885299888978e-06 3.072545516250706e-36 2.5466158150049094e-09 1.1067187695366613e-23 6.838648906266449e-14 46
1.9010713779556174e-29 1.7813285414349443e-08 1.803599802641233e-14 6.628283417191193e-09 2.282149323185177e-18 96272.17635886013 8.244187239371949e-17 1.1067187695366613e-23 6.838648906266449e-14 43
1.9010713779556174e-29 1.4933233144029565e-15 1.0583332005478012e-09 8.221786409837945e-23 3.895770863945711e-12 3.072545516250706e-36 6.847543456966093e-15 4.994473163823433e-11 6.838648906266449e-14 46
6.331012714140778 1.7813285414349443e-08 7.493608019334998e-19 6.628283417191193e-09 1.1573885299888978e-06 1.8007614168029254e-07 2.5466158150049094e-09 1.1067187695366613e-23 5.3812368259327175e-28 46
6.331012714140778 9.055837165181753e-05 1.0583332005478012e-09 2.4550081682114492e-14 1.1573885299888978e-06 288.38562844126574 1.8533406286995877 1.1067187695366613e-23 5.3812368259327175e-28 43
6.331012714140778 9.055837165181753e-05 1.803599802641233e-14 6.628283417191193e-09 2.282149323185177e-18 3.072545516250706e-36 8.244187239371949e-17 1.1067187695366613e-23 6.838648906266449e-14 42
6.331012714140778 9.055837165181753e-05 1.803599802641233e-14 2.4550081682114492e-14 1.1573885299888978e-06 3.072545516250706e-36 8.244187239371949e-17 1.1067187695366613e-23 0.004627578811411555 42
6.331012714140778 1.7813285414349443e-08 1.803599802641233e-14 2.4550081682114492e-14 2.0357280629873636e-05 1.8007614168029254e-07 8.244187239371949e-17 1.1067187695366613e-23 6.838648906266449e-14 42
6.331012714140778 1.4933233144029565e-15 1.0583332005478012e-09 6.628283417191193e-09 2.0357280629873636e-05 1.8881599884255523e-09 1.8533406286995877 1.1067187695366613e-23 6.838648906266449e-14 47
0.03 1.7813285414349443e-08 1.0583332005478012e-09 8.221786409837945e-23 2.0357280629873636e-05 3.072545516250706e-36 6.847543456966093e-15 4.994473163823433e-11 6.838648906266449e-14 48
6.331012714140778 1.4933233144029565e-15 1.0583332005478012e-09 8.221786409837945e-23 3.895770863945711e-12 3.072545516250706e-36 1.8533406286995877 1.1067187695366613e-23 6.838648906266449e-14 48
6.331012714140778 1.7813285414349443e-08 0.03908017932304243 2.4550081682114492e-14 2.0357280629873636e-05 3.072545516250706e-36 6.847543456966093e-15 1.1067187695366613e-23 5.3812368259327175e-28 43
1.9010713779556174e-29 1.7813285414349443e-08 1.803599802641233e-14 2.4550081682114492e-14 2.0357280629873636e-05 96272.17635886013 8.244187239371949e-17 1.1067187695366613e-23 6.838648906266449e-14 42
6.331012714140778 1.7813285414349443e-08 1.803599802641233e-14 2.4550081682114492e-14 1.1573885299888978e-06 96272.17635886013 8.244187239371949e-17 1.1067187695366613e-23 6.838648906266449e-14 42
1.9010713779556174e-29 9.055837165181753e-05 1.803599802641233e-14 6.628283417191193e-09 1.1573885299888978e-06 3.072545516250706e-36 6.847543456966093e-15 1.1067187695366613e-23 6.838648906266449e-14 43
1.9010713779556174e-29 1.4933233144029565e-15 7.493608019334998e-19 8.221786409837945e-23 2.282149323185177e-18 1.8007614168029254e-07 2.6288441782919657e-05 4.994473163823433e-11 6.838648906266449e-14 48
1.9010713779556174e-29 9.055837165181753e-05 1.803599802641233e-14 6.628283417191193e-09 2.282149323185177e-18 3.072545516250706e-36 6.847543456966093e-15 1.1067187695366613e-23 5.3812368259327175e-28 42
6.331012714140778 1.7813285414349443e-08 1.803599802641233e-14 6.628283417191193e-09 2.282149323185177e-18 3.072545516250706e-36 6.847543456966093e-15 1.1067187695366613e-23 6.838648906266449e-14 43
6.331012714140778 9.055837165181753e-05 1.803599802641233e-14 2.4550081682114492e-14 1.1573885299888978e-06 3.072545516250706e-36 8.244187239371949e-17 1.1067187695366613e-23 0.004627578811411555 42
6.331012714140778 1.7813285414349443e-08 1.803599802641233e-14 2.4550081682114492e-14 2.0357280629873636e-05 3.072545516250706e-36 8.244187239371949e-17 1.1067187695366613e-23 6.838648906266449e-14 48
6.331012714140778 5.717192986005894e-20 0.0006794710781302743 6.628283417191193e-09 1.1573885299888978e-06 3.072545516250706e-36 2.5466158150049094e-09 1.1067187695366613e-23 6.838648906266449e-14 46
6.331012714140778 1.7813285414349443e-08 1.0583332005478012e-09 6.628283417191193e-09 2.0357280629873636e-05 96272.17635886013 1.8533406286995877 4.994473163823433e-11 5.3812368259327175e-28 43
1.9010713779556174e-29 1.7813285414349443e-08 1.803599802641233e-14 6.628283417191193e-09 2.282149323185177e-18 3.072545516250706e-36 6.847543456966093e-15 1.1067187695366613e-23 6.838648906266449e-14 43
6.331012714140778 1.7813285414349443e-08 1.0583332005478012e-09 6.628283417191193e-09 2.282149323185177e-18 3.072545516250706e-36 8.244187239371949e-17 1.05 6.838648906266449e-14 43
6.331012714140778 1.7813285414349443e-08 1.803599802641233e-14 2.4550081682114492e-14 2.0357280629873636e-05 3.072545516250706e-36 8.244187239371949e-17 1.1067187695366613e-23 5.3812368259327175e-28 43
1.9010713779556174e-29 1.4933233144029565e-15 0.0006794710781302743 8.221786409837945e-23 2.282149323185177e-18 1.8881599884255523e-09 8.244187239371949e-17 4.994473163823433e-11 6.838648906266449e-14 48
1.9010713779556174e-29 1.7813285414349443e-08 1.803599802641233e-14 2.4550081682114492e-14 2.0357280629873636e-05 96272.17635886013 8.244187239371949e-17 1.1067187695366613e-23 6.838648906266449e-14 42
6.331012714140778 1.7813285414349443e-08 1.803599802641233e-14 2.4550081682114492e-14 2.0357280629873636e-05 3.072545516250706e-36 8.244187239371949e-17 1.1067187695366613e-23 5.3812368259327175e-28 43
6.331012714140778 1.7813285414349443e-08 7.493608019334998e-19 2.4550081682114492e-14 4.740654555321619e-05 1.8881599884255523e-09 2.5466158150049094e-09 1.1067187695366613e-23 6.838648906266449e-14 43
6.331012714140778 1.7813285414349443e-08 1.803599802641233e-14 6.628283417191193e-09 2.0357280629873636e-05 3.072545516250706e-36 8.244187239371949e-17 1.1067187695366613e-23 6.838648906266449e-14 42
1.9010713779556174e-29 5.717192986005894e-20 7.493608019334998e-19 2.4550081682114492e-14 4.740654555321619e-05 3.072545516250706e-36 8.244187239371949e-17 1.1067187695366613e-23 6.838648906266449e-14 48
1.9010713779556174e-29 1.7813285414349443e-08 1.803599802641233e-14 6.628283417191193e-09 2.282149323185177e-18 3.072545516250706e-36 6.847543456966093e-15 1.1067187695366613e-23 6.838648906266449e-14 43
6.331012714140778 1.7813285414349443e-08 1.803599802641233e-14 2.4550081682114492e-14 2.0357280629873636e-05 1.8007614168029254e-07 1.8533406286995877 1.1067187695366613e-23 6.838648906266449e-14 42
6.331012714140778 1.7813285414349443e-08 0.03908017932304243 2.4550081682114492e-14 3.895770863945711e-12 1.8007614168029254e-07 8.244187239371949e-17 1.1067187695366613e-23 6.838648906266449e-14 42
6.331012714140778 1.7813285414349443e-08 1.803599802641233e-14 2.4550081682114492e-14 2.282149323185177e-18 3.072545516250706e-36 6.847543456966093e-15 1.1067187695366613e-23 6.838648906266449e-14 42
1.9010713779556174e-29 1.4933233144029565e-15 0.0006794710781302743 8.221786409837945e-23 2.282149323185177e-18 1.8881599884255523e-09 8.244187239371949e-17 4.994473163823433e-11 6.838648906266449e-14 48
5.449020293594375e-19 1.4933233144029565e-15 0.0006794710781302743 2.4550081682114492e-14 3.895770863945711e-12 288.38562844126574 8.244187239371949e-17 4.994473163823433e-11 6.838648906266449e-14 48
6.331012714140778 1.4933233144029565e-15 1.803599802641233e-14 2.4550081682114492e-14 2.0357280629873636e-05 1.8007614168029254e-07 8.244187239371949e-17 1.1067187695366613e-23 6.838648906266449e-14 42
6.331012714140778 1.4933233144029565e-15 1.803599802641233e-14 2.4550081682114492e-14 2.0357280629873636e-05 96272.17635886013 8.244187239371949e-17 1.1067187695366613e-23 6.838648906266449e-14 42
6.331012714140778 1.7813285414349443e-08 1.803599802641233e-14 2.4550081682114492e-14 2.282149323185177e-18 1.8007614168029254e-07 8.244187239371949e-17 1.1067187695366613e-23 6.838648906266449e-14 44
6.331012714140778 1.7813285414349443e-08 1.0583332005478012e-09 6.628283417191193e-09 2.0357280629873636e-05 96272.17635886013 1.8533406286995877 4.994473163823433e-11 5.3812368259327175e-28 43
1.9010713779556174e-29 1.7813285414349443e-08 1.803599802641233e-14 6.628283417191193e-09 2.0357280629873636e-05 3.072545516250706e-36 6.847543456966093e-15 1.1067187695366613e-23 6.838648906266449e-14 43
1.9010713779556174e-29 1.7813285414349443e-08 1.803599802641233e-14 6.628283417191193e-09 2.282149323185177e-18 3.072545516250706e-36 6.847543456966093e-15 1.1067187695366613e-23 5.3812368259327175e-28 43
1.9010713779556174e-29 1.4933233144029565e-15 1.803599802641233e-14 2.4550081682114492e-14 2.282149323185177e-18 288.38562844126574 6.847543456966093e-15 1.1067187695366613e-23 5.3812368259327175e-28 43
1.9010713779556174e-29 1.4933233144029565e-15 1.0583332005478012e-09 8.221786409837945e-23 2.0357280629873636e-05 3.072545516250706e-36 6.847543456966093e-15 1.1067187695366613e-23 6.838648906266449e-14 43
6.331012714140778 1.4933233144029565e-15 7.493608019334998e-19 8.221786409837945e-23 1.1573885299888978e-06 1.8881599884255523e-09 8.244187239371949e-17 4.994473163823433e-11 6.838648906266449e-14 48
6.331012714140778 1.7813285414349443e-08 1.803599802641233e-14 2.4550081682114492e-14 2.0357280629873636e-05 1.8007614168029254e-07 8.244187239371949e-17 1.1067187695366613e-23 6.838648906266449e-14 42
6.331012714140778 1.4933233144029565e-15 1.803599802641233e-14 0.42 2.0357280629873636e-05 1.8007614168029254e-07 8.244187239371949e-17 1.1067187695366613e-23 6.838648906266449e-14 42
5.449020293594375e-19 5.717192986005894e-20 7.493608019334998e-19 2.4550081682114492e-14 1.1573885299888978e-06 1.8881599884255523e-09 2.5466158150049094e-09 1.1067187695366613e-23 6.838648906266449e-14 43
1.9010713779556174e-29 9.055837165181753e-05 1.803599802641233e-14 6.628283417191193e-09 2.282149323185177e-18 3.072545516250706e-36 6.847543456966093e-15 1.1067187695366613e-23 5.3812368259327175e-28 42
6.331012714140778 1.4933233144029565e-15 7.493608019334998e-19 8.221786409837945e-23 1.1573885299888978e-06 1.8881599884255523e-09 8.244187239371949e-17 4.994473163823433e-11 6.838648906266449e-14 48
6.331012714140778 1.7813285414349443e-08 1.803599802641233e-14 2.4550081682114492e-14 2.0357280629873636e-05 3.072545516250706e-36 8.244187239371949e-17 1.1067187695366613e-23 5.3812368259327175e-28 43
6.331012714140778 1.7813285414349443e-08 0.03908017932304243 6.628283417191193e-09 2.0357280629873636e-05 96272.17635886013 8.244187239371949e-17 1.1067187695366613e-23 5.3812368259327175e-28 43
6.331012714140778 1.7813285414349443e-08 1.803599802641233e-14 6.628283417191193e-09 2.0357280629873636e-05 96272.17635886013 8.244187239371949e-17 1.1067187695366613e-23 6.838648906266449e-14 44
0.03 1.4933233144029565e-15 7.493608019334998e-19 0.44999999999999996 4.740654555321619e-05 1.8881599884255523e-09 6.847543456966093e-15 1.1067187695366613e-23 6.838648906266449e-14 47
1.9010713779556174e-29 1.7813285414349443e-08 1.803599802641233e-14 2.4550081682114492e-14 2.0357280629873636e-05 96272.17635886013 8.244187239371949e-17 1.1067187695366613e-23 6.838648906266449e-14 43
6.331012714140778 1.7813285414349443e-08 1.803599802641233e-14 2.4550081682114492e-14 2.0357280629873636e-05 288.38562844126574 1.8533406286995877 1.1067187695366613e-23 5.3812368259327175e-28 42
6.331012714140778 1.7813285414349443e-08 1.0583332005478012e-09 6.628283417191193e-09 2.0357280629873636e-05 96272.17635886013 1.8533406286995877 4.994473163823433e-11 5.3812368259327175e-28 43
1.9010713779556174e-29 1.4933233144029565e-15 1.803599802641233e-14 8.221786409837945e-23 3.895770863945711e-12 1.8007614168029254e-07 6.847543456966093e-15 1.1067187695366613e-23 5.3812368259327175e-28 43
0.03 1.4933233144029565e-15 7.493608019334998e-19 0.44999999999999996 4.740654555321619e-05 1.8881599884255523e-09 6.847543456966093e-15 1.1067187695366613e-23 6.838648906266449e-14 47
1.9010713779556174e-29 1.7813285414349443e-08 1.803599802641233e-14 6.628283417191193e-09 2.0357280629873636e-05 96272.17635886013 6.847543456966093e-15 1.1067187695366613e-23 6.838648906266449e-14 43
1.9010713779556174e-29 1.7813285414349443e-08 7.493608019334998e-19 8.221786409837945e-23 3.895770863945711e-12 3.072545516250706e-36 6.847543456966093e-15 1.1067187695366613e-23 6.838648906266449e-14 46
6.331012714140778 9.055837165181753e-05 1.803599802641233e-14 2.4550081682114492e-14 2.282149323185177e-18 3.072545516250706e-36 8.244187239371949e-17 1.1067187695366613e-23 5.3812368259327175e-28 42
6.331012714140778 9.055837165181753e-05 1.803599802641233e-14 2.4550081682114492e-14 2.282149323185177e-18 3.072545516250706e-36 8.244187239371949e-17 1.1067187695366613e-23 5.3812368259327175e-28 42
6.331012714140778 1.4933233144029565e-15 7.493608019334998e-19 8.221786409837945e-23 1.1573885299888978e-06 1.8881599884255523e-09 8.244187239371949e-17 4.994473163823433e-11 6.838648906266449e-14 48
6.331012714140778 1.4933233144029565e-15 1.803599802641233e-14 2.4550081682114492e-14 2.0357280629873636e-05 96272.17635886013 6.847543456966093e-15 1.1067187695366613e-23 6.838648906266449e-14 42
6.331012714140778 1.7813285414349443e-08 0.03908017932304243 2.4550081682114492e-14 2.0357280629873636e-05 96272.17635886013 8.244187239371949e-17 1.1067187695366613e-23 5.3812368259327175e-28 43
6.331012714140778 1.7813285414349443e-08 1.0583332005478012e-09 2.4550081682114492e-14 2.0357280629873636e-05 96272.17635886013 2.6288441782919657e-05 1.1067187695366613e-23 6.838648906266449e-14 42
6.331012714140778 1.7813285414349443e-08 1.803599802641233e-14 2.4550081682114492e-14 2.282149323185177e-18 3.072545516250706e-36 8.244187239371949e-17 1.1067187695366613e-23 6.838648906266449e-14 42
6.331012714140778 1.7813285414349443e-08 1.803599802641233e-14 2.4550081682114492e-14 2.282149323185177e-18 1.8007614168029254e-07 8.244187239371949e-17 1.1067187695366613e-23 6.838648906266449e-14 44
1.9010713779556174e-29 1.4933233144029565e-15 1.0583332005478012e-09 8.221786409837945e-23 2.0357280629873636e-05 3.072545516250706e-36 6.847543456966093e-15 1.1067187695366613e-23 6.838648906266449e-14 43
6.331012714140778 9.055837165181753e-05 1.0583332005478012e-09 2.4550081682114492e-14 1.1573885299888978e-06 288.38562844126574 1.8533406286995877 1.1067187695366613e-23 5.3812368259327175e-28 43
6.331012714140778 1.4933233144029565e-15 7.493608019334998e-19 8.221786409837945e-23 2.0357280629873636e-05 3.072545516250706e-36 6.847543456966093e-15 4.994473163823433e-11 6.838648906266449e-14 48
6.331012714140778 1.4933233144029565e-15 1.803599802641233e-14 2.4550081682114492e-14 2.0357280629873636e-05 96272.17635886013 6.847543456966093e-15 1.1067187695366613e-23 6.838648906266449e-14 42
6.331012714140778 1.4933233144029565e-15 1.803599802641233e-14 8.221786409837945e-23 3.895770863945711e-12 3.072545516250706e-36 6.847543456966093e-15 4.994473163823433e-11 6.838648906266449e-14 48
1.9010713779556174e-29 1.7813285414349443e-08 1.803599802641233e-14 6.628283417191193e-09 2.282149323185177e-18 288.38562844126574 6.847543456966093e-15 1.1067187695366613e-23 6.838648906266449e-14 42
1.9010713779556174e-29 1.4933233144029565e-15 7.493608019334998e-19 8.221786409837945e-23 2.282149323185177e-18 1.8881599884255523e-09 8.244187239371949e-17 4.994473163823433e-11 6.838648906266449e-14 48
6.331012714140778 1.4933233144029565e-15 7.493608019334998e-19 8.221786409837945e-23 1.1573885299888978e-06 1.8881599884255523e-09 8.244187239371949e-17 4.994473163823433e-11 6.838648906266449e-14 48
6.331012714140778 9.055837165181753e-05 1.803599802641233e-14 2.4550081682114492e-14 1.1573885299888978e-06 3.072545516250706e-36 8.244187239371949e-17 1.1067187695366613e-23 0.004627578811411555 42
5.449020293594375e-19 9.055837165181753e-05 7.493608019334998e-19 2.4550081682114492e-14 2.0357280629873636e-05 1.8007614168029254e-07 2.5466158150049094e-09 1.1067187695366613e-23 6.838648906266449e-14 43
5.449020293594375e-19 5.717192986005894e-20 7.493608019334998e-19 2.4550081682114492e-14 1.1573885299888978e-06 1.8881599884255523e-09 2.5466158150049094e-09 1.1067187695366613e-23 6.838648906266449e-14 43
6.331012714140778 1.7813285414349443e-08 1.0583332005478012e-09 2.4550081682114492e-14 2.0357280629873636e-05 96272.17635886013 2.6288441782919657e-05 1.1067187695366613e-23 6.838648906266449e-14 42
1.9010713779556174e-29 9.055837165181753e-05 1.803599802641233e-14 8.221786409837945e-23 1.1573885299888978e-06 3.072545516250706e-36 6.847543456966093e-15 1.1067187695366613e-23 5.3812368259327175e-28 43
6.331012714140778 1.7813285414349443e-08 0.0006794710781302743 8.221786409837945e-23 2.0357280629873636e-05 3.072545516250706e-36 1.8533406286995877 4.994473163823433e-11 5.3812368259327175e-28 46
6.331012714140778 1.7813285414349443e-08 7.493608019334998e-19 6.628283417191193e-09 1.1573885299888978e-06 1.8007614168029254e-07 2.5466158150049094e-09 1.1067187695366613e-23 5.3812368259327175e-28 46
1.9010713779556174e-29 1.7813285414349443e-08 1.803599802641233e-14 6.628283417191193e-09 2.282149323185177e-18 3.072545516250706e-36 6.847543456966093e-15 1.1067187695366613e-23 6.838648906266449e-14 43
6.331012714140778 1.4933233144029565e-15 7.493608019334998e-19 8.221786409837945e-23 2.0357280629873636e-05 1.8881599884255523e-09 1.8533406286995877 1.1067187695366613e-23 6.838648906266449e-14 47
1.9010713779556174e-29 1.4933233144029565e-15 7.493608019334998e-19 8.221786409837945e-23 2.282149323185177e-18 1.8881599884255523e-09 8.244187239371949e-17 4.994473163823433e-11 6.838648906266449e-14 48
1.9010713779556174e-29 9.055837165181753e-05 1.0583332005478012e-09 6.628283417191193e-09 1.1573885299888978e-06 3.072545516250706e-36 8.244187239371949e-17 1.1067187695366613e-23 6.838648906266449e-14 43
1.9010713779556174e-29 1.7813285414349443e-08 1.803599802641233e-14 2.4550081682114492e-14 2.0357280629873636e-05 96272.17635886013 8.244187239371949e-17 1.1067187695366613e-23 6.838648906266449e-14 43
0.03 1.7813285414349443e-08 1.803599802641233e-14 2.4550081682114492e-14 2.282149323185177e-18 3.072545516250706e-36 8.244187239371949e-17 1.1067187695366613e-23 5.3812368259327175e-28 42
0.03 1.4933233144029565e-15 7.493608019334998e-19 0.44999999999999996 4.740654555321619e-05 1.8881599884255523e-09 6.847543456966093e-15 1.1067187695366613e-23 6.838648906266449e-14 47
6.331012714140778 1.7813285414349443e-08 1.803599802641233e-14 2.4550081682114492e-14 2.0357280629873636e-05 3.072545516250706e-36 8.244187239371949e-17 1.1067187695366613e-23 6.838648906266449e-14 42
6.331012714140778 9.055837165181753e-05 1.803599802641233e-14 2.4550081682114492e-14 1.1573885299888978e-06 3.072545516250706e-36 8.244187239371949e-17 1.1067187695366613e-23 6.838648906266449e-14 42
6.331012714140778 1.4933233144029565e-15 1.0583332005478012e-09 6.628283417191193e-09 2.0357280629873636e-05 1.8881599884255523e-09 1.8533406286995877 1.1067187695366613e-23 6.838648906266449e-14 47
1.9010713779556174e-29 1.7813285414349443e-08 7.493608019334998e-19 8.221786409837945e-23 3.895770863945711e-12 3.072545516250706e-36 6.847543456966093e-15 1.1067187695366613e-23 6.838648906266449e-14 46
6.331012714140778 1.7813285414349443e-08 1.803599802641233e-14 6.628283417191193e-09 2.0357280629873636e-05 96272.17635886013 8.244187239371949e-17 1.1067187695366613e-23 0.004627578811411555 42
6.331012714140778 1.7813285414349443e-08 0.03908017932304243 2.4550081682114492e-14 2.0357280629873636e-05 3.072545516250706e-36 6.847543456966093e-15 1.1067187695366613e-23 5.3812368259327175e-28 43
1.9010713779556174e-29 1.7813285414349443e-08 1.803599802641233e-14 2.4550081682114492e-14 2.0357280629873636e-05 3.072545516250706e-36 6.847543456966093e-15 1.1067187695366613e-23 6.838648906266449e-14 43
6.331012714140778 1.7813285414349443e-08 0.03908017932304243 6.628283417191193e-09 3.895770863945711e-12 96272.17635886013 6.847543456966093e-15 1.1067187695366613e-23 5.3812368259327175e-28 43
6.331012714140778 1.7813285414349443e-08 1.803599802641233e-14 2.4550081682114492e-14 2.0357280629873636e-05 3.072545516250706e-36 8.244187239371949e-17 1.1067187695366613e-23 6.838648906266449e-14 42
6.331012714140778 1.7813285414349443e-08 1.803599802641233e-14 8.221786409837945e-23 2.0357280629873636e-05 3.072545516250706e-36 6.847543456966093e-15 1.1067187695366613e-23 6.838648906266449e-14 43
6.331012714140778 1.7813285414349443e-08 1.803599802641233e-14 2.4550081682114492e-14 2.0357280629873636e-05 3.072545516250706e-36 8.244187239371949e-17 1.1067187695366613e-23 5.3812368259327175e-28 43
6.331012714140778 1.7813285414349443e-08 0.03908017932304243 2.4550081682114492e-14 3.895770863945711e-12 1.8007614168029254e-07 8.244187239371949e-17 1.1067187695366613e-23 6.838648906266449e-14 42
6.331012714140778 1.7813285414349443e-08 1.803599802641233e-14 2.4550081682114492e-14 2.0357280629873636e-05 3.072545516250706e-36 6.847543456966093e-15 1.1067187695366613e-23 6.838648906266449e-14 42
6.331012714140778 1.7813285414349443e-08 1.803599802641233e-14 2.4550081682114492e-14 1.1573885299888978e-06 96272.17635886013 8.244187239371949e-17 1.1067187695366613e-23 6.838648906266449e-14 42
1.9010713779556174e-29 9.055837165181753e-05 1.803599802641233e-14 6.628283417191193e-09 1.1573885299888978e-06 3.072545516250706e-36 6.847543456966093e-15 1.1067187695366613e-23 6.838648906266449e-14 43
6.331012714140778 9.055837165181753e-05 1.0583332005478012e-09 6.628283417191193e-09 2.282149323185177e-18 3.072545516250706e-36 2.6288441782919657e-05 1.1067187695366613e-23 6.838648906266449e-14 43
1.9010713779556174e-29 5.717192986005894e-20 7.493608019334998e-19 2.4550081682114492e-14 4.740654555321619e-05 3.072545516250706e-36 8.244187239371949e-17 1.1067187695366613e-23 6.838648906266449e-14 48
1.9010713779556174e-29 1.4933233144029565e-15 7.493608019334998e-19 8.221786409837945e-23 2.282149323185177e-18 1.8881599884255523e-09 8.244187239371949e-17 4.994473163823433e-11 6.838648906266449e-14 48
6.331012714140778 1.7813285414349443e-08 1.803599802641233e-14 2.4550081682114492e-14 2.282149323185177e-18 1.8007614168029254e-07 8.244187239371949e-17 1.1067187695366613e-23 6.838648906266449e-14 44
1.9010713779556174e-29 1.7813285414349443e-08 1.803599802641233e-14 6.628283417191193e-09 2.0357280629873636e-05 3.072545516250706e-36 6.847543456966093e-15 1.1067187695366613e-23 5.3812368259327175e-28 43
6.331012714140778 1.4933233144029565e-15 7.493608019334998e-19 2.4550081682114492e-14 2.0357280629873636e-05 1.8007614168029254e-07 2.5466158150049094e-09 1.1067187695366613e-23 5.3812368259327175e-28 43
1.9010713779556174e-29 1.4933233144029565e-15 7.493608019334998e-19 8.221786409837945e-23 2.282149323185177e-18 1.8881599884255523e-09 8.244187239371949e-17 4.994473163823433e-11 6.838648906266449e-14 48
6.331012714140778 1.7813285414349443e-08 1.803599802641233e-14 2.4550081682114492e-14 2.0357280629873636e-05 288.38562844126574 1.8533406286995877 1.1067187695366613e-23 5.3812368259327175e-28 42
