9.057166178028058e-66 2.6059705967631683e-34 1.120646146173851e-42 3.4554063818678404e-46 2.2014789868632123e-42 2.0334237585751104e-16 4.4218860378541436e-45 8.279782221443195e-22 5.560668303333212e-59 48
9.057166178028058e-66 6.24598375726967e-11 3.0499549969484977e-58 3.4554063818678404e-46 1.895476449170377e-17 6.675061649643119e-74 8.906767426353808e-36 6.419423837992695e-87 1.7987718956927876e-54 43
5.863081002182848e-33 2.6059705967631683e-34 1.349135915908895e-10 3.4017101558417236e-34 3.030697638605463e-34 2.7173752152811746e-20 1.1759919568640931e-07 6.419423837992695e-87 5.560668303333212e-59 47
9.057166178028058e-66 2.6059705967631683e-34 3.0499549969484977e-58 1.7019186695107659e-41 2.2014789868632123e-42 3.4416235530185284e-05 8.906767426353808e-36 6.419423837992695e-87 1.7987718956927876e-54 43
5.863081002182848e-33 3.238896270517451e-23 6.29843435535711e-10 3.4017101558417236e-34 3.030697638605463e-34 3.416540587288819e-07 1.0550213909466338e-18 6.419423837992695e-87 5.560668303333212e-59 46
1.8466595749522247e-25 3.9062223999966653e-56 1.120646146173851e-42 1.7019186695107659e-41 5.631522035428308e-19 3.4416235530185284e-05 1.0550213909466338e-18 6.419423837992695e-87 1.7987718956927876e-54 43
1.8466595749522247e-25 2.6059705967631683e-34 6.29843435535711e-10 1.7019186695107659e-41 5.631522035428308e-19 3.4416235530185284e-05 4.4218860378541436e-45 8.279782221443195e-22 5.560668303333212e-59 48
5.863081002182848e-33 6.24598375726967e-11 3.0499549969484977e-58 3.4017101558417236e-34 2.2014789868632123e-42 6.675061649643119e-74 4.4218860378541436e-45 6.419423837992695e-87 5.560668303333212e-59 42
5.863081002182848e-33 2.6059705967631683e-34 3.0499549969484977e-58 3.4554063818678404e-46 5.631522035428308e-19 6.675061649643119e-74 8.906767426353808e-36 8.279782221443195e-22 5.560668303333212e-59 48
1.8466595749522247e-25 6.24598375726967e-11 1.120646146173851e-42 1.7019186695107659e-41 3.030697638605463e-34 2.0334237585751104e-16 1.0550213909466338e-18 6.419423837992695e-87 5.560668303333212e-59 43
9.057166178028058e-66 2.6059705967631683e-34 1.120646146173851e-42 3.4554063818678404e-46 2.2014789868632123e-42 2.7173752152811746e-20 4.4218860378541436e-45 8.279782221443195e-22 5.560668303333212e-59 48
9.057166178028058e-66 3.9062223999966653e-56 3.0499549969484977e-58 3.4017101558417236e-34 1.895476449170377e-17 3.4416235530185284e-05 8.906767426353808e-36 6.419423837992695e-87 5.560668303333212e-59 43
5.863081002182848e-33 2.6059705967631683e-34 1.120646146173851e-42 3.4554063818678404e-46 3.030697638605463e-34 6.675061649643119e-74 8.906767426353808e-36 8.279782221443195e-22 5.560668303333212e-59 48
5.863081002182848e-33 2.6059705967631683e-34 1.120646146173851e-42 3.4554063818678404e-46 1.895476449170377e-17 2.7173752152811746e-20 4.4218860378541436e-45 8.279782221443195e-22 5.560668303333212e-59 48
1.8466595749522247e-25 6.24598375726967e-11 1.120646146173851e-42 1.7019186695107659e-41 3.030697638605463e-34 2.0334237585751104e-16 1.0550213909466338e-18 6.419423837992695e-87 5.560668303333212e-59 43
5.863081002182848e-33 2.6059705967631683e-34 0.0019554462765613433 1.7019186695107659e-41 5.631522035428308e-19 2.0334237585751104e-16 2.14332451098212e-15 6.419423837992695e-87 5.560668303333212e-59 42
5.863081002182848e-33 3.9062223999966653e-56 3.0499549969484977e-58 1.7019186695107659e-41 3.030697638605463e-34 6.675061649643119e-74 4.4218860378541436e-45 6.419423837992695e-87 1.7987718956927876e-54 43
5.863081002182848e-33 3.9062223999966653e-56 3.0499549969484977e-58 1.7019186695107659e-41 2.2014789868632123e-42 6.675061649643119e-74 8.906767426353808e-36 6.419423837992695e-87 5.560668303333212e-59 42
5.863081002182848e-33 3.9062223999966653e-56 3.0499549969484977e-58 1.7019186695107659e-41 3.030697638605463e-34 2.0334237585751104e-16 1.1759919568640931e-07 6.419423837992695e-87 5.560668303333212e-59 42
5.863081002182848e-33 3.9062223999966653e-56 3.0499549969484977e-58 3.4017101558417236e-34 3.030697638605463e-34 3.416540587288819e-07 4.4218860378541436e-45 6.419423837992695e-87 5.560668303333212e-59 44
5.863081002182848e-33 6.24598375726967e-11 3.0499549969484977e-58 1.7019186695107659e-41 3.030697638605463e-34 6.675061649643119e-74 4.4218860378541436e-45 6.419423837992695e-87 5.560668303333212e-59 42
5.863081002182848e-33 2.6059705967631683e-34 1.120646146173851e-42 3.4554063818678404e-46 2.2014789868632123e-42 2.7173752152811746e-20 4.4218860378541436e-45 8.279782221443195e-22 5.560668303333212e-59 48
5.863081002182848e-33 3.9062223999966653e-56 3.0499549969484977e-58 1.7019186695107659e-41 3.030697638605463e-34 3.4416235530185284e-05 1.1759919568640931e-07 6.419423837992695e-87 1.7987718956927876e-54 42
5.863081002182848e-33 2.6059705967631683e-34 0.0019554462765613433 1.7019186695107659e-41 5.631522035428308e-19 2.0334237585751104e-16 1.1759919568640931e-07 6.419423837992695e-87 5.560668303333212e-59 42
9.057166178028058e-66 3.9062223999966653e-56 3.0499549969484977e-58 3.4017101558417236e-34 3.030697638605463e-34 6.675061649643119e-74 8.906767426353808e-36 6.419423837992695e-87 5.560668303333212e-59 43
5.863081002182848e-33 3.9062223999966653e-56 3.0499549969484977e-58 1.7019186695107659e-41 3.030697638605463e-34 3.416540587288819e-07 4.4218860378541436e-45 6.419423837992695e-87 5.560668303333212e-59 43
5.863081002182848e-33 6.24598375726967e-11 3.0499549969484977e-58 1.7019186695107659e-41 2.2014789868632123e-42 6.675061649643119e-74 4.4218860378541436e-45 6.419423837992695e-87 5.560668303333212e-59 42
5.863081002182848e-33 3.9062223999966653e-56 3.0499549969484977e-58 1.7019186695107659e-41 3.030697638605463e-34 2.0334237585751104e-16 4.4218860378541436e-45 6.419423837992695e-87 5.560668303333212e-59 42
5.863081002182848e-33 3.9062223999966653e-56 3.0499549969484977e-58 1.7019186695107659e-41 3.030697638605463e-34 6.675061649643119e-74 4.4218860378541436e-45 6.419423837992695e-87 1.7987718956927876e-54 43
9.057166178028058e-66 3.9062223999966653e-56 3.0499549969484977e-58 3.4017101558417236e-34 3.030697638605463e-34 3.416540587288819e-07 8.906767426353808e-36 6.419423837992695e-87 5.560668303333212e-59 43
5.863081002182848e-33 6.24598375726967e-11 1.120646146173851e-42 3.4017101558417236e-34 1.895476449170377e-17 3.4416235530185284e-05 1.0550213909466338e-18 6.419423837992695e-87 5.560668303333212e-59 46
5.863081002182848e-33 3.9062223999966653e-56 0.0019554462765613433 1.7019186695107659e-41 5.631522035428308e-19 3.4416235530185284e-05 1.1759919568640931e-07 6.419423837992695e-87 1.7987718956927876e-54 42
5.863081002182848e-33 3.9062223999966653e-56 1.349135915908895e-10 3.4017101558417236e-34 2.2014789868632123e-42 6.675061649643119e-74 4.4218860378541436e-45 1.05 5.560668303333212e-59 43
9.057166178028058e-66 3.9062223999966653e-56 3.0499549969484977e-58 1.7019186695107659e-41 3.030697638605463e-34 3.416540587288819e-07 4.4218860378541436e-45 6.419423837992695e-87 5.560668303333212e-59 44
5.863081002182848e-33 3.9062223999966653e-56 1.349135915908895e-10 1.7019186695107659e-41 3.030697638605463e-34 2.7173752152811746e-20 1.1759919568640931e-07 6.419423837992695e-87 5.560668303333212e-59 47
5.863081002182848e-33 3.9062223999966653e-56 6.29843435535711e-10 3.4554063818678404e-46 3.030697638605463e-34 6.675061649643119e-74 1.1759919568640931e-07 8.279782221443195e-22 1.7987718956927876e-54 46
5.863081002182848e-33 2.6059705967631683e-34 3.0499549969484977e-58 1.7019186695107659e-41 5.631522035428308e-19 3.4416235530185284e-05 2.14332451098212e-15 6.419423837992695e-87 1.7987718956927876e-54 44
5.863081002182848e-33 2.6059705967631683e-34 0.0019554462765613433 1.7019186695107659e-41 5.631522035428308e-19 2.0334237585751104e-16 2.14332451098212e-15 6.419423837992695e-87 5.560668303333212e-59 42
9.057166178028058e-66 2.6059705967631683e-34 1.120646146173851e-42 3.4554063818678404e-46 2.2014789868632123e-42 2.0334237585751104e-16 2.14332451098212e-15 8.279782221443195e-22 5.560668303333212e-59 48
9.057166178028058e-66 6.24598375726967e-11 1.349135915908895e-10 3.4017101558417236e-34 1.895476449170377e-17 6.675061649643119e-74 4.4218860378541436e-45 1.05 1.7987718956927876e-54 43
5.863081002182848e-33 3.9062223999966653e-56 3.0499549969484977e-58 3.4017101558417236e-34 3.030697638605463e-34 3.416540587288819e-07 4.4218860378541436e-45 6.419423837992695e-87 5.560668303333212e-59 44
5.863081002182848e-33 2.6059705967631683e-34 1.120646146173851e-42 3.4554063818678404e-46 1.895476449170377e-17 2.7173752152811746e-20 4.4218860378541436e-45 8.279782221443195e-22 5.560668303333212e-59 48
9.057166178028058e-66 2.6059705967631683e-34 1.120646146173851e-42 3.4554063818678404e-46 1.895476449170377e-17 2.7173752152811746e-20 4.4218860378541436e-45 8.279782221443195e-22 5.560668303333212e-59 48
5.863081002182848e-33 3.9062223999966653e-56 3.0499549969484977e-58 1.7019186695107659e-41 2.2014789868632123e-42 2.0334237585751104e-16 4.4218860378541436e-45 6.419423837992695e-87 5.560668303333212e-59 44
5.863081002182848e-33 3.9062223999966653e-56 0.0019554462765613433 3.4017101558417236e-34 5.631522035428308e-19 3.416540587288819e-07 8.906767426353808e-36 6.419423837992695e-87 1.7987718956927876e-54 43
9.057166178028058e-66 3.9062223999966653e-56 3.0499549969484977e-58 3.4017101558417236e-34 2.2014789868632123e-42 3.416540587288819e-07 4.4218860378541436e-45 6.419423837992695e-87 5.560668303333212e-59 43
5.863081002182848e-33 3.9062223999966653e-56 3.0499549969484977e-58 1.7019186695107659e-41 1.895476449170377e-17 3.416540587288819e-07 4.4218860378541436e-45 6.419423837992695e-87 1.7987718956927876e-54 42
5.863081002182848e-33 2.6059705967631683e-34 1.120646146173851e-42 3.4554063818678404e-46 1.895476449170377e-17 2.7173752152811746e-20 4.4218860378541436e-45 8.279782221443195e-22 5.560668303333212e-59 48
5.863081002182848e-33 3.9062223999966653e-56 3.0499549969484977e-58 3.4554063818678404e-46 3.030697638605463e-34 6.675061649643119e-74 8.906767426353808e-36 6.419423837992695e-87 5.560668303333212e-59 43
9.057166178028058e-66 3.9062223999966653e-56 3.0499549969484977e-58 3.4017101558417236e-34 3.030697638605463e-34 6.675061649643119e-74 8.906767426353808e-36 6.419423837992695e-87 1.7987718956927876e-54 43
9.057166178028058e-66 2.6059705967631683e-34 3.0499549969484977e-58 3.4554063818678404e-46 5.631522035428308e-19 2.0334237585751104e-16 8.906767426353808e-36 6.419423837992695e-87 1.7987718956927876e-54 43
5.863081002182848e-33 3.9062223999966653e-56 3.0499549969484977e-58 1.7019186695107659e-41 3.030697638605463e-34 6.675061649643119e-74 4.4218860378541436e-45 6.419423837992695e-87 1.7987718956927876e-54 43
9.057166178028058e-66 3.9062223999966653e-56 3.0499549969484977e-58 3.4017101558417236e-34 1.895476449170377e-17 2.0334237585751104e-16 4.4218860378541436e-45 6.419423837992695e-87 1.7987718956927876e-54 43
5.863081002182848e-33 2.6059705967631683e-34 1.120646146173851e-42 3.4554063818678404e-46 3.030697638605463e-34 6.675061649643119e-74 8.906767426353808e-36 8.279782221443195e-22 5.560668303333212e-59 48
5.863081002182848e-33 3.9062223999966653e-56 0.0019554462765613433 1.7019186695107659e-41 3.030697638605463e-34 3.416540587288819e-07 4.4218860378541436e-45 6.419423837992695e-87 1.7987718956927876e-54 43
0.03 3.9062223999966653e-56 3.0499549969484977e-58 1.7019186695107659e-41 2.2014789868632123e-42 6.675061649643119e-74 4.4218860378541436e-45 6.419423837992695e-87 1.7987718956927876e-54 42
5.863081002182848e-33 3.9062223999966653e-56 3.0499549969484977e-58 1.7019186695107659e-41 3.030697638605463e-34 6.675061649643119e-74 4.4218860378541436e-45 6.419423837992695e-87 5.560668303333212e-59 43
5.863081002182848e-33 3.9062223999966653e-56 3.0499549969484977e-58 1.7019186695107659e-41 3.030697638605463e-34 6.675061649643119e-74 4.4218860378541436e-45 6.419423837992695e-87 5.560668303333212e-59 42
5.863081002182848e-33 3.9062223999966653e-56 3.0499549969484977e-58 1.7019186695107659e-41 3.030697638605463e-34 2.0334237585751104e-16 1.1759919568640931e-07 6.419423837992695e-87 5.560668303333212e-59 42
9.057166178028058e-66 3.238896270517451e-23 3.0499549969484977e-58 1.7019186695107659e-41 2.2014789868632123e-42 6.675061649643119e-74 4.4218860378541436e-45 6.419423837992695e-87 5.560668303333212e-59 44
5.863081002182848e-33 3.9062223999966653e-56 0.0019554462765613433 1.7019186695107659e-41 5.631522035428308e-19 3.4416235530185284e-05 1.1759919568640931e-07 6.419423837992695e-87 1.7987718956927876e-54 42
9.057166178028058e-66 3.9062223999966653e-56 1.120646146173851e-42 3.4554063818678404e-46 5.631522035428308e-19 6.675061649643119e-74 8.906767426353808e-36 6.419423837992695e-87 5.560668303333212e-59 46
5.863081002182848e-33 3.9062223999966653e-56 3.0499549969484977e-58 1.7019186695107659e-41 3.030697638605463e-34 3.416540587288819e-07 4.4218860378541436e-45 6.419423837992695e-87 5.560668303333212e-59 43
5.863081002182848e-33 2.6059705967631683e-34 1.120646146173851e-42 3.4554063818678404e-46 2.2014789868632123e-42 2.7173752152811746e-20 4.4218860378541436e-45 8.279782221443195e-22 5.560668303333212e-59 48
9.057166178028058e-66 2.6059705967631683e-34 1.120646146173851e-42 3.4554063818678404e-46 1.895476449170377e-17 2.7173752152811746e-20 4.4218860378541436e-45 8.279782221443195e-22 5.560668303333212e-59 48
9.057166178028058e-66 3.9062223999966653e-56 3.0499549969484977e-58 3.4017101558417236e-34 2.2014789868632123e-42 6.675061649643119e-74 8.906767426353808e-36 6.419423837992695e-87 5.560668303333212e-59 43
5.863081002182848e-33 2.6059705967631683e-34 1.349135915908895e-10 3.4017101558417236e-34 3.030697638605463e-34 2.7173752152811746e-20 1.1759919568640931e-07 6.419423837992695e-87 5.560668303333212e-59 47
5.863081002182848e-33 2.6059705967631683e-34 1.349135915908895e-10 3.4554063818678404e-46 5.631522035428308e-19 6.675061649643119e-74 1.1759919568640931e-07 6.419423837992695e-87 5.560668303333212e-59 48
5.863081002182848e-33 2.6059705967631683e-34 0.0019554462765613433 1.7019186695107659e-41 5.631522035428308e-19 2.0334237585751104e-16 2.14332451098212e-15 6.419423837992695e-87 5.560668303333212e-59 42
5.863081002182848e-33 6.24598375726967e-11 3.0499549969484977e-58 1.7019186695107659e-41 3.030697638605463e-34 6.675061649643119e-74 4.4218860378541436e-45 6.419423837992695e-87 5.560668303333212e-59 42
5.863081002182848e-33 2.6059705967631683e-34 1.120646146173851e-42 3.4554063818678404e-46 3.030697638605463e-34 6.675061649643119e-74 8.906767426353808e-36 8.279782221443195e-22 5.560668303333212e-59 48
5.863081002182848e-33 3.9062223999966653e-56 0.0019554462765613433 1.7019186695107659e-41 3.030697638605463e-34 3.416540587288819e-07 4.4218860378541436e-45 6.419423837992695e-87 5.560668303333212e-59 43
5.863081002182848e-33 3.9062223999966653e-56 3.0499549969484977e-58 3.4017101558417236e-34 3.030697638605463e-34 6.675061649643119e-74 4.4218860378541436e-45 6.419423837992695e-87 5.560668303333212e-59 44
9.057166178028058e-66 2.6059705967631683e-34 1.120646146173851e-42 3.4554063818678404e-46 2.2014789868632123e-42 2.7173752152811746e-20 4.4218860378541436e-45 8.279782221443195e-22 5.560668303333212e-59 48
9.057166178028058e-66 2.6059705967631683e-34 1.120646146173851e-42 3.4554063818678404e-46 2.2014789868632123e-42 2.0334237585751104e-16 4.4218860378541436e-45 8.279782221443195e-22 5.560668303333212e-59 48
5.863081002182848e-33 3.9062223999966653e-56 1.349135915908895e-10 1.7019186695107659e-41 2.2014789868632123e-42 3.416540587288819e-07 2.14332451098212e-15 6.419423837992695e-87 1.7987718956927876e-54 42
9.057166178028058e-66 3.9062223999966653e-56 3.0499549969484977e-58 3.4017101558417236e-34 2.2014789868632123e-42 6.675061649643119e-74 8.906767426353808e-36 6.419423837992695e-87 5.560668303333212e-59 43
1.8466595749522247e-25 2.6059705967631683e-34 6.29843435535711e-10 1.7019186695107659e-41 5.631522035428308e-19 3.4416235530185284e-05 4.4218860378541436e-45 8.279782221443195e-22 5.560668303333212e-59 48
9.057166178028058e-66 6.24598375726967e-11 1.349135915908895e-10 3.4017101558417236e-34 1.895476449170377e-17 6.675061649643119e-74 4.4218860378541436e-45 6.419423837992695e-87 5.560668303333212e-59 43
5.863081002182848e-33 2.6059705967631683e-34 1.120646146173851e-42 3.4554063818678404e-46 1.895476449170377e-17 2.7173752152811746e-20 4.4218860378541436e-45 8.279782221443195e-22 5.560668303333212e-59 48
5.863081002182848e-33 2.6059705967631683e-34 3.0499549969484977e-58 1.7019186695107659e-41 5.631522035428308e-19 2.0334237585751104e-16 1.1759919568640931e-07 6.419423837992695e-87 5.560668303333212e-59 44
5.863081002182848e-33 3.9062223999966653e-56 3.0499549969484977e-58 1.7019186695107659e-41 1.895476449170377e-17 3.416540587288819e-07 4.4218860378541436e-45 6.419423837992695e-87 5.560668303333212e-59 42
1.8466595749522247e-25 2.6059705967631683e-34 3.0499549969484977e-58 1.7019186695107659e-41 5.631522035428308e-19 2.0334237585751104e-16 1.1759919568640931e-07 6.419423837992695e-87 1.7987718956927876e-54 42
5.863081002182848e-33 3.9062223999966653e-56 3.0499549969484977e-58 1.7019186695107659e-41 3.030697638605463e-34 3.416540587288819e-07 4.4218860378541436e-45 6.419423837992695e-87 5.560668303333212e-59 43
5.863081002182848e-33 6.24598375726967e-11 1.349135915908895e-10 3.4017101558417236e-34 2.2014789868632123e-42 6.675061649643119e-74 2.14332451098212e-15 6.419423837992695e-87 5.560668303333212e-59 43
9.057166178028058e-66 3.9062223999966653e-56 3.0499549969484977e-58 1.7019186695107659e-41 3.030697638605463e-34 6.675061649643119e-74 8.906767426353808e-36 6.419423837992695e-87 5.560668303333212e-59 43
5.863081002182848e-33 3.9062223999966653e-56 0.0019554462765613433 1.7019186695107659e-41 3.030697638605463e-34 3.416540587288819e-07 4.4218860378541436e-45 6.419423837992695e-87 1.7987718956927876e-54 43
9.057166178028058e-66 3.9062223999966653e-56 3.0499549969484977e-58 3.4017101558417236e-34 2.2014789868632123e-42 6.675061649643119e-74 8.906767426353808e-36 6.419423837992695e-87 1.7987718956927876e-54 43
5.863081002182848e-33 3.9062223999966653e-56 3.0499549969484977e-58 3.4017101558417236e-34 3.030697638605463e-34 6.675061649643119e-74 8.906767426353808e-36 6.419423837992695e-87 5.560668303333212e-59 43
0.03 3.9062223999966653e-56 1.349135915908895e-10 3.4554063818678404e-46 3.030697638605463e-34 6.675061649643119e-74 8.906767426353808e-36 8.279782221443195e-22 5.560668303333212e-59 48
5.863081002182848e-33 3.9062223999966653e-56 1.349135915908895e-10 3.4017101558417236e-34 3.030697638605463e-34 3.416540587288819e-07 1.1759919568640931e-07 6.419423837992695e-87 1.7987718956927876e-54 43
5.863081002182848e-33 3.9062223999966653e-56 3.0499549969484977e-58 1.7019186695107659e-41 1.895476449170377e-17 6.675061649643119e-74 8.906767426353808e-36 6.419423837992695e-87 5.560668303333212e-59 42
9.057166178028058e-66 6.24598375726967e-11 1.349135915908895e-10 3.4017101558417236e-34 1.895476449170377e-17 6.675061649643119e-74 4.4218860378541436e-45 6.419423837992695e-87 5.560668303333212e-59 43
9.057166178028058e-66 3.9062223999966653e-56 3.0499549969484977e-58 3.4017101558417236e-34 2.2014789868632123e-42 6.675061649643119e-74 8.906767426353808e-36 6.419423837992695e-87 5.560668303333212e-59 43
9.057166178028058e-66 3.9062223999966653e-56 3.0499549969484977e-58 3.4017101558417236e-34 3.030697638605463e-34 6.675061649643119e-74 8.906767426353808e-36 6.419423837992695e-87 5.560668303333212e-59 43
5.863081002182848e-33 6.24598375726967e-11 3.0499549969484977e-58 1.7019186695107659e-41 2.2014789868632123e-42 6.675061649643119e-74 4.4218860378541436e-45 6.419423837992695e-87 1.7987718956927876e-54 42
5.863081002182848e-33 2.6059705967631683e-34 0.0019554462765613433 1.7019186695107659e-41 5.631522035428308e-19 2.0334237585751104e-16 1.1759919568640931e-07 6.419423837992695e-87 5.560668303333212e-59 42
5.863081002182848e-33 3.9062223999966653e-56 1.349135915908895e-10 3.4017101558417236e-34 2.2014789868632123e-42 6.675061649643119e-74 4.4218860378541436e-45 1.05 5.560668303333212e-59 43
5.863081002182848e-33 3.9062223999966653e-56 3.0499549969484977e-58 1.7019186695107659e-41 3.030697638605463e-34 6.675061649643119e-74 4.4218860378541436e-45 6.419423837992695e-87 5.560668303333212e-59 42
5.863081002182848e-33 3.9062223999966653e-56 3.0499549969484977e-58 1.7019186695107659e-41 3.030697638605463e-34 2.0334237585751104e-16 1.1759919568640931e-07 6.419423837992695e-87 5.560668303333212e-59 42
9.057166178028058e-66 2.6059705967631683e-34 1.120646146173851e-42 3.4554063818678404e-46 1.895476449170377e-17 2.7173752152811746e-20 4.4218860378541436e-45 8.279782221443195e-22 5.560668303333212e-59 48
5.863081002182848e-33 6.24598375726967e-11 1.349135915908895e-10 3.4017101558417236e-34 2.2014789868632123e-42 6.675061649643119e-74 2.14332451098212e-15 6.419423837992695e-87 5.560668303333212e-59 43
9.057166178028058e-66 6.24598375726967e-11 3.0499549969484977e-58 3.4017101558417236e-34 1.895476449170377e-17 6.675061649643119e-74 8.906767426353808e-36 6.419423837992695e-87 5.560668303333212e-59 43
5.863081002182848e-33 2.6059705967631683e-34 3.0499549969484977e-58 0.42 3.030697638605463e-34 2.0334237585751104e-16 4.4218860378541436e-45 6.419423837992695e-87 5.560668303333212e-59 42
5.863081002182848e-33 2.6059705967631683e-34 1.349135915908895e-10 3.4017101558417236e-34 3.030697638605463e-34 2.7173752152811746e-20 1.1759919568640931e-07 6.419423837992695e-87 5.560668303333212e-59 47
9.057166178028058e-66 2.6059705967631683e-34 3.0499549969484977e-58 1.7019186695107659e-41 2.2014789868632123e-42 3.4416235530185284e-05 8.906767426353808e-36 6.419423837992695e-87 1.7987718956927876e-54 43
5.863081002182848e-33 6.24598375726967e-11 3.0499549969484977e-58 1.7019186695107659e-41 3.030697638605463e-34 6.675061649643119e-74 4.4218860378541436e-45 6.419423837992695e-87 5.560668303333212e-59 42
9.057166178028058e-66 3.9062223999966653e-56 3.0499549969484977e-58 3.4017101558417236e-34 2.2014789868632123e-42 6.675061649643119e-74 8.906767426353808e-36 6.419423837992695e-87 5.560668303333212e-59 43
5.863081002182848e-33 3.9062223999966653e-56 0.0019554462765613433 1.7019186695107659e-41 3.030697638605463e-34 3.416540587288819e-07 4.4218860378541436e-45 6.419423837992695e-87 1.7987718956927876e-54 43
5.863081002182848e-33 2.6059705967631683e-34 0.0019554462765613433 1.7019186695107659e-41 5.631522035428308e-19 2.7173752152811746e-20 1.1759919568640931e-07 6.419423837992695e-87 5.560668303333212e-59 42
9.057166178028058e-66 6.24598375726967e-11 1.349135915908895e-10 3.4017101558417236e-34 1.895476449170377e-17 6.675061649643119e-74 4.4218860378541436e-45 6.419423837992695e-87 5.560668303333212e-59 43
9.057166178028058e-66 3.9062223999966653e-56 3.0499549969484977e-58 3.4017101558417236e-34 1.895476449170377e-17 2.0334237585751104e-16 4.4218860378541436e-45 6.419423837992695e-87 1.7987718956927876e-54 43
9.057166178028058e-66 3.9062223999966653e-56 3.0499549969484977e-58 3.4017101558417236e-34 2.2014789868632123e-42 3.416540587288819e-07 4.4218860378541436e-45 6.419423837992695e-87 5.560668303333212e-59 43
9.057166178028058e-66 2.6059705967631683e-34 1.349135915908895e-10 3.4554063818678404e-46 3.030697638605463e-34 6.675061649643119e-74 8.906767426353808e-36 6.419423837992695e-87 5.560668303333212e-59 43
5.863081002182848e-33 3.9062223999966653e-56 3.0499549969484977e-58 1.7019186695107659e-41 3.030697638605463e-34 3.4416235530185284e-05 1.1759919568640931e-07 6.419423837992695e-87 1.7987718956927876e-54 42
5.863081002182848e-33 3.9062223999966653e-56 1.349135915908895e-10 3.4017101558417236e-34 3.030697638605463e-34 3.416540587288819e-07 1.1759919568640931e-07 6.419423837992695e-87 1.7987718956927876e-54 43
5.863081002182848e-33 3.9062223999966653e-56 3.0499549969484977e-58 1.7019186695107659e-41 2.2014789868632123e-42 6.675061649643119e-74 8.906767426353808e-36 6.419423837992695e-87 5.560668303333212e-59 42
1.8466595749522247e-25 2.6059705967631683e-34 6.29843435535711e-10 1.7019186695107659e-41 5.631522035428308e-19 3.4416235530185284e-05 4.4218860378541436e-45 8.279782221443195e-22 5.560668303333212e-59 48
5.863081002182848e-33 3.9062223999966653e-56 3.0499549969484977e-58 1.7019186695107659e-41 3.030697638605463e-34 6.675061649643119e-74 4.4218860378541436e-45 6.419423837992695e-87 5.560668303333212e-59 43
5.863081002182848e-33 3.9062223999966653e-56 3.0499549969484977e-58 1.7019186695107659e-41 3.030697638605463e-34 3.4416235530185284e-05 1.1759919568640931e-07 6.419423837992695e-87 1.7987718956927876e-54 42
1.8466595749522247e-25 6.24598375726967e-11 1.120646146173851e-42 1.7019186695107659e-41 3.030697638605463e-34 2.0334237585751104e-16 1.0550213909466338e-18 6.419423837992695e-87 5.560668303333212e-59 43
9.057166178028058e-66 2.6059705967631683e-34 6.29843435535711e-10 3.4554063818678404e-46 2.2014789868632123e-42 2.7173752152811746e-20 4.4218860378541436e-45 8.279782221443195e-22 5.560668303333212e-59 48
5.863081002182848e-33 3.9062223999966653e-56 3.0499549969484977e-58 1.7019186695107659e-41 3.030697638605463e-34 6.675061649643119e-74 4.4218860378541436e-45 6.419423837992695e-87 1.7987718956927876e-54 42
9.057166178028058e-66 3.9062223999966653e-56 3.0499549969484977e-58 3.4017101558417236e-34 3.030697638605463e-34 6.675061649643119e-74 8.906767426353808e-36 6.419423837992695e-87 5.560668303333212e-59 43
0.03 3.9062223999966653e-56 1.349135915908895e-10 3.4554063818678404e-46 3.030697638605463e-34 6.675061649643119e-74 8.906767426353808e-36 8.279782221443195e-22 5.560668303333212e-59 48
5.863081002182848e-33 2.6059705967631683e-34 0.0019554462765613433 1.7019186695107659e-41 5.631522035428308e-19 2.0334237585751104e-16 2.14332451098212e-15 6.419423837992695e-87 5.560668303333212e-59 42
5.863081002182848e-33 3.9062223999966653e-56 3.0499549969484977e-58 1.7019186695107659e-41 3.030697638605463e-34 6.675061649643119e-74 8.906767426353808e-36 6.419423837992695e-87 5.560668303333212e-59 42
5.863081002182848e-33 6.24598375726967e-11 3.0499549969484977e-58 1.7019186695107659e-41 2.2014789868632123e-42 6.675061649643119e-74 4.4218860378541436e-45 6.419423837992695e-87 5.560668303333212e-59 42
5.863081002182848e-33 3.9062223999966653e-56 1.349135915908895e-10 3.4017101558417236e-34 2.2014789868632123e-42 6.675061649643119e-74 4.4218860378541436e-45 1.05 5.560668303333212e-59 43
9.057166178028058e-66 6.24598375726967e-11 3.0499549969484977e-58 3.4017101558417236e-34 2.2014789868632123e-42 6.675061649643119e-74 8.906767426353808e-36 6.419423837992695e-87 1.7987718956927876e-54 42
5.863081002182848e-33 3.9062223999966653e-56 0.0019554462765613433 1.7019186695107659e-41 3.030697638605463e-34 6.675061649643119e-74 4.4218860378541436e-45 6.419423837992695e-87 5.560668303333212e-59 43
5.863081002182848e-33 3.9062223999966653e-56 3.0499549969484977e-58 1.7019186695107659e-41 2.2014789868632123e-42 2.0334237585751104e-16 4.4218860378541436e-45 6.419423837992695e-87 5.560668303333212e-59 44
5.863081002182848e-33 6.24598375726967e-11 3.0499549969484977e-58 3.4017101558417236e-34 2.2014789868632123e-42 6.675061649643119e-74 4.4218860378541436e-45 6.419423837992695e-87 5.560668303333212e-59 42
5.863081002182848e-33 3.9062223999966653e-56 3.0499549969484977e-58 1.7019186695107659e-41 3.030697638605463e-34 2.0334237585751104e-16 4.4218860378541436e-45 1.05 1.7987718956927876e-54 44
1.8466595749522247e-25 3.238896270517451e-23 1.120646146173851e-42 1.7019186695107659e-41 1.895476449170377e-17 2.7173752152811746e-20 1.0550213909466338e-18 6.419423837992695e-87 5.560668303333212e-59 43
5.863081002182848e-33 3.9062223999966653e-56 3.0499549969484977e-58 1.7019186695107659e-41 1.895476449170377e-17 6.675061649643119e-74 8.906767426353808e-36 6.419423837992695e-87 5.560668303333212e-59 42
5.863081002182848e-33 6.24598375726967e-11 3.0499549969484977e-58 1.7019186695107659e-41 1.895476449170377e-17 6.675061649643119e-74 4.4218860378541436e-45 6.419423837992695e-87 2.5457643009450856e-07 42
