8.352584288188254e+23 2.0342210283407764e+18 2.2618936317745444e+16 66827402.204800226 10929967716311.691 8492950991047.902 778650760444556.6 3.128096125300527e+34 25935.771375237076 43
1265.1595792798573 3.1071366201435845e-06 2.2618936317745444e+16 2.580665911551927e+18 1.205805065092849e-306 8492950991047.902 778650760444556.6 3.128096125300527e+34 1.313674568963576e+26 44
8.352584288188254e+23 2.0342210283407764e+18 0.16248054440648224 66827402.204800226 10929967716311.691 1.4920957152570893e-246 3.8454500077469207e-305 4.433544987003839e-306 25935.771375237076 43
8.352584288188254e+23 9117.874209292802 0.16248054440648224 0.021412954870341467 0.5056506597477615 8492950991047.902 3.8454500077469207e-305 3.128096125300527e+34 1.313674568963576e+26 48
1265.1595792798573 9117.874209292802 1.2545609416767757e-246 0.021412954870341467 0.18036117847992222 7.599445337694355e-128 778650760444556.6 4.433544987003839e-306 1.379628126073318e-05 48
8.352584288188254e+23 0.0021987646859070115 2.2618936317745444e+16 2.580665911551927e+18 1.205805065092849e-306 8492950991047.902 778650760444556.6 3.128096125300527e+34 1.313674568963576e+26 42
1265.1595792798573 2.0342210283407764e+18 1.2545609416767757e-246 0.021412954870341467 0.18036117847992222 8492950991047.902 3.8454500077469207e-305 3.128096125300527e+34 1.313674568963576e+26 46
8.352584288188254e+23 2.0342210283407764e+18 0.008583396051162893 2.580665911551927e+18 0.5056506597477615 2.581865105486001e-277 3.8454500077469207e-305 3.128096125300527e+34 1.313674568963576e+26 42
8.352584288188254e+23 9117.874209292802 0.008583396051162893 2.580665911551927e+18 0.5056506597477615 2.581865105486001e-277 3.8454500077469207e-305 3.128096125300527e+34 1.313674568963576e+26 42
1265.1595792798573 2.0342210283407764e+18 2.2618936317745444e+16 66827402.204800226 10929967716311.691 8492950991047.902 59551.11592944386 3.128096125300527e+34 1.313674568963576e+26 43
8.352584288188254e+23 2.0342210283407764e+18 2.2618936317745444e+16 2.580665911551927e+18 0.5056506597477615 1.4920957152570893e-246 778650760444556.6 3.128096125300527e+34 1.313674568963576e+26 42
1265.1595792798573 9117.874209292802 1.2545609416767757e-246 0.021412954870341467 0.18036117847992222 7.599445337694355e-128 778650760444556.6 4.433544987003839e-306 1.313674568963576e+26 48
1265.1595792798573 9117.874209292802 3.731891832525527e-135 66827402.204800226 9.644496790601889e-132 7.599445337694355e-128 59551.11592944386 3.128096125300527e+34 1.313674568963576e+26 47
8.352584288188254e+23 0.0021987646859070115 0.16248054440648224 2.580665911551927e+18 0.18036117847992222 1.4920957152570893e-246 5.934381269568937e-06 3.128096125300527e+34 25935.771375237076 42
1.379628126073318e-06 9117.874209292802 0.16248054440648224 2.580665911551927e+18 0.5056506597477615 2.581865105486001e-277 4.014179068475338e-127 3.128096125300527e+34 1.313674568963576e+26 43
8.352584288188254e+23 2.0342210283407764e+18 2.2618936317745444e+16 2.580665911551927e+18 10929967716311.691 1.6136155705284351e-127 3.8454500077469207e-305 3.128096125300527e+34 25935.771375237076 42
8.352584288188254e+23 0.0021987646859070115 2.2618936317745444e+16 2.580665911551927e+18 1.205805065092849e-306 8492950991047.902 778650760444556.6 3.128096125300527e+34 1.313674568963576e+26 42
8.352584288188254e+23 9117.874209292802 0.008583396051162893 2.580665911551927e+18 0.5056506597477615 2.581865105486001e-277 3.8454500077469207e-305 3.128096125300527e+34 1.313674568963576e+26 42
8.352584288188254e+23 9117.874209292802 2.2618936317745444e+16 2.580665911551927e+18 0.5056506597477615 2.581865105486001e-277 3.8454500077469207e-305 3.128096125300527e+34 1.313674568963576e+26 44
8.352584288188254e+23 2.0342210283407764e+18 0.008583396051162893 2.580665911551927e+18 0.5056506597477615 2.581865105486001e-277 3.8454500077469207e-305 3.128096125300527e+34 1.313674568963576e+26 42
8.352584288188254e+23 0.0021987646859070115 2.2618936317745444e+16 2.580665911551927e+18 1.205805065092849e-306 8492950991047.902 778650760444556.6 3.128096125300527e+34 1.313674568963576e+26 42
8.352584288188254e+23 2.0342210283407764e+18 2.2618936317745444e+16 66827402.204800226 10929967716311.691 8492950991047.902 778650760444556.6 3.128096125300527e+34 25935.771375237076 43
1265.1595792798573 2.0342210283407764e+18 2.2618936317745444e+16 66827402.204800226 10929967716311.691 8492950991047.902 59551.11592944386 3.128096125300527e+34 1.313674568963576e+26 43
8.352584288188254e+23 2.0342210283407764e+18 3.731891832525527e-135 0.021412954870341467 10929967716311.691 8492950991047.902 3.8454500077469207e-305 4.433544987003839e-306 25935.771375237076 46
8.352584288188254e+23 2.0342210283407764e+18 2.2618936317745444e+16 2.580665911551927e+18 10929967716311.691 2.581865105486001e-277 778650760444556.6 1.306162145403539e-134 25935.771375237076 44
8.352584288188254e+23 2.0342210283407764e+18 1.2545609416767757e-246 2.580665911551927e+18 9.644496790601889e-132 7.599445337694355e-128 4.014179068475338e-127 3.128096125300527e+34 1.313674568963576e+26 43
1.379628126073318e-06 9117.874209292802 0.16248054440648224 2.580665911551927e+18 0.5056506597477615 2.581865105486001e-277 4.014179068475338e-127 3.128096125300527e+34 1.313674568963576e+26 43
8.352584288188254e+23 9117.874209292802 2.2618936317745444e+16 2.580665911551927e+18 0.5056506597477615 2.581865105486001e-277 3.8454500077469207e-305 3.128096125300527e+34 1.313674568963576e+26 44
8.352584288188254e+23 2.0342210283407764e+18 1.2545609416767757e-246 66827402.204800226 0.18036117847992222 2.581865105486001e-277 4.014179068475338e-127 3.128096125300527e+34 25935.771375237076 46
8.352584288188254e+23 0.0021987646859070115 2.2618936317745444e+16 2.580665911551927e+18 10929967716311.691 8492950991047.902 778650760444556.6 3.128096125300527e+34 1.313674568963576e+26 42
1265.1595792798573 2.0342210283407764e+18 2.2618936317745444e+16 2.580665911551927e+18 10929967716311.691 1.4920957152570893e-246 778650760444556.6 3.128096125300527e+34 1.313674568963576e+26 44
8.352584288188254e+23 2.0342210283407764e+18 0.16248054440648224 66827402.204800226 10929967716311.691 1.4920957152570893e-246 3.8454500077469207e-305 4.433544987003839e-306 25935.771375237076 43
1265.1595792798573 9117.874209292802 1.2545609416767757e-246 0.021412954870341467 0.18036117847992222 7.599445337694355e-128 778650760444556.6 4.433544987003839e-306 25935.771375237076 48
8.352584288188254e+23 9117.874209292802 1.2545609416767757e-246 0.021412954870341467 10929967716311.691 7.599445337694355e-128 3.8454500077469207e-305 3.128096125300527e+34 1.313674568963576e+26 47
8.352584288188254e+23 9117.874209292802 0.008583396051162893 2.580665911551927e+18 0.5056506597477615 2.581865105486001e-277 3.8454500077469207e-305 3.128096125300527e+34 1.313674568963576e+26 42
8.352584288188254e+23 9117.874209292802 1.2545609416767757e-246 0.021412954870341467 1.205805065092849e-306 7.599445337694355e-128 778650760444556.6 4.433544987003839e-306 25935.771375237076 48
2.5808608286008495e-135 2.0342210283407764e+18 2.2618936317745444e+16 2.580665911551927e+18 1.205805065092849e-306 8492950991047.902 778650760444556.6 3.128096125300527e+34 25935.771375237076 42
1265.1595792798573 2.0342210283407764e+18 2.2618936317745444e+16 0.021412954870341467 10929967716311.691 8492950991047.902 59551.11592944386 3.128096125300527e+34 1.313674568963576e+26 43
8.352584288188254e+23 2.0342210283407764e+18 2.2618936317745444e+16 2.580665911551927e+18 10929967716311.691 1.4920957152570893e-246 778650760444556.6 3.128096125300527e+34 1.313674568963576e+26 42
8.352584288188254e+23 2.0342210283407764e+18 2.2618936317745444e+16 2.580665911551927e+18 10929967716311.691 8492950991047.902 5.934381269568937e-06 3.128096125300527e+34 25935.771375237076 43
8.352584288188254e+23 2.0342210283407764e+18 2.2618936317745444e+16 2.580665911551927e+18 1.205805065092849e-306 8492950991047.902 778650760444556.6 3.128096125300527e+34 25935.771375237076 42
8.352584288188254e+23 2.0342210283407764e+18 0.16248054440648224 2.580665911551927e+18 10929967716311.691 7.599445337694355e-128 3.8454500077469207e-305 3.128096125300527e+34 1.313674568963576e+26 47
8.352584288188254e+23 0.0021987646859070115 2.2618936317745444e+16 2.580665911551927e+18 1.205805065092849e-306 8492950991047.902 778650760444556.6 3.128096125300527e+34 1.313674568963576e+26 42
8.352584288188254e+23 2.0342210283407764e+18 2.2618936317745444e+16 2.580665911551927e+18 10929967716311.691 8492950991047.902 778650760444556.6 3.128096125300527e+34 25935.771375237076 43
8.352584288188254e+23 0.0021987646859070115 2.2618936317745444e+16 2.580665911551927e+18 1.205805065092849e-306 8492950991047.902 778650760444556.6 3.128096125300527e+34 1.313674568963576e+26 42
8.352584288188254e+23 2.0342210283407764e+18 2.2618936317745444e+16 2.580665911551927e+18 10929967716311.691 8492950991047.902 5.934381269568937e-06 3.128096125300527e+34 25935.771375237076 43
1265.1595792798573 9117.874209292802 1.2545609416767757e-246 0.021412954870341467 10929967716311.691 2.581865105486001e-277 5.934381269568937e-06 4.433544987003839e-306 1.313674568963576e+26 48
1265.1595792798573 0.0021987646859070115 2.2618936317745444e+16 66827402.204800226 1.205805065092849e-306 8492950991047.902 59551.11592944386 3.128096125300527e+34 25935.771375237076 42
8.352584288188254e+23 9117.874209292802 0.16248054440648224 66827402.204800226 10929967716311.691 7.599445337694355e-128 3.8454500077469207e-305 3.128096125300527e+34 1.313674568963576e+26 47
8.352584288188254e+23 2.0342210283407764e+18 2.2618936317745444e+16 66827402.204800226 10929967716311.691 1.4920957152570893e-246 778650760444556.6 3.128096125300527e+34 25935.771375237076 42
1265.1595792798573 0.0021987646859070115 2.2618936317745444e+16 0.021412954870341467 0.18036117847992222 8492950991047.902 59551.11592944386 3.128096125300527e+34 25935.771375237076 43
8.352584288188254e+23 2.0342210283407764e+18 2.2618936317745444e+16 66827402.204800226 10929967716311.691 8492950991047.902 778650760444556.6 3.128096125300527e+34 25935.771375237076 43
8.352584288188254e+23 2.0342210283407764e+18 2.2618936317745444e+16 2.580665911551927e+18 10929967716311.691 2.581865105486001e-277 3.8454500077469207e-305 3.128096125300527e+34 1.313674568963576e+26 42
8.352584288188254e+23 2.0342210283407764e+18 2.2618936317745444e+16 0.021412954870341467 10929967716311.691 8492950991047.902 59551.11592944386 3.128096125300527e+34 1.313674568963576e+26 43
1265.1595792798573 0.0021987646859070115 2.2618936317745444e+16 0.021412954870341467 0.18036117847992222 8492950991047.902 59551.11592944386 3.128096125300527e+34 25935.771375237076 43
1265.1595792798573 2.0342210283407764e+18 2.2618936317745444e+16 66827402.204800226 10929967716311.691 8492950991047.902 59551.11592944386 3.128096125300527e+34 25935.771375237076 43
1265.1595792798573 2.0342210283407764e+18 2.2618936317745444e+16 2.580665911551927e+18 10929967716311.691 1.4920957152570893e-246 778650760444556.6 3.128096125300527e+34 1.313674568963576e+26 44
8.352584288188254e+23 2.0342210283407764e+18 0.008583396051162893 2.580665911551927e+18 0.5056506597477615 2.581865105486001e-277 3.8454500077469207e-305 3.128096125300527e+34 1.313674568963576e+26 42
1.379628126073318e-06 3.1071366201435845e-06 1.2545609416767757e-246 0.021412954870341467 10929967716311.691 8492950991047.902 4.014179068475338e-127 3.128096125300527e+34 25935.771375237076 43
1265.1595792798573 2.0342210283407764e+18 2.2618936317745444e+16 66827402.204800226 1.205805065092849e-306 8492950991047.902 59551.11592944386 3.128096125300527e+34 25935.771375237076 43
1265.1595792798573 9117.874209292802 1.2545609416767757e-246 0.021412954870341467 1.205805065092849e-306 7.599445337694355e-128 778650760444556.6 4.433544987003839e-306 1.313674568963576e+26 48
1265.1595792798573 2.0342210283407764e+18 2.2618936317745444e+16 66827402.204800226 1.205805065092849e-306 8492950991047.902 59551.11592944386 3.128096125300527e+34 1.313674568963576e+26 43
8.352584288188254e+23 2.0342210283407764e+18 2.2618936317745444e+16 2.580665911551927e+18 1.205805065092849e-306 8492950991047.902 778650760444556.6 3.128096125300527e+34 25935.771375237076 42
1265.1595792798573 2.0342210283407764e+18 2.2618936317745444e+16 66827402.204800226 10929967716311.691 8492950991047.902 59551.11592944386 3.128096125300527e+34 1.313674568963576e+26 43
8.352584288188254e+23 9117.874209292802 1.2545609416767757e-246 0.021412954870341467 10929967716311.691 7.599445337694355e-128 3.8454500077469207e-305 3.128096125300527e+34 1.313674568963576e+26 47
8.352584288188254e+23 9117.874209292802 1.2545609416767757e-246 66827402.204800226 0.5056506597477615 1.6136155705284351e-127 4.014179068475338e-127 3.128096125300527e+34 25935.771375237076 43
1.379628126073318e-06 9117.874209292802 2.2618936317745444e+16 2.580665911551927e+18 0.5056506597477615 2.581865105486001e-277 3.8454500077469207e-305 3.128096125300527e+34 25935.771375237076 42
8.352584288188254e+23 9117.874209292802 2.2618936317745444e+16 0.42 10929967716311.691 2.581865105486001e-277 778650760444556.6 3.128096125300527e+34 1.313674568963576e+26 42
1265.1595792798573 2.0342210283407764e+18 2.2618936317745444e+16 2.580665911551927e+18 1.205805065092849e-306 1.4920957152570893e-246 778650760444556.6 3.128096125300527e+34 1.313674568963576e+26 44
1265.1595792798573 2.0342210283407764e+18 2.2618936317745444e+16 66827402.204800226 1.205805065092849e-306 8492950991047.902 59551.11592944386 3.128096125300527e+34 1.313674568963576e+26 43
8.352584288188254e+23 0.0021987646859070115 2.2618936317745444e+16 2.580665911551927e+18 1.205805065092849e-306 8492950991047.902 778650760444556.6 3.128096125300527e+34 1.313674568963576e+26 42
8.352584288188254e+23 2.0342210283407764e+18 2.2618936317745444e+16 66827402.204800226 10929967716311.691 1.4920957152570893e-246 778650760444556.6 3.128096125300527e+34 25935.771375237076 42
8.352584288188254e+23 2.0342210283407764e+18 1.2545609416767757e-246 2.580665911551927e+18 9.644496790601889e-132 7.599445337694355e-128 4.014179068475338e-127 3.128096125300527e+34 1.313674568963576e+26 43
1265.1595792798573 2.0342210283407764e+18 1.2545609416767757e-246 0.021412954870341467 0.5056506597477615 8492950991047.902 59551.11592944386 3.128096125300527e+34 1.313674568963576e+26 46
8.352584288188254e+23 9117.874209292802 1.2545609416767757e-246 0.021412954870341467 0.18036117847992222 7.599445337694355e-128 778650760444556.6 4.433544987003839e-306 1.313674568963576e+26 48
1265.1595792798573 9117.874209292802 1.2545609416767757e-246 0.021412954870341467 0.18036117847992222 2.581865105486001e-277 5.934381269568937e-06 4.433544987003839e-306 25935.771375237076 48
1265.1595792798573 2.0342210283407764e+18 2.2618936317745444e+16 2.580665911551927e+18 10929967716311.691 1.4920957152570893e-246 778650760444556.6 3.128096125300527e+34 1.313674568963576e+26 43
8.352584288188254e+23 2.0342210283407764e+18 1.2545609416767757e-246 2.580665911551927e+18 9.644496790601889e-132 7.599445337694355e-128 4.014179068475338e-127 3.128096125300527e+34 1.313674568963576e+26 43
8.352584288188254e+23 2.0342210283407764e+18 2.2618936317745444e+16 2.580665911551927e+18 1.205805065092849e-306 8492950991047.902 778650760444556.6 3.128096125300527e+34 25935.771375237076 42
8.352584288188254e+23 3.1071366201435845e-06 2.2618936317745444e+16 2.580665911551927e+18 0.18036117847992222 8492950991047.902 778650760444556.6 3.128096125300527e+34 25935.771375237076 43
1.379628126073318e-06 9117.874209292802 2.2618936317745444e+16 2.580665911551927e+18 0.5056506597477615 2.581865105486001e-277 3.8454500077469207e-305 3.128096125300527e+34 25935.771375237076 42
8.352584288188254e+23 2.0342210283407764e+18 0.16248054440648224 2.580665911551927e+18 10929967716311.691 1.4920957152570893e-246 5.934381269568937e-06 3.128096125300527e+34 1.313674568963576e+26 42
8.352584288188254e+23 2.0342210283407764e+18 2.2618936317745444e+16 66827402.204800226 10929967716311.691 8492950991047.902 778650760444556.6 3.128096125300527e+34 1.313674568963576e+26 42
1265.1595792798573 9117.874209292802 1.2545609416767757e-246 0.021412954870341467 0.18036117847992222 7.599445337694355e-128 778650760444556.6 4.433544987003839e-306 25935.771375237076 48
8.352584288188254e+23 2.0342210283407764e+18 2.2618936317745444e+16 2.580665911551927e+18 10929967716311.691 2.581865105486001e-277 3.8454500077469207e-305 3.128096125300527e+34 1.313674568963576e+26 42
8.352584288188254e+23 2.0342210283407764e+18 2.2618936317745444e+16 2.580665911551927e+18 0.5056506597477615 2.581865105486001e-277 778650760444556.6 4.433544987003839e-306 1.313674568963576e+26 42
8.352584288188254e+23 0.0021987646859070115 2.2618936317745444e+16 2.580665911551927e+18 1.205805065092849e-306 8492950991047.902 778650760444556.6 3.128096125300527e+34 1.313674568963576e+26 42
1265.1595792798573 2.0342210283407764e+18 2.2618936317745444e+16 2.580665911551927e+18 10929967716311.691 1.4920957152570893e-246 778650760444556.6 3.128096125300527e+34 1.313674568963576e+26 44
1265.1595792798573 9117.874209292802 3.731891832525527e-135 0.021412954870341467 1.205805065092849e-306 7.599445337694355e-128 778650760444556.6 4.433544987003839e-306 1.313674568963576e+26 48
8.352584288188254e+23 0.0021987646859070115 2.2618936317745444e+16 2.580665911551927e+18 1.205805065092849e-306 8492950991047.902 778650760444556.6 3.128096125300527e+34 1.313674568963576e+26 42
1265.1595792798573 2.0342210283407764e+18 1.2545609416767757e-246 0.021412954870341467 0.18036117847992222 8492950991047.902 3.8454500077469207e-305 3.128096125300527e+34 1.313674568963576e+26 46
8.352584288188254e+23 2.0342210283407764e+18 2.2618936317745444e+16 2.580665911551927e+18 10929967716311.691 1.4920957152570893e-246 778650760444556.6 3.128096125300527e+34 1.313674568963576e+26 42
8.352584288188254e+23 2.0342210283407764e+18 2.2618936317745444e+16 2.580665911551927e+18 10929967716311.691 2.581865105486001e-277 778650760444556.6 1.306162145403539e-134 25935.771375237076 44
8.352584288188254e+23 9117.874209292802 0.16248054440648224 66827402.204800226 10929967716311.691 7.599445337694355e-128 3.8454500077469207e-305 3.128096125300527e+34 1.313674568963576e+26 47
8.352584288188254e+23 0.0021987646859070115 2.2618936317745444e+16 2.580665911551927e+18 1.205805065092849e-306 8492950991047.902 778650760444556.6 3.128096125300527e+34 25935.771375237076 42
8.352584288188254e+23 2.0342210283407764e+18 0.008583396051162893 2.580665911551927e+18 10929967716311.691 8492950991047.902 59551.11592944386 3.128096125300527e+34 25935.771375237076 43
8.352584288188254e+23 9117.874209292802 2.2618936317745444e+16 2.580665911551927e+18 0.5056506597477615 1.4920957152570893e-246 778650760444556.6 1.306162145403539e-134 1.313674568963576e+26 42
1.379628126073318e-06 2.0342210283407764e+18 1.2545609416767757e-246 66827402.204800226 10929967716311.691 1.6136155705284351e-127 4.014179068475338e-127 3.128096125300527e+34 1.313674568963576e+26 46
8.352584288188254e+23 9117.874209292802 1.2545609416767757e-246 0.021412954870341467 10929967716311.691 7.599445337694355e-128 3.8454500077469207e-305 3.128096125300527e+34 1.313674568963576e+26 47
8.352584288188254e+23 9117.874209292802 2.2618936317745444e+16 2.580665911551927e+18 0.5056506597477615 2.581865105486001e-277 3.8454500077469207e-305 3.128096125300527e+34 1.313674568963576e+26 44
8.352584288188254e+23 9117.874209292802 2.2618936317745444e+16 2.580665911551927e+18 10929967716311.691 1.4920957152570893e-246 778650760444556.6 3.128096125300527e+34 1.313674568963576e+26 42
1265.1595792798573 2.0342210283407764e+18 2.2618936317745444e+16 2.580665911551927e+18 10929967716311.691 1.4920957152570893e-246 778650760444556.6 3.128096125300527e+34 1.313674568963576e+26 44
1265.1595792798573 9117.874209292802 1.2545609416767757e-246 0.021412954870341467 0.18036117847992222 2.581865105486001e-277 3.8454500077469207e-305 4.433544987003839e-306 1.313674568963576e+26 48
1265.1595792798573 9117.874209292802 1.2545609416767757e-246 0.021412954870341467 0.18036117847992222 7.599445337694355e-128 778650760444556.6 4.433544987003839e-306 25935.771375237076 48
8.352584288188254e+23 2.0342210283407764e+18 2.2618936317745444e+16 2.580665911551927e+18 1.205805065092849e-306 8492950991047.902 778650760444556.6 3.128096125300527e+34 1.313674568963576e+26 42
1265.1595792798573 9117.874209292802 0.16248054440648224 0.021412954870341467 0.5056506597477615 8492950991047.902 59551.11592944386 4.433544987003839e-306 1.313674568963576e+26 46
8.352584288188254e+23 0.0021987646859070115 0.16248054440648224 2.580665911551927e+18 0.18036117847992222 1.4920957152570893e-246 5.934381269568937e-06 3.128096125300527e+34 25935.771375237076 42
8.352584288188254e+23 0.0021987646859070115 3.731891832525527e-135 0.021412954870341467 10929967716311.691 8492950991047.902 3.8454500077469207e-305 3.128096125300527e+34 1.313674568963576e+26 46
1265.1595792798573 2.0342210283407764e+18 2.2618936317745444e+16 66827402.204800226 0.18036117847992222 1.6136155705284351e-127 59551.11592944386 3.128096125300527e+34 1.313674568963576e+26 43
1265.1595792798573 0.0021987646859070115 2.2618936317745444e+16 66827402.204800226 1.205805065092849e-306 8492950991047.902 59551.11592944386 3.128096125300527e+34 25935.771375237076 42
1265.1595792798573 2.0342210283407764e+18 2.2618936317745444e+16 0.021412954870341467 10929967716311.691 8492950991047.902 59551.11592944386 3.128096125300527e+34 1.313674568963576e+26 43
8.352584288188254e+23 2.0342210283407764e+18 2.2618936317745444e+16 2.580665911551927e+18 10929967716311.691 8492950991047.902 778650760444556.6 3.128096125300527e+34 25935.771375237076 42
8.352584288188254e+23 0.0021987646859070115 2.2618936317745444e+16 2.580665911551927e+18 1.205805065092849e-306 8492950991047.902 778650760444556.6 3.128096125300527e+34 1.313674568963576e+26 42
8.352584288188254e+23 2.0342210283407764e+18 2.2618936317745444e+16 2.580665911551927e+18 10929967716311.691 2.581865105486001e-277 778650760444556.6 3.128096125300527e+34 1.313674568963576e+26 42
8.352584288188254e+23 9117.874209292802 0.008583396051162893 2.580665911551927e+18 0.5056506597477615 2.581865105486001e-277 3.8454500077469207e-305 3.128096125300527e+34 1.313674568963576e+26 42
1265.1595792798573 2.0342210283407764e+18 2.2618936317745444e+16 66827402.204800226 10929967716311.691 8492950991047.902 59551.11592944386 3.128096125300527e+34 25935.771375237076 43
8.352584288188254e+23 2.0342210283407764e+18 2.2618936317745444e+16 2.580665911551927e+18 10929967716311.691 8492950991047.902 778650760444556.6 3.128096125300527e+34 25935.771375237076 43
8.352584288188254e+23 2.0342210283407764e+18 1.2545609416767757e-246 2.580665911551927e+18 10929967716311.691 1.6136155705284351e-127 4.014179068475338e-127 3.128096125300527e+34 1.313674568963576e+26 43
1265.1595792798573 0.0021987646859070115 2.2618936317745444e+16 0.021412954870341467 0.18036117847992222 8492950991047.902 59551.11592944386 3.128096125300527e+34 25935.771375237076 43
8.352584288188254e+23 0.0021987646859070115 2.2618936317745444e+16 2.580665911551927e+18 0.18036117847992222 8492950991047.902 778650760444556.6 3.128096125300527e+34 1.313674568963576e+26 42
8.352584288188254e+23 2.0342210283407764e+18 2.2618936317745444e+16 2.580665911551927e+18 10929967716311.691 1.6136155705284351e-127 3.8454500077469207e-305 3.128096125300527e+34 25935.771375237076 42
8.352584288188254e+23 2.0342210283407764e+18 2.2618936317745444e+16 2.580665911551927e+18 0.5056506597477615 1.4920957152570893e-246 778650760444556.6 3.128096125300527e+34 1.313674568963576e+26 42
8.352584288188254e+23 2.0342210283407764e+18 2.2618936317745444e+16 2.580665911551927e+18 0.18036117847992222 1.4920957152570893e-246 778650760444556.6 3.128096125300527e+34 25935.771375237076 42
8.352584288188254e+23 2.0342210283407764e+18 2.2618936317745444e+16 66827402.204800226 0.5056506597477615 8492950991047.902 778650760444556.6 3.128096125300527e+34 25935.771375237076 44
8.352584288188254e+23 2.0342210283407764e+18 0.16248054440648224 2.580665911551927e+18 10929967716311.691 1.4920957152570893e-246 5.934381269568937e-06 3.128096125300527e+34 1.313674568963576e+26 42
8.352584288188254e+23 9117.874209292802 0.16248054440648224 0.021412954870341467 0.5056506597477615 8492950991047.902 3.8454500077469207e-305 3.128096125300527e+34 1.313674568963576e+26 48
8.352584288188254e+23 0.0021987646859070115 2.2618936317745444e+16 2.580665911551927e+18 1.205805065092849e-306 8492950991047.902 778650760444556.6 3.128096125300527e+34 25935.771375237076 42
1.379628126073318e-06 2.0342210283407764e+18 0.16248054440648224 2.580665911551927e+18 0.5056506597477615 2.581865105486001e-277 4.014179068475338e-127 3.128096125300527e+34 1.313674568963576e+26 43
8.352584288188254e+23 2.0342210283407764e+18 3.731891832525527e-135 0.021412954870341467 10929967716311.691 8492950991047.902 3.8454500077469207e-305 4.433544987003839e-306 25935.771375237076 46
8.352584288188254e+23 2.0342210283407764e+18 2.2618936317745444e+16 2.580665911551927e+18 0.5056506597477615 2.581865105486001e-277 3.8454500077469207e-305 3.128096125300527e+34 25935.771375237076 42
8.352584288188254e+23 2.0342210283407764e+18 0.008583396051162893 2.580665911551927e+18 10929967716311.691 1.4920957152570893e-246 778650760444556.6 3.128096125300527e+34 25935.771375237076 43
1265.1595792798573 2.0342210283407764e+18 2.2618936317745444e+16 66827402.204800226 10929967716311.691 8492950991047.902 59551.11592944386 3.128096125300527e+34 1.313674568963576e+26 43
8.352584288188254e+23 2.0342210283407764e+18 2.2618936317745444e+16 2.580665911551927e+18 10929967716311.691 8492950991047.902 778650760444556.6 3.128096125300527e+34 1.313674568963576e+26 42
8.352584288188254e+23 2.0342210283407764e+18 0.008583396051162893 2.580665911551927e+18 0.5056506597477615 1.6136155705284351e-127 3.8454500077469207e-305 3.128096125300527e+34 25935.771375237076 42
1265.1595792798573 2.0342210283407764e+18 2.2618936317745444e+16 0.021412954870341467 10929967716311.691 8492950991047.902 59551.11592944386 3.128096125300527e+34 1.313674568963576e+26 43
8.352584288188254e+23 2.0342210283407764e+18 2.2618936317745444e+16 2.580665911551927e+18 10929967716311.691 1.6136155705284351e-127 3.8454500077469207e-305 3.128096125300527e+34 25935.771375237076 42
8.352584288188254e+23 2.0342210283407764e+18 2.2618936317745444e+16 2.580665911551927e+18 10929967716311.691 8492950991047.902 778650760444556.6 3.128096125300527e+34 25935.771375237076 42
