43
42
43
43
42
43
42
43
42
47
46
42
47
48
48
44
48
42
43
42
46
43
43
43
43
48
43
42
44
43
42
43
43
42
42
48
42
43
43
42
42
43
43
42
43
48
44
47
44
43
43
48
42
48
43
43
43
48
43
42
43
43
43
42
43
42
44
42
43
43
42
43
44
43
46
46
42
42
42
43
44
47
43
48
44
43
42
43
43
42
42
43
44
42
46
43
42
44
43
43
43
48
48
48
43
42
48
42
42
42
42
42
43
42
43
42
43
43
42
42
48
48
46
44
44
42
43
48
44
43
48
43
47
42
42
43
42
42
48
42
43
46
42
48
43
43
48
43
48
42
46
46
42
42
48
42
43
42
42
43
42
43
44
42
43
44
42
48
43
42
43
