6.214630569131092e-20 8.802304091024695e-06 7.744670725256513e-17 1.2701513161974543e-28 7.81718664318245e-06 4.5449058489008774e-08 1.9295339358457575e-10 1.0666856329484466e-50 1.7610231088889108e-34 43
3.7794066271033064e-26 1.1233863444899625e-37 1.2815491835914485e-06 1.715746854373519e-13 1.1300119327196851e-39 2.500722753075674e-10 2.6252392982041717e-06 0.010956125463347151 1.7610231088889108e-34 43
1.1203393873994023e-19 1.1233863444899625e-37 2.2403263974809023e-25 1.2701513161974543e-28 8.797851322897377e-12 4.5449058489008774e-08 2.2397399696670645e-20 1.0666856329484466e-50 1.7610231088889108e-34 43
6.214630569131092e-20 2.0589552183012962e-17 2.2403263974809023e-25 1.2701513161974543e-28 0.004693121603825882 4.651427361757481e-40 7.57476828758321e-23 1.0666856329484466e-50 1.3858157283988196e-26 48
3.7794066271033064e-26 8.802304091024695e-06 2.323404615865353e-11 1.2701513161974543e-28 8.797851322897377e-12 0.04309755567373316 2.6252392982041717e-06 1.0666856329484466e-50 1.3858157283988196e-26 42
3.7794066271033064e-26 1.1233863444899625e-37 7.744670725256513e-17 1.715746854373519e-13 1.1300119327196851e-39 4.651427361757481e-40 7.57476828758321e-23 1.0666856329484466e-50 1.3858157283988196e-26 42
3.7794066271033064e-26 1.1233863444899625e-37 2.9498859292022363e-06 2.4632587564692795e-21 1.1300119327196851e-39 4.651427361757481e-40 2.6252392982041717e-06 0.010956125463347151 1.7610231088889108e-34 46
6.214630569131092e-20 1.1233863444899625e-37 7.744670725256513e-17 1.715746854373519e-13 7.81718664318245e-06 4.651427361757481e-40 1.9295339358457575e-10 1.0666856329484466e-50 1.3858157283988196e-26 43
3.7794066271033064e-26 1.1233863444899625e-37 7.744670725256513e-17 1.2701513161974543e-28 1.1300119327196851e-39 4.5449058489008774e-08 2.6252392982041717e-06 1.0666856329484466e-50 1.7610231088889108e-34 42
6.214630569131092e-20 2.0589552183012962e-17 2.2403263974809023e-25 1.2701513161974543e-28 0.004693121603825882 4.651427361757481e-40 7.57476828758321e-23 1.0666856329484466e-50 1.3858157283988196e-26 48
3.7794066271033064e-26 1.1233863444899625e-37 1.2815491835914485e-06 1.2701513161974543e-28 1.1300119327196851e-39 2.500722753075674e-10 0.00032702157332136514 1.0666856329484466e-50 1.3858157283988196e-26 42
3.7794066271033064e-26 8.802304091024695e-06 2.2403263974809023e-25 2.4632587564692795e-21 1.1300119327196851e-39 4.651427361757481e-40 1.9295339358457575e-10 0.010956125463347151 1.3858157283988196e-26 48
3.7794066271033064e-26 1.1233863444899625e-37 7.744670725256513e-17 1.2701513161974543e-28 1.1300119327196851e-39 0.04309755567373316 2.6252392982041717e-06 1.0666856329484466e-50 1.3858157283988196e-26 42
6.214630569131092e-20 1.1233863444899625e-37 7.744670725256513e-17 1.715746854373519e-13 7.81718664318245e-06 4.651427361757481e-40 1.9295339358457575e-10 1.0666856329484466e-50 1.7610231088889108e-34 43
3.7794066271033064e-26 8.802304091024695e-06 2.2403263974809023e-25 1.715746854373519e-13 8.797851322897377e-12 4.5449058489008774e-08 2.2397399696670645e-20 1.0666856329484466e-50 1.7610231088889108e-34 43
3.7794066271033064e-26 1.1233863444899625e-37 2.9498859292022363e-06 2.4632587564692795e-21 1.1300119327196851e-39 4.651427361757481e-40 2.6252392982041717e-06 0.010956125463347151 1.7610231088889108e-34 46
3.7794066271033064e-26 1.1233863444899625e-37 7.744670725256513e-17 1.2701513161974543e-28 0.00010924492755279343 4.651427361757481e-40 1.9295339358457575e-10 1.0666856329484466e-50 1.3858157283988196e-26 42
3.7794066271033064e-26 8.802304091024695e-06 2.2403263974809023e-25 1.2701513161974543e-28 0.00010924492755279343 0.0005107835289211626 2.2397399696670645e-20 1.0666856329484466e-50 1.3858157283988196e-26 47
6.214630569131092e-20 1.1233863444899625e-37 7.744670725256513e-17 1.2701513161974543e-28 1.1300119327196851e-39 2.500722753075674e-10 7.57476828758321e-23 1.0666856329484466e-50 1.3858157283988196e-26 44
3.7794066271033064e-26 8.802304091024695e-06 2.2403263974809023e-25 2.4632587564692795e-21 0.00010924492755279343 0.0005107835289211626 7.57476828758321e-23 0.010956125463347151 1.3858157283988196e-26 48
3.7794066271033064e-26 8.802304091024695e-06 7.744670725256513e-17 1.2701513161974543e-28 8.797851322897377e-12 0.04309755567373316 2.6252392982041717e-06 1.0666856329484466e-50 1.3858157283988196e-26 44
6.214630569131092e-20 8.802304091024695e-06 1.2815491835914485e-06 2.4632587564692795e-21 8.797851322897377e-12 4.651427361757481e-40 1.9295339358457575e-10 0.010956125463347151 1.3858157283988196e-26 46
1.1203393873994023e-19 2.0589552183012962e-17 2.2403263974809023e-25 1.2701513161974543e-28 7.81718664318245e-06 0.0005107835289211626 2.2397399696670645e-20 1.0666856329484466e-50 1.3858157283988196e-26 43
3.7794066271033064e-26 1.1233863444899625e-37 7.744670725256513e-17 1.2701513161974543e-28 1.1300119327196851e-39 0.04309755567373316 7.57476828758321e-23 1.05 1.7610231088889108e-34 44
1.1203393873994023e-19 2.0589552183012962e-17 2.2403263974809023e-25 1.2701513161974543e-28 0.00010924492755279343 0.0005107835289211626 2.2397399696670645e-20 1.0666856329484466e-50 1.3858157283988196e-26 43
1.1203393873994023e-19 8.802304091024695e-06 2.9498859292022363e-06 1.2701513161974543e-28 8.797851322897377e-12 4.5449058489008774e-08 7.57476828758321e-23 0.010956125463347151 1.3858157283988196e-26 48
6.214630569131092e-20 1.1233863444899625e-37 7.744670725256513e-17 1.715746854373519e-13 7.81718664318245e-06 4.651427361757481e-40 1.9295339358457575e-10 1.0666856329484466e-50 1.3858157283988196e-26 43
3.7794066271033064e-26 2.7141598839948153e-05 7.744670725256513e-17 1.715746854373519e-13 7.81718664318245e-06 4.651427361757481e-40 7.57476828758321e-23 1.0666856329484466e-50 1.3858157283988196e-26 42
6.214630569131092e-20 1.1233863444899625e-37 7.744670725256513e-17 1.2701513161974543e-28 7.81718664318245e-06 2.500722753075674e-10 7.57476828758321e-23 1.0666856329484466e-50 1.3858157283988196e-26 44
1.1203393873994023e-19 2.0589552183012962e-17 2.2403263974809023e-25 1.2701513161974543e-28 8.797851322897377e-12 0.04309755567373316 2.2397399696670645e-20 1.0666856329484466e-50 1.7610231088889108e-34 43
6.214630569131092e-20 1.1233863444899625e-37 7.744670725256513e-17 1.715746854373519e-13 1.1300119327196851e-39 4.651427361757481e-40 1.9295339358457575e-10 1.0666856329484466e-50 1.7610231088889108e-34 43
1.1203393873994023e-19 8.802304091024695e-06 1.2815491835914485e-06 1.2701513161974543e-28 8.797851322897377e-12 0.04309755567373316 2.2397399696670645e-20 1.0666856329484466e-50 1.3858157283988196e-26 43
6.214630569131092e-20 2.7141598839948153e-05 1.2815491835914485e-06 1.715746854373519e-13 0.00010924492755279343 4.651427361757481e-40 7.57476828758321e-23 1.0666856329484466e-50 1.3858157283988196e-26 43
6.214630569131092e-20 1.1233863444899625e-37 7.744670725256513e-17 2.4632587564692795e-21 1.1300119327196851e-39 4.651427361757481e-40 7.57476828758321e-23 1.0666856329484466e-50 1.7610231088889108e-34 44
3.7794066271033064e-26 1.1233863444899625e-37 7.744670725256513e-17 1.2701513161974543e-28 1.1300119327196851e-39 4.651427361757481e-40 7.57476828758321e-23 1.0666856329484466e-50 1.7610231088889108e-34 43
6.214630569131092e-20 8.802304091024695e-06 2.2403263974809023e-25 2.4632587564692795e-21 1.1300119327196851e-39 0.0005107835289211626 2.6252392982041717e-06 0.010956125463347151 1.3858157283988196e-26 48
3.7794066271033064e-26 2.7141598839948153e-05 1.2815491835914485e-06 1.2701513161974543e-28 0.00010924492755279343 2.500722753075674e-10 0.00032702157332136514 1.0666856329484466e-50 1.7610231088889108e-34 42
3.7794066271033064e-26 8.802304091024695e-06 2.2403263974809023e-25 1.2701513161974543e-28 0.00010924492755279343 0.0005107835289211626 2.2397399696670645e-20 1.0666856329484466e-50 1.3858157283988196e-26 47
3.7794066271033064e-26 2.7141598839948153e-05 1.2815491835914485e-06 1.715746854373519e-13 7.81718664318245e-06 4.651427361757481e-40 0.00032702157332136514 1.0666856329484466e-50 1.3858157283988196e-26 43
6.214630569131092e-20 1.1233863444899625e-37 7.744670725256513e-17 1.2701513161974543e-28 7.81718664318245e-06 2.500722753075674e-10 7.57476828758321e-23 1.0666856329484466e-50 1.3858157283988196e-26 44
6.214630569131092e-20 8.802304091024695e-06 2.2403263974809023e-25 2.4632587564692795e-21 7.81718664318245e-06 0.04309755567373316 0.00032702157332136514 0.010956125463347151 1.3858157283988196e-26 48
3.7794066271033064e-26 1.1233863444899625e-37 7.744670725256513e-17 1.2701513161974543e-28 7.81718664318245e-06 2.500722753075674e-10 7.57476828758321e-23 1.0666856329484466e-50 1.3858157283988196e-26 42
3.7794066271033064e-26 1.1233863444899625e-37 1.2815491835914485e-06 1.2701513161974543e-28 7.81718664318245e-06 2.500722753075674e-10 0.00032702157332136514 1.0666856329484466e-50 1.7610231088889108e-34 42
3.7794066271033064e-26 8.802304091024695e-06 2.2403263974809023e-25 2.4632587564692795e-21 1.1300119327196851e-39 4.651427361757481e-40 1.9295339358457575e-10 0.010956125463347151 1.3858157283988196e-26 48
3.7794066271033064e-26 1.1233863444899625e-37 7.744670725256513e-17 1.715746854373519e-13 1.1300119327196851e-39 4.651427361757481e-40 7.57476828758321e-23 1.0666856329484466e-50 1.3858157283988196e-26 42
6.214630569131092e-20 2.7141598839948153e-05 7.744670725256513e-17 1.715746854373519e-13 0.00010924492755279343 4.651427361757481e-40 1.9295339358457575e-10 1.0666856329484466e-50 1.3858157283988196e-26 43
6.214630569131092e-20 8.802304091024695e-06 2.2403263974809023e-25 2.4632587564692795e-21 0.00010924492755279343 0.0005107835289211626 7.57476828758321e-23 0.010956125463347151 1.3858157283988196e-26 48
3.7794066271033064e-26 8.802304091024695e-06 2.2403263974809023e-25 1.2701513161974543e-28 1.1300119327196851e-39 0.04309755567373316 2.2397399696670645e-20 1.0666856329484466e-50 1.7610231088889108e-34 43
6.214630569131092e-20 1.1233863444899625e-37 7.744670725256513e-17 1.715746854373519e-13 7.81718664318245e-06 4.651427361757481e-40 1.9295339358457575e-10 1.0666856329484466e-50 1.3858157283988196e-26 43
3.7794066271033064e-26 1.1233863444899625e-37 1.2815491835914485e-06 1.715746854373519e-13 1.1300119327196851e-39 2.500722753075674e-10 2.6252392982041717e-06 1.0666856329484466e-50 1.7610231088889108e-34 43
3.7794066271033064e-26 8.802304091024695e-06 1.2815491835914485e-06 1.715746854373519e-13 1.1300119327196851e-39 0.0005107835289211626 2.6252392982041717e-06 1.0666856329484466e-50 1.3858157283988196e-26 47
1.1203393873994023e-19 8.802304091024695e-06 2.9498859292022363e-06 1.2701513161974543e-28 8.797851322897377e-12 4.5449058489008774e-08 7.57476828758321e-23 0.010956125463347151 1.3858157283988196e-26 48
3.7794066271033064e-26 1.1233863444899625e-37 1.2815491835914485e-06 1.715746854373519e-13 1.1300119327196851e-39 2.500722753075674e-10 2.6252392982041717e-06 0.010956125463347151 1.7610231088889108e-34 43
3.7794066271033064e-26 8.802304091024695e-06 2.323404615865353e-11 1.2701513161974543e-28 8.797851322897377e-12 0.0005107835289211626 2.6252392982041717e-06 1.0666856329484466e-50 1.3858157283988196e-26 44
1.1203393873994023e-19 2.0589552183012962e-17 2.2403263974809023e-25 1.2701513161974543e-28 0.00010924492755279343 0.0005107835289211626 2.2397399696670645e-20 1.0666856329484466e-50 1.3858157283988196e-26 43
3.7794066271033064e-26 1.1233863444899625e-37 7.744670725256513e-17 1.2701513161974543e-28 1.1300119327196851e-39 4.651427361757481e-40 7.57476828758321e-23 1.0666856329484466e-50 1.7610231088889108e-34 42
3.7794066271033064e-26 1.1233863444899625e-37 1.2815491835914485e-06 1.2701513161974543e-28 7.81718664318245e-06 2.500722753075674e-10 0.00032702157332136514 1.0666856329484466e-50 1.7610231088889108e-34 42
3.7794066271033064e-26 2.7141598839948153e-05 7.744670725256513e-17 1.2701513161974543e-28 7.81718664318245e-06 4.651427361757481e-40 7.57476828758321e-23 1.0666856329484466e-50 1.7610231088889108e-34 42
3.7794066271033064e-26 2.7141598839948153e-05 1.2815491835914485e-06 1.715746854373519e-13 7.81718664318245e-06 4.651427361757481e-40 0.00032702157332136514 1.0666856329484466e-50 1.3858157283988196e-26 43
1.1203393873994023e-19 1.1233863444899625e-37 2.2403263974809023e-25 1.2701513161974543e-28 8.797851322897377e-12 4.5449058489008774e-08 2.2397399696670645e-20 1.0666856329484466e-50 1.7610231088889108e-34 43
3.7794066271033064e-26 1.1233863444899625e-37 7.744670725256513e-17 1.2701513161974543e-28 1.1300119327196851e-39 0.04309755567373316 7.57476828758321e-23 1.0666856329484466e-50 1.3858157283988196e-26 44
3.7794066271033064e-26 1.1233863444899625e-37 1.2815491835914485e-06 1.2701513161974543e-28 1.1300119327196851e-39 2.500722753075674e-10 0.00032702157332136514 1.0666856329484466e-50 1.3858157283988196e-26 42
6.214630569131092e-20 8.802304091024695e-06 2.2403263974809023e-25 2.4632587564692795e-21 7.81718664318245e-06 0.0005107835289211626 7.57476828758321e-23 0.010956125463347151 1.3858157283988196e-26 48
3.7794066271033064e-26 8.802304091024695e-06 2.2403263974809023e-25 2.4632587564692795e-21 1.1300119327196851e-39 0.0005107835289211626 2.6252392982041717e-06 1.0666856329484466e-50 1.3858157283988196e-26 47
6.214630569131092e-20 8.802304091024695e-06 2.9498859292022363e-06 2.4632587564692795e-21 7.81718664318245e-06 0.0005107835289211626 7.57476828758321e-23 0.010956125463347151 1.3858157283988196e-26 48
3.7794066271033064e-26 1.1233863444899625e-37 2.323404615865353e-11 1.2701513161974543e-28 1.1300119327196851e-39 4.651427361757481e-40 7.57476828758321e-23 1.0666856329484466e-50 1.3858157283988196e-26 43
3.7794066271033064e-26 1.1233863444899625e-37 7.744670725256513e-17 1.2701513161974543e-28 1.1300119327196851e-39 4.651427361757481e-40 7.57476828758321e-23 1.0666856329484466e-50 1.3858157283988196e-26 43
6.214630569131092e-20 2.0589552183012962e-17 7.744670725256513e-17 1.2701513161974543e-28 7.81718664318245e-06 4.651427361757481e-40 7.57476828758321e-23 1.0666856329484466e-50 1.3858157283988196e-26 44
3.7794066271033064e-26 1.1233863444899625e-37 7.744670725256513e-17 1.2701513161974543e-28 1.1300119327196851e-39 4.651427361757481e-40 7.57476828758321e-23 1.0666856329484466e-50 1.3858157283988196e-26 42
6.214630569131092e-20 8.802304091024695e-06 2.2403263974809023e-25 2.4632587564692795e-21 0.00010924492755279343 0.0005107835289211626 7.57476828758321e-23 0.010956125463347151 1.7610231088889108e-34 48
3.7794066271033064e-26 1.1233863444899625e-37 7.744670725256513e-17 1.2701513161974543e-28 0.00010924492755279343 4.651427361757481e-40 1.9295339358457575e-10 1.0666856329484466e-50 1.3858157283988196e-26 42
3.7794066271033064e-26 1.1233863444899625e-37 7.744670725256513e-17 1.2701513161974543e-28 1.1300119327196851e-39 4.651427361757481e-40 7.57476828758321e-23 1.0666856329484466e-50 1.3858157283988196e-26 43
3.7794066271033064e-26 1.1233863444899625e-37 7.744670725256513e-17 1.715746854373519e-13 1.1300119327196851e-39 4.651427361757481e-40 1.9295339358457575e-10 1.0666856329484466e-50 1.3858157283988196e-26 43
3.7794066271033064e-26 8.802304091024695e-06 1.2815491835914485e-06 1.715746854373519e-13 1.1300119327196851e-39 0.0005107835289211626 2.6252392982041717e-06 1.0666856329484466e-50 1.3858157283988196e-26 47
3.7794066271033064e-26 8.802304091024695e-06 2.2403263974809023e-25 1.2701513161974543e-28 0.00010924492755279343 0.0005107835289211626 2.2397399696670645e-20 1.0666856329484466e-50 1.3858157283988196e-26 47
3.7794066271033064e-26 8.802304091024695e-06 2.2403263974809023e-25 2.4632587564692795e-21 1.1300119327196851e-39 4.651427361757481e-40 1.9295339358457575e-10 0.010956125463347151 1.3858157283988196e-26 48
3.7794066271033064e-26 1.1233863444899625e-37 7.744670725256513e-17 1.715746854373519e-13 1.1300119327196851e-39 4.651427361757481e-40 7.57476828758321e-23 1.0666856329484466e-50 1.3858157283988196e-26 44
3.7794066271033064e-26 1.1233863444899625e-37 1.2815491835914485e-06 1.2701513161974543e-28 1.1300119327196851e-39 2.500722753075674e-10 0.00032702157332136514 1.0666856329484466e-50 1.3858157283988196e-26 42
3.7794066271033064e-26 1.1233863444899625e-37 7.744670725256513e-17 1.2701513161974543e-28 0.00010924492755279343 2.500722753075674e-10 7.57476828758321e-23 1.0666856329484466e-50 1.7610231088889108e-34 42
3.7794066271033064e-26 1.1233863444899625e-37 7.744670725256513e-17 1.2701513161974543e-28 7.81718664318245e-06 2.500722753075674e-10 7.57476828758321e-23 1.0666856329484466e-50 1.7610231088889108e-34 43
6.214630569131092e-20 8.802304091024695e-06 2.2403263974809023e-25 2.4632587564692795e-21 0.00010924492755279343 0.0005107835289211626 7.57476828758321e-23 0.010956125463347151 1.7610231088889108e-34 48
3.7794066271033064e-26 8.802304091024695e-06 7.744670725256513e-17 0.42 1.1300119327196851e-39 0.04309755567373316 7.57476828758321e-23 1.0666856329484466e-50 1.3858157283988196e-26 42
1.1203393873994023e-19 2.0589552183012962e-17 2.2403263974809023e-25 1.2701513161974543e-28 8.797851322897377e-12 0.04309755567373316 2.2397399696670645e-20 1.0666856329484466e-50 1.7610231088889108e-34 43
3.7794066271033064e-26 2.7141598839948153e-05 7.744670725256513e-17 1.2701513161974543e-28 7.81718664318245e-06 4.651427361757481e-40 7.57476828758321e-23 1.0666856329484466e-50 1.7610231088889108e-34 42
3.7794066271033064e-26 8.802304091024695e-06 2.323404615865353e-11 1.2701513161974543e-28 8.797851322897377e-12 0.0005107835289211626 2.6252392982041717e-06 1.0666856329484466e-50 1.3858157283988196e-26 44
3.7794066271033064e-26 1.1233863444899625e-37 7.744670725256513e-17 1.715746854373519e-13 1.1300119327196851e-39 4.651427361757481e-40 7.57476828758321e-23 1.0666856329484466e-50 1.3858157283988196e-26 42
1.1203393873994023e-19 1.1233863444899625e-37 1.2815491835914485e-06 1.2701513161974543e-28 8.797851322897377e-12 0.04309755567373316 2.2397399696670645e-20 1.0666856329484466e-50 1.3858157283988196e-26 43
6.214630569131092e-20 1.1233863444899625e-37 7.744670725256513e-17 1.715746854373519e-13 1.1300119327196851e-39 4.651427361757481e-40 1.9295339358457575e-10 1.0666856329484466e-50 1.3858157283988196e-26 43
3.7794066271033064e-26 1.1233863444899625e-37 2.323404615865353e-11 1.2701513161974543e-28 1.1300119327196851e-39 2.500722753075674e-10 7.57476828758321e-23 1.0666856329484466e-50 1.7610231088889108e-34 43
3.7794066271033064e-26 8.802304091024695e-06 2.323404615865353e-11 1.2701513161974543e-28 8.797851322897377e-12 0.0005107835289211626 2.6252392982041717e-06 1.0666856329484466e-50 1.3858157283988196e-26 44
6.214630569131092e-20 1.1233863444899625e-37 7.744670725256513e-17 1.715746854373519e-13 1.1300119327196851e-39 4.651427361757481e-40 1.9295339358457575e-10 1.0666856329484466e-50 1.7610231088889108e-34 43
3.7794066271033064e-26 2.7141598839948153e-05 7.744670725256513e-17 1.715746854373519e-13 7.81718664318245e-06 4.651427361757481e-40 7.57476828758321e-23 1.0666856329484466e-50 1.3858157283988196e-26 42
1.1203393873994023e-19 2.0589552183012962e-17 2.2403263974809023e-25 1.2701513161974543e-28 7.81718664318245e-06 0.0005107835289211626 2.2397399696670645e-20 1.0666856329484466e-50 1.3858157283988196e-26 43
3.7794066271033064e-26 1.1233863444899625e-37 7.744670725256513e-17 1.2701513161974543e-28 1.1300119327196851e-39 0.04309755567373316 2.6252392982041717e-06 1.0666856329484466e-50 1.3858157283988196e-26 42
6.214630569131092e-20 1.1233863444899625e-37 7.744670725256513e-17 1.715746854373519e-13 1.1300119327196851e-39 4.651427361757481e-40 1.9295339358457575e-10 1.0666856329484466e-50 1.7610231088889108e-34 43
3.7794066271033064e-26 8.802304091024695e-06 2.2403263974809023e-25 1.2701513161974543e-28 0.00010924492755279343 0.0005107835289211626 2.2397399696670645e-20 1.0666856329484466e-50 1.3858157283988196e-26 47
3.7794066271033064e-26 2.7141598839948153e-05 1.2815491835914485e-06 1.2701513161974543e-28 0.00010924492755279343 4.5449058489008774e-08 2.6252392982041717e-06 1.0666856329484466e-50 1.7610231088889108e-34 43
6.214630569131092e-20 8.802304091024695e-06 7.744670725256513e-17 2.4632587564692795e-21 8.797851322897377e-12 0.04309755567373316 1.9295339358457575e-10 1.0666856329484466e-50 1.7610231088889108e-34 43
3.7794066271033064e-26 8.802304091024695e-06 1.2815491835914485e-06 2.4632587564692795e-21 8.797851322897377e-12 4.651427361757481e-40 2.6252392982041717e-06 1.0666856329484466e-50 1.3858157283988196e-26 48
1.1203393873994023e-19 2.0589552183012962e-17 2.2403263974809023e-25 1.2701513161974543e-28 7.81718664318245e-06 0.0005107835289211626 2.2397399696670645e-20 1.0666856329484466e-50 1.3858157283988196e-26 43
1.1203393873994023e-19 2.7141598839948153e-05 2.2403263974809023e-25 1.2701513161974543e-28 1.1300119327196851e-39 0.04309755567373316 2.2397399696670645e-20 1.0666856329484466e-50 1.3858157283988196e-26 43
3.7794066271033064e-26 2.7141598839948153e-05 7.744670725256513e-17 1.2701513161974543e-28 7.81718664318245e-06 4.651427361757481e-40 7.57476828758321e-23 1.0666856329484466e-50 1.7610231088889108e-34 42
3.7794066271033064e-26 8.802304091024695e-06 1.2815491835914485e-06 1.715746854373519e-13 1.1300119327196851e-39 0.0005107835289211626 2.6252392982041717e-06 1.0666856329484466e-50 1.3858157283988196e-26 47
3.7794066271033064e-26 8.802304091024695e-06 1.2815491835914485e-06 2.4632587564692795e-21 8.797851322897377e-12 4.651427361757481e-40 2.6252392982041717e-06 1.0666856329484466e-50 1.3858157283988196e-26 48
3.7794066271033064e-26 1.1233863444899625e-37 7.744670725256513e-17 1.2701513161974543e-28 0.00010924492755279343 2.500722753075674e-10 7.57476828758321e-23 1.0666856329484466e-50 1.3858157283988196e-26 42
6.214630569131092e-20 8.802304091024695e-06 2.2403263974809023e-25 2.4632587564692795e-21 7.81718664318245e-06 0.04309755567373316 0.00032702157332136514 0.010956125463347151 1.3858157283988196e-26 48
1.1203393873994023e-19 1.1233863444899625e-37 2.2403263974809023e-25 1.2701513161974543e-28 8.797851322897377e-12 4.5449058489008774e-08 2.2397399696670645e-20 1.0666856329484466e-50 1.7610231088889108e-34 43
6.214630569131092e-20 2.0589552183012962e-17 2.2403263974809023e-25 1.2701513161974543e-28 0.004693121603825882 4.651427361757481e-40 7.57476828758321e-23 1.0666856329484466e-50 1.3858157283988196e-26 48
3.7794066271033064e-26 8.802304091024695e-06 1.2815491835914485e-06 2.4632587564692795e-21 8.797851322897377e-12 4.651427361757481e-40 2.6252392982041717e-06 1.0666856329484466e-50 1.3858157283988196e-26 48
3.7794066271033064e-26 1.1233863444899625e-37 1.2815491835914485e-06 1.2701513161974543e-28 1.1300119327196851e-39 2.500722753075674e-10 0.00032702157332136514 1.0666856329484466e-50 1.3858157283988196e-26 42
3.7794066271033064e-26 1.1233863444899625e-37 1.2815491835914485e-06 1.2701513161974543e-28 1.1300119327196851e-39 2.500722753075674e-10 0.00032702157332136514 1.0666856329484466e-50 1.3858157283988196e-26 42
3.7794066271033064e-26 1.1233863444899625e-37 2.323404615865353e-11 1.715746854373519e-13 8.797851322897377e-12 2.500722753075674e-10 1.9295339358457575e-10 1.0666856329484466e-50 1.7610231088889108e-34 43
0.03 1.1233863444899625e-37 1.2815491835914485e-06 2.4632587564692795e-21 1.1300119327196851e-39 4.651427361757481e-40 1.9295339358457575e-10 0.010956125463347151 1.3858157283988196e-26 48
3.7794066271033064e-26 2.7141598839948153e-05 1.2815491835914485e-06 1.715746854373519e-13 7.81718664318245e-06 4.651427361757481e-40 0.00032702157332136514 1.0666856329484466e-50 1.3858157283988196e-26 43
6.214630569131092e-20 1.1233863444899625e-37 7.744670725256513e-17 1.2701513161974543e-28 7.81718664318245e-06 2.500722753075674e-10 7.57476828758321e-23 1.0666856329484466e-50 1.3858157283988196e-26 44
6.214630569131092e-20 1.1233863444899625e-37 7.744670725256513e-17 1.715746854373519e-13 1.1300119327196851e-39 4.651427361757481e-40 1.9295339358457575e-10 1.0666856329484466e-50 1.7610231088889108e-34 43
6.214630569131092e-20 1.1233863444899625e-37 7.744670725256513e-17 1.715746854373519e-13 7.81718664318245e-06 4.651427361757481e-40 1.9295339358457575e-10 1.0666856329484466e-50 1.3858157283988196e-26 43
6.214630569131092e-20 8.802304091024695e-06 7.744670725256513e-17 1.2701513161974543e-28 7.81718664318245e-06 4.5449058489008774e-08 1.9295339358457575e-10 1.0666856329484466e-50 1.7610231088889108e-34 43
3.7794066271033064e-26 1.1233863444899625e-37 2.323404615865353e-11 1.2701513161974543e-28 8.797851322897377e-12 4.5449058489008774e-08 2.6252392982041717e-06 1.0666856329484466e-50 1.7610231088889108e-34 42
3.7794066271033064e-26 1.1233863444899625e-37 7.744670725256513e-17 1.2701513161974543e-28 7.81718664318245e-06 4.651427361757481e-40 1.9295339358457575e-10 1.0666856329484466e-50 1.3858157283988196e-26 42
1.1203393873994023e-19 8.802304091024695e-06 2.9498859292022363e-06 1.2701513161974543e-28 8.797851322897377e-12 4.5449058489008774e-08 7.57476828758321e-23 0.010956125463347151 1.3858157283988196e-26 48
6.214630569131092e-20 2.7141598839948153e-05 7.744670725256513e-17 1.715746854373519e-13 7.81718664318245e-06 4.651427361757481e-40 1.9295339358457575e-10 1.0666856329484466e-50 1.7610231088889108e-34 42
3.7794066271033064e-26 1.1233863444899625e-37 7.744670725256513e-17 1.2701513161974543e-28 1.1300119327196851e-39 4.5449058489008774e-08 2.6252392982041717e-06 1.0666856329484466e-50 1.7610231088889108e-34 42
3.7794066271033064e-26 1.1233863444899625e-37 7.744670725256513e-17 1.2701513161974543e-28 1.1300119327196851e-39 4.651427361757481e-40 7.57476828758321e-23 1.0666856329484466e-50 1.3858157283988196e-26 42
6.214630569131092e-20 1.1233863444899625e-37 2.2403263974809023e-25 2.4632587564692795e-21 8.797851322897377e-12 4.651427361757481e-40 1.9295339358457575e-10 1.0666856329484466e-50 1.3858157283988196e-26 46
3.7794066271033064e-26 8.802304091024695e-06 2.323404615865353e-11 1.2701513161974543e-28 8.797851322897377e-12 0.04309755567373316 2.6252392982041717e-06 1.0666856329484466e-50 1.3858157283988196e-26 42
1.1203393873994023e-19 2.0589552183012962e-17 2.2403263974809023e-25 1.2701513161974543e-28 0.00010924492755279343 0.0005107835289211626 2.2397399696670645e-20 1.0666856329484466e-50 1.3858157283988196e-26 43
3.7794066271033064e-26 1.1233863444899625e-37 7.744670725256513e-17 1.715746854373519e-13 7.81718664318245e-06 4.651427361757481e-40 1.9295339358457575e-10 1.0666856329484466e-50 1.3858157283988196e-26 43
6.214630569131092e-20 1.1233863444899625e-37 7.744670725256513e-17 1.715746854373519e-13 7.81718664318245e-06 4.651427361757481e-40 1.9295339358457575e-10 1.0666856329484466e-50 1.3858157283988196e-26 43
6.214630569131092e-20 1.1233863444899625e-37 7.744670725256513e-17 1.2701513161974543e-28 1.1300119327196851e-39 2.500722753075674e-10 7.57476828758321e-23 1.0666856329484466e-50 1.3858157283988196e-26 42
3.7794066271033064e-26 8.802304091024695e-06 1.2815491835914485e-06 1.715746854373519e-13 1.1300119327196851e-39 0.0005107835289211626 2.6252392982041717e-06 1.0666856329484466e-50 1.3858157283988196e-26 47
3.7794066271033064e-26 1.1233863444899625e-37 7.744670725256513e-17 1.2701513161974543e-28 1.1300119327196851e-39 0.04309755567373316 2.6252392982041717e-06 1.0666856329484466e-50 1.3858157283988196e-26 42
3.7794066271033064e-26 1.1233863444899625e-37 7.744670725256513e-17 1.2701513161974543e-28 1.1300119327196851e-39 0.04309755567373316 7.57476828758321e-23 1.0666856329484466e-50 1.3858157283988196e-26 42
3.7794066271033064e-26 2.7141598839948153e-05 7.744670725256513e-17 1.2701513161974543e-28 1.1300119327196851e-39 4.651427361757481e-40 7.57476828758321e-23 1.0666856329484466e-50 1.3858157283988196e-26 42
1.1203393873994023e-19 1.1233863444899625e-37 2.2403263974809023e-25 1.2701513161974543e-28 8.797851322897377e-12 4.5449058489008774e-08 2.2397399696670645e-20 1.0666856329484466e-50 1.7610231088889108e-34 43
6.214630569131092e-20 1.1233863444899625e-37 7.744670725256513e-17 1.715746854373519e-13 1.1300119327196851e-39 4.651427361757481e-40 1.9295339358457575e-10 1.0666856329484466e-50 1.3858157283988196e-26 43
3.7794066271033064e-26 2.7141598839948153e-05 1.2815491835914485e-06 1.715746854373519e-13 7.81718664318245e-06 4.651427361757481e-40 0.00032702157332136514 1.0666856329484466e-50 1.3858157283988196e-26 43
