1.0711807614737949e-17 9.638179565382794e-05 1.327695504690039e-15 5.481951179874121e-16 0.00045580498777320554 1.2725605268700367e-35 2.7810660003974825e-08 1.7775424693445027e-43 1.1870198215005734e-31 43
1.6828187976332992e-15 4.31511492138776e-05 1.389134768703157e-06 1.949546388986241e-27 6.572411115978615e-10 0.02003632365837538 2.835038798296273e-15 1.7775424693445027e-43 1.5073166682756645e-20 43
1.6828187976332992e-15 1.0318776846821095e-33 1.389134768703157e-06 1.949546388986241e-27 6.572411115978615e-10 0.02003632365837538 2.835038798296273e-15 1.7775424693445027e-43 1.5073166682756645e-20 43
1.2574726881527785e-23 1.0318776846821095e-33 1.327695504690039e-15 1.949546388986241e-27 6.2589417161179755e-34 1.2725605268700367e-35 1.3115142587836992e-22 1.7775424693445027e-43 1.5073166682756645e-20 42
1.0711807614737949e-17 1.0318776846821095e-33 1.327695504690039e-15 4.326733140396976e-11 1.3988932337338362e-05 1.2725605268700367e-35 2.7810660003974825e-08 1.7775424693445027e-43 1.5073166682756645e-20 43
1.2574726881527785e-23 4.31511492138776e-05 1.327695504690039e-15 1.949546388986241e-27 6.572411115978615e-10 0.02003632365837538 1.8598863214713045e-05 1.7775424693445027e-43 1.5073166682756645e-20 44
1.6828187976332992e-15 1.109180879198058e-13 1.3901725251410774e-19 1.949546388986241e-27 0.00045580498777320554 0.001813829538861265 2.835038798296273e-15 1.7775424693445027e-43 1.5073166682756645e-20 43
1.2574726881527785e-23 1.0318776846821095e-33 1.327695504690039e-15 1.949546388986241e-27 6.2589417161179755e-34 0.02003632365837538 1.3115142587836992e-22 1.7775424693445027e-43 1.5073166682756645e-20 44
1.2574726881527785e-23 1.0318776846821095e-33 1.3901725251410774e-19 4.326733140396976e-11 0.00045580498777320554 0.02003632365837538 2.835038798296273e-15 1.7775424693445027e-43 1.1870198215005734e-31 46
1.2574726881527785e-23 1.0318776846821095e-33 1.327695504690039e-15 1.949546388986241e-27 6.2589417161179755e-34 4.151524931912633e-07 1.8598863214713045e-05 1.7775424693445027e-43 1.1870198215005734e-31 42
1.0711807614737949e-17 1.0318776846821095e-33 1.3901725251410774e-19 5.481951179874121e-16 6.572411115978615e-10 1.2725605268700367e-35 2.7810660003974825e-08 1.7775424693445027e-43 1.5073166682756645e-20 46
1.2574726881527785e-23 1.0318776846821095e-33 2.2325870311107856e-10 1.949546388986241e-27 6.2589417161179755e-34 5.221264980723001e-07 1.3115142587836992e-22 1.7775424693445027e-43 1.5073166682756645e-20 43
0.03 1.0318776846821095e-33 1.389134768703157e-06 5.481951179874121e-16 6.2589417161179755e-34 1.2725605268700367e-35 2.7810660003974825e-08 0.007716242327005892 1.5073166682756645e-20 48
1.2574726881527785e-23 4.31511492138776e-05 1.327695504690039e-15 1.949546388986241e-27 6.572411115978615e-10 5.221264980723001e-07 1.3115142587836992e-22 1.05 1.5073166682756645e-20 42
1.0711807614737949e-17 1.0318776846821095e-33 1.327695504690039e-15 4.326733140396976e-11 1.3988932337338362e-05 1.2725605268700367e-35 2.7810660003974825e-08 1.7775424693445027e-43 1.1870198215005734e-31 43
1.2574726881527785e-23 9.638179565382794e-05 1.389134768703157e-06 4.326733140396976e-11 1.3988932337338362e-05 1.2725605268700367e-35 0.0012587662576716305 1.7775424693445027e-43 1.5073166682756645e-20 43
1.0711807614737949e-17 9.638179565382794e-05 1.389134768703157e-06 4.326733140396976e-11 0.00045580498777320554 1.2725605268700367e-35 1.3115142587836992e-22 1.05 1.1870198215005734e-31 43
1.2574726881527785e-23 4.31511492138776e-05 2.2325870311107856e-10 1.949546388986241e-27 6.572411115978615e-10 0.001813829538861265 1.8598863214713045e-05 1.7775424693445027e-43 1.5073166682756645e-20 44
1.2574726881527785e-23 9.638179565382794e-05 1.389134768703157e-06 1.949546388986241e-27 0.00045580498777320554 4.151524931912633e-07 1.8598863214713045e-05 1.7775424693445027e-43 1.1870198215005734e-31 43
1.2574726881527785e-23 1.0318776846821095e-33 1.327695504690039e-15 1.949546388986241e-27 1.3988932337338362e-05 0.02003632365837538 1.3115142587836992e-22 1.7775424693445027e-43 1.5073166682756645e-20 44
1.0711807614737949e-17 1.0318776846821095e-33 1.327695504690039e-15 1.949546388986241e-27 1.3988932337338362e-05 5.221264980723001e-07 1.3115142587836992e-22 1.7775424693445027e-43 1.5073166682756645e-20 44
1.0711807614737949e-17 1.0318776846821095e-33 1.327695504690039e-15 4.326733140396976e-11 1.3988932337338362e-05 1.2725605268700367e-35 2.7810660003974825e-08 1.7775424693445027e-43 1.1870198215005734e-31 43
1.0711807614737949e-17 1.0318776846821095e-33 1.327695504690039e-15 5.481951179874121e-16 6.2589417161179755e-34 1.2725605268700367e-35 1.3115142587836992e-22 1.7775424693445027e-43 1.1870198215005734e-31 44
1.2574726881527785e-23 4.31511492138776e-05 1.389134768703157e-06 4.326733140396976e-11 6.2589417161179755e-34 0.001813829538861265 1.8598863214713045e-05 1.7775424693445027e-43 1.5073166682756645e-20 47
1.2574726881527785e-23 1.0318776846821095e-33 1.389134768703157e-06 1.949546388986241e-27 1.3988932337338362e-05 5.221264980723001e-07 0.0012587662576716305 1.7775424693445027e-43 1.1870198215005734e-31 42
1.2574726881527785e-23 1.0318776846821095e-33 1.327695504690039e-15 1.949546388986241e-27 6.2589417161179755e-34 5.221264980723001e-07 1.3115142587836992e-22 1.7775424693445027e-43 1.5073166682756645e-20 42
1.2574726881527785e-23 4.31511492138776e-05 1.389134768703157e-06 4.326733140396976e-11 6.2589417161179755e-34 0.001813829538861265 1.8598863214713045e-05 1.7775424693445027e-43 1.5073166682756645e-20 47
1.2574726881527785e-23 4.31511492138776e-05 1.3901725251410774e-19 5.481951179874121e-16 6.2589417161179755e-34 0.001813829538861265 2.835038798296273e-15 1.7775424693445027e-43 1.5073166682756645e-20 47
1.2574726881527785e-23 1.0318776846821095e-33 1.327695504690039e-15 1.949546388986241e-27 6.2589417161179755e-34 1.2725605268700367e-35 1.3115142587836992e-22 1.7775424693445027e-43 1.1870198215005734e-31 43
1.2574726881527785e-23 9.638179565382794e-05 1.389134768703157e-06 1.949546388986241e-27 0.00045580498777320554 5.221264980723001e-07 0.0012587662576716305 1.7775424693445027e-43 1.1870198215005734e-31 42
1.0711807614737949e-17 4.31511492138776e-05 1.3901725251410774e-19 5.481951179874121e-16 1.3988932337338362e-05 0.001813829538861265 1.3115142587836992e-22 0.007716242327005892 1.5073166682756645e-20 48
1.2574726881527785e-23 1.0318776846821095e-33 1.327695504690039e-15 1.949546388986241e-27 1.3988932337338362e-05 0.02003632365837538 1.3115142587836992e-22 1.7775424693445027e-43 1.5073166682756645e-20 44
1.2574726881527785e-23 1.0318776846821095e-33 1.327695504690039e-15 1.949546388986241e-27 6.2589417161179755e-34 1.2725605268700367e-35 2.7810660003974825e-08 1.7775424693445027e-43 1.5073166682756645e-20 42
1.2574726881527785e-23 9.638179565382794e-05 1.389134768703157e-06 1.949546388986241e-27 0.00045580498777320554 4.151524931912633e-07 1.8598863214713045e-05 1.7775424693445027e-43 1.1870198215005734e-31 43
1.0711807614737949e-17 1.0318776846821095e-33 1.327695504690039e-15 4.326733140396976e-11 1.3988932337338362e-05 1.2725605268700367e-35 2.7810660003974825e-08 1.7775424693445027e-43 1.5073166682756645e-20 43
1.0711807614737949e-17 4.31511492138776e-05 2.2933470209510968e-05 5.481951179874121e-16 1.3988932337338362e-05 0.001813829538861265 1.3115142587836992e-22 0.007716242327005892 1.5073166682756645e-20 48
1.2574726881527785e-23 1.0318776846821095e-33 1.327695504690039e-15 4.326733140396976e-11 1.3988932337338362e-05 1.2725605268700367e-35 2.7810660003974825e-08 1.7775424693445027e-43 1.5073166682756645e-20 43
1.0711807614737949e-17 4.31511492138776e-05 1.327695504690039e-15 1.949546388986241e-27 1.3988932337338362e-05 4.151524931912633e-07 2.7810660003974825e-08 1.7775424693445027e-43 1.1870198215005734e-31 43
1.2574726881527785e-23 1.0318776846821095e-33 1.327695504690039e-15 4.326733140396976e-11 6.2589417161179755e-34 1.2725605268700367e-35 1.3115142587836992e-22 1.7775424693445027e-43 1.5073166682756645e-20 42
1.0711807614737949e-17 9.638179565382794e-05 1.389134768703157e-06 4.326733140396976e-11 0.00045580498777320554 1.2725605268700367e-35 1.3115142587836992e-22 1.05 1.1870198215005734e-31 43
1.2574726881527785e-23 4.31511492138776e-05 1.3901725251410774e-19 5.481951179874121e-16 6.2589417161179755e-34 1.2725605268700367e-35 2.7810660003974825e-08 0.007716242327005892 1.5073166682756645e-20 48
1.0711807614737949e-17 1.0318776846821095e-33 1.327695504690039e-15 4.326733140396976e-11 1.3988932337338362e-05 1.2725605268700367e-35 2.7810660003974825e-08 1.7775424693445027e-43 1.5073166682756645e-20 43
1.2574726881527785e-23 9.638179565382794e-05 1.327695504690039e-15 1.949546388986241e-27 0.00045580498777320554 1.2725605268700367e-35 1.3115142587836992e-22 1.7775424693445027e-43 0.3289670572830136 42
1.2574726881527785e-23 1.0318776846821095e-33 1.327695504690039e-15 1.949546388986241e-27 1.3988932337338362e-05 1.2725605268700367e-35 2.7810660003974825e-08 1.7775424693445027e-43 1.5073166682756645e-20 42
1.0711807614737949e-17 1.109180879198058e-13 1.3901725251410774e-19 1.949546388986241e-27 0.013085613358283912 1.2725605268700367e-35 1.3115142587836992e-22 1.7775424693445027e-43 1.5073166682756645e-20 48
1.0711807614737949e-17 4.31511492138776e-05 1.3901725251410774e-19 5.481951179874121e-16 0.00045580498777320554 0.001813829538861265 1.3115142587836992e-22 0.007716242327005892 1.5073166682756645e-20 48
1.2574726881527785e-23 1.0318776846821095e-33 1.327695504690039e-15 4.326733140396976e-11 6.2589417161179755e-34 1.2725605268700367e-35 2.7810660003974825e-08 1.7775424693445027e-43 1.5073166682756645e-20 43
1.2574726881527785e-23 1.0318776846821095e-33 2.2325870311107856e-10 4.326733140396976e-11 6.572411115978615e-10 5.221264980723001e-07 2.7810660003974825e-08 1.7775424693445027e-43 1.1870198215005734e-31 43
1.2574726881527785e-23 9.638179565382794e-05 1.389134768703157e-06 4.326733140396976e-11 1.3988932337338362e-05 1.2725605268700367e-35 0.0012587662576716305 1.7775424693445027e-43 1.5073166682756645e-20 43
1.2574726881527785e-23 4.31511492138776e-05 1.327695504690039e-15 1.949546388986241e-27 6.2589417161179755e-34 5.221264980723001e-07 2.7810660003974825e-08 1.7775424693445027e-43 1.5073166682756645e-20 42
1.2574726881527785e-23 4.31511492138776e-05 1.3901725251410774e-19 1.949546388986241e-27 6.2589417161179755e-34 0.02003632365837538 2.835038798296273e-15 1.7775424693445027e-43 1.1870198215005734e-31 43
1.2574726881527785e-23 1.0318776846821095e-33 1.327695504690039e-15 4.326733140396976e-11 6.2589417161179755e-34 5.221264980723001e-07 1.3115142587836992e-22 1.7775424693445027e-43 1.5073166682756645e-20 44
1.2574726881527785e-23 1.0318776846821095e-33 1.327695504690039e-15 1.949546388986241e-27 6.2589417161179755e-34 1.2725605268700367e-35 1.3115142587836992e-22 1.7775424693445027e-43 1.1870198215005734e-31 42
1.2574726881527785e-23 1.0318776846821095e-33 1.327695504690039e-15 1.949546388986241e-27 6.2589417161179755e-34 4.151524931912633e-07 1.8598863214713045e-05 1.7775424693445027e-43 1.1870198215005734e-31 42
1.0711807614737949e-17 1.0318776846821095e-33 1.3901725251410774e-19 5.481951179874121e-16 6.572411115978615e-10 1.2725605268700367e-35 2.7810660003974825e-08 1.7775424693445027e-43 1.5073166682756645e-20 46
1.2574726881527785e-23 4.31511492138776e-05 1.327695504690039e-15 0.42 6.2589417161179755e-34 0.02003632365837538 1.3115142587836992e-22 1.7775424693445027e-43 1.5073166682756645e-20 42
1.0711807614737949e-17 9.638179565382794e-05 1.389134768703157e-06 4.326733140396976e-11 0.00045580498777320554 1.2725605268700367e-35 1.3115142587836992e-22 1.05 1.1870198215005734e-31 43
1.2574726881527785e-23 1.0318776846821095e-33 1.389134768703157e-06 1.949546388986241e-27 6.2589417161179755e-34 0.001813829538861265 1.8598863214713045e-05 1.7775424693445027e-43 1.5073166682756645e-20 47
1.0711807614737949e-17 4.31511492138776e-05 1.389134768703157e-06 5.481951179874121e-16 6.572411115978615e-10 1.2725605268700367e-35 2.7810660003974825e-08 0.007716242327005892 1.5073166682756645e-20 46
1.2574726881527785e-23 1.0318776846821095e-33 1.327695504690039e-15 1.949546388986241e-27 6.2589417161179755e-34 1.2725605268700367e-35 1.3115142587836992e-22 1.7775424693445027e-43 1.5073166682756645e-20 42
1.2574726881527785e-23 1.0318776846821095e-33 1.327695504690039e-15 1.949546388986241e-27 6.2589417161179755e-34 1.2725605268700367e-35 1.3115142587836992e-22 1.7775424693445027e-43 1.1870198215005734e-31 43
1.2574726881527785e-23 1.0318776846821095e-33 1.327695504690039e-15 1.949546388986241e-27 6.2589417161179755e-34 1.2725605268700367e-35 2.7810660003974825e-08 1.7775424693445027e-43 1.5073166682756645e-20 42
1.2574726881527785e-23 4.31511492138776e-05 1.3901725251410774e-19 5.481951179874121e-16 0.00045580498777320554 0.001813829538861265 1.3115142587836992e-22 0.007716242327005892 1.5073166682756645e-20 48
1.0711807614737949e-17 1.0318776846821095e-33 1.327695504690039e-15 1.949546388986241e-27 6.2589417161179755e-34 1.2725605268700367e-35 1.3115142587836992e-22 1.7775424693445027e-43 1.5073166682756645e-20 44
1.2574726881527785e-23 1.0318776846821095e-33 1.327695504690039e-15 1.949546388986241e-27 6.2589417161179755e-34 0.02003632365837538 1.8598863214713045e-05 1.7775424693445027e-43 0.3289670572830136 42
1.2574726881527785e-23 1.0318776846821095e-33 2.2933470209510968e-05 5.481951179874121e-16 6.2589417161179755e-34 1.2725605268700367e-35 1.8598863214713045e-05 0.007716242327005892 1.1870198215005734e-31 46
1.2574726881527785e-23 4.31511492138776e-05 2.2325870311107856e-10 1.949546388986241e-27 6.572411115978615e-10 0.02003632365837538 1.8598863214713045e-05 1.7775424693445027e-43 1.5073166682756645e-20 42
1.0711807614737949e-17 1.0318776846821095e-33 1.327695504690039e-15 5.481951179874121e-16 6.2589417161179755e-34 1.2725605268700367e-35 1.3115142587836992e-22 1.7775424693445027e-43 1.1870198215005734e-31 44
1.2574726881527785e-23 1.0318776846821095e-33 1.327695504690039e-15 1.949546388986241e-27 6.2589417161179755e-34 1.2725605268700367e-35 1.3115142587836992e-22 1.7775424693445027e-43 1.5073166682756645e-20 42
1.2574726881527785e-23 9.638179565382794e-05 1.327695504690039e-15 4.326733140396976e-11 1.3988932337338362e-05 1.2725605268700367e-35 1.3115142587836992e-22 1.7775424693445027e-43 1.5073166682756645e-20 42
1.2574726881527785e-23 9.638179565382794e-05 1.327695504690039e-15 4.326733140396976e-11 1.3988932337338362e-05 1.2725605268700367e-35 1.3115142587836992e-22 1.7775424693445027e-43 1.5073166682756645e-20 42
1.2574726881527785e-23 1.0318776846821095e-33 2.2325870311107856e-10 4.326733140396976e-11 6.572411115978615e-10 5.221264980723001e-07 2.7810660003974825e-08 1.7775424693445027e-43 1.1870198215005734e-31 43
1.2574726881527785e-23 9.638179565382794e-05 1.389134768703157e-06 1.949546388986241e-27 0.00045580498777320554 4.151524931912633e-07 1.8598863214713045e-05 1.7775424693445027e-43 1.1870198215005734e-31 43
1.2574726881527785e-23 1.0318776846821095e-33 1.327695504690039e-15 4.326733140396976e-11 6.2589417161179755e-34 1.2725605268700367e-35 1.3115142587836992e-22 1.7775424693445027e-43 1.1870198215005734e-31 43
1.2574726881527785e-23 4.31511492138776e-05 1.3901725251410774e-19 4.326733140396976e-11 6.572411115978615e-10 4.151524931912633e-07 2.835038798296273e-15 1.7775424693445027e-43 1.1870198215005734e-31 43
1.2574726881527785e-23 1.0318776846821095e-33 1.3901725251410774e-19 1.949546388986241e-27 0.013085613358283912 0.001813829538861265 2.835038798296273e-15 1.7775424693445027e-43 1.5073166682756645e-20 43
1.0711807614737949e-17 1.0318776846821095e-33 1.327695504690039e-15 1.949546388986241e-27 6.2589417161179755e-34 1.2725605268700367e-35 2.7810660003974825e-08 1.7775424693445027e-43 1.5073166682756645e-20 43
1.0711807614737949e-17 4.31511492138776e-05 1.3901725251410774e-19 5.481951179874121e-16 1.3988932337338362e-05 0.001813829538861265 1.3115142587836992e-22 0.007716242327005892 1.5073166682756645e-20 48
1.2574726881527785e-23 1.0318776846821095e-33 1.327695504690039e-15 1.949546388986241e-27 6.2589417161179755e-34 1.2725605268700367e-35 1.3115142587836992e-22 1.7775424693445027e-43 1.1870198215005734e-31 42
1.0711807614737949e-17 1.109180879198058e-13 1.327695504690039e-15 1.949546388986241e-27 1.3988932337338362e-05 1.2725605268700367e-35 1.3115142587836992e-22 1.7775424693445027e-43 1.5073166682756645e-20 44
1.0711807614737949e-17 9.638179565382794e-05 1.327695504690039e-15 4.326733140396976e-11 0.00045580498777320554 1.2725605268700367e-35 2.7810660003974825e-08 1.7775424693445027e-43 1.5073166682756645e-20 43
1.2574726881527785e-23 1.0318776846821095e-33 1.327695504690039e-15 4.326733140396976e-11 6.2589417161179755e-34 5.221264980723001e-07 1.3115142587836992e-22 1.7775424693445027e-43 1.5073166682756645e-20 43
1.2574726881527785e-23 1.0318776846821095e-33 1.389134768703157e-06 1.949546388986241e-27 6.2589417161179755e-34 5.221264980723001e-07 0.0012587662576716305 1.7775424693445027e-43 1.5073166682756645e-20 42
1.0711807614737949e-17 1.0318776846821095e-33 1.327695504690039e-15 4.326733140396976e-11 0.00045580498777320554 4.151524931912633e-07 2.7810660003974825e-08 1.7775424693445027e-43 1.5073166682756645e-20 43
1.0711807614737949e-17 4.31511492138776e-05 1.3901725251410774e-19 5.481951179874121e-16 0.00045580498777320554 0.001813829538861265 1.3115142587836992e-22 0.007716242327005892 1.5073166682756645e-20 48
1.2574726881527785e-23 4.31511492138776e-05 1.327695504690039e-15 1.949546388986241e-27 6.2589417161179755e-34 5.221264980723001e-07 1.3115142587836992e-22 1.7775424693445027e-43 1.5073166682756645e-20 42
1.2574726881527785e-23 1.0318776846821095e-33 1.327695504690039e-15 1.949546388986241e-27 6.2589417161179755e-34 1.2725605268700367e-35 1.3115142587836992e-22 1.7775424693445027e-43 1.1870198215005734e-31 42
1.6828187976332992e-15 4.31511492138776e-05 1.389134768703157e-06 1.949546388986241e-27 6.572411115978615e-10 0.02003632365837538 2.835038798296273e-15 1.7775424693445027e-43 1.5073166682756645e-20 43
1.2574726881527785e-23 1.0318776846821095e-33 1.327695504690039e-15 1.949546388986241e-27 6.2589417161179755e-34 5.221264980723001e-07 1.3115142587836992e-22 1.7775424693445027e-43 1.5073166682756645e-20 43
1.2574726881527785e-23 1.0318776846821095e-33 1.327695504690039e-15 4.326733140396976e-11 6.2589417161179755e-34 1.2725605268700367e-35 1.3115142587836992e-22 1.7775424693445027e-43 1.1870198215005734e-31 43
1.0711807614737949e-17 4.31511492138776e-05 1.3901725251410774e-19 5.481951179874121e-16 0.00045580498777320554 0.001813829538861265 1.3115142587836992e-22 0.007716242327005892 1.5073166682756645e-20 48
1.0711807614737949e-17 9.638179565382794e-05 1.327695504690039e-15 4.326733140396976e-11 0.00045580498777320554 1.2725605268700367e-35 2.7810660003974825e-08 1.7775424693445027e-43 1.5073166682756645e-20 43
1.0711807614737949e-17 1.0318776846821095e-33 1.327695504690039e-15 4.326733140396976e-11 1.3988932337338362e-05 5.221264980723001e-07 1.3115142587836992e-22 1.7775424693445027e-43 1.5073166682756645e-20 43
1.0711807614737949e-17 9.638179565382794e-05 1.327695504690039e-15 4.326733140396976e-11 0.00045580498777320554 1.2725605268700367e-35 2.7810660003974825e-08 1.7775424693445027e-43 1.5073166682756645e-20 43
0.03 4.31511492138776e-05 1.3901725251410774e-19 0.44999999999999996 0.013085613358283912 0.001813829538861265 2.7810660003974825e-08 1.7775424693445027e-43 1.5073166682756645e-20 47
1.2574726881527785e-23 1.0318776846821095e-33 2.2325870311107856e-10 4.326733140396976e-11 6.2589417161179755e-34 5.221264980723001e-07 1.3115142587836992e-22 1.7775424693445027e-43 1.1870198215005734e-31 43
1.6828187976332992e-15 4.31511492138776e-05 1.389134768703157e-06 1.949546388986241e-27 6.572411115978615e-10 0.02003632365837538 2.835038798296273e-15 1.7775424693445027e-43 1.5073166682756645e-20 43
1.2574726881527785e-23 1.0318776846821095e-33 1.327695504690039e-15 1.949546388986241e-27 6.2589417161179755e-34 1.2725605268700367e-35 1.3115142587836992e-22 1.7775424693445027e-43 1.1870198215005734e-31 43
1.2574726881527785e-23 4.31511492138776e-05 1.3901725251410774e-19 5.481951179874121e-16 0.00045580498777320554 0.001813829538861265 1.3115142587836992e-22 0.007716242327005892 1.5073166682756645e-20 48
1.0711807614737949e-17 9.638179565382794e-05 1.327695504690039e-15 4.326733140396976e-11 1.3988932337338362e-05 1.2725605268700367e-35 2.7810660003974825e-08 1.7775424693445027e-43 1.1870198215005734e-31 42
1.2574726881527785e-23 9.638179565382794e-05 1.327695504690039e-15 1.949546388986241e-27 1.3988932337338362e-05 1.2725605268700367e-35 1.3115142587836992e-22 1.7775424693445027e-43 1.5073166682756645e-20 42
1.2574726881527785e-23 1.0318776846821095e-33 1.327695504690039e-15 1.949546388986241e-27 6.2589417161179755e-34 0.02003632365837538 1.3115142587836992e-22 1.7775424693445027e-43 1.5073166682756645e-20 44
1.0711807614737949e-17 4.31511492138776e-05 1.3901725251410774e-19 5.481951179874121e-16 1.3988932337338362e-05 0.02003632365837538 1.3115142587836992e-22 0.007716242327005892 1.5073166682756645e-20 48
1.2574726881527785e-23 4.31511492138776e-05 1.3901725251410774e-19 1.949546388986241e-27 0.00045580498777320554 0.001813829538861265 2.835038798296273e-15 1.7775424693445027e-43 1.5073166682756645e-20 47
1.2574726881527785e-23 9.638179565382794e-05 1.3901725251410774e-19 4.326733140396976e-11 0.00045580498777320554 4.151524931912633e-07 2.835038798296273e-15 1.7775424693445027e-43 1.5073166682756645e-20 46
1.2574726881527785e-23 1.0318776846821095e-33 1.327695504690039e-15 1.949546388986241e-27 6.2589417161179755e-34 4.151524931912633e-07 1.8598863214713045e-05 1.7775424693445027e-43 1.1870198215005734e-31 42
1.0711807614737949e-17 4.31511492138776e-05 1.3901725251410774e-19 5.481951179874121e-16 0.00045580498777320554 0.001813829538861265 1.3115142587836992e-22 0.007716242327005892 1.5073166682756645e-20 48
1.6828187976332992e-15 9.638179565382794e-05 1.3901725251410774e-19 1.949546388986241e-27 6.2589417161179755e-34 0.02003632365837538 2.835038798296273e-15 1.7775424693445027e-43 1.5073166682756645e-20 43
1.2574726881527785e-23 4.31511492138776e-05 2.2325870311107856e-10 1.949546388986241e-27 6.572411115978615e-10 0.001813829538861265 1.8598863214713045e-05 1.7775424693445027e-43 1.5073166682756645e-20 42
1.2574726881527785e-23 1.0318776846821095e-33 2.2325870311107856e-10 4.326733140396976e-11 6.572411115978615e-10 5.221264980723001e-07 2.7810660003974825e-08 1.7775424693445027e-43 1.1870198215005734e-31 43
1.0711807614737949e-17 1.0318776846821095e-33 1.327695504690039e-15 5.481951179874121e-16 6.2589417161179755e-34 1.2725605268700367e-35 1.3115142587836992e-22 1.7775424693445027e-43 1.1870198215005734e-31 44
1.0711807614737949e-17 4.31511492138776e-05 1.3901725251410774e-19 5.481951179874121e-16 0.00045580498777320554 0.001813829538861265 1.3115142587836992e-22 0.007716242327005892 1.5073166682756645e-20 48
1.2574726881527785e-23 1.0318776846821095e-33 1.3901725251410774e-19 1.949546388986241e-27 0.013085613358283912 0.001813829538861265 2.835038798296273e-15 1.7775424693445027e-43 1.5073166682756645e-20 43
1.2574726881527785e-23 1.0318776846821095e-33 1.327695504690039e-15 1.949546388986241e-27 6.2589417161179755e-34 1.2725605268700367e-35 1.3115142587836992e-22 1.7775424693445027e-43 1.1870198215005734e-31 43
1.2574726881527785e-23 1.0318776846821095e-33 1.389134768703157e-06 1.949546388986241e-27 6.2589417161179755e-34 0.001813829538861265 1.8598863214713045e-05 1.7775424693445027e-43 1.5073166682756645e-20 47
1.2574726881527785e-23 4.31511492138776e-05 1.327695504690039e-15 1.949546388986241e-27 6.572411115978615e-10 4.151524931912633e-07 0.0012587662576716305 1.7775424693445027e-43 1.1870198215005734e-31 44
0.03 1.0318776846821095e-33 1.389134768703157e-06 5.481951179874121e-16 6.2589417161179755e-34 1.2725605268700367e-35 2.7810660003974825e-08 0.007716242327005892 1.5073166682756645e-20 48
1.2574726881527785e-23 4.31511492138776e-05 1.327695504690039e-15 1.949546388986241e-27 6.2589417161179755e-34 5.221264980723001e-07 2.7810660003974825e-08 1.7775424693445027e-43 1.5073166682756645e-20 42
1.2574726881527785e-23 1.0318776846821095e-33 1.327695504690039e-15 1.949546388986241e-27 1.3988932337338362e-05 5.221264980723001e-07 1.3115142587836992e-22 1.7775424693445027e-43 1.5073166682756645e-20 42
1.0711807614737949e-17 4.31511492138776e-05 1.389134768703157e-06 5.481951179874121e-16 6.2589417161179755e-34 1.2725605268700367e-35 2.7810660003974825e-08 1.7775424693445027e-43 1.5073166682756645e-20 43
1.0711807614737949e-17 4.31511492138776e-05 1.327695504690039e-15 5.481951179874121e-16 6.572411115978615e-10 0.02003632365837538 2.7810660003974825e-08 1.7775424693445027e-43 1.1870198215005734e-31 43
1.2574726881527785e-23 4.31511492138776e-05 1.389134768703157e-06 4.326733140396976e-11 6.2589417161179755e-34 0.001813829538861265 1.8598863214713045e-05 1.7775424693445027e-43 1.5073166682756645e-20 47
1.2574726881527785e-23 1.0318776846821095e-33 1.389134768703157e-06 4.326733140396976e-11 6.2589417161179755e-34 5.221264980723001e-07 1.8598863214713045e-05 1.7775424693445027e-43 1.1870198215005734e-31 43
1.2574726881527785e-23 4.31511492138776e-05 1.327695504690039e-15 1.949546388986241e-27 6.2589417161179755e-34 5.221264980723001e-07 1.3115142587836992e-22 1.7775424693445027e-43 1.5073166682756645e-20 42
1.0711807614737949e-17 4.31511492138776e-05 1.327695504690039e-15 5.481951179874121e-16 6.572411115978615e-10 0.02003632365837538 2.7810660003974825e-08 1.7775424693445027e-43 1.1870198215005734e-31 43
1.2574726881527785e-23 1.0318776846821095e-33 1.327695504690039e-15 1.949546388986241e-27 6.2589417161179755e-34 1.2725605268700367e-35 1.3115142587836992e-22 1.7775424693445027e-43 1.1870198215005734e-31 42
1.2574726881527785e-23 9.638179565382794e-05 1.327695504690039e-15 1.949546388986241e-27 1.3988932337338362e-05 1.2725605268700367e-35 1.3115142587836992e-22 1.7775424693445027e-43 1.5073166682756645e-20 42
1.2574726881527785e-23 1.0318776846821095e-33 1.327695504690039e-15 5.481951179874121e-16 6.2589417161179755e-34 1.2725605268700367e-35 2.7810660003974825e-08 1.7775424693445027e-43 1.5073166682756645e-20 43
1.2574726881527785e-23 9.638179565382794e-05 1.327695504690039e-15 4.326733140396976e-11 1.3988932337338362e-05 1.2725605268700367e-35 1.3115142587836992e-22 1.7775424693445027e-43 1.5073166682756645e-20 42
1.2574726881527785e-23 9.638179565382794e-05 1.389134768703157e-06 1.949546388986241e-27 0.00045580498777320554 4.151524931912633e-07 1.8598863214713045e-05 1.7775424693445027e-43 1.1870198215005734e-31 43
1.0711807614737949e-17 1.0318776846821095e-33 1.327695504690039e-15 4.326733140396976e-11 6.2589417161179755e-34 1.2725605268700367e-35 2.7810660003974825e-08 1.7775424693445027e-43 1.5073166682756645e-20 43
1.2574726881527785e-23 1.0318776846821095e-33 2.2325870311107856e-10 1.949546388986241e-27 6.2589417161179755e-34 1.2725605268700367e-35 2.7810660003974825e-08 1.7775424693445027e-43 1.1870198215005734e-31 43
1.2574726881527785e-23 4.31511492138776e-05 1.3901725251410774e-19 1.949546388986241e-27 6.2589417161179755e-34 0.02003632365837538 2.835038798296273e-15 1.7775424693445027e-43 1.1870198215005734e-31 43
1.2574726881527785e-23 4.31511492138776e-05 1.389134768703157e-06 4.326733140396976e-11 6.2589417161179755e-34 0.001813829538861265 1.8598863214713045e-05 1.7775424693445027e-43 1.5073166682756645e-20 47
1.0711807614737949e-17 9.638179565382794e-05 1.327695504690039e-15 4.326733140396976e-11 1.3988932337338362e-05 1.2725605268700367e-35 2.7810660003974825e-08 1.7775424693445027e-43 1.1870198215005734e-31 42
1.0711807614737949e-17 1.0318776846821095e-33 1.327695504690039e-15 4.326733140396976e-11 1.3988932337338362e-05 5.221264980723001e-07 1.3115142587836992e-22 1.7775424693445027e-43 1.5073166682756645e-20 43
1.2574726881527785e-23 9.638179565382794e-05 1.327695504690039e-15 1.949546388986241e-27 0.00045580498777320554 1.2725605268700367e-35 1.3115142587836992e-22 1.7775424693445027e-43 1.5073166682756645e-20 42
