0.0009705566189153912 1.6522364680668183e-08 438.97010391885374 1.088836847599073e-11 5.744396603257812e-19 1054.0496637617503 15.215516590515987 2.4604881506058842e-14 2.0018804415743414 42
4.450178437559688e-07 0.03472065925080099 438.97010391885374 0.03145547330337058 653.9784202233719 7.306109679210243e-21 0.002257675004964406 2.4604881506058842e-14 3.0241862259617816e-19 42
4.450178437559688e-07 0.5756476937526721 0.013206827174583541 6.322034698693787e-08 653.9784202233719 0.653415480907138 5.0159380771555844e-09 10.581537233954194 0.45525557933883876 48
0.0009705566189153912 1.6522364680668183e-08 438.97010391885374 0.03145547330337058 5.744396603257812e-19 7.306109679210243e-21 5.0159380771555844e-09 2.4604881506058842e-14 0.45525557933883876 44
4.450178437559688e-07 0.5756476937526721 3.8472886577820137e-10 6.322034698693787e-08 0.9992122490242236 0.653415480907138 5.0159380771555844e-09 10.581537233954194 0.45525557933883876 48
4.450178437559688e-07 1.6522364680668183e-08 438.97010391885374 0.03145547330337058 653.9784202233719 7.306109679210243e-21 0.002257675004964406 2.4604881506058842e-14 0.45525557933883876 43
0.0009705566189153912 1.6522364680668183e-08 438.97010391885374 1.088836847599073e-11 5.744396603257812e-19 1054.0496637617503 15.215516590515987 2.4604881506058842e-14 0.45525557933883876 42
0.0009705566189153912 0.03472065925080099 438.97010391885374 1.088836847599073e-11 653.9784202233719 7.306109679210243e-21 5.0159380771555844e-09 2.4604881506058842e-14 0.45525557933883876 42
2.457465563209798e-13 6.74975642416545e-13 3.8472886577820137e-10 1.088836847599073e-11 653.9784202233719 0.653415480907138 5.881399431616247e-10 2.4604881506058842e-14 0.45525557933883876 43
4.450178437559688e-07 1.6522364680668183e-08 438.97010391885374 6.322034698693787e-08 5.744396603257812e-19 7.306109679210243e-21 0.002257675004964406 2.4604881506058842e-14 0.45525557933883876 43
0.0009705566189153912 1.6522364680668183e-08 438.97010391885374 1.088836847599073e-11 5.744396603257812e-19 7.306109679210243e-21 5.0159380771555844e-09 2.4604881506058842e-14 3.0241862259617816e-19 43
0.0009705566189153912 1.6522364680668183e-08 438.97010391885374 1.088836847599073e-11 0.9992122490242236 6.412164062204429 5.0159380771555844e-09 2.4604881506058842e-14 0.45525557933883876 42
0.0009705566189153912 1.6522364680668183e-08 438.97010391885374 1.088836847599073e-11 653.9784202233719 6.412164062204429 5.0159380771555844e-09 2.4604881506058842e-14 0.45525557933883876 42
4.450178437559688e-07 1.6522364680668183e-08 438.97010391885374 0.03145547330337058 5.744396603257812e-19 7.306109679210243e-21 0.002257675004964406 2.4604881506058842e-14 0.45525557933883876 43
0.0009705566189153912 0.5756476937526721 3.8472886577820137e-10 6.322034698693787e-08 653.9784202233719 0.653415480907138 5.0159380771555844e-09 10.581537233954194 0.45525557933883876 48
4.450178437559688e-07 1.6522364680668183e-08 438.97010391885374 0.03145547330337058 5.744396603257812e-19 6.412164062204429 0.002257675004964406 2.4604881506058842e-14 0.45525557933883876 43
2.457465563209798e-13 0.5756476937526721 438.97010391885374 1.088836847599073e-11 0.00013634725219667106 1054.0496637617503 15.215516590515987 2.4604881506058842e-14 3.0241862259617816e-19 42
0.0009705566189153912 0.5756476937526721 438.97010391885374 1.088836847599073e-11 5.744396603257812e-19 6.412164062204429 0.002257675004964406 2.4604881506058842e-14 0.45525557933883876 42
4.450178437559688e-07 1.6522364680668183e-08 438.97010391885374 1.088836847599073e-11 653.9784202233719 6.412164062204429 5.0159380771555844e-09 2.4604881506058842e-14 0.45525557933883876 44
0.0009705566189153912 1.6522364680668183e-08 438.97010391885374 1.088836847599073e-11 0.9992122490242236 7.306109679210243e-21 0.002257675004964406 2.4604881506058842e-14 0.45525557933883876 42
0.0009705566189153912 1.6522364680668183e-08 438.97010391885374 1.088836847599073e-11 653.9784202233719 7.306109679210243e-21 0.002257675004964406 2.4604881506058842e-14 0.45525557933883876 42
0.0009705566189153912 1.6522364680668183e-08 438.97010391885374 1.088836847599073e-11 0.9992122490242236 6.412164062204429 5.0159380771555844e-09 2.4604881506058842e-14 3.0241862259617816e-19 42
0.0009705566189153912 0.5756476937526721 3.8472886577820137e-10 6.322034698693787e-08 0.9992122490242236 0.653415480907138 5.0159380771555844e-09 10.581537233954194 0.45525557933883876 48
2.457465563209798e-13 1.6522364680668183e-08 3.4267880576388027e-06 1.088836847599073e-11 0.00013634725219667106 1054.0496637617503 5.881399431616247e-10 2.4604881506058842e-14 0.45525557933883876 43
0.0009705566189153912 1.6522364680668183e-08 438.97010391885374 1.088836847599073e-11 0.9992122490242236 6.412164062204429 5.0159380771555844e-09 2.4604881506058842e-14 3.0241862259617816e-19 42
0.0009705566189153912 0.5756476937526721 8.042690326435762e-08 1.088836847599073e-11 0.00013634725219667106 1054.0496637617503 15.215516590515987 2.4604881506058842e-14 0.45525557933883876 42
0.0009705566189153912 1.6522364680668183e-08 8.042690326435762e-08 1.088836847599073e-11 5.744396603257812e-19 7.306109679210243e-21 0.002257675004964406 2.4604881506058842e-14 3.0241862259617816e-19 43
0.0009705566189153912 1.6522364680668183e-08 8.042690326435762e-08 1.088836847599073e-11 5.744396603257812e-19 7.306109679210243e-21 5.0159380771555844e-09 2.4604881506058842e-14 0.45525557933883876 43
0.0009705566189153912 0.5756476937526721 438.97010391885374 1.088836847599073e-11 5.744396603257812e-19 6.412164062204429 5.0159380771555844e-09 2.4604881506058842e-14 0.45525557933883876 42
0.0009705566189153912 1.6522364680668183e-08 3.4267880576388027e-06 1.088836847599073e-11 653.9784202233719 6.412164062204429 1.1186156872037771 2.4604881506058842e-14 3.0241862259617816e-19 42
2.457465563209798e-13 1.6522364680668183e-08 3.4267880576388027e-06 1.088836847599073e-11 0.00013634725219667106 1054.0496637617503 5.881399431616247e-10 2.4604881506058842e-14 0.45525557933883876 43
2.457465563209798e-13 6.74975642416545e-13 3.8472886577820137e-10 1.088836847599073e-11 653.9784202233719 0.653415480907138 5.881399431616247e-10 2.4604881506058842e-14 0.45525557933883876 43
4.450178437559688e-07 0.5756476937526721 3.8472886577820137e-10 6.322034698693787e-08 0.9992122490242236 0.653415480907138 5.0159380771555844e-09 10.581537233954194 0.45525557933883876 48
0.0009705566189153912 1.6522364680668183e-08 438.97010391885374 0.03145547330337058 5.744396603257812e-19 6.412164062204429 5.0159380771555844e-09 2.4604881506058842e-14 0.45525557933883876 43
4.450178437559688e-07 0.03472065925080099 438.97010391885374 6.322034698693787e-08 0.9992122490242236 7.306109679210243e-21 0.002257675004964406 2.4604881506058842e-14 3.0241862259617816e-19 43
4.450178437559688e-07 1.6522364680668183e-08 438.97010391885374 0.03145547330337058 653.9784202233719 7.306109679210243e-21 0.002257675004964406 2.4604881506058842e-14 3.0241862259617816e-19 43
0.0009705566189153912 6.74975642416545e-13 0.013206827174583541 0.03145547330337058 5.744396603257812e-19 6.412164062204429 5.881399431616247e-10 2.4604881506058842e-14 0.45525557933883876 46
0.0009705566189153912 0.5756476937526721 8.042690326435762e-08 1.088836847599073e-11 0.00013634725219667106 0.653415480907138 15.215516590515987 2.4604881506058842e-14 0.45525557933883876 44
4.450178437559688e-07 1.6522364680668183e-08 438.97010391885374 1.088836847599073e-11 5.744396603257812e-19 7.306109679210243e-21 5.0159380771555844e-09 2.4604881506058842e-14 0.45525557933883876 44
0.0009705566189153912 0.5756476937526721 438.97010391885374 6.322034698693787e-08 0.00013634725219667106 7.306109679210243e-21 0.002257675004964406 10.581537233954194 0.45525557933883876 48
0.0009705566189153912 1.6522364680668183e-08 438.97010391885374 1.088836847599073e-11 5.744396603257812e-19 1054.0496637617503 15.215516590515987 2.4604881506058842e-14 0.45525557933883876 42
0.0009705566189153912 0.03472065925080099 438.97010391885374 1.088836847599073e-11 0.9992122490242236 7.306109679210243e-21 5.0159380771555844e-09 2.4604881506058842e-14 0.45525557933883876 42
0.0009705566189153912 1.6522364680668183e-08 8.042690326435762e-08 1.088836847599073e-11 5.744396603257812e-19 7.306109679210243e-21 0.002257675004964406 2.4604881506058842e-14 3.0241862259617816e-19 43
0.0009705566189153912 1.6522364680668183e-08 438.97010391885374 1.088836847599073e-11 5.744396603257812e-19 6.412164062204429 5.0159380771555844e-09 2.4604881506058842e-14 0.45525557933883876 42
0.0009705566189153912 0.5756476937526721 3.8472886577820137e-10 1.088836847599073e-11 5.744396603257812e-19 1054.0496637617503 5.881399431616247e-10 2.4604881506058842e-14 3.0241862259617816e-19 43
0.0009705566189153912 1.6522364680668183e-08 3.8472886577820137e-10 0.03145547330337058 0.9992122490242236 1054.0496637617503 5.881399431616247e-10 2.4604881506058842e-14 3.0241862259617816e-19 46
4.450178437559688e-07 1.6522364680668183e-08 438.97010391885374 0.03145547330337058 5.744396603257812e-19 6.412164062204429 0.002257675004964406 2.4604881506058842e-14 0.45525557933883876 43
0.0009705566189153912 1.6522364680668183e-08 438.97010391885374 1.088836847599073e-11 5.744396603257812e-19 1054.0496637617503 15.215516590515987 2.4604881506058842e-14 0.45525557933883876 42
4.450178437559688e-07 0.03472065925080099 438.97010391885374 0.03145547330337058 653.9784202233719 7.306109679210243e-21 0.002257675004964406 2.4604881506058842e-14 3.0241862259617816e-19 42
4.450178437559688e-07 6.74975642416545e-13 438.97010391885374 1.088836847599073e-11 653.9784202233719 7.306109679210243e-21 5.0159380771555844e-09 2.4604881506058842e-14 0.45525557933883876 44
0.0009705566189153912 1.6522364680668183e-08 8.042690326435762e-08 1.088836847599073e-11 0.00013634725219667106 1054.0496637617503 5.0159380771555844e-09 2.4604881506058842e-14 0.45525557933883876 42
4.450178437559688e-07 0.5756476937526721 3.4267880576388027e-06 6.322034698693787e-08 5.744396603257812e-19 7.306109679210243e-21 0.002257675004964406 2.4604881506058842e-14 0.45525557933883876 43
0.0009705566189153912 0.5756476937526721 438.97010391885374 1.088836847599073e-11 0.00013634725219667106 6.412164062204429 5.0159380771555844e-09 1.05 0.45525557933883876 42
0.0009705566189153912 1.6522364680668183e-08 438.97010391885374 1.088836847599073e-11 653.9784202233719 7.306109679210243e-21 5.0159380771555844e-09 2.4604881506058842e-14 0.45525557933883876 42
4.450178437559688e-07 0.5756476937526721 3.4267880576388027e-06 6.322034698693787e-08 0.00013634725219667106 7.306109679210243e-21 0.002257675004964406 10.581537233954194 0.45525557933883876 46
0.0009705566189153912 0.03472065925080099 438.97010391885374 1.088836847599073e-11 0.9992122490242236 7.306109679210243e-21 5.0159380771555844e-09 2.4604881506058842e-14 2.0018804415743414 42
4.450178437559688e-07 0.5756476937526721 3.8472886577820137e-10 6.322034698693787e-08 0.9992122490242236 0.653415480907138 5.0159380771555844e-09 10.581537233954194 0.45525557933883876 48
4.450178437559688e-07 1.6522364680668183e-08 438.97010391885374 0.03145547330337058 5.744396603257812e-19 7.306109679210243e-21 0.002257675004964406 2.4604881506058842e-14 3.0241862259617816e-19 43
0.0009705566189153912 1.6522364680668183e-08 8.042690326435762e-08 0.03145547330337058 5.744396603257812e-19 6.412164062204429 5.0159380771555844e-09 2.4604881506058842e-14 3.0241862259617816e-19 43
0.0009705566189153912 0.5756476937526721 3.8472886577820137e-10 6.322034698693787e-08 5.744396603257812e-19 0.653415480907138 15.215516590515987 2.4604881506058842e-14 0.45525557933883876 47
4.450178437559688e-07 1.6522364680668183e-08 438.97010391885374 1.088836847599073e-11 5.744396603257812e-19 7.306109679210243e-21 5.0159380771555844e-09 2.4604881506058842e-14 0.45525557933883876 44
4.450178437559688e-07 0.5756476937526721 0.013206827174583541 6.322034698693787e-08 653.9784202233719 0.653415480907138 5.0159380771555844e-09 10.581537233954194 0.45525557933883876 48
0.0009705566189153912 1.6522364680668183e-08 438.97010391885374 6.322034698693787e-08 5.744396603257812e-19 7.306109679210243e-21 0.002257675004964406 2.4604881506058842e-14 0.45525557933883876 43
0.0009705566189153912 1.6522364680668183e-08 3.4267880576388027e-06 0.03145547330337058 653.9784202233719 7.306109679210243e-21 5.0159380771555844e-09 1.05 0.45525557933883876 43
4.450178437559688e-07 1.6522364680668183e-08 438.97010391885374 0.03145547330337058 0.9992122490242236 0.0014548629900883914 0.002257675004964406 2.4604881506058842e-14 0.45525557933883876 43
0.0009705566189153912 0.03472065925080099 438.97010391885374 1.088836847599073e-11 653.9784202233719 7.306109679210243e-21 5.0159380771555844e-09 2.4604881506058842e-14 3.0241862259617816e-19 42
0.0009705566189153912 1.6522364680668183e-08 3.4267880576388027e-06 1.088836847599073e-11 5.744396603257812e-19 6.412164062204429 1.1186156872037771 2.4604881506058842e-14 0.45525557933883876 42
0.0009705566189153912 1.6522364680668183e-08 8.042690326435762e-08 1.088836847599073e-11 0.00013634725219667106 1054.0496637617503 5.0159380771555844e-09 2.4604881506058842e-14 0.45525557933883876 42
4.450178437559688e-07 0.5756476937526721 438.97010391885374 1.088836847599073e-11 653.9784202233719 0.0014548629900883914 0.002257675004964406 2.4604881506058842e-14 3.0241862259617816e-19 43
0.0009705566189153912 0.03472065925080099 438.97010391885374 1.088836847599073e-11 653.9784202233719 7.306109679210243e-21 5.0159380771555844e-09 2.4604881506058842e-14 3.0241862259617816e-19 42
0.0009705566189153912 0.03472065925080099 3.4267880576388027e-06 1.088836847599073e-11 0.9992122490242236 0.0014548629900883914 15.215516590515987 2.4604881506058842e-14 3.0241862259617816e-19 43
0.0009705566189153912 0.5756476937526721 3.8472886577820137e-10 6.322034698693787e-08 653.9784202233719 0.653415480907138 5.0159380771555844e-09 10.581537233954194 0.45525557933883876 48
4.450178437559688e-07 0.5756476937526721 3.8472886577820137e-10 6.322034698693787e-08 0.9992122490242236 0.653415480907138 5.0159380771555844e-09 10.581537233954194 0.45525557933883876 48
4.450178437559688e-07 1.6522364680668183e-08 438.97010391885374 0.03145547330337058 653.9784202233719 7.306109679210243e-21 0.002257675004964406 2.4604881506058842e-14 3.0241862259617816e-19 43
0.0009705566189153912 1.6522364680668183e-08 438.97010391885374 1.088836847599073e-11 653.9784202233719 7.306109679210243e-21 5.0159380771555844e-09 2.4604881506058842e-14 0.45525557933883876 42
0.0009705566189153912 0.03472065925080099 438.97010391885374 1.088836847599073e-11 653.9784202233719 7.306109679210243e-21 5.0159380771555844e-09 2.4604881506058842e-14 0.45525557933883876 42
0.0009705566189153912 1.6522364680668183e-08 8.042690326435762e-08 1.088836847599073e-11 5.744396603257812e-19 6.412164062204429 5.0159380771555844e-09 2.4604881506058842e-14 0.45525557933883876 43
0.03 0.5756476937526721 3.8472886577820137e-10 0.44999999999999996 0.31402082017063554 0.653415480907138 0.002257675004964406 2.4604881506058842e-14 0.45525557933883876 47
0.0009705566189153912 1.6522364680668183e-08 3.8472886577820137e-10 1.088836847599073e-11 0.31402082017063554 0.653415480907138 5.881399431616247e-10 2.4604881506058842e-14 0.45525557933883876 43
4.450178437559688e-07 1.6522364680668183e-08 438.97010391885374 6.322034698693787e-08 5.744396603257812e-19 7.306109679210243e-21 5.0159380771555844e-09 2.4604881506058842e-14 3.0241862259617816e-19 44
0.0009705566189153912 1.6522364680668183e-08 438.97010391885374 1.088836847599073e-11 5.744396603257812e-19 6.412164062204429 5.0159380771555844e-09 2.4604881506058842e-14 0.45525557933883876 42
0.0009705566189153912 1.6522364680668183e-08 8.042690326435762e-08 0.03145547330337058 0.00013634725219667106 6.412164062204429 0.002257675004964406 2.4604881506058842e-14 3.0241862259617816e-19 43
4.450178437559688e-07 1.6522364680668183e-08 438.97010391885374 1.088836847599073e-11 5.744396603257812e-19 6.412164062204429 5.0159380771555844e-09 2.4604881506058842e-14 0.45525557933883876 44
4.450178437559688e-07 1.6522364680668183e-08 438.97010391885374 0.03145547330337058 653.9784202233719 7.306109679210243e-21 0.002257675004964406 2.4604881506058842e-14 0.45525557933883876 43
4.450178437559688e-07 1.6522364680668183e-08 438.97010391885374 0.03145547330337058 653.9784202233719 6.412164062204429 5.0159380771555844e-09 2.4604881506058842e-14 0.45525557933883876 43
0.0009705566189153912 0.5756476937526721 3.8472886577820137e-10 0.03145547330337058 0.00013634725219667106 0.0014548629900883914 5.881399431616247e-10 2.4604881506058842e-14 3.0241862259617816e-19 43
0.0009705566189153912 0.5756476937526721 3.8472886577820137e-10 0.03145547330337058 0.00013634725219667106 0.0014548629900883914 5.881399431616247e-10 2.4604881506058842e-14 3.0241862259617816e-19 43
4.450178437559688e-07 1.6522364680668183e-08 438.97010391885374 0.03145547330337058 653.9784202233719 6.412164062204429 5.0159380771555844e-09 2.4604881506058842e-14 0.45525557933883876 43
0.0009705566189153912 0.5756476937526721 3.8472886577820137e-10 1.088836847599073e-11 5.744396603257812e-19 1054.0496637617503 5.881399431616247e-10 2.4604881506058842e-14 3.0241862259617816e-19 43
0.03 1.6522364680668183e-08 438.97010391885374 1.088836847599073e-11 653.9784202233719 7.306109679210243e-21 5.0159380771555844e-09 2.4604881506058842e-14 3.0241862259617816e-19 42
0.03 0.5756476937526721 3.8472886577820137e-10 0.44999999999999996 0.31402082017063554 0.653415480907138 0.002257675004964406 2.4604881506058842e-14 0.45525557933883876 47
0.0009705566189153912 0.5756476937526721 438.97010391885374 1.088836847599073e-11 0.00013634725219667106 6.412164062204429 5.0159380771555844e-09 1.05 0.45525557933883876 42
4.450178437559688e-07 0.5756476937526721 3.8472886577820137e-10 6.322034698693787e-08 5.744396603257812e-19 0.653415480907138 15.215516590515987 10.581537233954194 0.45525557933883876 48
0.0009705566189153912 1.6522364680668183e-08 3.4267880576388027e-06 0.03145547330337058 653.9784202233719 7.306109679210243e-21 5.0159380771555844e-09 1.05 0.45525557933883876 43
0.0009705566189153912 0.03472065925080099 438.97010391885374 1.088836847599073e-11 653.9784202233719 7.306109679210243e-21 5.0159380771555844e-09 2.4604881506058842e-14 0.45525557933883876 42
0.0009705566189153912 1.6522364680668183e-08 438.97010391885374 1.088836847599073e-11 5.744396603257812e-19 7.306109679210243e-21 5.0159380771555844e-09 2.4604881506058842e-14 0.45525557933883876 42
4.450178437559688e-07 0.5756476937526721 3.8472886577820137e-10 6.322034698693787e-08 0.9992122490242236 0.653415480907138 5.0159380771555844e-09 10.581537233954194 0.45525557933883876 48
0.0009705566189153912 0.5756476937526721 438.97010391885374 1.088836847599073e-11 5.744396603257812e-19 1054.0496637617503 5.0159380771555844e-09 2.4604881506058842e-14 0.45525557933883876 42
4.450178437559688e-07 1.6522364680668183e-08 438.97010391885374 0.03145547330337058 5.744396603257812e-19 7.306109679210243e-21 0.002257675004964406 2.4604881506058842e-14 3.0241862259617816e-19 43
4.450178437559688e-07 1.6522364680668183e-08 438.97010391885374 0.03145547330337058 653.9784202233719 7.306109679210243e-21 0.002257675004964406 2.4604881506058842e-14 0.45525557933883876 43
0.0009705566189153912 0.5756476937526721 8.042690326435762e-08 1.088836847599073e-11 0.00013634725219667106 1054.0496637617503 15.215516590515987 2.4604881506058842e-14 0.45525557933883876 42
2.457465563209798e-13 0.5756476937526721 3.4267880576388027e-06 1.088836847599073e-11 0.00013634725219667106 1054.0496637617503 5.881399431616247e-10 2.4604881506058842e-14 0.45525557933883876 43
0.0009705566189153912 1.6522364680668183e-08 438.97010391885374 1.088836847599073e-11 5.744396603257812e-19 7.306109679210243e-21 5.0159380771555844e-09 2.4604881506058842e-14 3.0241862259617816e-19 43
4.450178437559688e-07 0.5756476937526721 3.8472886577820137e-10 6.322034698693787e-08 653.9784202233719 0.653415480907138 5.0159380771555844e-09 10.581537233954194 0.45525557933883876 48
0.0009705566189153912 1.6522364680668183e-08 438.97010391885374 1.088836847599073e-11 653.9784202233719 7.306109679210243e-21 5.0159380771555844e-09 2.4604881506058842e-14 0.45525557933883876 42
0.0009705566189153912 0.5756476937526721 3.4267880576388027e-06 6.322034698693787e-08 0.00013634725219667106 7.306109679210243e-21 15.215516590515987 2.4604881506058842e-14 0.45525557933883876 48
0.0009705566189153912 1.6522364680668183e-08 438.97010391885374 0.03145547330337058 5.744396603257812e-19 7.306109679210243e-21 5.0159380771555844e-09 2.4604881506058842e-14 3.0241862259617816e-19 43
4.450178437559688e-07 0.5756476937526721 3.8472886577820137e-10 6.322034698693787e-08 653.9784202233719 0.653415480907138 5.0159380771555844e-09 10.581537233954194 0.45525557933883876 48
4.450178437559688e-07 1.6522364680668183e-08 438.97010391885374 0.03145547330337058 653.9784202233719 7.306109679210243e-21 0.002257675004964406 2.4604881506058842e-14 3.0241862259617816e-19 43
4.450178437559688e-07 1.6522364680668183e-08 438.97010391885374 1.088836847599073e-11 5.744396603257812e-19 6.412164062204429 5.0159380771555844e-09 2.4604881506058842e-14 0.45525557933883876 44
4.450178437559688e-07 6.74975642416545e-13 438.97010391885374 1.088836847599073e-11 653.9784202233719 7.306109679210243e-21 5.0159380771555844e-09 2.4604881506058842e-14 0.45525557933883876 44
0.0009705566189153912 1.6522364680668183e-08 438.97010391885374 1.088836847599073e-11 5.744396603257812e-19 0.0014548629900883914 15.215516590515987 2.4604881506058842e-14 3.0241862259617816e-19 42
4.450178437559688e-07 0.5756476937526721 3.8472886577820137e-10 6.322034698693787e-08 653.9784202233719 0.653415480907138 5.0159380771555844e-09 10.581537233954194 0.45525557933883876 48
0.0009705566189153912 0.5756476937526721 3.4267880576388027e-06 0.03145547330337058 5.744396603257812e-19 0.653415480907138 15.215516590515987 2.4604881506058842e-14 0.45525557933883876 47
0.0009705566189153912 0.5756476937526721 3.4267880576388027e-06 0.03145547330337058 5.744396603257812e-19 0.653415480907138 15.215516590515987 2.4604881506058842e-14 0.45525557933883876 47
0.0009705566189153912 0.5756476937526721 438.97010391885374 1.088836847599073e-11 0.00013634725219667106 0.0014548629900883914 1.1186156872037771 2.4604881506058842e-14 3.0241862259617816e-19 44
0.0009705566189153912 0.5756476937526721 3.4267880576388027e-06 0.03145547330337058 5.744396603257812e-19 0.653415480907138 15.215516590515987 2.4604881506058842e-14 0.45525557933883876 47
0.0009705566189153912 1.6522364680668183e-08 3.4267880576388027e-06 1.088836847599073e-11 653.9784202233719 6.412164062204429 1.1186156872037771 2.4604881506058842e-14 3.0241862259617816e-19 42
0.0009705566189153912 1.6522364680668183e-08 438.97010391885374 1.088836847599073e-11 5.744396603257812e-19 1054.0496637617503 15.215516590515987 2.4604881506058842e-14 0.45525557933883876 42
2.457465563209798e-13 6.74975642416545e-13 3.8472886577820137e-10 1.088836847599073e-11 653.9784202233719 0.653415480907138 5.881399431616247e-10 2.4604881506058842e-14 0.45525557933883876 43
2.457465563209798e-13 0.5756476937526721 0.013206827174583541 1.088836847599073e-11 0.00013634725219667106 0.0014548629900883914 5.0159380771555844e-09 10.581537233954194 0.45525557933883876 48
4.450178437559688e-07 0.5756476937526721 3.4267880576388027e-06 6.322034698693787e-08 0.00013634725219667106 7.306109679210243e-21 0.002257675004964406 10.581537233954194 0.45525557933883876 46
0.0009705566189153912 0.5756476937526721 8.042690326435762e-08 1.088836847599073e-11 0.00013634725219667106 1054.0496637617503 1.1186156872037771 2.4604881506058842e-14 0.45525557933883876 42
0.0009705566189153912 1.6522364680668183e-08 3.4267880576388027e-06 1.088836847599073e-11 5.744396603257812e-19 0.653415480907138 15.215516590515987 2.4604881506058842e-14 0.45525557933883876 47
0.0009705566189153912 1.6522364680668183e-08 3.4267880576388027e-06 1.088836847599073e-11 5.744396603257812e-19 6.412164062204429 1.1186156872037771 2.4604881506058842e-14 0.45525557933883876 42
2.457465563209798e-13 6.74975642416545e-13 3.8472886577820137e-10 1.088836847599073e-11 0.00013634725219667106 1054.0496637617503 5.881399431616247e-10 2.4604881506058842e-14 3.0241862259617816e-19 43
4.450178437559688e-07 1.6522364680668183e-08 438.97010391885374 0.03145547330337058 0.9992122490242236 1054.0496637617503 5.0159380771555844e-09 2.4604881506058842e-14 3.0241862259617816e-19 43
0.0009705566189153912 1.6522364680668183e-08 8.042690326435762e-08 1.088836847599073e-11 5.744396603257812e-19 6.412164062204429 5.0159380771555844e-09 2.4604881506058842e-14 3.0241862259617816e-19 43
4.450178437559688e-07 1.6522364680668183e-08 438.97010391885374 0.03145547330337058 0.9992122490242236 1054.0496637617503 5.0159380771555844e-09 2.4604881506058842e-14 3.0241862259617816e-19 43
2.457465563209798e-13 6.74975642416545e-13 3.8472886577820137e-10 1.088836847599073e-11 653.9784202233719 0.653415480907138 5.881399431616247e-10 2.4604881506058842e-14 0.45525557933883876 43
4.450178437559688e-07 1.6522364680668183e-08 438.97010391885374 0.03145547330337058 653.9784202233719 0.0014548629900883914 0.002257675004964406 2.4604881506058842e-14 0.45525557933883876 42
0.0009705566189153912 1.6522364680668183e-08 438.97010391885374 1.088836847599073e-11 653.9784202233719 6.412164062204429 5.0159380771555844e-09 2.4604881506058842e-14 0.45525557933883876 42
0.0009705566189153912 1.6522364680668183e-08 438.97010391885374 1.088836847599073e-11 5.744396603257812e-19 7.306109679210243e-21 5.0159380771555844e-09 2.4604881506058842e-14 0.45525557933883876 48
0.03 1.6522364680668183e-08 438.97010391885374 1.088836847599073e-11 653.9784202233719 7.306109679210243e-21 5.0159380771555844e-09 2.4604881506058842e-14 3.0241862259617816e-19 42
0.0009705566189153912 0.5756476937526721 3.4267880576388027e-06 0.03145547330337058 5.744396603257812e-19 0.653415480907138 15.215516590515987 2.4604881506058842e-14 0.45525557933883876 47
0.0009705566189153912 1.6522364680668183e-08 438.97010391885374 1.088836847599073e-11 5.744396603257812e-19 7.306109679210243e-21 5.0159380771555844e-09 2.4604881506058842e-14 0.45525557933883876 48
0.0009705566189153912 1.6522364680668183e-08 438.97010391885374 1.088836847599073e-11 5.744396603257812e-19 7.306109679210243e-21 5.0159380771555844e-09 2.4604881506058842e-14 3.0241862259617816e-19 42
