2 6 12 17 22 28 29 34 38
2 7 9 18 19 28 29 34 38
3 7 12 16 20 25 32 34 40
2 6 11 17 22 28 30 34 38
3 7 9 16 20 26 33 34 38
3 8 9 18 21 24 30 36 38
3 6 10 18 20 28 32 34 38
3 8 12 14 20 25 30 34 38
3 7 9 17 20 26 33 34 38
3 6 12 16 21 28 30 34 41
2 7 12 17 20 28 29 34 41
2 8 9 18 22 24 30 36 40
3 7 12 16 19 27 30 34 38
3 7 13 16 20 28 29 34 38
3 7 12 16 21 28 30 34 38
3 6 12 16 22 28 30 34 38
3 6 9 17 22 26 33 34 38
2 8 9 18 21 24 30 36 38
3 8 9 18 22 24 30 36 38
3 6 12 16 22 28 30 34 38
2 7 12 16 20 28 29 34 38
2 8 9 18 22 24 30 36 38
3 7 12 17 20 28 30 34 38
3 6 11 16 22 26 32 34 41
2 8 11 18 19 28 29 36 38
3 7 12 16 20 25 30 34 38
3 8 9 18 21 24 30 36 41
2 8 11 18 20 28 29 34 38
2 7 12 17 21 28 29 34 38
3 8 13 16 19 25 31 34 38
2 7 12 17 20 28 29 34 38
2 7 12 17 21 28 29 34 41
4 8 10 16 19 26 30 36 38
2 8 9 18 21 24 30 36 38
3 7 12 17 20 28 30 34 38
2 7 11 16 21 28 30 34 41
3 7 12 16 20 28 30 34 38
2 7 12 17 20 27 29 34 38
3 6 12 16 21 28 30 34 38
