1 6 10 11 16 21 25 30 32 33 39 41 47
1 6 10 11 16 21 23 30 31 33 38 41 45
3 6 7 11 17 22 25 30 31 33 39 42 45
1 6 10 11 16 21 23 30 31 33 38 41 47
1 6 10 11 16 21 23 30 32 33 39 41 47
1 5 9 11 16 21 25 30 31 33 38 41 45
2 6 10 11 16 21 23 30 32 33 38 42 47
1 6 7 11 18 22 23 30 31 33 39 41 47
1 5 9 11 16 21 23 30 31 33 39 41 45
2 6 7 14 16 21 25 30 31 36 40 41 47
3 6 10 11 16 21 25 30 31 33 39 42 47
1 6 8 11 16 21 25 30 31 33 38 41 45
2 6 8 11 16 21 23 30 32 33 38 41 45
3 5 9 11 16 22 25 30 31 33 38 42 45
3 5 8 11 18 21 23 30 31 33 38 43 45
1 6 9 11 16 21 23 30 31 33 38 41 45
3 6 8 11 16 22 25 30 31 33 38 41 45
1 6 10 11 16 21 23 30 31 33 39 41 47
1 5 9 11 16 21 23 30 31 33 39 42 45
1 6 10 11 18 21 25 30 32 33 39 44 47
3 5 10 11 20 21 25 30 31 36 39 44 47
3 5 10 11 20 21 25 30 31 33 38 41 45
1 6 8 11 16 21 23 30 31 33 38 42 45
1 5 9 11 16 21 25 30 32 33 38 41 45
3 6 9 11 20 21 23 30 31 33 38 41 45
3 6 10 11 19 21 25 30 31 33 39 44 45
1 6 10 11 16 21 23 30 31 33 38 41 45
1 6 10 11 16 21 25 30 32 33 39 42 46
3 6 10 11 17 21 25 30 32 33 39 44 45
3 6 10 11 16 22 23 30 31 35 39 43 47
3 6 9 14 16 22 25 30 32 33 39 41 47
1 6 8 14 17 21 25 30 31 33 38 42 47
1 5 10 11 18 21 23 30 32 33 39 41 47
1 6 8 11 16 21 25 30 31 33 39 41 45
1 6 10 11 16 21 25 30 32 33 39 42 45
1 6 10 11 16 22 25 30 32 33 39 47 
3 6 10 11 16 21 23 30 31 33 38 42 47
3 6 10 11 16 21 25 30 32 33 38 42 47
1 5 10 11 16 21 23 30 31 33 38 41 45
1 5 8 11 16 21 23 30 31 33 39 41 45
1 6 10 11 16 21 25 30 31 33 38 41 47
1 5 9 11 16 21 25 30 31 33 39 41 45
1 6 9 11 16 21 25 30 31 33 39 42 47
3 5 9 11 20 21 25 30 31 33 39 41 47
2 6 10 13 19 21 25 30 32 35 40 41 47
2 6 10 11 16 21 25 30 32 33 39 42 47
1 5 8 11 18 21 25 30 31 33 39 41 45
1 5 8 11 16 21 25 30 31 33 38 41 45
1 6 9 11 16 21 25 30 31 33 38 41 47
1 5 9 11 16 21 23 30 31 33 38 41 45
3 6 9 11 16 21 23 30 31 33 39 44 47
3 5 9 11 20 22 25 30 31 33 38 42 45
1 6 8 11 16 21 23 30 31 33 38 41 45
1 6 10 11 16 21 23 30 32 37 40 41 47
3 5 7 11 16 21 23 30 31 33 40 41 45
3 5 10 11 16 21 23 30 31 33 38 43 45
1 6 8 11 16 21 25 30 31 33 38 41 47
3 6 9 11 16 21 23 30 32 33 39 42 47
3 6 10 11 16 21 23 30 32 33 39 42 47
3 5 9 11 16 21 25 30 31 33 38 41 45
1 6 10 11 16 21 25 30 31 33 38 41 45
3 5 10 11 16 21 23 30 32 33 39 43 45
1 5 9 11 16 21 23 30 31 33 38 42 45
1 6 7 11 16 21 25 30 32 33 38 42 45
2 6 10 11 18 21 25 30 31 33 39 43 47
1 6 10 11 16 21 25 30 32 33 39 42 46
3 6 7 11 16 21 25 30 32 33 39 41 45
1 6 10 11 16 21 25 30 32 33 39 41 45
3 6 10 11 20 22 25 30 32 33 38 44 47
1 6 9 11 16 21 25 30 31 33 38 41 45
1 5 10 11 16 21 23 30 31 33 38 41 45
1 6 7 11 16 21 25 30 31 33 38 41 45
2 5 9 11 16 22 23 28 31 33 38 41 45
1 6 9 11 19 21 25 30 31 33 38 41 45
3 5 9 11 16 21 24 30 31 33 39 41 45
2 5 10 14 16 21 23 30 32 33 39 41 45
3 5 8 11 16 21 23 30 31 33 38 43 45
3 5 9 11 16 21 25 30 31 33 39 41 45
1 6 9 11 16 21 23 30 31 33 38 45 
1 6 10 11 16 22 25 30 32 33 38 43 47
1 6 10 11 16 21 23 30 32 33 39 41 46
1 6 9 11 16 22 23 30 31 33 38 42 47
2 5 10 11 16 21 25 30 31 33 39 43 47
1 6 10 11 18 21 25 30 31 33 38 43 47
1 6 10 11 20 21 23 30 32 33 39 42 47
1 6 8 11 16 21 23 30 31 33 38 41 45
1 5 8 11 16 21 23 30 31 33 38 41 45
1 6 10 11 17 21 23 28 32 33 39 43 47
1 6 7 11 16 21 25 30 31 33 39 41 47
2 6 10 11 16 21 25 30 32 33 39 42 47
1 6 10 11 16 22 25 30 32 33 39 42 45
2 5 7 11 16 21 23 30 31 33 38 41 45
1 6 10 11 16 21 23 30 31 33 38 41 45
3 6 10 11 16 21 25 30 32 36 38 43 47
3 5 10 11 16 21 23 30 32 33 39 41 45
1 6 10 11 16 21 25 30 32 33 39 42 45
1 5 9 11 16 21 25 30 32 33 40 41 45
1 6 10 11 18 21 23 30 32 36 39 44 47
1 6 9 11 16 22 23 30 31 33 40 41 47
3 6 10 11 16 21 25 30 31 33 38 41 46
3 5 10 11 16 21 23 30 32 33 39 41 45
3 6 9 11 16 21 25 30 31 33 39 44 47
1 6 10 11 16 21 25 30 32 33 38 41 47
3 6 10 11 16 21 25 30 31 33 39 43 46
1 6 9 11 16 21 25 30 31 33 38 43 47
3 5 10 11 16 21 25 30 31 37 40 44 47
1 6 10 11 18 21 23 30 32 33 39 41 46
1 6 9 11 16 21 25 30 31 33 38 44 45
3 5 9 11 16 21 25 30 31 33 39 42 45
3 5 9 11 18 21 23 30 31 33 38 41 47
1 6 9 11 16 21 23 30 31 33 38 41 45
2 6 7 11 16 21 25 30 31 33 38 41 45
3 5 10 11 18 21 25 30 32 33 39 41 47
1 5 10 13 16 22 25 30 32 33 39 43 46
1 6 9 11 16 21 23 30 31 33 39 44 47
3 6 10 11 16 21 23 26 31 33 39 41 45
1 5 9 11 18 21 25 30 31 33 38 41 45
1 6 8 11 16 21 23 30 31 33 38 41 45
1 5 10 11 16 21 24 30 32 33 39 42 47
3 5 10 14 19 21 23 30 32 33 38 41 45
1 5 8 11 16 21 23 30 31 33 38 42 45
3 6 8 11 17 21 25 29 31 33 39 42 47
1 6 9 11 16 22 25 30 32 33 39 42 46
3 5 9 11 20 21 25 30 31 33 38 41 45
1 6 10 11 16 21 23 30 32 33 40 41 46
3 5 10 11 16 21 23 30 31 33 38 41 45
3 6 7 13 16 21 25 30 31 33 39 41 47
1 6 9 11 16 21 23 30 31 36 39 41 45
1 6 10 11 16 21 25 30 31 33 38 42 45
1 5 9 11 16 21 23 30 31 33 38 41 45
1 6 9 11 16 22 25 30 31 33 39 41 45
1 6 10 11 16 21 23 30 32 33 39 42 47
3 6 10 11 16 21 25 30 31 33 38 43 46
1 6 10 11 16 21 25 30 31 33 38 41 45
1 6 10 11 16 22 23 30 32 33 39 41 
3 5 7 11 16 21 23 30 31 33 38 43 45
1 5 8 11 16 21 25 30 31 33 39 42 45
1 5 9 11 16 21 23 30 31 33 39 41 45
1 6 9 11 16 21 23 30 31 33 38 41 45
1 6 9 11 16 21 23 30 31 33 38 41 45
1 6 8 11 16 21 23 30 31 33 39 47 
1 6 8 11 16 21 25 30 31 33 38 42 45
1 5 10 11 16 21 25 30 32 33 39 41 45
2 6 10 11 17 21 25 30 32 33 39 43 47
1 6 8 11 16 22 23 30 31 33 38 41 45
1 6 10 11 16 21 25 30 32 33 39 41 47
3 6 10 11 16 22 23 30 31 33 39 43 47
3 5 10 11 18 21 23 30 31 33 39 43 45
2 6 10 11 16 21 23 30 32 33 38 42 47
1 6 10 11 17 21 25 30 32 33 39 42 47
3 5 10 14 16 22 23 30 32 33 39 43 47
1 5 8 11 16 21 25 30 31 33 39 41 45
1 5 10 11 16 21 23 30 31 33 39 41 45
3 5 10 11 16 21 23 30 31 33 39 41 45
2 6 7 13 17 21 25 30 31 33 39 41 47
1 5 9 11 16 21 25 30 31 33 38 41 
3 5 9 11 16 21 23 29 31 33 39 42 47
2 6 9 11 16 21 25 30 31 33 39 41 45
1 6 7 11 16 21 25 30 31 33 38 43 45
3 6 8 11 16 21 23 30 32 33 39 44 46
1 6 10 11 16 21 23 30 31 33 39 42 47
1 6 9 11 18 21 23 30 31 33 38 42 45
1 6 10 11 16 21 25 30 32 33 39 42 47
1 6 10 11 16 21 25 30 31 33 39 41 47
1 6 10 11 16 21 23 30 32 33 39 42 47
1 5 8 11 17 22 25 30 32 33 38 42 45
2 5 10 11 18 21 25 30 31 33 38 41 45
1 5 10 14 19 21 24 30 32 35 39 41 45
1 6 9 11 16 22 25 30 31 33 38 44 45
1 5 10 15 17 22 25 30 32 36 40 43 47
1 6 8 11 16 21 23 30 31 33 38 41 45
1 6 10 11 16 21 25 30 31 33 39 41 47
1 5 8 11 16 21 23 30 31 33 39 41 45
1 6 9 11 16 21 23 30 31 33 38 45 
3 6 10 11 16 21 25 30 32 33 39 43 47
1 6 9 11 16 22 25 30 31 33 38 41 45
3 6 9 11 16 21 23 30 31 33 38 42 47
1 5 10 11 16 21 25 30 31 33 39 41 45
3 6 7 11 16 22 25 30 31 33 39 42 45
1 6 8 11 16 21 23 30 31 33 38 41 45
1 6 9 14 16 22 23 30 31 33 38 41 47
1 5 9 11 16 21 25 30 31 33 38 41 45
3 5 8 11 16 21 25 30 32 33 38 42 45
1 6 8 11 18 21 23 30 31 33 38 41 47
3 5 10 11 18 22 23 30 31 33 39 44 45
3 6 10 11 16 21 25 30 31 33 39 42 47
3 6 10 11 16 21 23 29 32 33 39 43 47
1 6 8 11 16 21 23 30 31 33 38 41 47
1 5 9 11 16 21 23 30 31 33 38 41 45
1 6 9 11 16 21 23 30 31 33 39 42 47
3 6 10 11 16 21 23 30 32 33 40 41 47
3 5 10 11 16 21 25 30 31 36 40 43 45
1 6 9 11 16 21 23 30 32 33 38 41 45
3 6 9 11 16 22 23 30 32 33 39 41 45
1 5 9 11 16 21 23 30 31 33 39 41 45
1 5 9 11 16 21 23 30 31 33 39 41 45
1 6 8 11 16 21 23 30 31 33 38 41 47
1 6 10 11 16 21 23 30 31 33 38 42 47
1 6 8 11 16 21 23 30 31 33 38 41 45
1 6 10 11 18 21 23 30 32 33 39 43 47
1 6 10 11 16 21 23 30 31 33 39 41 46
1 5 10 11 16 21 25 30 32 33 39 41 45
1 6 7 11 16 21 23 30 32 36 39 41 47
3 6 10 11 16 21 23 30 31 33 38 41 47
1 6 9 11 16 21 25 30 31 33 38 41 45
1 6 10 11 16 21 23 30 31 33 39 42 47
1 5 9 11 16 21 23 30 31 33 39 41 45
1 6 8 11 16 21 23 30 31 33 40 41 45
1 6 10 11 17 21 25 30 32 33 38 41 47
3 6 10 11 16 21 25 30 32 36 39 42 45
1 5 8 11 16 21 23 30 31 33 38 41 45
1 5 8 11 18 22 25 30 31 33 38 43 45
1 6 10 11 16 21 25 30 32 33 39 41 47
1 6 10 11 16 21 23 30 32 33 38 42 47
1 6 10 11 16 21 25 30 32 33 39 44 47
1 5 10 11 16 21 25 30 31 33 39 41 45
2 6 10 11 16 21 25 30 32 33 39 43 47
3 5 9 11 16 21 23 30 31 33 38 41 45
1 6 10 11 18 21 23 30 32 33 38 41 47
3 6 10 11 16 21 25 28 32 33 40 42 45
1 6 8 11 16 21 23 30 31 33 38 41 45
1 6 7 11 16 21 25 30 31 33 39 41 46
1 6 8 11 16 22 23 30 31 33 38 41 47
1 5 10 11 20 21 23 30 32 33 38 41 45
1 6 9 11 16 21 23 30 32 33 38 42 47
1 6 9 11 16 21 25 30 31 33 39 42 47
1 6 10 11 18 21 24 30 31 36 40 44 46
2 6 7 11 16 21 23 30 31 33 38 43 45
1 6 9 11 16 21 23 30 31 35 40 41 45
1 5 8 11 16 21 23 30 31 33 38 41 45
2 6 9 11 16 22 23 30 31 33 39 42 46
1 6 8 11 16 21 23 30 31 33 39 41 46
1 5 9 11 20 21 23 30 31 33 38 41 45
1 6 10 11 16 22 25 30 32 33 40 41 47
1 5 10 11 20 22 25 30 32 33 39 41 47
1 6 10 11 16 21 25 30 32 33 39 43 47
1 5 10 11 16 21 23 30 32 33 39 41 47
1 6 8 11 18 21 23 30 31 33 38 41 45
3 6 7 11 16 22 25 30 31 33 40 41 46
1 6 9 11 16 21 25 30 31 33 39 41 47
1 6 10 11 16 21 23 30 32 33 38 41 47
1 6 7 11 16 21 23 30 31 33 39 41 47
