4.423697745182785e-28 1.1458254021462847e-24 3.153565800410358e-11 6.083151690254399e-05 2.8624663909379196e-09 1.076575003783468e-19 4.2308071822930576e-23 1.2325314710233595e-20 8.435970007868708e-19 5.491035590470914e-21 9.275528596267227e-19 2.7978405243001e-21 3.0311444403063077e-21 1.151772350356598e-22 9.896934593188765e-18 56
4.423697745182785e-28 1.1458254021462847e-24 3.153565800410358e-11 1.5376002311682658e-24 4.63408076737728e-20 1.076575003783468e-19 4.2308071822930576e-23 1.2325314710233595e-20 7.362353398913588e-08 2.244278570464523e-05 9.275528596267227e-19 2.7978405243001e-21 3.0311444403063077e-21 2.9405665670254896e-25 2.0447320702428854e-20 1.151772350356598e-22 2.688593558168804e-23 9.896934593188765e-18 56
4.423697745182785e-28 1.1458254021462847e-24 3.153565800410358e-11 1.5376002311682658e-24 4.63408076737728e-20 1.076575003783468e-19 4.2308071822930576e-23 1.2325314710233595e-20 8.435970007868708e-19 5.491035590470914e-21 1.5754081436241984e-07 2.7978405243001e-21 3.0311444403063077e-21 2.9405665670254896e-25 0.04901907749063258 2.688593558168804e-23 2.458942232154363e-10 56
4.423697745182785e-28 1.1458254021462847e-24 1.9413775178341657e-18 1.5376002311682658e-24 2.8624663909379196e-09 1.076575003783468e-19 4.2308071822930576e-23 1.2325314710233595e-20 8.435970007868708e-19 5.491035590470914e-21 9.275528596267227e-19 2.7978405243001e-21 3.0311444403063077e-21 2.9405665670254896e-25 2.0447320702428854e-20 1.151772350356598e-22 2.688593558168804e-23 9.896934593188765e-18 56
4.423697745182785e-28 1.1458254021462847e-24 3.153565800410358e-11 1.5376002311682658e-24 2.8624663909379196e-09 1.076575003783468e-19 4.2308071822930576e-23 1.2325314710233595e-20 8.435970007868708e-19 5.491035590470914e-21 9.275528596267227e-19 2.7978405243001e-21 3.0311444403063077e-21 2.9405665670254896e-25 4.863265526676044e-05 1.151772350356598e-22 2.688593558168804e-23 2.458942232154363e-10 56
4.423697745182785e-28 3.116809371743197e-05 3.153565800410358e-11 1.5376002311682658e-24 4.63408076737728e-20 1.6586486492998998e-09 4.2308071822930576e-23 1.2325314710233595e-20 8.435970007868708e-19 2.244278570464523e-05 9.275528596267227e-19 2.7978405243001e-21 3.0311444403063077e-21 2.9405665670254896e-25 2.0447320702428854e-20 1.151772350356598e-22 9.896934593188765e-18 56
4.423697745182785e-28 3.116809371743197e-05 3.153565800410358e-11 1.5376002311682658e-24 4.63408076737728e-20 1.076575003783468e-19 4.2308071822930576e-23 1.2325314710233595e-20 8.435970007868708e-19 2.244278570464523e-05 1.5754081436241984e-07 2.7978405243001e-21 6.524239597012572e-05 2.9405665670254896e-25 2.0447320702428854e-20 1.151772350356598e-22 2.688593558168804e-23 3.939618094565372e-14 2.458942232154363e-10 56
4.423697745182785e-28 1.1458254021462847e-24 3.153565800410358e-11 6.083151690254399e-05 2.8624663909379196e-09 1.076575003783468e-19 4.2308071822930576e-23 1.2325314710233595e-20 8.435970007868708e-19 5.491035590470914e-21 9.275528596267227e-19 2.7978405243001e-21 3.0311444403063077e-21 1.151772350356598e-22 9.896934593188765e-18 56
4.423697745182785e-28 1.1458254021462847e-24 1.9413775178341657e-18 1.5376002311682658e-24 2.8624663909379196e-09 1.076575003783468e-19 4.2308071822930576e-23 1.2325314710233595e-20 8.435970007868708e-19 5.491035590470914e-21 9.275528596267227e-19 2.7978405243001e-21 3.0311444403063077e-21 2.9405665670254896e-25 2.0447320702428854e-20 1.151772350356598e-22 2.688593558168804e-23 9.896934593188765e-18 56
4.423697745182785e-28 1.1458254021462847e-24 3.153565800410358e-11 1.5376002311682658e-24 4.63408076737728e-20 1.6586486492998998e-09 4.2308071822930576e-23 4.103273690288834e-06 7.362353398913588e-08 5.491035590470914e-21 1.5754081436241984e-07 2.7978405243001e-21 3.0311444403063077e-21 0.023017902773792294 4.863265526676044e-05 0.00014296552629578424 9.896934593188765e-18 55
0.09881647510250346 1.1458254021462847e-24 3.153565800410358e-11 1.5376002311682658e-24 4.63408076737728e-20 1.076575003783468e-19 4.2308071822930576e-23 4.103273690288834e-06 7.362353398913588e-08 5.491035590470914e-21 9.275528596267227e-19 2.7978405243001e-21 3.0311444403063077e-21 2.9405665670254896e-25 2.0447320702428854e-20 1.151772350356598e-22 2.688593558168804e-23 3.939618094565372e-14 9.896934593188765e-18 56
4.423697745182785e-28 1.1458254021462847e-24 3.153565800410358e-11 1.5376002311682658e-24 2.8624663909379196e-09 1.076575003783468e-19 4.2308071822930576e-23 1.2325314710233595e-20 8.435970007868708e-19 5.491035590470914e-21 9.275528596267227e-19 2.7978405243001e-21 3.0311444403063077e-21 2.9405665670254896e-25 4.863265526676044e-05 1.151772350356598e-22 2.688593558168804e-23 2.458942232154363e-10 56
4.423697745182785e-28 1.1458254021462847e-24 1.9413775178341657e-18 1.5376002311682658e-24 4.63408076737728e-20 1.6586486492998998e-09 5.466697813670628e-06 5.491035590470914e-21 1.5754081436241984e-07 6.110752023667158e-05 3.0311444403063077e-21 2.9405665670254896e-25 1.151772350356598e-22 2.688593558168804e-23 2.458942232154363e-10 56
4.423697745182785e-28 1.1458254021462847e-24 3.153565800410358e-11 1.5376002311682658e-24 4.63408076737728e-20 1.6586486492998998e-09 4.2308071822930576e-23 1.2325314710233595e-20 8.435970007868708e-19 5.491035590470914e-21 9.275528596267227e-19 2.7978405243001e-21 3.0311444403063077e-21 2.9405665670254896e-25 2.0447320702428854e-20 1.151772350356598e-22 2.688593558168804e-23 3.939618094565372e-14 9.896934593188765e-18 56
4.423697745182785e-28 1.1458254021462847e-24 1.9413775178341657e-18 1.5376002311682658e-24 2.8624663909379196e-09 1.076575003783468e-19 4.2308071822930576e-23 1.2325314710233595e-20 8.435970007868708e-19 5.491035590470914e-21 9.275528596267227e-19 2.7978405243001e-21 3.0311444403063077e-21 2.9405665670254896e-25 2.0447320702428854e-20 1.151772350356598e-22 2.688593558168804e-23 3.939618094565372e-14 9.896934593188765e-18 56
0.005835604463170545 1.1458254021462847e-24 1.9413775178341657e-18 6.083151690254399e-05 4.63408076737728e-20 1.076575003783468e-19 4.2308071822930576e-23 1.2325314710233595e-20 7.362353398913588e-08 5.491035590470914e-21 9.275528596267227e-19 2.7978405243001e-21 3.0311444403063077e-21 2.9405665670254896e-25 2.0447320702428854e-20 1.151772350356598e-22 2.688593558168804e-23 3.939618094565372e-14 2.458942232154363e-10 56
4.423697745182785e-28 1.1458254021462847e-24 1.9413775178341657e-18 1.5376002311682658e-24 4.63408076737728e-20 1.076575003783468e-19 4.2308071822930576e-23 1.2325314710233595e-20 8.435970007868708e-19 5.491035590470914e-21 9.275528596267227e-19 2.7978405243001e-21 3.0311444403063077e-21 2.9405665670254896e-25 2.0447320702428854e-20 1.151772350356598e-22 2.688593558168804e-23 3.939618094565372e-14 9.896934593188765e-18 56
0.005835604463170545 3.116809371743197e-05 1.9413775178341657e-18 1.5376002311682658e-24 4.63408076737728e-20 1.076575003783468e-19 4.2308071822930576e-23 1.2325314710233595e-20 8.435970007868708e-19 5.491035590470914e-21 9.275528596267227e-19 2.7978405243001e-21 3.0311444403063077e-21 0.03734786856429149 2.0447320702428854e-20 1.151772350356598e-22 2.458942232154363e-10 56
0.09881647510250346 1.1458254021462847e-24 3.153565800410358e-11 1.5376002311682658e-24 4.63408076737728e-20 1.076575003783468e-19 4.2308071822930576e-23 4.103273690288834e-06 7.362353398913588e-08 2.244278570464523e-05 1.5754081436241984e-07 2.7978405243001e-21 3.0311444403063077e-21 1.151772350356598e-22 2.458942232154363e-10 56
4.423697745182785e-28 1.1458254021462847e-24 1.9413775178341657e-18 1.5376002311682658e-24 2.8624663909379196e-09 1.076575003783468e-19 4.2308071822930576e-23 1.2325314710233595e-20 8.435970007868708e-19 5.491035590470914e-21 9.275528596267227e-19 2.7978405243001e-21 3.0311444403063077e-21 2.9405665670254896e-25 2.0447320702428854e-20 1.151772350356598e-22 2.688593558168804e-23 0.96 2.458942232154363e-10 56
0.09881647510250346 1.1458254021462847e-24 3.153565800410358e-11 1.5376002311682658e-24 4.63408076737728e-20 1.076575003783468e-19 4.2308071822930576e-23 4.103273690288834e-06 7.362353398913588e-08 5.491035590470914e-21 9.275528596267227e-19 2.7978405243001e-21 3.0311444403063077e-21 2.9405665670254896e-25 2.0447320702428854e-20 1.151772350356598e-22 2.688593558168804e-23 3.939618094565372e-14 9.896934593188765e-18 56
4.423697745182785e-28 1.1458254021462847e-24 3.153565800410358e-11 1.5376002311682658e-24 4.63408076737728e-20 1.6586486492998998e-09 4.2308071822930576e-23 1.2325314710233595e-20 8.435970007868708e-19 2.244278570464523e-05 9.275528596267227e-19 2.7978405243001e-21 6.524239597012572e-05 2.9405665670254896e-25 4.863265526676044e-05 1.151772350356598e-22 3.939618094565372e-14 2.458942232154363e-10 55
4.423697745182785e-28 1.1458254021462847e-24 3.153565800410358e-11 6.083151690254399e-05 4.63408076737728e-20 1.6586486492998998e-09 5.466697813670628e-06 4.103273690288834e-06 7.362353398913588e-08 5.491035590470914e-21 9.275528596267227e-19 2.7978405243001e-21 3.0311444403063077e-21 2.9405665670254896e-25 2.0447320702428854e-20 1.151772350356598e-22 2.688593558168804e-23 3.939618094565372e-14 2.458942232154363e-10 56
4.423697745182785e-28 1.1458254021462847e-24 3.153565800410358e-11 1.5376002311682658e-24 4.63408076737728e-20 1.6586486492998998e-09 5.466697813670628e-06 1.2325314710233595e-20 8.435970007868708e-19 2.244278570464523e-05 9.275528596267227e-19 2.7978405243001e-21 3.0311444403063077e-21 0.8023161953744483 1.151772350356598e-22 0.5598489734031887 2.458942232154363e-10 55
4.423697745182785e-28 1.1458254021462847e-24 6.083151690254399e-05 2.8624663909379196e-09 1.076575003783468e-19 4.2308071822930576e-23 1.2325314710233595e-20 8.435970007868708e-19 5.491035590470914e-21 9.275528596267227e-19 2.7978405243001e-21 3.0311444403063077e-21 2.9405665670254896e-25 2.0447320702428854e-20 1.151772350356598e-22 2.688593558168804e-23 3.939618094565372e-14 9.896934593188765e-18 56
0.04 1.1458254021462847e-24 3.153565800410358e-11 1.5376002311682658e-24 4.63408076737728e-20 1.076575003783468e-19 4.2308071822930576e-23 1.2325314710233595e-20 8.435970007868708e-19 5.491035590470914e-21 9.275528596267227e-19 2.7978405243001e-21 3.0311444403063077e-21 2.9405665670254896e-25 2.0447320702428854e-20 1.151772350356598e-22 2.688593558168804e-23 3.939618094565372e-14 9.896934593188765e-18 56
4.423697745182785e-28 1.1458254021462847e-24 3.153565800410358e-11 1.5376002311682658e-24 4.63408076737728e-20 1.6586486492998998e-09 5.466697813670628e-06 1.2325314710233595e-20 7.362353398913588e-08 5.491035590470914e-21 1.5754081436241984e-07 6.110752023667158e-05 6.524239597012572e-05 2.9405665670254896e-25 2.0447320702428854e-20 1.151772350356598e-22 2.688593558168804e-23 2.458942232154363e-10 55
4.423697745182785e-28 1.1458254021462847e-24 3.153565800410358e-11 1.5376002311682658e-24 2.8624663909379196e-09 1.076575003783468e-19 4.2308071822930576e-23 1.2325314710233595e-20 8.435970007868708e-19 5.491035590470914e-21 9.275528596267227e-19 2.7978405243001e-21 3.0311444403063077e-21 2.9405665670254896e-25 4.863265526676044e-05 1.151772350356598e-22 2.688593558168804e-23 2.458942232154363e-10 56
0.09881647510250346 1.1458254021462847e-24 3.153565800410358e-11 1.5376002311682658e-24 4.63408076737728e-20 1.076575003783468e-19 4.2308071822930576e-23 4.103273690288834e-06 7.362353398913588e-08 2.244278570464523e-05 1.5754081436241984e-07 2.7978405243001e-21 3.0311444403063077e-21 1.151772350356598e-22 2.458942232154363e-10 56
4.423697745182785e-28 1.1458254021462847e-24 3.153565800410358e-11 1.5376002311682658e-24 4.63408076737728e-20 1.6586486492998998e-09 4.2308071822930576e-23 1.2325314710233595e-20 8.435970007868708e-19 2.244278570464523e-05 1.5754081436241984e-07 2.7978405243001e-21 3.0311444403063077e-21 2.9405665670254896e-25 2.0447320702428854e-20 1.151772350356598e-22 2.688593558168804e-23 1.02 2.458942232154363e-10 55
0.09881647510250346 3.116809371743197e-05 3.153565800410358e-11 1.5376002311682658e-24 4.63408076737728e-20 1.6586486492998998e-09 4.2308071822930576e-23 1.2325314710233595e-20 8.435970007868708e-19 2.9405665670254896e-25 268.70095868001965 1.151772350356598e-22 2.688593558168804e-23 9.896934593188765e-18 56
4.423697745182785e-28 1.1458254021462847e-24 3.153565800410358e-11 1.5376002311682658e-24 4.63408076737728e-20 1.076575003783468e-19 4.2308071822930576e-23 4.103273690288834e-06 7.362353398913588e-08 5.491035590470914e-21 1.5754081436241984e-07 2.7978405243001e-21 3.0311444403063077e-21 2.9405665670254896e-25 2.0447320702428854e-20 1.151772350356598e-22 2.688593558168804e-23 3.939618094565372e-14 9.896934593188765e-18 56
4.423697745182785e-28 1.1458254021462847e-24 1.9413775178341657e-18 1.5376002311682658e-24 2.8624663909379196e-09 1.076575003783468e-19 4.2308071822930576e-23 1.2325314710233595e-20 8.435970007868708e-19 5.491035590470914e-21 9.275528596267227e-19 2.7978405243001e-21 3.0311444403063077e-21 2.9405665670254896e-25 1.151772350356598e-22 2.688593558168804e-23 2.458942232154363e-10 56
4.423697745182785e-28 1.1458254021462847e-24 1.9413775178341657e-18 1.5376002311682658e-24 2.8624663909379196e-09 1.076575003783468e-19 4.2308071822930576e-23 1.2325314710233595e-20 8.435970007868708e-19 5.491035590470914e-21 9.275528596267227e-19 2.7978405243001e-21 3.0311444403063077e-21 2.9405665670254896e-25 2.0447320702428854e-20 1.151772350356598e-22 2.688593558168804e-23 3.939618094565372e-14 9.896934593188765e-18 56
0.04 1.1458254021462847e-24 3.153565800410358e-11 1.5376002311682658e-24 4.63408076737728e-20 1.6586486492998998e-09 5.466697813670628e-06 4.103273690288834e-06 7.362353398913588e-08 5.491035590470914e-21 1.5754081436241984e-07 2.7978405243001e-21 3.0311444403063077e-21 0.03734786856429149 2.0447320702428854e-20 0.8 2.688593558168804e-23 2.458942232154363e-10 55
4.423697745182785e-28 1.1458254021462847e-24 1.9413775178341657e-18 1.5376002311682658e-24 2.8624663909379196e-09 1.076575003783468e-19 4.2308071822930576e-23 1.2325314710233595e-20 8.435970007868708e-19 5.491035590470914e-21 9.275528596267227e-19 2.7978405243001e-21 3.0311444403063077e-21 2.9405665670254896e-25 2.0447320702428854e-20 1.151772350356598e-22 2.688593558168804e-23 9.896934593188765e-18 56
4.423697745182785e-28 1.1458254021462847e-24 3.153565800410358e-11 1.5376002311682658e-24 4.63408076737728e-20 1.6586486492998998e-09 5.466697813670628e-06 1.2325314710233595e-20 7.362353398913588e-08 5.491035590470914e-21 1.5754081436241984e-07 6.110752023667158e-05 6.524239597012572e-05 2.9405665670254896e-25 2.0447320702428854e-20 1.151772350356598e-22 2.688593558168804e-23 2.458942232154363e-10 55
4.423697745182785e-28 1.1458254021462847e-24 1.9413775178341657e-18 1.5376002311682658e-24 4.63408076737728e-20 1.076575003783468e-19 4.2308071822930576e-23 1.2325314710233595e-20 7.362353398913588e-08 5.491035590470914e-21 9.275528596267227e-19 2.7978405243001e-21 3.0311444403063077e-21 2.9405665670254896e-25 1.151772350356598e-22 2.688593558168804e-23 9.896934593188765e-18 56
4.423697745182785e-28 1.1458254021462847e-24 3.153565800410358e-11 6.083151690254399e-05 4.63408076737728e-20 1.6586486492998998e-09 4.2308071822930576e-23 1.2325314710233595e-20 8.435970007868708e-19 5.491035590470914e-21 9.275528596267227e-19 2.7978405243001e-21 3.0311444403063077e-21 2.9405665670254896e-25 2.0447320702428854e-20 1.151772350356598e-22 2.688593558168804e-23 3.939618094565372e-14 9.896934593188765e-18 56
4.423697745182785e-28 1.1458254021462847e-24 1.9413775178341657e-18 1.5376002311682658e-24 4.63408076737728e-20 1.076575003783468e-19 4.2308071822930576e-23 1.2325314710233595e-20 7.362353398913588e-08 5.491035590470914e-21 9.275528596267227e-19 2.7978405243001e-21 3.0311444403063077e-21 2.9405665670254896e-25 4.863265526676044e-05 1.151772350356598e-22 2.688593558168804e-23 2.458942232154363e-10 56
0.09881647510250346 1.1458254021462847e-24 3.153565800410358e-11 1.5376002311682658e-24 4.63408076737728e-20 1.076575003783468e-19 4.2308071822930576e-23 4.103273690288834e-06 7.362353398913588e-08 2.244278570464523e-05 1.5754081436241984e-07 2.7978405243001e-21 3.0311444403063077e-21 1.151772350356598e-22 2.458942232154363e-10 56
4.423697745182785e-28 1.1458254021462847e-24 3.153565800410358e-11 1.5376002311682658e-24 4.63408076737728e-20 1.6586486492998998e-09 4.2308071822930576e-23 1.2325314710233595e-20 8.435970007868708e-19 5.491035590470914e-21 9.275528596267227e-19 6.110752023667158e-05 3.0311444403063077e-21 2.9405665670254896e-25 2.0447320702428854e-20 1.151772350356598e-22 2.688593558168804e-23 0.6234681749262784 2.458942232154363e-10 55
0.005835604463170545 1.1458254021462847e-24 3.153565800410358e-11 1.5376002311682658e-24 4.63408076737728e-20 1.6586486492998998e-09 5.466697813670628e-06 2.9405665670254896e-25 2.0447320702428854e-20 0.7388637848724701 2.688593558168804e-23 1.02 2.458942232154363e-10 55
4.423697745182785e-28 1.1458254021462847e-24 3.153565800410358e-11 1.5376002311682658e-24 4.63408076737728e-20 1.076575003783468e-19 4.2308071822930576e-23 1.2325314710233595e-20 7.362353398913588e-08 2.244278570464523e-05 9.275528596267227e-19 2.7978405243001e-21 3.0311444403063077e-21 2.9405665670254896e-25 2.0447320702428854e-20 1.151772350356598e-22 2.688593558168804e-23 9.896934593188765e-18 56
4.423697745182785e-28 1.1458254021462847e-24 3.153565800410358e-11 6.083151690254399e-05 2.8624663909379196e-09 1.076575003783468e-19 4.2308071822930576e-23 1.2325314710233595e-20 8.435970007868708e-19 5.491035590470914e-21 9.275528596267227e-19 2.7978405243001e-21 3.0311444403063077e-21 2.9405665670254896e-25 2.0447320702428854e-20 1.151772350356598e-22 2.688593558168804e-23 0.96 9.896934593188765e-18 56
0.005835604463170545 3.116809371743197e-05 1.9413775178341657e-18 1.5376002311682658e-24 4.63408076737728e-20 1.076575003783468e-19 4.2308071822930576e-23 1.2325314710233595e-20 8.435970007868708e-19 5.491035590470914e-21 9.275528596267227e-19 2.7978405243001e-21 3.0311444403063077e-21 0.03734786856429149 2.0447320702428854e-20 1.151772350356598e-22 2.458942232154363e-10 56
4.423697745182785e-28 1.1458254021462847e-24 1.9413775178341657e-18 6.083151690254399e-05 2.8624663909379196e-09 1.076575003783468e-19 4.2308071822930576e-23 1.2325314710233595e-20 8.435970007868708e-19 5.491035590470914e-21 9.275528596267227e-19 2.7978405243001e-21 3.0311444403063077e-21 2.9405665670254896e-25 2.0447320702428854e-20 1.151772350356598e-22 2.688593558168804e-23 3.939618094565372e-14 2.458942232154363e-10 56
4.423697745182785e-28 3.116809371743197e-05 3.153565800410358e-11 1.5376002311682658e-24 4.63408076737728e-20 1.076575003783468e-19 4.2308071822930576e-23 4.103273690288834e-06 7.362353398913588e-08 2.244278570464523e-05 1.5754081436241984e-07 2.7978405243001e-21 3.0311444403063077e-21 2.9405665670254896e-25 268.70095868001965 1.151772350356598e-22 2.688593558168804e-23 3.939618094565372e-14 2.458942232154363e-10 56
4.423697745182785e-28 1.1458254021462847e-24 3.153565800410358e-11 1.5376002311682658e-24 4.63408076737728e-20 1.6586486492998998e-09 5.466697813670628e-06 4.103273690288834e-06 7.362353398913588e-08 5.491035590470914e-21 9.275528596267227e-19 2.7978405243001e-21 3.0311444403063077e-21 2.9405665670254896e-25 2.0447320702428854e-20 1.151772350356598e-22 2.688593558168804e-23 3.939618094565372e-14 2.458942232154363e-10 56
0.09881647510250346 3.116809371743197e-05 3.153565800410358e-11 1.5376002311682658e-24 4.63408076737728e-20 1.6586486492998998e-09 4.2308071822930576e-23 1.2325314710233595e-20 8.435970007868708e-19 2.9405665670254896e-25 268.70095868001965 1.151772350356598e-22 2.688593558168804e-23 9.896934593188765e-18 56
4.423697745182785e-28 1.1458254021462847e-24 1.9413775178341657e-18 1.5376002311682658e-24 2.8624663909379196e-09 1.076575003783468e-19 4.2308071822930576e-23 1.2325314710233595e-20 8.435970007868708e-19 5.491035590470914e-21 9.275528596267227e-19 2.7978405243001e-21 3.0311444403063077e-21 2.9405665670254896e-25 2.0447320702428854e-20 1.151772350356598e-22 2.688593558168804e-23 0.96 2.458942232154363e-10 56
0.04 1.1458254021462847e-24 3.153565800410358e-11 1.5376002311682658e-24 4.63408076737728e-20 1.076575003783468e-19 4.2308071822930576e-23 1.2325314710233595e-20 8.435970007868708e-19 5.491035590470914e-21 9.275528596267227e-19 2.7978405243001e-21 3.0311444403063077e-21 2.9405665670254896e-25 2.0447320702428854e-20 1.151772350356598e-22 2.688593558168804e-23 3.939618094565372e-14 9.896934593188765e-18 56
4.423697745182785e-28 1.1458254021462847e-24 3.153565800410358e-11 1.5376002311682658e-24 4.63408076737728e-20 1.6586486492998998e-09 4.2308071822930576e-23 1.2325314710233595e-20 8.435970007868708e-19 2.244278570464523e-05 1.5754081436241984e-07 2.7978405243001e-21 3.0311444403063077e-21 2.9405665670254896e-25 2.0447320702428854e-20 1.151772350356598e-22 2.688593558168804e-23 1.02 2.458942232154363e-10 55
4.423697745182785e-28 1.1458254021462847e-24 3.153565800410358e-11 1.5376002311682658e-24 4.63408076737728e-20 1.076575003783468e-19 4.2308071822930576e-23 1.2325314710233595e-20 7.362353398913588e-08 5.491035590470914e-21 9.275528596267227e-19 2.7978405243001e-21 3.0311444403063077e-21 2.9405665670254896e-25 2.0447320702428854e-20 0.00014296552629578424 2.688593558168804e-23 3.939618094565372e-14 9.896934593188765e-18 56
4.423697745182785e-28 1.1458254021462847e-24 1.9413775178341657e-18 1.5376002311682658e-24 4.63408076737728e-20 1.076575003783468e-19 4.2308071822930576e-23 1.2325314710233595e-20 8.435970007868708e-19 2.244278570464523e-05 1.5754081436241984e-07 6.110752023667158e-05 3.0311444403063077e-21 2.9405665670254896e-25 2.0447320702428854e-20 1.151772350356598e-22 2.688593558168804e-23 3.939618094565372e-14 2.458942232154363e-10 55
4.423697745182785e-28 1.1458254021462847e-24 1.9413775178341657e-18 1.5376002311682658e-24 2.8624663909379196e-09 1.076575003783468e-19 4.2308071822930576e-23 1.2325314710233595e-20 8.435970007868708e-19 5.491035590470914e-21 9.275528596267227e-19 2.7978405243001e-21 3.0311444403063077e-21 2.9405665670254896e-25 2.0447320702428854e-20 1.151772350356598e-22 2.688593558168804e-23 3.939618094565372e-14 9.896934593188765e-18 56
4.423697745182785e-28 1.1458254021462847e-24 3.153565800410358e-11 1.5376002311682658e-24 2.8624663909379196e-09 1.076575003783468e-19 4.2308071822930576e-23 1.2325314710233595e-20 8.435970007868708e-19 5.491035590470914e-21 9.275528596267227e-19 2.7978405243001e-21 3.0311444403063077e-21 2.9405665670254896e-25 2.0447320702428854e-20 1.151772350356598e-22 2.688593558168804e-23 9.896934593188765e-18 56
0.005835604463170545 1.1458254021462847e-24 3.153565800410358e-11 1.5376002311682658e-24 4.63408076737728e-20 1.6586486492998998e-09 5.466697813670628e-06 2.9405665670254896e-25 2.0447320702428854e-20 0.7388637848724701 2.688593558168804e-23 1.02 2.458942232154363e-10 55
4.423697745182785e-28 3.116809371743197e-05 1.9413775178341657e-18 1.5376002311682658e-24 4.63408076737728e-20 1.6586486492998998e-09 5.466697813670628e-06 4.103273690288834e-06 7.362353398913588e-08 5.491035590470914e-21 1.5754081436241984e-07 2.7978405243001e-21 3.0311444403063077e-21 2.9405665670254896e-25 2.0447320702428854e-20 1.151772350356598e-22 2.688593558168804e-23 3.939618094565372e-14 2.458942232154363e-10 56
4.423697745182785e-28 1.1458254021462847e-24 1.9413775178341657e-18 6.083151690254399e-05 4.63408076737728e-20 1.076575003783468e-19 4.2308071822930576e-23 1.2325314710233595e-20 7.362353398913588e-08 5.491035590470914e-21 9.275528596267227e-19 2.7978405243001e-21 3.0311444403063077e-21 2.9405665670254896e-25 2.0447320702428854e-20 1.151772350356598e-22 2.688593558168804e-23 3.939618094565372e-14 9.896934593188765e-18 56
4.423697745182785e-28 1.1458254021462847e-24 1.9413775178341657e-18 1.5376002311682658e-24 2.8624663909379196e-09 1.076575003783468e-19 4.2308071822930576e-23 1.2325314710233595e-20 8.435970007868708e-19 5.491035590470914e-21 9.275528596267227e-19 2.7978405243001e-21 3.0311444403063077e-21 2.9405665670254896e-25 0.00014296552629578424 2.688593558168804e-23 9.896934593188765e-18 56
4.423697745182785e-28 1.1458254021462847e-24 1.9413775178341657e-18 1.5376002311682658e-24 4.63408076737728e-20 1.076575003783468e-19 4.2308071822930576e-23 1.2325314710233595e-20 8.435970007868708e-19 5.491035590470914e-21 9.275528596267227e-19 2.7978405243001e-21 3.0311444403063077e-21 2.9405665670254896e-25 2.0447320702428854e-20 1.151772350356598e-22 2.688593558168804e-23 3.939618094565372e-14 9.896934593188765e-18 56
4.423697745182785e-28 1.1458254021462847e-24 1.9413775178341657e-18 1.5376002311682658e-24 2.8624663909379196e-09 1.076575003783468e-19 4.2308071822930576e-23 1.2325314710233595e-20 8.435970007868708e-19 5.491035590470914e-21 9.275528596267227e-19 2.7978405243001e-21 3.0311444403063077e-21 2.9405665670254896e-25 2.0447320702428854e-20 1.151772350356598e-22 2.688593558168804e-23 9.896934593188765e-18 56
0.04 1.1458254021462847e-24 1.9413775178341657e-18 1.5376002311682658e-24 4.63408076737728e-20 1.6586486492998998e-09 5.466697813670628e-06 1.2325314710233595e-20 8.435970007868708e-19 5.491035590470914e-21 1.5754081436241984e-07 6.110752023667158e-05 3.0311444403063077e-21 0.8023161953744483 1.151772350356598e-22 0.9 3.939618094565372e-14 9.896934593188765e-18 55
0.09881647510250346 1.1458254021462847e-24 3.153565800410358e-11 1.5376002311682658e-24 4.63408076737728e-20 1.6586486492998998e-09 4.2308071822930576e-23 5.491035590470914e-21 9.275528596267227e-19 2.7978405243001e-21 3.0311444403063077e-21 2.9405665670254896e-25 1.151772350356598e-22 9.896934593188765e-18 55
0.04 1.1458254021462847e-24 3.153565800410358e-11 1.5376002311682658e-24 4.63408076737728e-20 1.6586486492998998e-09 4.2308071822930576e-23 1.2325314710233595e-20 8.435970007868708e-19 5.491035590470914e-21 1.5754081436241984e-07 6.110752023667158e-05 3.0311444403063077e-21 0.8023161953744483 2.0447320702428854e-20 1.151772350356598e-22 2.688593558168804e-23 0.6234681749262784 2.458942232154363e-10 55
4.423697745182785e-28 1.1458254021462847e-24 1.9413775178341657e-18 1.5376002311682658e-24 2.8624663909379196e-09 1.076575003783468e-19 4.2308071822930576e-23 1.2325314710233595e-20 8.435970007868708e-19 5.491035590470914e-21 9.275528596267227e-19 2.7978405243001e-21 3.0311444403063077e-21 2.9405665670254896e-25 1.151772350356598e-22 2.688593558168804e-23 2.458942232154363e-10 56
0.09881647510250346 1.1458254021462847e-24 3.153565800410358e-11 1.5376002311682658e-24 4.63408076737728e-20 1.6586486492998998e-09 4.2308071822930576e-23 5.491035590470914e-21 9.275528596267227e-19 2.7978405243001e-21 3.0311444403063077e-21 2.9405665670254896e-25 1.151772350356598e-22 9.896934593188765e-18 55
4.423697745182785e-28 1.1458254021462847e-24 1.9413775178341657e-18 1.5376002311682658e-24 2.8624663909379196e-09 1.076575003783468e-19 4.2308071822930576e-23 1.2325314710233595e-20 8.435970007868708e-19 5.491035590470914e-21 9.275528596267227e-19 2.7978405243001e-21 3.0311444403063077e-21 2.9405665670254896e-25 2.0447320702428854e-20 1.151772350356598e-22 2.688593558168804e-23 3.939618094565372e-14 9.896934593188765e-18 56
4.423697745182785e-28 1.1458254021462847e-24 6.083151690254399e-05 2.8624663909379196e-09 1.076575003783468e-19 4.2308071822930576e-23 1.2325314710233595e-20 8.435970007868708e-19 5.491035590470914e-21 9.275528596267227e-19 2.7978405243001e-21 3.0311444403063077e-21 2.9405665670254896e-25 2.0447320702428854e-20 1.151772350356598e-22 2.688593558168804e-23 3.939618094565372e-14 9.896934593188765e-18 56
4.423697745182785e-28 1.1458254021462847e-24 1.9413775178341657e-18 1.5376002311682658e-24 4.63408076737728e-20 1.6586486492998998e-09 5.466697813670628e-06 1.2325314710233595e-20 8.435970007868708e-19 5.491035590470914e-21 9.275528596267227e-19 2.7978405243001e-21 3.0311444403063077e-21 2.9405665670254896e-25 1.151772350356598e-22 2.688593558168804e-23 9.896934593188765e-18 56
4.423697745182785e-28 1.1458254021462847e-24 1.9413775178341657e-18 6.083151690254399e-05 4.63408076737728e-20 1.076575003783468e-19 4.2308071822930576e-23 1.2325314710233595e-20 7.362353398913588e-08 5.491035590470914e-21 9.275528596267227e-19 2.7978405243001e-21 3.0311444403063077e-21 2.9405665670254896e-25 2.0447320702428854e-20 1.151772350356598e-22 2.688593558168804e-23 3.939618094565372e-14 9.896934593188765e-18 56
0.04 1.1458254021462847e-24 1.9413775178341657e-18 1.5376002311682658e-24 4.63408076737728e-20 1.6586486492998998e-09 5.466697813670628e-06 1.2325314710233595e-20 8.435970007868708e-19 5.491035590470914e-21 1.5754081436241984e-07 6.110752023667158e-05 3.0311444403063077e-21 0.8023161953744483 1.151772350356598e-22 0.9 3.939618094565372e-14 9.896934593188765e-18 55
4.423697745182785e-28 1.1458254021462847e-24 1.9413775178341657e-18 1.5376002311682658e-24 2.8624663909379196e-09 1.076575003783468e-19 4.2308071822930576e-23 1.2325314710233595e-20 8.435970007868708e-19 5.491035590470914e-21 9.275528596267227e-19 2.7978405243001e-21 3.0311444403063077e-21 2.9405665670254896e-25 2.0447320702428854e-20 1.151772350356598e-22 2.688593558168804e-23 3.939618094565372e-14 9.896934593188765e-18 56
0.04 1.1458254021462847e-24 3.153565800410358e-11 1.5376002311682658e-24 2.8624663909379196e-09 1.076575003783468e-19 4.2308071822930576e-23 1.2325314710233595e-20 8.435970007868708e-19 5.491035590470914e-21 9.275528596267227e-19 2.7978405243001e-21 3.0311444403063077e-21 2.9405665670254896e-25 2.0447320702428854e-20 1.151772350356598e-22 2.688593558168804e-23 9.896934593188765e-18 56
4.423697745182785e-28 1.1458254021462847e-24 3.153565800410358e-11 6.083151690254399e-05 2.8624663909379196e-09 1.076575003783468e-19 4.2308071822930576e-23 1.2325314710233595e-20 8.435970007868708e-19 5.491035590470914e-21 9.275528596267227e-19 2.7978405243001e-21 3.0311444403063077e-21 2.9405665670254896e-25 2.0447320702428854e-20 1.151772350356598e-22 2.688593558168804e-23 0.96 9.896934593188765e-18 56
4.423697745182785e-28 1.1458254021462847e-24 1.9413775178341657e-18 1.5376002311682658e-24 2.8624663909379196e-09 1.076575003783468e-19 4.2308071822930576e-23 1.2325314710233595e-20 8.435970007868708e-19 5.491035590470914e-21 9.275528596267227e-19 2.7978405243001e-21 3.0311444403063077e-21 2.9405665670254896e-25 1.151772350356598e-22 2.688593558168804e-23 9.896934593188765e-18 56
4.423697745182785e-28 1.1458254021462847e-24 1.9413775178341657e-18 1.5376002311682658e-24 4.63408076737728e-20 1.6586486492998998e-09 5.466697813670628e-06 5.491035590470914e-21 1.5754081436241984e-07 6.110752023667158e-05 3.0311444403063077e-21 2.9405665670254896e-25 1.151772350356598e-22 2.688593558168804e-23 2.458942232154363e-10 56
4.423697745182785e-28 1.1458254021462847e-24 3.153565800410358e-11 1.5376002311682658e-24 4.63408076737728e-20 1.6586486492998998e-09 5.466697813670628e-06 4.103273690288834e-06 7.362353398913588e-08 5.491035590470914e-21 9.275528596267227e-19 2.7978405243001e-21 3.0311444403063077e-21 2.9405665670254896e-25 2.0447320702428854e-20 1.151772350356598e-22 2.688593558168804e-23 3.939618094565372e-14 2.458942232154363e-10 56
4.423697745182785e-28 1.1458254021462847e-24 1.9413775178341657e-18 1.5376002311682658e-24 4.63408076737728e-20 1.6586486492998998e-09 4.2308071822930576e-23 1.2325314710233595e-20 8.435970007868708e-19 5.491035590470914e-21 9.275528596267227e-19 2.7978405243001e-21 3.0311444403063077e-21 2.9405665670254896e-25 2.0447320702428854e-20 1.151772350356598e-22 2.688593558168804e-23 9.896934593188765e-18 56
4.423697745182785e-28 1.1458254021462847e-24 1.9413775178341657e-18 1.5376002311682658e-24 4.63408076737728e-20 1.6586486492998998e-09 5.466697813670628e-06 1.2325314710233595e-20 8.435970007868708e-19 2.244278570464523e-05 9.275528596267227e-19 2.7978405243001e-21 3.0311444403063077e-21 2.9405665670254896e-25 268.70095868001965 0.8 2.688593558168804e-23 3.939618094565372e-14 9.896934593188765e-18 56
4.423697745182785e-28 1.1458254021462847e-24 1.9413775178341657e-18 1.5376002311682658e-24 4.63408076737728e-20 1.6586486492998998e-09 4.2308071822930576e-23 1.2325314710233595e-20 8.435970007868708e-19 5.491035590470914e-21 9.275528596267227e-19 2.7978405243001e-21 3.0311444403063077e-21 2.9405665670254896e-25 2.0447320702428854e-20 1.151772350356598e-22 2.688593558168804e-23 9.896934593188765e-18 56
4.423697745182785e-28 1.1458254021462847e-24 3.153565800410358e-11 1.5376002311682658e-24 2.8624663909379196e-09 1.076575003783468e-19 4.2308071822930576e-23 1.2325314710233595e-20 8.435970007868708e-19 5.491035590470914e-21 9.275528596267227e-19 2.7978405243001e-21 3.0311444403063077e-21 2.9405665670254896e-25 1.151772350356598e-22 2.688593558168804e-23 2.458942232154363e-10 56
0.005835604463170545 1.1458254021462847e-24 3.153565800410358e-11 1.5376002311682658e-24 4.63408076737728e-20 1.6586486492998998e-09 5.466697813670628e-06 2.9405665670254896e-25 2.0447320702428854e-20 0.7388637848724701 2.688593558168804e-23 1.02 2.458942232154363e-10 55
4.423697745182785e-28 1.1458254021462847e-24 3.153565800410358e-11 6.083151690254399e-05 2.8624663909379196e-09 1.076575003783468e-19 4.2308071822930576e-23 1.2325314710233595e-20 8.435970007868708e-19 5.491035590470914e-21 9.275528596267227e-19 2.7978405243001e-21 3.0311444403063077e-21 2.9405665670254896e-25 2.0447320702428854e-20 1.151772350356598e-22 2.688593558168804e-23 0.96 9.896934593188765e-18 56
4.423697745182785e-28 1.1458254021462847e-24 1.9413775178341657e-18 1.5376002311682658e-24 4.63408076737728e-20 1.6586486492998998e-09 5.466697813670628e-06 4.103273690288834e-06 7.362353398913588e-08 2.244278570464523e-05 1.5754081436241984e-07 2.7978405243001e-21 3.0311444403063077e-21 2.9405665670254896e-25 4.863265526676044e-05 1.151772350356598e-22 2.688593558168804e-23 3.939618094565372e-14 9.896934593188765e-18 56
4.423697745182785e-28 1.1458254021462847e-24 1.9413775178341657e-18 1.5376002311682658e-24 4.63408076737728e-20 1.6586486492998998e-09 5.466697813670628e-06 1.2325314710233595e-20 7.362353398913588e-08 5.491035590470914e-21 1.5754081436241984e-07 6.110752023667158e-05 6.524239597012572e-05 0.023017902773792294 268.70095868001965 1.151772350356598e-22 2.688593558168804e-23 2.458942232154363e-10 55
4.423697745182785e-28 1.1458254021462847e-24 1.9413775178341657e-18 1.5376002311682658e-24 4.63408076737728e-20 1.6586486492998998e-09 5.466697813670628e-06 1.2325314710233595e-20 8.435970007868708e-19 2.244278570464523e-05 9.275528596267227e-19 2.7978405243001e-21 3.0311444403063077e-21 2.9405665670254896e-25 268.70095868001965 0.8 2.688593558168804e-23 3.939618094565372e-14 9.896934593188765e-18 56
4.423697745182785e-28 1.1458254021462847e-24 1.9413775178341657e-18 6.083151690254399e-05 4.63408076737728e-20 1.076575003783468e-19 4.2308071822930576e-23 1.2325314710233595e-20 7.362353398913588e-08 5.491035590470914e-21 1.5754081436241984e-07 2.7978405243001e-21 3.0311444403063077e-21 2.9405665670254896e-25 2.0447320702428854e-20 0.7388637848724701 2.688593558168804e-23 3.939618094565372e-14 9.896934593188765e-18 56
0.09881647510250346 1.1458254021462847e-24 3.153565800410358e-11 1.5376002311682658e-24 4.63408076737728e-20 1.076575003783468e-19 4.2308071822930576e-23 4.103273690288834e-06 7.362353398913588e-08 5.491035590470914e-21 9.275528596267227e-19 2.7978405243001e-21 3.0311444403063077e-21 2.9405665670254896e-25 2.0447320702428854e-20 1.151772350356598e-22 2.688593558168804e-23 3.939618094565372e-14 9.896934593188765e-18 56
4.423697745182785e-28 1.1458254021462847e-24 1.9413775178341657e-18 1.5376002311682658e-24 2.8624663909379196e-09 1.076575003783468e-19 4.2308071822930576e-23 1.2325314710233595e-20 8.435970007868708e-19 5.491035590470914e-21 9.275528596267227e-19 2.7978405243001e-21 3.0311444403063077e-21 2.9405665670254896e-25 2.0447320702428854e-20 1.151772350356598e-22 2.688593558168804e-23 2.458942232154363e-10 56
4.423697745182785e-28 1.1458254021462847e-24 1.9413775178341657e-18 1.5376002311682658e-24 4.63408076737728e-20 1.6586486492998998e-09 4.2308071822930576e-23 1.2325314710233595e-20 7.362353398913588e-08 5.491035590470914e-21 1.5754081436241984e-07 6.110752023667158e-05 6.524239597012572e-05 2.9405665670254896e-25 268.70095868001965 1.151772350356598e-22 0.9 0.6234681749262784 2.458942232154363e-10 55
4.423697745182785e-28 1.1458254021462847e-24 1.9413775178341657e-18 6.083151690254399e-05 2.8624663909379196e-09 1.076575003783468e-19 4.2308071822930576e-23 1.2325314710233595e-20 8.435970007868708e-19 5.491035590470914e-21 9.275528596267227e-19 2.7978405243001e-21 3.0311444403063077e-21 2.9405665670254896e-25 2.0447320702428854e-20 1.151772350356598e-22 2.688593558168804e-23 3.939618094565372e-14 9.896934593188765e-18 56
4.423697745182785e-28 1.1458254021462847e-24 1.9413775178341657e-18 1.5376002311682658e-24 2.8624663909379196e-09 1.076575003783468e-19 4.2308071822930576e-23 1.2325314710233595e-20 8.435970007868708e-19 5.491035590470914e-21 9.275528596267227e-19 2.7978405243001e-21 3.0311444403063077e-21 2.9405665670254896e-25 2.0447320702428854e-20 1.151772350356598e-22 2.688593558168804e-23 9.896934593188765e-18 56
4.423697745182785e-28 1.1458254021462847e-24 1.9413775178341657e-18 1.5376002311682658e-24 2.8624663909379196e-09 1.076575003783468e-19 4.2308071822930576e-23 1.2325314710233595e-20 8.435970007868708e-19 5.491035590470914e-21 9.275528596267227e-19 2.7978405243001e-21 3.0311444403063077e-21 2.9405665670254896e-25 2.0447320702428854e-20 0.00014296552629578424 2.688593558168804e-23 3.939618094565372e-14 9.896934593188765e-18 56
0.005835604463170545 1.1458254021462847e-24 1.9413775178341657e-18 6.083151690254399e-05 4.63408076737728e-20 1.076575003783468e-19 4.2308071822930576e-23 1.2325314710233595e-20 7.362353398913588e-08 5.491035590470914e-21 9.275528596267227e-19 2.7978405243001e-21 3.0311444403063077e-21 2.9405665670254896e-25 2.0447320702428854e-20 1.151772350356598e-22 2.688593558168804e-23 3.939618094565372e-14 2.458942232154363e-10 56
4.423697745182785e-28 1.1458254021462847e-24 3.153565800410358e-11 1.5376002311682658e-24 4.63408076737728e-20 1.6586486492998998e-09 5.466697813670628e-06 4.103273690288834e-06 7.362353398913588e-08 5.491035590470914e-21 1.5754081436241984e-07 2.7978405243001e-21 6.524239597012572e-05 2.9405665670254896e-25 268.70095868001965 1.151772350356598e-22 0.9 2.458942232154363e-10 56
4.423697745182785e-28 1.1458254021462847e-24 3.153565800410358e-11 1.5376002311682658e-24 4.63408076737728e-20 1.076575003783468e-19 4.2308071822930576e-23 1.2325314710233595e-20 8.435970007868708e-19 5.491035590470914e-21 9.275528596267227e-19 2.7978405243001e-21 3.0311444403063077e-21 2.9405665670254896e-25 2.0447320702428854e-20 1.151772350356598e-22 2.688593558168804e-23 2.458942232154363e-10 56
4.423697745182785e-28 1.1458254021462847e-24 1.9413775178341657e-18 1.5376002311682658e-24 4.63408076737728e-20 1.076575003783468e-19 4.2308071822930576e-23 1.2325314710233595e-20 8.435970007868708e-19 2.244278570464523e-05 1.5754081436241984e-07 6.110752023667158e-05 3.0311444403063077e-21 2.9405665670254896e-25 2.0447320702428854e-20 1.151772350356598e-22 2.688593558168804e-23 3.939618094565372e-14 2.458942232154363e-10 55
