1.6772698019286838e-73 1.6026892580005756e-73 1.239470889407523e-37 5.449537894077527e-68 4.5686329732734735e-60 2.5837436583059797e-30 2.592932424498819e-13 1.487237419868639e-70 2.4406046656467774e-46 1.876266738801107e-10 9.02617074307474e-30 1.0525523318741512e-68 1.7458091037133012e-06 0.0048062553993245905 1.7068993973304843e-62 1.8559592279877469e-65 9.589165579191818e-35 55
1.6772698019286838e-73 1.6026892580005756e-73 5.135482336994852e-43 5.449537894077527e-68 2.1084586049698146e-23 5.018762237422824e-53 6.477455766965182e-70 1.487237419868639e-70 2.4406046656467774e-46 1.8817915529222756e-69 4.638347511225263e-50 1.0525523318741512e-68 3.245449479417543e-73 2.1540599319525376e-68 7.54609778698165e-32 1.7068993973304843e-62 1.8559592279877469e-65 1.8429585268563562e-47 56
1.6772698019286838e-73 1.6026892580005756e-73 5.135482336994852e-43 5.449537894077527e-68 2.1084586049698146e-23 5.018762237422824e-53 6.477455766965182e-70 1.487237419868639e-70 2.4406046656467774e-46 1.8817915529222756e-69 4.638347511225263e-50 1.0525523318741512e-68 3.245449479417543e-73 2.1540599319525376e-68 7.54609778698165e-32 1.7068993973304843e-62 1.8559592279877469e-65 1.6681070097870008e-34 1.8429585268563562e-47 56
1.6772698019286838e-73 1.6026892580005756e-73 1.239470889407523e-37 5.449537894077527e-68 4.5686329732734735e-60 2.5837436583059797e-30 2.592932424498819e-13 1.487237419868639e-70 2.874247365965214e-30 1.8817915529222756e-69 4.638347511225263e-50 1.0525523318741512e-68 3.245449479417543e-73 2.1540599319525376e-68 1.7068993973304843e-62 1.8559592279877469e-65 1.6681070097870008e-34 1.8429585268563562e-47 56
1.6772698019286838e-73 1.6026892580005756e-73 1.239470889407523e-37 1.2464066539815e-15 2.1084586049698146e-23 5.018762237422824e-53 6.477455766965182e-70 2.682623759200366e-09 2.874247365965214e-30 1.8817915529222756e-69 4.638347511225263e-50 1.0525523318741512e-68 3.245449479417543e-73 2.1540599319525376e-68 1.8757065000001403e-09 9.130792738672973e-06 1.8559592279877469e-65 1.6681070097870008e-34 9.589165579191818e-35 56
1.6772698019286838e-73 1.6026892580005756e-73 1.239470889407523e-37 1.2464066539815e-15 2.1084586049698146e-23 5.018762237422824e-53 6.477455766965182e-70 2.682623759200366e-09 2.874247365965214e-30 1.8817915529222756e-69 4.638347511225263e-50 1.0525523318741512e-68 3.245449479417543e-73 2.1540599319525376e-68 7.54609778698165e-32 1.7068993973304843e-62 1.8559592279877469e-65 1.6681070097870008e-34 1.8429585268563562e-47 56
1.6772698019286838e-73 1.6026892580005756e-73 1.239470889407523e-37 5.449537894077527e-68 4.5686329732734735e-60 2.5837436583059797e-30 2.592932424498819e-13 1.487237419868639e-70 2.874247365965214e-30 1.8817915529222756e-69 9.02617074307474e-30 4.653813681374066e-11 1.7458091037133012e-06 2.1540599319525376e-68 7.54609778698165e-32 1.7068993973304843e-62 1.8559592279877469e-65 9.589165579191818e-35 55
1.6772698019286838e-73 1.6026892580005756e-73 1.239470889407523e-37 5.449537894077527e-68 4.5686329732734735e-60 5.018762237422824e-53 6.477455766965182e-70 2.682623759200366e-09 2.874247365965214e-30 1.8817915529222756e-69 9.02617074307474e-30 1.0525523318741512e-68 3.245449479417543e-73 2.1540599319525376e-68 7.54609778698165e-32 1.7068993973304843e-62 1.8559592279877469e-65 1.6681070097870008e-34 1.8429585268563562e-47 56
1.6772698019286838e-73 1.6026892580005756e-73 5.135482336994852e-43 5.449537894077527e-68 4.5686329732734735e-60 2.5837436583059797e-30 2.592932424498819e-13 1.487237419868639e-70 2.4406046656467774e-46 1.876266738801107e-10 4.638347511225263e-50 1.0525523318741512e-68 3.245449479417543e-73 2.1540599319525376e-68 9.470971569904717e-17 0.000558768175293002 1.8559592279877469e-65 1.6681070097870008e-34 1.8429585268563562e-47 56
1.6772698019286838e-73 1.6026892580005756e-73 5.135482336994852e-43 5.449537894077527e-68 2.1084586049698146e-23 5.018762237422824e-53 6.477455766965182e-70 1.487237419868639e-70 2.4406046656467774e-46 1.8817915529222756e-69 4.638347511225263e-50 1.0525523318741512e-68 3.245449479417543e-73 2.1540599319525376e-68 1.7068993973304843e-62 9.589165579191818e-35 56
1.6772698019286838e-73 1.61817957395732e-10 1.239470889407523e-37 1.2464066539815e-15 2.1084586049698146e-23 5.018762237422824e-53 6.477455766965182e-70 1.487237419868639e-70 2.4406046656467774e-46 1.8817915529222756e-69 4.638347511225263e-50 1.0525523318741512e-68 3.245449479417543e-73 2.1540599319525376e-68 7.54609778698165e-32 1.7068993973304843e-62 1.8559592279877469e-65 1.6681070097870008e-34 1.8429585268563562e-47 56
1.6772698019286838e-73 1.6026892580005756e-73 5.135482336994852e-43 5.449537894077527e-68 2.1084586049698146e-23 5.018762237422824e-53 6.477455766965182e-70 1.487237419868639e-70 2.4406046656467774e-46 1.8817915529222756e-69 4.638347511225263e-50 1.0525523318741512e-68 3.245449479417543e-73 2.1540599319525376e-68 7.54609778698165e-32 1.7068993973304843e-62 1.8559592279877469e-65 1.6681070097870008e-34 1.8429585268563562e-47 56
1.6772698019286838e-73 1.6026892580005756e-73 1.239470889407523e-37 5.449537894077527e-68 2.1084586049698146e-23 5.018762237422824e-53 6.477455766965182e-70 1.487237419868639e-70 2.874247365965214e-30 1.8817915529222756e-69 4.638347511225263e-50 1.0525523318741512e-68 3.245449479417543e-73 2.1540599319525376e-68 9.470971569904717e-17 1.7068993973304843e-62 1.8559592279877469e-65 1.6681070097870008e-34 9.589165579191818e-35 55
1.6772698019286838e-73 1.6026892580005756e-73 1.239470889407523e-37 1.2464066539815e-15 2.1084586049698146e-23 5.018762237422824e-53 6.477455766965182e-70 1.487237419868639e-70 2.4406046656467774e-46 1.8817915529222756e-69 4.638347511225263e-50 1.0525523318741512e-68 3.245449479417543e-73 1.7068993973304843e-62 1.8429585268563562e-47 56
1.6772698019286838e-73 1.6026892580005756e-73 5.135482336994852e-43 5.449537894077527e-68 4.5686329732734735e-60 2.5837436583059797e-30 2.592932424498819e-13 1.487237419868639e-70 2.4406046656467774e-46 1.876266738801107e-10 4.638347511225263e-50 1.0525523318741512e-68 3.245449479417543e-73 2.1540599319525376e-68 9.470971569904717e-17 0.000558768175293002 1.8559592279877469e-65 1.6681070097870008e-34 1.8429585268563562e-47 56
1.6772698019286838e-73 1.6026892580005756e-73 5.135482336994852e-43 5.449537894077527e-68 4.5686329732734735e-60 5.018762237422824e-53 6.477455766965182e-70 2.682623759200366e-09 2.874247365965214e-30 1.876266738801107e-10 9.02617074307474e-30 4.653813681374066e-11 1.7458091037133012e-06 2.1540599319525376e-68 9.470971569904717e-17 4.000342757040969e-07 1.8559592279877469e-65 1.6681070097870008e-34 9.589165579191818e-35 56
1.6772698019286838e-73 1.6026892580005756e-73 1.239470889407523e-37 5.449537894077527e-68 4.5686329732734735e-60 2.5837436583059797e-30 6.477455766965182e-70 1.876266738801107e-10 4.638347511225263e-50 4.653813681374066e-11 3.245449479417543e-73 0.0048062553993245905 7.54609778698165e-32 1.7068993973304843e-62 1.8559592279877469e-65 1.6681070097870008e-34 9.589165579191818e-35 55
1.6772698019286838e-73 1.6026892580005756e-73 5.135482336994852e-43 5.449537894077527e-68 2.1084586049698146e-23 5.018762237422824e-53 6.477455766965182e-70 1.487237419868639e-70 2.4406046656467774e-46 1.8817915529222756e-69 4.638347511225263e-50 1.0525523318741512e-68 3.245449479417543e-73 2.1540599319525376e-68 7.54609778698165e-32 1.7068993973304843e-62 1.8559592279877469e-65 1.6681070097870008e-34 1.8429585268563562e-47 56
1.6772698019286838e-73 1.6026892580005756e-73 5.135482336994852e-43 5.449537894077527e-68 2.1084586049698146e-23 5.018762237422824e-53 6.477455766965182e-70 1.487237419868639e-70 2.4406046656467774e-46 1.8817915529222756e-69 4.638347511225263e-50 1.0525523318741512e-68 3.245449479417543e-73 2.1540599319525376e-68 7.54609778698165e-32 1.7068993973304843e-62 1.8559592279877469e-65 1.8429585268563562e-47 56
1.6772698019286838e-73 1.6026892580005756e-73 1.239470889407523e-37 5.449537894077527e-68 2.1084586049698146e-23 5.018762237422824e-53 6.477455766965182e-70 1.487237419868639e-70 2.874247365965214e-30 1.8817915529222756e-69 4.638347511225263e-50 1.0525523318741512e-68 3.245449479417543e-73 2.1540599319525376e-68 9.470971569904717e-17 1.7068993973304843e-62 1.8559592279877469e-65 1.6681070097870008e-34 9.589165579191818e-35 55
1.6772698019286838e-73 1.6026892580005756e-73 1.239470889407523e-37 5.449537894077527e-68 2.1084586049698146e-23 5.018762237422824e-53 6.477455766965182e-70 1.487237419868639e-70 2.4406046656467774e-46 1.8817915529222756e-69 4.638347511225263e-50 1.0525523318741512e-68 3.245449479417543e-73 2.1540599319525376e-68 1.8757065000001403e-09 1.7068993973304843e-62 1.8559592279877469e-65 9.589165579191818e-35 56
1.6772698019286838e-73 1.6026892580005756e-73 5.135482336994852e-43 5.449537894077527e-68 2.1084586049698146e-23 5.018762237422824e-53 6.477455766965182e-70 1.487237419868639e-70 2.874247365965214e-30 1.8817915529222756e-69 9.02617074307474e-30 1.0525523318741512e-68 1.7458091037133012e-06 2.1540599319525376e-68 1.8757065000001403e-09 1.7068993973304843e-62 1.8559592279877469e-65 1.6681070097870008e-34 9.589165579191818e-35 56
1.6772698019286838e-73 1.6026892580005756e-73 5.135482336994852e-43 5.449537894077527e-68 2.1084586049698146e-23 5.018762237422824e-53 6.477455766965182e-70 1.487237419868639e-70 2.4406046656467774e-46 1.8817915529222756e-69 9.02617074307474e-30 1.0525523318741512e-68 1.7458091037133012e-06 2.1540599319525376e-68 7.54609778698165e-32 1.7068993973304843e-62 1.8559592279877469e-65 1.6681070097870008e-34 9.589165579191818e-35 55
1.5166388194718836e-09 1.6026892580005756e-73 5.135482336994852e-43 5.449537894077527e-68 4.5686329732734735e-60 5.018762237422824e-53 6.477455766965182e-70 1.487237419868639e-70 2.4406046656467774e-46 1.8817915529222756e-69 4.638347511225263e-50 1.0525523318741512e-68 3.245449479417543e-73 2.1540599319525376e-68 7.54609778698165e-32 1.7068993973304843e-62 1.8559592279877469e-65 1.8429585268563562e-47 56
1.6772698019286838e-73 1.6026892580005756e-73 1.239470889407523e-37 5.449537894077527e-68 4.5686329732734735e-60 2.5837436583059797e-30 6.477455766965182e-70 1.487237419868639e-70 2.874247365965214e-30 1.8817915529222756e-69 9.02617074307474e-30 4.653813681374066e-11 1.7458091037133012e-06 0.0048062553993245905 0.0013336979360149626 4.000342757040969e-07 3.265765220823756e-10 2.9327841400948236e-08 9.589165579191818e-35 55
1.6772698019286838e-73 1.6026892580005756e-73 5.135482336994852e-43 5.449537894077527e-68 4.5686329732734735e-60 2.5837436583059797e-30 2.592932424498819e-13 1.487237419868639e-70 2.4406046656467774e-46 1.8817915529222756e-69 9.02617074307474e-30 4.653813681374066e-11 1.7458091037133012e-06 0.0048062553993245905 1.6379387662257296e-05 1.8559592279877469e-65 1.6681070097870008e-34 9.589165579191818e-35 55
0.00029128820601967214 1.6026892580005756e-73 1.239470889407523e-37 5.449537894077527e-68 4.5686329732734735e-60 2.5837436583059797e-30 6.477455766965182e-70 1.487237419868639e-70 2.4406046656467774e-46 1.8817915529222756e-69 9.02617074307474e-30 4.653813681374066e-11 3.245449479417543e-73 0.0048062553993245905 7.54609778698165e-32 1.7068993973304843e-62 1.8559592279877469e-65 2.9327841400948236e-08 9.589165579191818e-35 55
0.1 1.6026892580005756e-73 5.135482336994852e-43 5.449537894077527e-68 4.5686329732734735e-60 5.018762237422824e-53 6.477455766965182e-70 1.487237419868639e-70 2.4406046656467774e-46 1.8817915529222756e-69 4.638347511225263e-50 1.0525523318741512e-68 3.245449479417543e-73 2.1540599319525376e-68 7.54609778698165e-32 1.7068993973304843e-62 1.8559592279877469e-65 1.8429585268563562e-47 56
1.5166388194718836e-09 1.6026892580005756e-73 1.239470889407523e-37 5.449537894077527e-68 4.5686329732734735e-60 2.5837436583059797e-30 6.477455766965182e-70 1.8817915529222756e-69 9.02617074307474e-30 1.0525523318741512e-68 3.245449479417543e-73 9.589165579191818e-35 55
1.5166388194718836e-09 1.6026892580005756e-73 5.135482336994852e-43 5.449537894077527e-68 4.5686329732734735e-60 5.018762237422824e-53 6.477455766965182e-70 1.487237419868639e-70 2.4406046656467774e-46 1.8817915529222756e-69 4.638347511225263e-50 1.0525523318741512e-68 3.245449479417543e-73 2.1540599319525376e-68 7.54609778698165e-32 1.7068993973304843e-62 1.8559592279877469e-65 1.8429585268563562e-47 56
1.6772698019286838e-73 1.6026892580005756e-73 5.135482336994852e-43 5.449537894077527e-68 2.1084586049698146e-23 5.018762237422824e-53 6.477455766965182e-70 1.487237419868639e-70 2.4406046656467774e-46 1.876266738801107e-10 4.638347511225263e-50 1.0525523318741512e-68 3.245449479417543e-73 2.1540599319525376e-68 7.54609778698165e-32 1.7068993973304843e-62 9.589165579191818e-35 56
1.6772698019286838e-73 1.6026892580005756e-73 5.135482336994852e-43 5.449537894077527e-68 2.1084586049698146e-23 5.018762237422824e-53 6.477455766965182e-70 0.0048062553993245905 7.54609778698165e-32 1.7068993973304843e-62 1.8559592279877469e-65 1.8429585268563562e-47 56
0.00029128820601967214 1.6026892580005756e-73 1.239470889407523e-37 5.449537894077527e-68 4.5686329732734735e-60 2.5837436583059797e-30 6.477455766965182e-70 1.487237419868639e-70 2.4406046656467774e-46 1.8817915529222756e-69 9.02617074307474e-30 4.653813681374066e-11 3.245449479417543e-73 0.0048062553993245905 7.54609778698165e-32 1.7068993973304843e-62 1.8559592279877469e-65 2.9327841400948236e-08 9.589165579191818e-35 55
1.6772698019286838e-73 1.6026892580005756e-73 1.239470889407523e-37 5.449537894077527e-68 2.1084586049698146e-23 5.018762237422824e-53 6.477455766965182e-70 1.487237419868639e-70 2.874247365965214e-30 1.8817915529222756e-69 9.02617074307474e-30 1.0525523318741512e-68 3.245449479417543e-73 2.1540599319525376e-68 7.54609778698165e-32 1.7068993973304843e-62 1.8559592279877469e-65 1.8429585268563562e-47 56
1.6772698019286838e-73 1.6026892580005756e-73 5.135482336994852e-43 5.449537894077527e-68 4.5686329732734735e-60 2.5837436583059797e-30 2.592932424498819e-13 1.487237419868639e-70 2.4406046656467774e-46 1.876266738801107e-10 4.638347511225263e-50 1.0525523318741512e-68 3.245449479417543e-73 2.1540599319525376e-68 9.470971569904717e-17 0.000558768175293002 1.8559592279877469e-65 1.6681070097870008e-34 1.8429585268563562e-47 56
0.00029128820601967214 1.6026892580005756e-73 1.239470889407523e-37 5.449537894077527e-68 4.5686329732734735e-60 2.5837436583059797e-30 6.477455766965182e-70 1.487237419868639e-70 2.4406046656467774e-46 1.8817915529222756e-69 9.02617074307474e-30 4.653813681374066e-11 3.245449479417543e-73 0.0048062553993245905 7.54609778698165e-32 1.7068993973304843e-62 1.8559592279877469e-65 2.9327841400948236e-08 9.589165579191818e-35 55
1.6772698019286838e-73 1.6026892580005756e-73 5.135482336994852e-43 5.449537894077527e-68 2.1084586049698146e-23 5.018762237422824e-53 6.477455766965182e-70 1.487237419868639e-70 2.4406046656467774e-46 1.8817915529222756e-69 4.638347511225263e-50 1.0525523318741512e-68 3.245449479417543e-73 2.1540599319525376e-68 1.8757065000001403e-09 1.7068993973304843e-62 1.8559592279877469e-65 1.6681070097870008e-34 9.589165579191818e-35 56
1.6772698019286838e-73 1.61817957395732e-10 1.239470889407523e-37 5.449537894077527e-68 4.5686329732734735e-60 5.018762237422824e-53 6.477455766965182e-70 1.487237419868639e-70 2.4406046656467774e-46 1.876266738801107e-10 9.02617074307474e-30 1.0525523318741512e-68 1.7458091037133012e-06 2.1540599319525376e-68 7.54609778698165e-32 1.7068993973304843e-62 1.8559592279877469e-65 1.6681070097870008e-34 9.589165579191818e-35 56
1.6772698019286838e-73 1.6026892580005756e-73 5.135482336994852e-43 5.449537894077527e-68 2.1084586049698146e-23 5.018762237422824e-53 6.477455766965182e-70 1.487237419868639e-70 2.4406046656467774e-46 1.8817915529222756e-69 4.638347511225263e-50 1.0525523318741512e-68 3.245449479417543e-73 2.1540599319525376e-68 7.54609778698165e-32 1.7068993973304843e-62 1.8559592279877469e-65 1.8429585268563562e-47 56
0.00029128820601967214 1.6026892580005756e-73 1.239470889407523e-37 5.449537894077527e-68 4.5686329732734735e-60 2.5837436583059797e-30 6.477455766965182e-70 1.487237419868639e-70 2.4406046656467774e-46 1.8817915529222756e-69 9.02617074307474e-30 4.653813681374066e-11 3.245449479417543e-73 0.0048062553993245905 7.54609778698165e-32 1.7068993973304843e-62 1.8559592279877469e-65 2.9327841400948236e-08 9.589165579191818e-35 55
1.6772698019286838e-73 1.6026892580005756e-73 1.239470889407523e-37 1.2464066539815e-15 2.1084586049698146e-23 5.018762237422824e-53 6.477455766965182e-70 2.682623759200366e-09 2.874247365965214e-30 1.8817915529222756e-69 4.638347511225263e-50 1.0525523318741512e-68 3.245449479417543e-73 2.1540599319525376e-68 1.8757065000001403e-09 9.130792738672973e-06 1.8559592279877469e-65 1.6681070097870008e-34 9.589165579191818e-35 56
1.6772698019286838e-73 1.6026892580005756e-73 5.135482336994852e-43 5.449537894077527e-68 2.1084586049698146e-23 5.018762237422824e-53 6.477455766965182e-70 1.487237419868639e-70 2.4406046656467774e-46 1.8817915529222756e-69 4.638347511225263e-50 1.0525523318741512e-68 3.245449479417543e-73 2.1540599319525376e-68 7.54609778698165e-32 1.7068993973304843e-62 1.8559592279877469e-65 0.96 9.589165579191818e-35 56
1.6772698019286838e-73 1.6026892580005756e-73 5.135482336994852e-43 1.2464066539815e-15 2.1084586049698146e-23 5.018762237422824e-53 6.477455766965182e-70 1.487237419868639e-70 2.4406046656467774e-46 1.8817915529222756e-69 4.638347511225263e-50 1.0525523318741512e-68 3.245449479417543e-73 2.1540599319525376e-68 7.54609778698165e-32 1.7068993973304843e-62 1.8559592279877469e-65 1.6681070097870008e-34 1.8429585268563562e-47 56
1.6772698019286838e-73 1.6026892580005756e-73 5.135482336994852e-43 5.449537894077527e-68 2.1084586049698146e-23 5.018762237422824e-53 6.477455766965182e-70 1.487237419868639e-70 2.4406046656467774e-46 1.8817915529222756e-69 4.638347511225263e-50 1.0525523318741512e-68 3.245449479417543e-73 2.1540599319525376e-68 7.54609778698165e-32 1.7068993973304843e-62 1.8559592279877469e-65 0.96 9.589165579191818e-35 56
1.5166388194718836e-09 1.6026892580005756e-73 1.239470889407523e-37 5.449537894077527e-68 4.5686329732734735e-60 5.018762237422824e-53 6.477455766965182e-70 2.682623759200366e-09 2.874247365965214e-30 1.8817915529222756e-69 4.638347511225263e-50 1.0525523318741512e-68 3.245449479417543e-73 2.1540599319525376e-68 7.54609778698165e-32 1.7068993973304843e-62 1.8559592279877469e-65 1.6681070097870008e-34 1.8429585268563562e-47 56
1.6772698019286838e-73 1.6026892580005756e-73 1.239470889407523e-37 5.449537894077527e-68 4.5686329732734735e-60 2.5837436583059797e-30 6.477455766965182e-70 2.682623759200366e-09 2.874247365965214e-30 1.8817915529222756e-69 9.02617074307474e-30 1.0525523318741512e-68 3.245449479417543e-73 0.02511029902680854 7.54609778698165e-32 1.7068993973304843e-62 1.8559592279877469e-65 9.589165579191818e-35 56
1.5166388194718836e-09 1.6026892580005756e-73 1.239470889407523e-37 5.449537894077527e-68 4.5686329732734735e-60 2.5837436583059797e-30 6.477455766965182e-70 1.487237419868639e-70 2.874247365965214e-30 1.876266738801107e-10 9.02617074307474e-30 1.0525523318741512e-68 3.245449479417543e-73 2.1540599319525376e-68 7.54609778698165e-32 4.000342757040969e-07 1.8559592279877469e-65 1.6681070097870008e-34 9.589165579191818e-35 55
1.6772698019286838e-73 1.6026892580005756e-73 5.135482336994852e-43 5.449537894077527e-68 2.1084586049698146e-23 5.018762237422824e-53 6.477455766965182e-70 1.487237419868639e-70 2.4406046656467774e-46 1.8817915529222756e-69 4.638347511225263e-50 1.0525523318741512e-68 3.245449479417543e-73 2.1540599319525376e-68 7.54609778698165e-32 1.7068993973304843e-62 1.8559592279877469e-65 1.8429585268563562e-47 56
1.6772698019286838e-73 1.6026892580005756e-73 5.135482336994852e-43 1.2464066539815e-15 2.1084586049698146e-23 5.018762237422824e-53 6.477455766965182e-70 1.487237419868639e-70 2.4406046656467774e-46 1.8817915529222756e-69 4.638347511225263e-50 1.0525523318741512e-68 3.245449479417543e-73 2.1540599319525376e-68 7.54609778698165e-32 1.7068993973304843e-62 1.8559592279877469e-65 1.6681070097870008e-34 1.8429585268563562e-47 56
1.6772698019286838e-73 1.61817957395732e-10 1.239470889407523e-37 5.449537894077527e-68 2.1084586049698146e-23 5.018762237422824e-53 6.477455766965182e-70 1.487237419868639e-70 2.874247365965214e-30 1.8817915529222756e-69 4.638347511225263e-50 1.0525523318741512e-68 3.245449479417543e-73 2.1540599319525376e-68 1.8757065000001403e-09 1.7068993973304843e-62 1.8559592279877469e-65 1.6681070097870008e-34 1.8429585268563562e-47 56
1.5166388194718836e-09 1.6026892580005756e-73 1.239470889407523e-37 5.449537894077527e-68 4.5686329732734735e-60 2.5837436583059797e-30 6.477455766965182e-70 1.8817915529222756e-69 4.638347511225263e-50 1.0525523318741512e-68 3.245449479417543e-73 2.1540599319525376e-68 1.7068993973304843e-62 1.8429585268563562e-47 55
1.6772698019286838e-73 1.6026892580005756e-73 1.239470889407523e-37 5.449537894077527e-68 4.5686329732734735e-60 2.5837436583059797e-30 6.477455766965182e-70 2.682623759200366e-09 2.874247365965214e-30 1.8817915529222756e-69 9.02617074307474e-30 1.0525523318741512e-68 3.245449479417543e-73 8.745839569654467e-06 1.8757065000001403e-09 4.000342757040969e-07 1.8429585268563562e-47 55
1.6772698019286838e-73 1.6026892580005756e-73 5.135482336994852e-43 5.449537894077527e-68 4.5686329732734735e-60 2.5837436583059797e-30 2.592932424498819e-13 1.487237419868639e-70 2.4406046656467774e-46 1.876266738801107e-10 4.638347511225263e-50 1.0525523318741512e-68 3.245449479417543e-73 2.1540599319525376e-68 9.470971569904717e-17 0.000558768175293002 1.8559592279877469e-65 1.6681070097870008e-34 1.8429585268563562e-47 56
1.6772698019286838e-73 1.6026892580005756e-73 5.135482336994852e-43 5.449537894077527e-68 4.5686329732734735e-60 5.018762237422824e-53 6.477455766965182e-70 1.487237419868639e-70 2.4406046656467774e-46 1.8817915529222756e-69 4.638347511225263e-50 1.0525523318741512e-68 3.245449479417543e-73 2.1540599319525376e-68 7.54609778698165e-32 1.7068993973304843e-62 1.8559592279877469e-65 1.6681070097870008e-34 1.8429585268563562e-47 56
1.6772698019286838e-73 1.6026892580005756e-73 1.239470889407523e-37 5.449537894077527e-68 2.1084586049698146e-23 5.018762237422824e-53 6.477455766965182e-70 1.487237419868639e-70 2.4406046656467774e-46 1.8817915529222756e-69 4.638347511225263e-50 1.0525523318741512e-68 3.245449479417543e-73 2.1540599319525376e-68 1.7068993973304843e-62 1.8559592279877469e-65 9.589165579191818e-35 56
1.6772698019286838e-73 1.6026892580005756e-73 5.135482336994852e-43 5.449537894077527e-68 4.5686329732734735e-60 5.018762237422824e-53 6.477455766965182e-70 2.682623759200366e-09 2.874247365965214e-30 1.8817915529222756e-69 4.638347511225263e-50 1.0525523318741512e-68 3.245449479417543e-73 0.02511029902680854 7.54609778698165e-32 1.7068993973304843e-62 1.8559592279877469e-65 9.589165579191818e-35 56
1.6772698019286838e-73 1.6026892580005756e-73 5.135482336994852e-43 1.2464066539815e-15 2.1084586049698146e-23 5.018762237422824e-53 6.477455766965182e-70 1.487237419868639e-70 2.4406046656467774e-46 1.8817915529222756e-69 4.638347511225263e-50 1.0525523318741512e-68 3.245449479417543e-73 2.1540599319525376e-68 7.54609778698165e-32 1.7068993973304843e-62 1.8559592279877469e-65 1.6681070097870008e-34 1.8429585268563562e-47 56
1.6772698019286838e-73 1.6026892580005756e-73 5.135482336994852e-43 5.449537894077527e-68 4.5686329732734735e-60 5.018762237422824e-53 6.477455766965182e-70 1.487237419868639e-70 2.874247365965214e-30 1.8817915529222756e-69 4.638347511225263e-50 1.0525523318741512e-68 3.245449479417543e-73 2.1540599319525376e-68 7.54609778698165e-32 1.7068993973304843e-62 1.8559592279877469e-65 1.6681070097870008e-34 1.8429585268563562e-47 56
1.6772698019286838e-73 1.6026892580005756e-73 1.239470889407523e-37 5.449537894077527e-68 2.1084586049698146e-23 5.018762237422824e-53 6.477455766965182e-70 1.487237419868639e-70 2.4406046656467774e-46 1.876266738801107e-10 4.638347511225263e-50 1.0525523318741512e-68 3.245449479417543e-73 2.1540599319525376e-68 7.54609778698165e-32 1.7068993973304843e-62 1.8559592279877469e-65 1.6681070097870008e-34 1.8429585268563562e-47 56
1.6772698019286838e-73 1.6026892580005756e-73 1.239470889407523e-37 5.449537894077527e-68 4.5686329732734735e-60 2.5837436583059797e-30 6.477455766965182e-70 1.487237419868639e-70 2.874247365965214e-30 1.8817915529222756e-69 9.02617074307474e-30 4.653813681374066e-11 1.7458091037133012e-06 0.0048062553993245905 0.0013336979360149626 4.000342757040969e-07 3.265765220823756e-10 2.9327841400948236e-08 9.589165579191818e-35 55
1.5166388194718836e-09 1.6026892580005756e-73 1.239470889407523e-37 5.449537894077527e-68 4.5686329732734735e-60 2.5837436583059797e-30 6.477455766965182e-70 1.8817915529222756e-69 4.638347511225263e-50 1.0525523318741512e-68 3.245449479417543e-73 2.1540599319525376e-68 1.7068993973304843e-62 1.8429585268563562e-47 55
1.6772698019286838e-73 1.6026892580005756e-73 1.239470889407523e-37 5.449537894077527e-68 4.5686329732734735e-60 2.5837436583059797e-30 6.477455766965182e-70 1.487237419868639e-70 2.4406046656467774e-46 1.876266738801107e-10 9.02617074307474e-30 1.0525523318741512e-68 3.245449479417543e-73 2.1540599319525376e-68 7.54609778698165e-32 1.7068993973304843e-62 1.8559592279877469e-65 0.00190741855111493 9.589165579191818e-35 55
1.6772698019286838e-73 1.6026892580005756e-73 5.135482336994852e-43 5.449537894077527e-68 4.5686329732734735e-60 5.018762237422824e-53 6.477455766965182e-70 2.682623759200366e-09 2.874247365965214e-30 1.876266738801107e-10 9.02617074307474e-30 4.653813681374066e-11 1.7458091037133012e-06 2.1540599319525376e-68 9.470971569904717e-17 4.000342757040969e-07 1.8559592279877469e-65 1.6681070097870008e-34 9.589165579191818e-35 56
1.6772698019286838e-73 1.6026892580005756e-73 1.239470889407523e-37 5.449537894077527e-68 4.5686329732734735e-60 2.5837436583059797e-30 6.477455766965182e-70 1.487237419868639e-70 2.874247365965214e-30 1.8817915529222756e-69 9.02617074307474e-30 4.653813681374066e-11 1.7458091037133012e-06 0.0048062553993245905 0.0013336979360149626 4.000342757040969e-07 3.265765220823756e-10 2.9327841400948236e-08 9.589165579191818e-35 55
1.6772698019286838e-73 1.6026892580005756e-73 1.239470889407523e-37 5.449537894077527e-68 4.5686329732734735e-60 2.5837436583059797e-30 6.477455766965182e-70 1.487237419868639e-70 2.4406046656467774e-46 1.8817915529222756e-69 4.638347511225263e-50 4.653813681374066e-11 3.245449479417543e-73 2.1540599319525376e-68 7.54609778698165e-32 1.7068993973304843e-62 1.8559592279877469e-65 1.6681070097870008e-34 9.589165579191818e-35 56
1.6772698019286838e-73 1.6026892580005756e-73 5.135482336994852e-43 5.449537894077527e-68 4.5686329732734735e-60 2.5837436583059797e-30 2.592932424498819e-13 1.487237419868639e-70 2.4406046656467774e-46 1.876266738801107e-10 4.638347511225263e-50 1.0525523318741512e-68 3.245449479417543e-73 2.1540599319525376e-68 9.470971569904717e-17 0.000558768175293002 1.8559592279877469e-65 1.6681070097870008e-34 1.8429585268563562e-47 56
1.6772698019286838e-73 1.6026892580005756e-73 5.135482336994852e-43 1.2464066539815e-15 4.5686329732734735e-60 5.018762237422824e-53 6.477455766965182e-70 1.487237419868639e-70 2.874247365965214e-30 1.8817915529222756e-69 4.638347511225263e-50 1.0525523318741512e-68 3.245449479417543e-73 2.1540599319525376e-68 7.54609778698165e-32 1.7068993973304843e-62 1.8559592279877469e-65 1.6681070097870008e-34 1.8429585268563562e-47 56
1.5166388194718836e-09 1.6026892580005756e-73 5.135482336994852e-43 1.2464066539815e-15 4.5686329732734735e-60 2.5837436583059797e-30 6.477455766965182e-70 2.682623759200366e-09 2.874247365965214e-30 1.8817915529222756e-69 4.638347511225263e-50 1.0525523318741512e-68 3.245449479417543e-73 2.1540599319525376e-68 7.54609778698165e-32 1.7068993973304843e-62 1.8559592279877469e-65 1.6681070097870008e-34 1.8429585268563562e-47 56
1.6772698019286838e-73 1.6026892580005756e-73 5.135482336994852e-43 5.449537894077527e-68 2.1084586049698146e-23 5.018762237422824e-53 6.477455766965182e-70 1.487237419868639e-70 2.4406046656467774e-46 1.8817915529222756e-69 4.638347511225263e-50 1.0525523318741512e-68 3.245449479417543e-73 2.1540599319525376e-68 7.54609778698165e-32 1.7068993973304843e-62 1.8559592279877469e-65 0.96 9.589165579191818e-35 56
1.6772698019286838e-73 1.6026892580005756e-73 5.135482336994852e-43 5.449537894077527e-68 4.5686329732734735e-60 5.018762237422824e-53 6.477455766965182e-70 1.487237419868639e-70 2.4406046656467774e-46 1.8817915529222756e-69 4.638347511225263e-50 1.0525523318741512e-68 3.245449479417543e-73 2.1540599319525376e-68 7.54609778698165e-32 1.7068993973304843e-62 1.8559592279877469e-65 1.6681070097870008e-34 1.8429585268563562e-47 56
1.6772698019286838e-73 1.6026892580005756e-73 5.135482336994852e-43 5.449537894077527e-68 2.1084586049698146e-23 5.018762237422824e-53 6.477455766965182e-70 1.487237419868639e-70 2.4406046656467774e-46 1.8817915529222756e-69 4.638347511225263e-50 1.0525523318741512e-68 3.245449479417543e-73 2.1540599319525376e-68 7.54609778698165e-32 1.7068993973304843e-62 1.8559592279877469e-65 0.96 9.589165579191818e-35 56
1.6772698019286838e-73 1.6026892580005756e-73 5.135482336994852e-43 5.449537894077527e-68 4.5686329732734735e-60 2.5837436583059797e-30 6.477455766965182e-70 1.487237419868639e-70 2.874247365965214e-30 1.8817915529222756e-69 4.638347511225263e-50 4.653813681374066e-11 1.7458091037133012e-06 2.1540599319525376e-68 7.54609778698165e-32 1.7068993973304843e-62 0.017772593731213673 1.6681070097870008e-34 9.589165579191818e-35 55
1.6772698019286838e-73 1.6026892580005756e-73 1.239470889407523e-37 5.449537894077527e-68 4.5686329732734735e-60 2.5837436583059797e-30 6.477455766965182e-70 2.682623759200366e-09 2.874247365965214e-30 1.8817915529222756e-69 9.02617074307474e-30 1.0525523318741512e-68 3.245449479417543e-73 0.02511029902680854 7.54609778698165e-32 1.7068993973304843e-62 1.8559592279877469e-65 9.589165579191818e-35 56
1.5166388194718836e-09 1.6026892580005756e-73 1.239470889407523e-37 5.449537894077527e-68 4.5686329732734735e-60 2.5837436583059797e-30 6.477455766965182e-70 1.8817915529222756e-69 4.638347511225263e-50 1.0525523318741512e-68 3.245449479417543e-73 2.1540599319525376e-68 1.7068993973304843e-62 1.8429585268563562e-47 55
1.6772698019286838e-73 1.6026892580005756e-73 1.239470889407523e-37 5.449537894077527e-68 4.5686329732734735e-60 5.018762237422824e-53 6.477455766965182e-70 2.682623759200366e-09 2.4406046656467774e-46 1.8817915529222756e-69 4.638347511225263e-50 1.0525523318741512e-68 3.245449479417543e-73 2.1540599319525376e-68 1.8757065000001403e-09 1.7068993973304843e-62 1.8559592279877469e-65 1.8429585268563562e-47 56
1.5166388194718836e-09 1.6026892580005756e-73 1.239470889407523e-37 5.449537894077527e-68 4.5686329732734735e-60 2.5837436583059797e-30 6.477455766965182e-70 2.682623759200366e-09 2.874247365965214e-30 1.8817915529222756e-69 9.02617074307474e-30 1.0525523318741512e-68 3.245449479417543e-73 2.1540599319525376e-68 7.54609778698165e-32 1.7068993973304843e-62 1.8559592279877469e-65 9.589165579191818e-35 56
1.6772698019286838e-73 1.6026892580005756e-73 5.135482336994852e-43 1.2464066539815e-15 2.1084586049698146e-23 5.018762237422824e-53 6.477455766965182e-70 1.487237419868639e-70 2.4406046656467774e-46 1.8817915529222756e-69 4.638347511225263e-50 1.0525523318741512e-68 3.245449479417543e-73 2.1540599319525376e-68 7.54609778698165e-32 1.7068993973304843e-62 1.8559592279877469e-65 1.6681070097870008e-34 9.589165579191818e-35 56
1.6772698019286838e-73 1.6026892580005756e-73 1.239470889407523e-37 5.449537894077527e-68 2.1084586049698146e-23 5.018762237422824e-53 6.477455766965182e-70 1.487237419868639e-70 2.4406046656467774e-46 1.8817915529222756e-69 4.638347511225263e-50 1.0525523318741512e-68 3.245449479417543e-73 2.1540599319525376e-68 7.54609778698165e-32 1.7068993973304843e-62 1.8559592279877469e-65 1.8429585268563562e-47 56
1.6772698019286838e-73 1.6026892580005756e-73 1.239470889407523e-37 5.449537894077527e-68 2.1084586049698146e-23 5.018762237422824e-53 6.477455766965182e-70 1.487237419868639e-70 2.4406046656467774e-46 1.8817915529222756e-69 4.638347511225263e-50 1.0525523318741512e-68 3.245449479417543e-73 2.1540599319525376e-68 7.54609778698165e-32 1.7068993973304843e-62 1.8559592279877469e-65 1.6681070097870008e-34 1.8429585268563562e-47 56
1.6772698019286838e-73 1.6026892580005756e-73 1.239470889407523e-37 5.449537894077527e-68 4.5686329732734735e-60 2.5837436583059797e-30 2.592932424498819e-13 1.487237419868639e-70 2.874247365965214e-30 1.8817915529222756e-69 4.638347511225263e-50 1.0525523318741512e-68 3.245449479417543e-73 2.1540599319525376e-68 1.7068993973304843e-62 1.8559592279877469e-65 1.6681070097870008e-34 1.8429585268563562e-47 56
1.6772698019286838e-73 1.6026892580005756e-73 5.135482336994852e-43 5.449537894077527e-68 2.1084586049698146e-23 5.018762237422824e-53 6.477455766965182e-70 1.487237419868639e-70 2.4406046656467774e-46 1.8817915529222756e-69 4.638347511225263e-50 1.0525523318741512e-68 3.245449479417543e-73 2.1540599319525376e-68 7.54609778698165e-32 1.7068993973304843e-62 1.8559592279877469e-65 9.589165579191818e-35 56
0.1 1.6026892580005756e-73 5.135482336994852e-43 1.2464066539815e-15 4.5686329732734735e-60 5.018762237422824e-53 6.477455766965182e-70 1.487237419868639e-70 2.874247365965214e-30 1.8817915529222756e-69 4.638347511225263e-50 1.0525523318741512e-68 3.245449479417543e-73 2.1540599319525376e-68 7.54609778698165e-32 1.7068993973304843e-62 1.8559592279877469e-65 1.6681070097870008e-34 9.589165579191818e-35 56
1.6772698019286838e-73 1.6026892580005756e-73 1.239470889407523e-37 5.449537894077527e-68 2.1084586049698146e-23 5.018762237422824e-53 6.477455766965182e-70 1.487237419868639e-70 2.4406046656467774e-46 1.8817915529222756e-69 4.638347511225263e-50 1.0525523318741512e-68 3.245449479417543e-73 2.1540599319525376e-68 7.54609778698165e-32 1.7068993973304843e-62 1.8559592279877469e-65 1.6681070097870008e-34 1.8429585268563562e-47 56
1.6772698019286838e-73 1.61817957395732e-10 5.135482336994852e-43 5.449537894077527e-68 4.5686329732734735e-60 2.5837436583059797e-30 2.592932424498819e-13 2.682623759200366e-09 2.874247365965214e-30 1.8817915529222756e-69 9.02617074307474e-30 1.0525523318741512e-68 3.245449479417543e-73 2.1540599319525376e-68 7.54609778698165e-32 1.7068993973304843e-62 1.8559592279877469e-65 1.6681070097870008e-34 9.589165579191818e-35 56
1.6772698019286838e-73 1.6026892580005756e-73 5.135482336994852e-43 5.449537894077527e-68 4.5686329732734735e-60 5.018762237422824e-53 6.477455766965182e-70 2.682623759200366e-09 2.874247365965214e-30 1.876266738801107e-10 9.02617074307474e-30 4.653813681374066e-11 1.7458091037133012e-06 2.1540599319525376e-68 9.470971569904717e-17 4.000342757040969e-07 1.8559592279877469e-65 1.6681070097870008e-34 9.589165579191818e-35 56
1.6772698019286838e-73 1.6026892580005756e-73 5.135482336994852e-43 5.449537894077527e-68 2.1084586049698146e-23 5.018762237422824e-53 6.477455766965182e-70 1.487237419868639e-70 2.4406046656467774e-46 1.8817915529222756e-69 4.638347511225263e-50 1.0525523318741512e-68 3.245449479417543e-73 2.1540599319525376e-68 1.8429585268563562e-47 56
1.6772698019286838e-73 1.6026892580005756e-73 1.239470889407523e-37 1.2464066539815e-15 4.5686329732734735e-60 2.5837436583059797e-30 2.592932424498819e-13 2.682623759200366e-09 2.874247365965214e-30 1.8817915529222756e-69 4.638347511225263e-50 1.0525523318741512e-68 3.245449479417543e-73 2.1540599319525376e-68 7.54609778698165e-32 1.7068993973304843e-62 1.8559592279877469e-65 1.6681070097870008e-34 9.589165579191818e-35 56
1.5166388194718836e-09 1.61817957395732e-10 5.135482336994852e-43 5.449537894077527e-68 4.5686329732734735e-60 2.5837436583059797e-30 6.477455766965182e-70 1.487237419868639e-70 2.874247365965214e-30 1.8817915529222756e-69 9.02617074307474e-30 1.0525523318741512e-68 3.245449479417543e-73 2.1540599319525376e-68 1.8757065000001403e-09 4.000342757040969e-07 1.8559592279877469e-65 1.6681070097870008e-34 1.8429585268563562e-47 56
1.6772698019286838e-73 1.6026892580005756e-73 5.135482336994852e-43 5.449537894077527e-68 4.5686329732734735e-60 2.5837436583059797e-30 2.592932424498819e-13 2.1540599319525376e-68 7.54609778698165e-32 1.6379387662257296e-05 1.8559592279877469e-65 1.8429585268563562e-47 56
1.5166388194718836e-09 1.6026892580005756e-73 5.135482336994852e-43 5.449537894077527e-68 4.5686329732734735e-60 5.018762237422824e-53 6.477455766965182e-70 1.487237419868639e-70 2.4406046656467774e-46 1.8817915529222756e-69 4.638347511225263e-50 1.0525523318741512e-68 3.245449479417543e-73 2.1540599319525376e-68 7.54609778698165e-32 1.7068993973304843e-62 1.8559592279877469e-65 1.8429585268563562e-47 56
1.6772698019286838e-73 1.6026892580005756e-73 5.135482336994852e-43 5.449537894077527e-68 4.5686329732734735e-60 5.018762237422824e-53 6.477455766965182e-70 1.487237419868639e-70 2.4406046656467774e-46 1.8817915529222756e-69 4.638347511225263e-50 1.0525523318741512e-68 3.245449479417543e-73 2.1540599319525376e-68 7.54609778698165e-32 1.7068993973304843e-62 1.8559592279877469e-65 1.6681070097870008e-34 1.8429585268563562e-47 56
1.6772698019286838e-73 1.6026892580005756e-73 5.135482336994852e-43 5.449537894077527e-68 2.1084586049698146e-23 5.018762237422824e-53 6.477455766965182e-70 1.487237419868639e-70 2.4406046656467774e-46 1.8817915529222756e-69 4.638347511225263e-50 1.0525523318741512e-68 3.245449479417543e-73 2.1540599319525376e-68 7.54609778698165e-32 1.7068993973304843e-62 1.8559592279877469e-65 1.6681070097870008e-34 1.8429585268563562e-47 56
1.6772698019286838e-73 1.6026892580005756e-73 1.239470889407523e-37 5.449537894077527e-68 4.5686329732734735e-60 2.5837436583059797e-30 2.592932424498819e-13 1.487237419868639e-70 2.874247365965214e-30 1.8817915529222756e-69 4.638347511225263e-50 1.0525523318741512e-68 3.245449479417543e-73 2.1540599319525376e-68 7.54609778698165e-32 1.7068993973304843e-62 1.8559592279877469e-65 1.6681070097870008e-34 1.8429585268563562e-47 56
1.6772698019286838e-73 1.6026892580005756e-73 1.239470889407523e-37 1.2464066539815e-15 4.5686329732734735e-60 2.5837436583059797e-30 6.477455766965182e-70 1.487237419868639e-70 2.4406046656467774e-46 1.8817915529222756e-69 4.638347511225263e-50 1.0525523318741512e-68 3.245449479417543e-73 2.1540599319525376e-68 7.54609778698165e-32 1.7068993973304843e-62 1.8559592279877469e-65 1.6681070097870008e-34 1.8429585268563562e-47 56
1.6772698019286838e-73 1.6026892580005756e-73 5.135482336994852e-43 5.449537894077527e-68 4.5686329732734735e-60 5.018762237422824e-53 6.477455766965182e-70 1.487237419868639e-70 2.4406046656467774e-46 1.8817915529222756e-69 4.638347511225263e-50 1.0525523318741512e-68 3.245449479417543e-73 2.1540599319525376e-68 7.54609778698165e-32 1.7068993973304843e-62 1.8559592279877469e-65 1.6681070097870008e-34 1.8429585268563562e-47 56
1.6772698019286838e-73 1.6026892580005756e-73 1.239470889407523e-37 5.449537894077527e-68 4.5686329732734735e-60 2.5837436583059797e-30 2.592932424498819e-13 1.487237419868639e-70 2.4406046656467774e-46 1.8817915529222756e-69 9.02617074307474e-30 4.653813681374066e-11 3.245449479417543e-73 2.1540599319525376e-68 1.8757065000001403e-09 1.7068993973304843e-62 1.8559592279877469e-65 0.96 9.589165579191818e-35 56
1.5166388194718836e-09 1.6026892580005756e-73 5.135482336994852e-43 5.449537894077527e-68 4.5686329732734735e-60 5.018762237422824e-53 6.477455766965182e-70 2.682623759200366e-09 2.874247365965214e-30 1.876266738801107e-10 9.02617074307474e-30 1.0525523318741512e-68 3.245449479417543e-73 2.1540599319525376e-68 9.470971569904717e-17 1.6379387662257296e-05 1.8559592279877469e-65 1.8429585268563562e-47 55
1.6772698019286838e-73 1.6026892580005756e-73 1.239470889407523e-37 5.449537894077527e-68 4.5686329732734735e-60 2.5837436583059797e-30 6.477455766965182e-70 1.487237419868639e-70 2.4406046656467774e-46 1.8817915529222756e-69 4.638347511225263e-50 4.653813681374066e-11 3.245449479417543e-73 2.1540599319525376e-68 7.54609778698165e-32 1.7068993973304843e-62 1.8559592279877469e-65 2.9327841400948236e-08 9.589165579191818e-35 55
1.6772698019286838e-73 1.6026892580005756e-73 5.135482336994852e-43 5.449537894077527e-68 2.1084586049698146e-23 5.018762237422824e-53 6.477455766965182e-70 1.487237419868639e-70 2.4406046656467774e-46 1.8817915529222756e-69 4.638347511225263e-50 1.0525523318741512e-68 3.245449479417543e-73 2.1540599319525376e-68 7.54609778698165e-32 1.7068993973304843e-62 1.8559592279877469e-65 1.6681070097870008e-34 1.8429585268563562e-47 56
