9.73638224753527e-53 2.383099086825235e-49 5.20375677536572e-25 1.2244294964398314e-48 2.365536935192339e-36 2.7845701057126944e-18 1.4560339064599295e-10 3.2679671005876876e-44 6.157773788117895e-33 1.2934084241943135e-43 1.6450695578187967e-37 2.177045534142644e-06 6.995783427841118e-43 9.141789029978025e-46 1.0605880342459463e-35 8.11643801247991e-46 1.7362305663000998e-44 2.652042445908489e-28 8.443970446021696e-31 56
0.0029470890215873295 2.383099086825235e-49 5.20375677536572e-25 1.2244294964398314e-48 2.365536935192339e-36 2.7845701057126944e-18 9.466210591017335e-46 1.2934084241943135e-43 1.6450695578187967e-37 6.586092752945824e-46 6.995783427841118e-43 9.141789029978025e-46 8.11643801247991e-46 8.443970446021696e-31 55
9.73638224753527e-53 2.383099086825235e-49 5.20375677536572e-25 1.2244294964398314e-48 2.365536935192339e-36 3.8215529782135566e-38 9.466210591017335e-46 3.2679671005876876e-44 6.157773788117895e-33 1.2934084241943135e-43 1.6450695578187967e-37 6.586092752945824e-46 6.995783427841118e-43 9.141789029978025e-46 8.11643801247991e-46 1.7362305663000998e-44 1.7175194782262534e-24 56
9.73638224753527e-53 2.383099086825235e-49 5.20375677536572e-25 1.2244294964398314e-48 3.341747340773289e-20 3.8215529782135566e-38 9.466210591017335e-46 3.2679671005876876e-44 6.157773788117895e-33 1.2934084241943135e-43 1.6450695578187967e-37 6.586092752945824e-46 6.995783427841118e-43 9.141789029978025e-46 1.0605880342459463e-35 8.11643801247991e-46 1.7362305663000998e-44 8.443970446021696e-31 56
0.0029470890215873295 2.383099086825235e-49 7.011230631952982e-32 1.2244294964398314e-48 2.365536935192339e-36 2.7845701057126944e-18 9.466210591017335e-46 3.2679671005876876e-44 2.8362323006952197e-18 7.990483789184825e-09 7.449467465701018e-15 2.177045534142644e-06 6.995783427841118e-43 9.141789029978025e-46 147.3041707599676 8.11643801247991e-46 1.7362305663000998e-44 2.652042445908489e-28 1.7175194782262534e-24 56
9.73638224753527e-53 2.383099086825235e-49 7.011230631952982e-32 4.552371001242771e-08 3.341747340773289e-20 3.8215529782135566e-38 9.466210591017335e-46 3.2679671005876876e-44 6.157773788117895e-33 1.2934084241943135e-43 1.6450695578187967e-37 6.586092752945824e-46 6.995783427841118e-43 9.141789029978025e-46 1.0605880342459463e-35 8.11643801247991e-46 1.7362305663000998e-44 2.652042445908489e-28 1.7175194782262534e-24 56
9.73638224753527e-53 2.383099086825235e-49 5.20375677536572e-25 4.552371001242771e-08 2.365536935192339e-36 2.7845701057126944e-18 1.4560339064599295e-10 4.351757327581115e-07 2.8362323006952197e-18 1.2934084241943135e-43 1.6450695578187967e-37 6.586092752945824e-46 6.995783427841118e-43 9.141789029978025e-46 1.0605880342459463e-35 8.11643801247991e-46 1.7362305663000998e-44 2.652042445908489e-28 1.7175194782262534e-24 56
9.73638224753527e-53 2.383099086825235e-49 5.20375677536572e-25 1.2244294964398314e-48 2.365536935192339e-36 2.7845701057126944e-18 9.466210591017335e-46 7.990483789184825e-09 1.6450695578187967e-37 2.177045534142644e-06 6.995783427841118e-43 0.015131781443244 1.0605880342459463e-35 8.11643801247991e-46 1.7362305663000998e-44 2.652042445908489e-28 1.7175194782262534e-24 55
9.73638224753527e-53 2.383099086825235e-49 7.011230631952982e-32 1.2244294964398314e-48 3.341747340773289e-20 3.8215529782135566e-38 9.466210591017335e-46 3.2679671005876876e-44 6.157773788117895e-33 1.2934084241943135e-43 1.6450695578187967e-37 6.586092752945824e-46 6.995783427841118e-43 9.141789029978025e-46 4.361505065265712e-05 1.7362305663000998e-44 8.443970446021696e-31 56
9.73638224753527e-53 2.383099086825235e-49 7.011230631952982e-32 1.2244294964398314e-48 3.341747340773289e-20 3.8215529782135566e-38 9.466210591017335e-46 3.2679671005876876e-44 6.157773788117895e-33 1.2934084241943135e-43 1.6450695578187967e-37 6.586092752945824e-46 6.995783427841118e-43 9.141789029978025e-46 1.0605880342459463e-35 8.11643801247991e-46 1.7362305663000998e-44 8.443970446021696e-31 56
9.73638224753527e-53 2.383099086825235e-49 7.011230631952982e-32 1.2244294964398314e-48 2.365536935192339e-36 2.7845701057126944e-18 9.466210591017335e-46 3.2679671005876876e-44 2.8362323006952197e-18 1.2934084241943135e-43 7.449467465701018e-15 2.177045534142644e-06 2.370707185803899e-09 9.141789029978025e-46 147.3041707599676 8.11643801247991e-46 0.9 0.025778550675538987 1.7175194782262534e-24 55
9.73638224753527e-53 2.383099086825235e-49 5.20375677536572e-25 1.2244294964398314e-48 2.365536935192339e-36 2.7845701057126944e-18 1.4560339064599295e-10 3.2679671005876876e-44 2.8362323006952197e-18 1.2934084241943135e-43 1.6450695578187967e-37 6.586092752945824e-46 6.995783427841118e-43 9.141789029978025e-46 8.11643801247991e-46 1.7362305663000998e-44 2.652042445908489e-28 8.443970446021696e-31 56
9.73638224753527e-53 2.383099086825235e-49 5.20375677536572e-25 1.2244294964398314e-48 2.365536935192339e-36 2.7845701057126944e-18 1.4560339064599295e-10 3.2679671005876876e-44 2.8362323006952197e-18 1.2934084241943135e-43 1.6450695578187967e-37 6.586092752945824e-46 6.995783427841118e-43 9.141789029978025e-46 8.11643801247991e-46 1.7362305663000998e-44 2.652042445908489e-28 8.443970446021696e-31 56
9.73638224753527e-53 2.383099086825235e-49 5.20375677536572e-25 1.2244294964398314e-48 2.365536935192339e-36 2.7845701057126944e-18 1.4560339064599295e-10 4.351757327581115e-07 2.8362323006952197e-18 1.2934084241943135e-43 7.449467465701018e-15 6.586092752945824e-46 2.370707185803899e-09 9.141789029978025e-46 147.3041707599676 8.11643801247991e-46 0.9 1.7175194782262534e-24 56
9.73638224753527e-53 2.383099086825235e-49 5.20375677536572e-25 1.2244294964398314e-48 2.365536935192339e-36 3.8215529782135566e-38 9.466210591017335e-46 7.990483789184825e-09 7.449467465701018e-15 2.177045534142644e-06 6.995783427841118e-43 9.141789029978025e-46 1.2869992835058796e-10 8.11643801247991e-46 0.9 1.7175194782262534e-24 55
9.73638224753527e-53 2.383099086825235e-49 7.011230631952982e-32 1.2244294964398314e-48 2.365536935192339e-36 3.8215529782135566e-38 9.466210591017335e-46 3.2679671005876876e-44 2.8362323006952197e-18 1.2934084241943135e-43 1.6450695578187967e-37 6.586092752945824e-46 6.995783427841118e-43 9.141789029978025e-46 8.11643801247991e-46 1.7362305663000998e-44 8.443970446021696e-31 56
9.73638224753527e-53 2.383099086825235e-49 5.20375677536572e-25 1.2244294964398314e-48 2.365536935192339e-36 3.8215529782135566e-38 9.466210591017335e-46 3.2679671005876876e-44 6.157773788117895e-33 1.2934084241943135e-43 1.6450695578187967e-37 6.586092752945824e-46 6.995783427841118e-43 9.141789029978025e-46 8.11643801247991e-46 1.7362305663000998e-44 1.7175194782262534e-24 56
9.73638224753527e-53 2.383099086825235e-49 5.20375677536572e-25 1.2244294964398314e-48 2.365536935192339e-36 2.7845701057126944e-18 9.466210591017335e-46 4.351757327581115e-07 2.8362323006952197e-18 1.2934084241943135e-43 7.449467465701018e-15 6.586092752945824e-46 6.995783427841118e-43 0.003390697956158804 1.0605880342459463e-35 8.11643801247991e-46 1.7362305663000998e-44 1.7175194782262534e-24 56
9.73638224753527e-53 2.383099086825235e-49 5.20375677536572e-25 1.2244294964398314e-48 3.341747340773289e-20 3.8215529782135566e-38 9.466210591017335e-46 3.2679671005876876e-44 6.157773788117895e-33 1.2934084241943135e-43 1.6450695578187967e-37 6.586092752945824e-46 6.995783427841118e-43 9.141789029978025e-46 1.0605880342459463e-35 8.11643801247991e-46 1.7362305663000998e-44 8.443970446021696e-31 56
9.73638224753527e-53 2.383099086825235e-49 5.20375677536572e-25 1.2244294964398314e-48 3.341747340773289e-20 3.8215529782135566e-38 9.466210591017335e-46 3.2679671005876876e-44 6.157773788117895e-33 7.990483789184825e-09 1.6450695578187967e-37 6.586092752945824e-46 6.995783427841118e-43 9.141789029978025e-46 1.0605880342459463e-35 8.11643801247991e-46 1.7362305663000998e-44 2.652042445908489e-28 8.443970446021696e-31 56
9.73638224753527e-53 2.383099086825235e-49 5.20375677536572e-25 4.552371001242771e-08 2.365536935192339e-36 2.7845701057126944e-18 9.466210591017335e-46 3.2679671005876876e-44 2.8362323006952197e-18 1.2934084241943135e-43 1.6450695578187967e-37 6.586092752945824e-46 6.995783427841118e-43 9.141789029978025e-46 147.3041707599676 8.11643801247991e-46 1.7362305663000998e-44 2.652042445908489e-28 8.443970446021696e-31 55
9.73638224753527e-53 2.383099086825235e-49 5.20375677536572e-25 1.2244294964398314e-48 3.341747340773289e-20 3.8215529782135566e-38 9.466210591017335e-46 3.2679671005876876e-44 1.2934084241943135e-43 1.6450695578187967e-37 6.586092752945824e-46 6.995783427841118e-43 9.141789029978025e-46 1.0605880342459463e-35 0.8 1.7362305663000998e-44 1.7175194782262534e-24 56
9.73638224753527e-53 2.383099086825235e-49 5.20375677536572e-25 4.552371001242771e-08 3.341747340773289e-20 3.8215529782135566e-38 9.466210591017335e-46 4.351757327581115e-07 2.8362323006952197e-18 1.2934084241943135e-43 1.6450695578187967e-37 6.586092752945824e-46 6.995783427841118e-43 9.141789029978025e-46 1.2869992835058796e-10 0.00445029106745843 1.7362305663000998e-44 2.652042445908489e-28 1.7175194782262534e-24 56
9.73638224753527e-53 2.383099086825235e-49 7.011230631952982e-32 1.2244294964398314e-48 3.341747340773289e-20 3.8215529782135566e-38 9.466210591017335e-46 3.2679671005876876e-44 6.157773788117895e-33 1.2934084241943135e-43 7.449467465701018e-15 6.586092752945824e-46 2.370707185803899e-09 9.141789029978025e-46 1.0605880342459463e-35 8.11643801247991e-46 1.7362305663000998e-44 2.652042445908489e-28 1.7175194782262534e-24 55
9.73638224753527e-53 2.383099086825235e-49 5.20375677536572e-25 1.2244294964398314e-48 2.365536935192339e-36 2.7845701057126944e-18 1.4560339064599295e-10 3.2679671005876876e-44 2.8362323006952197e-18 1.2934084241943135e-43 1.6450695578187967e-37 6.586092752945824e-46 6.995783427841118e-43 9.141789029978025e-46 8.11643801247991e-46 1.7362305663000998e-44 2.652042445908489e-28 8.443970446021696e-31 56
9.73638224753527e-53 2.383099086825235e-49 5.20375677536572e-25 1.2244294964398314e-48 2.365536935192339e-36 2.7845701057126944e-18 1.4560339064599295e-10 3.2679671005876876e-44 6.157773788117895e-33 1.2934084241943135e-43 1.6450695578187967e-37 2.177045534142644e-06 6.995783427841118e-43 9.141789029978025e-46 1.0605880342459463e-35 8.11643801247991e-46 1.7362305663000998e-44 2.652042445908489e-28 8.443970446021696e-31 56
9.73638224753527e-53 2.383099086825235e-49 7.011230631952982e-32 1.2244294964398314e-48 3.341747340773289e-20 3.8215529782135566e-38 9.466210591017335e-46 3.2679671005876876e-44 6.157773788117895e-33 1.2934084241943135e-43 1.6450695578187967e-37 6.586092752945824e-46 6.995783427841118e-43 9.141789029978025e-46 4.361505065265712e-05 1.7362305663000998e-44 8.443970446021696e-31 56
9.73638224753527e-53 2.383099086825235e-49 5.20375677536572e-25 1.2244294964398314e-48 2.365536935192339e-36 3.8215529782135566e-38 1.4560339064599295e-10 3.2679671005876876e-44 6.157773788117895e-33 7.990483789184825e-09 7.449467465701018e-15 6.586092752945824e-46 6.995783427841118e-43 8.443970446021696e-31 55
9.73638224753527e-53 8.930708957391462e-08 5.20375677536572e-25 1.2244294964398314e-48 2.365536935192339e-36 3.8215529782135566e-38 9.466210591017335e-46 3.2679671005876876e-44 6.157773788117895e-33 7.990483789184825e-09 7.449467465701018e-15 6.586092752945824e-46 2.370707185803899e-09 9.141789029978025e-46 1.0605880342459463e-35 8.11643801247991e-46 1.7362305663000998e-44 2.652042445908489e-28 1.7175194782262534e-24 56
9.73638224753527e-53 2.383099086825235e-49 5.20375677536572e-25 1.2244294964398314e-48 2.365536935192339e-36 3.8215529782135566e-38 1.4560339064599295e-10 3.2679671005876876e-44 6.157773788117895e-33 7.990483789184825e-09 7.449467465701018e-15 6.586092752945824e-46 6.995783427841118e-43 8.443970446021696e-31 55
9.73638224753527e-53 2.383099086825235e-49 7.011230631952982e-32 1.2244294964398314e-48 2.365536935192339e-36 2.7845701057126944e-18 9.466210591017335e-46 3.2679671005876876e-44 2.8362323006952197e-18 1.2934084241943135e-43 1.6450695578187967e-37 2.177045534142644e-06 2.370707185803899e-09 9.141789029978025e-46 1.0605880342459463e-35 8.11643801247991e-46 0.02314808632089215 2.652042445908489e-28 1.7175194782262534e-24 55
9.73638224753527e-53 2.383099086825235e-49 5.20375677536572e-25 4.552371001242771e-08 3.341747340773289e-20 3.8215529782135566e-38 9.466210591017335e-46 3.2679671005876876e-44 6.157773788117895e-33 1.2934084241943135e-43 1.6450695578187967e-37 6.586092752945824e-46 6.995783427841118e-43 9.141789029978025e-46 1.0605880342459463e-35 8.11643801247991e-46 1.7362305663000998e-44 0.96 8.443970446021696e-31 56
9.73638224753527e-53 2.383099086825235e-49 7.011230631952982e-32 1.2244294964398314e-48 2.365536935192339e-36 2.7845701057126944e-18 1.4560339064599295e-10 3.2679671005876876e-44 6.157773788117895e-33 1.2934084241943135e-43 7.449467465701018e-15 6.586092752945824e-46 2.370707185803899e-09 0.003390697956158804 147.3041707599676 8.11643801247991e-46 1.7362305663000998e-44 0.025778550675538987 8.443970446021696e-31 56
9.73638224753527e-53 2.383099086825235e-49 5.20375677536572e-25 1.2244294964398314e-48 2.365536935192339e-36 2.7845701057126944e-18 9.466210591017335e-46 3.2679671005876876e-44 6.157773788117895e-33 7.990483789184825e-09 1.6450695578187967e-37 6.586092752945824e-46 2.370707185803899e-09 9.141789029978025e-46 1.2869992835058796e-10 8.11643801247991e-46 2.652042445908489e-28 1.7175194782262534e-24 55
9.73638224753527e-53 2.383099086825235e-49 5.20375677536572e-25 1.2244294964398314e-48 3.341747340773289e-20 3.8215529782135566e-38 9.466210591017335e-46 3.2679671005876876e-44 6.157773788117895e-33 1.2934084241943135e-43 1.6450695578187967e-37 6.586092752945824e-46 6.995783427841118e-43 9.141789029978025e-46 1.0605880342459463e-35 8.11643801247991e-46 1.7362305663000998e-44 2.652042445908489e-28 8.443970446021696e-31 56
0.0005297965556498131 2.383099086825235e-49 5.20375677536572e-25 1.2244294964398314e-48 2.365536935192339e-36 2.7845701057126944e-18 1.4560339064599295e-10 9.141789029978025e-46 1.0605880342459463e-35 0.07564368355151876 1.7362305663000998e-44 1.02 1.7175194782262534e-24 55
9.73638224753527e-53 2.383099086825235e-49 5.20375677536572e-25 4.552371001242771e-08 2.365536935192339e-36 2.7845701057126944e-18 1.4560339064599295e-10 4.351757327581115e-07 2.8362323006952197e-18 1.2934084241943135e-43 1.6450695578187967e-37 6.586092752945824e-46 6.995783427841118e-43 9.141789029978025e-46 1.0605880342459463e-35 8.11643801247991e-46 1.7362305663000998e-44 2.652042445908489e-28 1.7175194782262534e-24 56
9.73638224753527e-53 2.383099086825235e-49 7.011230631952982e-32 1.2244294964398314e-48 2.365536935192339e-36 3.8215529782135566e-38 9.466210591017335e-46 3.2679671005876876e-44 2.8362323006952197e-18 1.2934084241943135e-43 1.6450695578187967e-37 6.586092752945824e-46 6.995783427841118e-43 9.141789029978025e-46 1.2869992835058796e-10 8.11643801247991e-46 1.7362305663000998e-44 1.7175194782262534e-24 56
9.73638224753527e-53 2.383099086825235e-49 7.011230631952982e-32 1.2244294964398314e-48 3.341747340773289e-20 3.8215529782135566e-38 9.466210591017335e-46 3.2679671005876876e-44 6.157773788117895e-33 1.2934084241943135e-43 1.6450695578187967e-37 6.586092752945824e-46 6.995783427841118e-43 9.141789029978025e-46 1.0605880342459463e-35 8.11643801247991e-46 1.7362305663000998e-44 2.652042445908489e-28 8.443970446021696e-31 56
9.73638224753527e-53 2.383099086825235e-49 7.011230631952982e-32 1.2244294964398314e-48 3.341747340773289e-20 3.8215529782135566e-38 9.466210591017335e-46 3.2679671005876876e-44 6.157773788117895e-33 1.2934084241943135e-43 1.6450695578187967e-37 6.586092752945824e-46 6.995783427841118e-43 9.141789029978025e-46 8.11643801247991e-46 1.7362305663000998e-44 1.7175194782262534e-24 56
9.73638224753527e-53 2.383099086825235e-49 7.011230631952982e-32 4.552371001242771e-08 2.365536935192339e-36 3.8215529782135566e-38 9.466210591017335e-46 3.2679671005876876e-44 2.8362323006952197e-18 1.2934084241943135e-43 1.6450695578187967e-37 6.586092752945824e-46 6.995783427841118e-43 9.141789029978025e-46 1.0605880342459463e-35 8.11643801247991e-46 1.7362305663000998e-44 2.652042445908489e-28 8.443970446021696e-31 56
0.04 2.383099086825235e-49 5.20375677536572e-25 1.2244294964398314e-48 2.365536935192339e-36 3.8215529782135566e-38 9.466210591017335e-46 3.2679671005876876e-44 6.157773788117895e-33 1.2934084241943135e-43 1.6450695578187967e-37 6.586092752945824e-46 6.995783427841118e-43 9.141789029978025e-46 1.0605880342459463e-35 8.11643801247991e-46 1.7362305663000998e-44 2.652042445908489e-28 8.443970446021696e-31 56
0.0029470890215873295 2.383099086825235e-49 7.011230631952982e-32 1.2244294964398314e-48 2.365536935192339e-36 3.8215529782135566e-38 9.466210591017335e-46 3.2679671005876876e-44 6.157773788117895e-33 1.2934084241943135e-43 1.6450695578187967e-37 6.586092752945824e-46 6.995783427841118e-43 9.141789029978025e-46 1.0605880342459463e-35 8.11643801247991e-46 1.7362305663000998e-44 8.443970446021696e-31 56
9.73638224753527e-53 2.383099086825235e-49 7.011230631952982e-32 4.552371001242771e-08 2.365536935192339e-36 3.8215529782135566e-38 9.466210591017335e-46 3.2679671005876876e-44 2.8362323006952197e-18 1.2934084241943135e-43 7.449467465701018e-15 6.586092752945824e-46 6.995783427841118e-43 9.141789029978025e-46 1.0605880342459463e-35 0.07564368355151876 1.7362305663000998e-44 2.652042445908489e-28 8.443970446021696e-31 56
9.73638224753527e-53 2.383099086825235e-49 5.20375677536572e-25 1.2244294964398314e-48 2.365536935192339e-36 2.7845701057126944e-18 1.4560339064599295e-10 3.2679671005876876e-44 6.157773788117895e-33 1.2934084241943135e-43 1.6450695578187967e-37 2.177045534142644e-06 6.995783427841118e-43 9.141789029978025e-46 1.0605880342459463e-35 8.11643801247991e-46 1.7362305663000998e-44 2.652042445908489e-28 8.443970446021696e-31 56
9.73638224753527e-53 2.383099086825235e-49 7.011230631952982e-32 1.2244294964398314e-48 2.365536935192339e-36 3.8215529782135566e-38 9.466210591017335e-46 3.2679671005876876e-44 2.8362323006952197e-18 1.2934084241943135e-43 1.6450695578187967e-37 6.586092752945824e-46 6.995783427841118e-43 9.141789029978025e-46 1.2869992835058796e-10 8.11643801247991e-46 1.7362305663000998e-44 1.7175194782262534e-24 56
9.73638224753527e-53 2.383099086825235e-49 5.20375677536572e-25 1.2244294964398314e-48 2.365536935192339e-36 2.7845701057126944e-18 1.4560339064599295e-10 3.2679671005876876e-44 6.157773788117895e-33 7.990483789184825e-09 1.6450695578187967e-37 6.586092752945824e-46 6.995783427841118e-43 0.015131781443244 8.11643801247991e-46 0.02314808632089215 1.7175194782262534e-24 55
9.73638224753527e-53 2.383099086825235e-49 7.011230631952982e-32 1.2244294964398314e-48 2.365536935192339e-36 2.7845701057126944e-18 1.4560339064599295e-10 3.2679671005876876e-44 6.157773788117895e-33 7.990483789184825e-09 1.6450695578187967e-37 6.586092752945824e-46 6.995783427841118e-43 9.141789029978025e-46 147.3041707599676 0.8 1.7362305663000998e-44 2.652042445908489e-28 8.443970446021696e-31 56
9.73638224753527e-53 2.383099086825235e-49 5.20375677536572e-25 1.2244294964398314e-48 2.365536935192339e-36 2.7845701057126944e-18 1.4560339064599295e-10 4.351757327581115e-07 2.8362323006952197e-18 1.2934084241943135e-43 1.6450695578187967e-37 6.586092752945824e-46 6.995783427841118e-43 9.141789029978025e-46 1.0605880342459463e-35 8.11643801247991e-46 1.7362305663000998e-44 2.652042445908489e-28 1.7175194782262534e-24 56
9.73638224753527e-53 2.383099086825235e-49 7.011230631952982e-32 1.2244294964398314e-48 3.341747340773289e-20 3.8215529782135566e-38 9.466210591017335e-46 3.2679671005876876e-44 6.157773788117895e-33 1.2934084241943135e-43 1.6450695578187967e-37 6.586092752945824e-46 6.995783427841118e-43 9.141789029978025e-46 8.11643801247991e-46 1.7362305663000998e-44 8.443970446021696e-31 56
9.73638224753527e-53 2.383099086825235e-49 7.011230631952982e-32 1.2244294964398314e-48 2.365536935192339e-36 2.7845701057126944e-18 9.466210591017335e-46 3.2679671005876876e-44 6.157773788117895e-33 1.2934084241943135e-43 1.6450695578187967e-37 6.586092752945824e-46 6.995783427841118e-43 9.141789029978025e-46 1.0605880342459463e-35 8.11643801247991e-46 1.7362305663000998e-44 8.443970446021696e-31 56
9.73638224753527e-53 2.383099086825235e-49 7.011230631952982e-32 4.552371001242771e-08 2.365536935192339e-36 3.8215529782135566e-38 9.466210591017335e-46 3.2679671005876876e-44 2.8362323006952197e-18 1.2934084241943135e-43 1.6450695578187967e-37 6.586092752945824e-46 6.995783427841118e-43 9.141789029978025e-46 1.0605880342459463e-35 8.11643801247991e-46 1.7362305663000998e-44 2.652042445908489e-28 8.443970446021696e-31 56
0.0005297965556498131 2.383099086825235e-49 5.20375677536572e-25 1.2244294964398314e-48 2.365536935192339e-36 2.7845701057126944e-18 1.4560339064599295e-10 9.141789029978025e-46 1.0605880342459463e-35 0.07564368355151876 1.7362305663000998e-44 1.02 1.7175194782262534e-24 55
9.73638224753527e-53 2.383099086825235e-49 5.20375677536572e-25 1.2244294964398314e-48 2.365536935192339e-36 2.7845701057126944e-18 1.4560339064599295e-10 3.2679671005876876e-44 2.8362323006952197e-18 1.2934084241943135e-43 1.6450695578187967e-37 6.586092752945824e-46 6.995783427841118e-43 9.141789029978025e-46 8.11643801247991e-46 1.7362305663000998e-44 2.652042445908489e-28 8.443970446021696e-31 56
9.73638224753527e-53 2.383099086825235e-49 7.011230631952982e-32 1.2244294964398314e-48 3.341747340773289e-20 3.8215529782135566e-38 9.466210591017335e-46 3.2679671005876876e-44 6.157773788117895e-33 1.2934084241943135e-43 1.6450695578187967e-37 6.586092752945824e-46 6.995783427841118e-43 9.141789029978025e-46 1.0605880342459463e-35 8.11643801247991e-46 1.7362305663000998e-44 2.652042445908489e-28 8.443970446021696e-31 56
0.04 2.383099086825235e-49 5.20375677536572e-25 1.2244294964398314e-48 3.341747340773289e-20 3.8215529782135566e-38 9.466210591017335e-46 3.2679671005876876e-44 6.157773788117895e-33 1.2934084241943135e-43 1.6450695578187967e-37 6.586092752945824e-46 6.995783427841118e-43 9.141789029978025e-46 1.0605880342459463e-35 8.11643801247991e-46 1.7362305663000998e-44 8.443970446021696e-31 56
0.0029470890215873295 2.383099086825235e-49 5.20375677536572e-25 1.2244294964398314e-48 2.365536935192339e-36 2.7845701057126944e-18 9.466210591017335e-46 3.2679671005876876e-44 2.8362323006952197e-18 7.990483789184825e-09 7.449467465701018e-15 6.586092752945824e-46 6.995783427841118e-43 9.141789029978025e-46 1.0605880342459463e-35 4.361505065265712e-05 1.7362305663000998e-44 2.652042445908489e-28 1.7175194782262534e-24 55
9.73638224753527e-53 2.383099086825235e-49 7.011230631952982e-32 1.2244294964398314e-48 3.341747340773289e-20 3.8215529782135566e-38 9.466210591017335e-46 3.2679671005876876e-44 6.157773788117895e-33 1.2934084241943135e-43 1.6450695578187967e-37 6.586092752945824e-46 6.995783427841118e-43 9.141789029978025e-46 1.0605880342459463e-35 8.11643801247991e-46 1.7362305663000998e-44 2.652042445908489e-28 8.443970446021696e-31 56
0.0029470890215873295 2.383099086825235e-49 5.20375677536572e-25 1.2244294964398314e-48 2.365536935192339e-36 3.8215529782135566e-38 9.466210591017335e-46 4.351757327581115e-07 2.8362323006952197e-18 1.2934084241943135e-43 1.6450695578187967e-37 6.586092752945824e-46 6.995783427841118e-43 9.141789029978025e-46 1.0605880342459463e-35 8.11643801247991e-46 1.7362305663000998e-44 2.652042445908489e-28 8.443970446021696e-31 56
9.73638224753527e-53 2.383099086825235e-49 5.20375677536572e-25 1.2244294964398314e-48 3.341747340773289e-20 3.8215529782135566e-38 9.466210591017335e-46 4.351757327581115e-07 2.8362323006952197e-18 7.990483789184825e-09 1.6450695578187967e-37 6.586092752945824e-46 6.995783427841118e-43 9.141789029978025e-46 147.3041707599676 8.11643801247991e-46 1.7362305663000998e-44 2.652042445908489e-28 8.443970446021696e-31 56
0.0029470890215873295 2.383099086825235e-49 5.20375677536572e-25 1.2244294964398314e-48 2.365536935192339e-36 2.7845701057126944e-18 9.466210591017335e-46 1.2934084241943135e-43 1.6450695578187967e-37 6.586092752945824e-46 6.995783427841118e-43 9.141789029978025e-46 8.11643801247991e-46 8.443970446021696e-31 55
9.73638224753527e-53 2.383099086825235e-49 7.011230631952982e-32 1.2244294964398314e-48 3.341747340773289e-20 3.8215529782135566e-38 9.466210591017335e-46 3.2679671005876876e-44 6.157773788117895e-33 1.2934084241943135e-43 1.6450695578187967e-37 6.586092752945824e-46 6.995783427841118e-43 9.141789029978025e-46 1.0605880342459463e-35 8.11643801247991e-46 1.7362305663000998e-44 2.652042445908489e-28 8.443970446021696e-31 56
9.73638224753527e-53 2.383099086825235e-49 7.011230631952982e-32 1.2244294964398314e-48 3.341747340773289e-20 3.8215529782135566e-38 9.466210591017335e-46 3.2679671005876876e-44 6.157773788117895e-33 1.2934084241943135e-43 1.6450695578187967e-37 6.586092752945824e-46 6.995783427841118e-43 9.141789029978025e-46 1.0605880342459463e-35 4.361505065265712e-05 1.7362305663000998e-44 2.652042445908489e-28 8.443970446021696e-31 56
9.73638224753527e-53 2.383099086825235e-49 7.011230631952982e-32 4.552371001242771e-08 2.365536935192339e-36 3.8215529782135566e-38 9.466210591017335e-46 3.2679671005876876e-44 2.8362323006952197e-18 1.2934084241943135e-43 1.6450695578187967e-37 6.586092752945824e-46 6.995783427841118e-43 9.141789029978025e-46 1.0605880342459463e-35 8.11643801247991e-46 1.7362305663000998e-44 2.652042445908489e-28 8.443970446021696e-31 56
9.73638224753527e-53 2.383099086825235e-49 5.20375677536572e-25 1.2244294964398314e-48 2.365536935192339e-36 2.7845701057126944e-18 1.4560339064599295e-10 3.2679671005876876e-44 2.8362323006952197e-18 1.2934084241943135e-43 1.6450695578187967e-37 6.586092752945824e-46 6.995783427841118e-43 9.141789029978025e-46 1.0605880342459463e-35 8.11643801247991e-46 1.7362305663000998e-44 2.652042445908489e-28 8.443970446021696e-31 56
0.0029470890215873295 2.383099086825235e-49 7.011230631952982e-32 4.552371001242771e-08 2.365536935192339e-36 2.7845701057126944e-18 9.466210591017335e-46 4.351757327581115e-07 2.8362323006952197e-18 1.2934084241943135e-43 1.6450695578187967e-37 6.586092752945824e-46 6.995783427841118e-43 9.141789029978025e-46 1.0605880342459463e-35 8.11643801247991e-46 1.7362305663000998e-44 2.652042445908489e-28 8.443970446021696e-31 56
9.73638224753527e-53 2.383099086825235e-49 5.20375677536572e-25 4.552371001242771e-08 3.341747340773289e-20 3.8215529782135566e-38 9.466210591017335e-46 3.2679671005876876e-44 6.157773788117895e-33 1.2934084241943135e-43 1.6450695578187967e-37 6.586092752945824e-46 6.995783427841118e-43 8.11643801247991e-46 8.443970446021696e-31 56
0.0029470890215873295 2.383099086825235e-49 5.20375677536572e-25 1.2244294964398314e-48 2.365536935192339e-36 3.8215529782135566e-38 9.466210591017335e-46 4.351757327581115e-07 2.8362323006952197e-18 7.990483789184825e-09 7.449467465701018e-15 6.586092752945824e-46 6.995783427841118e-43 8.11643801247991e-46 1.7175194782262534e-24 56
9.73638224753527e-53 8.930708957391462e-08 5.20375677536572e-25 1.2244294964398314e-48 2.365536935192339e-36 3.8215529782135566e-38 9.466210591017335e-46 4.351757327581115e-07 2.8362323006952197e-18 7.990483789184825e-09 7.449467465701018e-15 6.586092752945824e-46 6.995783427841118e-43 9.141789029978025e-46 147.3041707599676 8.11643801247991e-46 1.7362305663000998e-44 2.652042445908489e-28 1.7175194782262534e-24 56
9.73638224753527e-53 8.930708957391462e-08 5.20375677536572e-25 1.2244294964398314e-48 2.365536935192339e-36 3.8215529782135566e-38 9.466210591017335e-46 4.351757327581115e-07 2.8362323006952197e-18 7.990483789184825e-09 7.449467465701018e-15 6.586092752945824e-46 6.995783427841118e-43 9.141789029978025e-46 147.3041707599676 8.11643801247991e-46 1.7362305663000998e-44 2.652042445908489e-28 1.7175194782262534e-24 56
9.73638224753527e-53 2.383099086825235e-49 5.20375677536572e-25 1.2244294964398314e-48 2.365536935192339e-36 3.8215529782135566e-38 9.466210591017335e-46 3.2679671005876876e-44 6.157773788117895e-33 1.2934084241943135e-43 1.6450695578187967e-37 6.586092752945824e-46 6.995783427841118e-43 9.141789029978025e-46 8.11643801247991e-46 1.7362305663000998e-44 1.7175194782262534e-24 56
9.73638224753527e-53 2.383099086825235e-49 5.20375677536572e-25 1.2244294964398314e-48 2.365536935192339e-36 2.7845701057126944e-18 9.466210591017335e-46 3.2679671005876876e-44 6.157773788117895e-33 7.990483789184825e-09 1.6450695578187967e-37 6.586092752945824e-46 2.370707185803899e-09 9.141789029978025e-46 1.2869992835058796e-10 8.11643801247991e-46 2.652042445908489e-28 1.7175194782262534e-24 55
9.73638224753527e-53 2.383099086825235e-49 7.011230631952982e-32 1.2244294964398314e-48 2.365536935192339e-36 3.8215529782135566e-38 9.466210591017335e-46 3.2679671005876876e-44 6.157773788117895e-33 7.990483789184825e-09 7.449467465701018e-15 2.177045534142644e-06 6.995783427841118e-43 9.141789029978025e-46 1.0605880342459463e-35 8.11643801247991e-46 1.7362305663000998e-44 2.652042445908489e-28 1.7175194782262534e-24 55
0.0029470890215873295 2.383099086825235e-49 5.20375677536572e-25 1.2244294964398314e-48 2.365536935192339e-36 2.7845701057126944e-18 9.466210591017335e-46 1.2934084241943135e-43 1.6450695578187967e-37 6.586092752945824e-46 6.995783427841118e-43 9.141789029978025e-46 8.11643801247991e-46 8.443970446021696e-31 55
9.73638224753527e-53 2.383099086825235e-49 7.011230631952982e-32 4.552371001242771e-08 2.365536935192339e-36 3.8215529782135566e-38 9.466210591017335e-46 3.2679671005876876e-44 2.8362323006952197e-18 1.2934084241943135e-43 7.449467465701018e-15 6.586092752945824e-46 6.995783427841118e-43 9.141789029978025e-46 1.0605880342459463e-35 0.07564368355151876 1.7362305663000998e-44 2.652042445908489e-28 8.443970446021696e-31 56
9.73638224753527e-53 2.383099086825235e-49 5.20375677536572e-25 1.2244294964398314e-48 3.341747340773289e-20 3.8215529782135566e-38 9.466210591017335e-46 3.2679671005876876e-44 6.157773788117895e-33 1.2934084241943135e-43 1.6450695578187967e-37 6.586092752945824e-46 6.995783427841118e-43 9.141789029978025e-46 1.0605880342459463e-35 8.11643801247991e-46 1.7362305663000998e-44 2.652042445908489e-28 8.443970446021696e-31 56
9.73638224753527e-53 2.383099086825235e-49 5.20375677536572e-25 1.2244294964398314e-48 2.365536935192339e-36 3.8215529782135566e-38 1.4560339064599295e-10 3.2679671005876876e-44 6.157773788117895e-33 7.990483789184825e-09 7.449467465701018e-15 6.586092752945824e-46 6.995783427841118e-43 8.443970446021696e-31 55
9.73638224753527e-53 2.383099086825235e-49 5.20375677536572e-25 1.2244294964398314e-48 2.365536935192339e-36 2.7845701057126944e-18 1.4560339064599295e-10 3.2679671005876876e-44 2.8362323006952197e-18 1.2934084241943135e-43 7.449467465701018e-15 2.177045534142644e-06 2.370707185803899e-09 9.141789029978025e-46 1.0605880342459463e-35 8.11643801247991e-46 1.7362305663000998e-44 1.7175194782262534e-24 55
9.73638224753527e-53 2.383099086825235e-49 5.20375677536572e-25 4.552371001242771e-08 2.365536935192339e-36 2.7845701057126944e-18 9.466210591017335e-46 3.2679671005876876e-44 6.157773788117895e-33 1.2934084241943135e-43 7.449467465701018e-15 6.586092752945824e-46 6.995783427841118e-43 9.141789029978025e-46 1.0605880342459463e-35 8.11643801247991e-46 1.7362305663000998e-44 0.025778550675538987 1.7175194782262534e-24 55
9.73638224753527e-53 2.383099086825235e-49 5.20375677536572e-25 1.2244294964398314e-48 3.341747340773289e-20 3.8215529782135566e-38 9.466210591017335e-46 3.2679671005876876e-44 6.157773788117895e-33 1.2934084241943135e-43 1.6450695578187967e-37 6.586092752945824e-46 6.995783427841118e-43 9.141789029978025e-46 1.0605880342459463e-35 8.11643801247991e-46 1.7362305663000998e-44 2.652042445908489e-28 8.443970446021696e-31 56
9.73638224753527e-53 2.383099086825235e-49 5.20375677536572e-25 4.552371001242771e-08 3.341747340773289e-20 3.8215529782135566e-38 9.466210591017335e-46 4.351757327581115e-07 2.8362323006952197e-18 1.2934084241943135e-43 1.6450695578187967e-37 6.586092752945824e-46 6.995783427841118e-43 9.141789029978025e-46 1.2869992835058796e-10 0.00445029106745843 1.7362305663000998e-44 2.652042445908489e-28 1.7175194782262534e-24 56
9.73638224753527e-53 2.383099086825235e-49 7.011230631952982e-32 1.2244294964398314e-48 2.365536935192339e-36 2.7845701057126944e-18 9.466210591017335e-46 3.2679671005876876e-44 6.157773788117895e-33 1.2934084241943135e-43 1.6450695578187967e-37 6.586092752945824e-46 6.995783427841118e-43 9.141789029978025e-46 1.0605880342459463e-35 8.11643801247991e-46 1.7362305663000998e-44 8.443970446021696e-31 56
9.73638224753527e-53 2.383099086825235e-49 7.011230631952982e-32 4.552371001242771e-08 2.365536935192339e-36 2.7845701057126944e-18 1.4560339064599295e-10 3.2679671005876876e-44 6.157773788117895e-33 1.2934084241943135e-43 7.449467465701018e-15 6.586092752945824e-46 6.995783427841118e-43 9.141789029978025e-46 0.7000000000000001 8.11643801247991e-46 1.7362305663000998e-44 2.652042445908489e-28 8.443970446021696e-31 56
9.73638224753527e-53 2.383099086825235e-49 5.20375677536572e-25 1.2244294964398314e-48 3.341747340773289e-20 3.8215529782135566e-38 9.466210591017335e-46 4.351757327581115e-07 2.8362323006952197e-18 7.990483789184825e-09 1.6450695578187967e-37 6.586092752945824e-46 6.995783427841118e-43 9.141789029978025e-46 147.3041707599676 8.11643801247991e-46 1.7362305663000998e-44 2.652042445908489e-28 8.443970446021696e-31 56
0.04 2.383099086825235e-49 5.20375677536572e-25 1.2244294964398314e-48 2.365536935192339e-36 3.8215529782135566e-38 9.466210591017335e-46 3.2679671005876876e-44 6.157773788117895e-33 1.2934084241943135e-43 1.6450695578187967e-37 6.586092752945824e-46 6.995783427841118e-43 9.141789029978025e-46 1.0605880342459463e-35 8.11643801247991e-46 1.7362305663000998e-44 2.652042445908489e-28 8.443970446021696e-31 56
9.73638224753527e-53 2.383099086825235e-49 5.20375677536572e-25 1.2244294964398314e-48 2.365536935192339e-36 3.8215529782135566e-38 9.466210591017335e-46 3.2679671005876876e-44 2.8362323006952197e-18 1.2934084241943135e-43 1.6450695578187967e-37 6.586092752945824e-46 6.995783427841118e-43 9.141789029978025e-46 1.0605880342459463e-35 4.361505065265712e-05 1.7362305663000998e-44 2.652042445908489e-28 8.443970446021696e-31 56
9.73638224753527e-53 2.383099086825235e-49 7.011230631952982e-32 1.2244294964398314e-48 3.341747340773289e-20 3.8215529782135566e-38 9.466210591017335e-46 1.2934084241943135e-43 1.6450695578187967e-37 6.586092752945824e-46 6.995783427841118e-43 9.141789029978025e-46 8.11643801247991e-46 1.7362305663000998e-44 1.7175194782262534e-24 56
0.0005297965556498131 8.930708957391462e-08 7.011230631952982e-32 1.2244294964398314e-48 2.365536935192339e-36 3.8215529782135566e-38 9.466210591017335e-46 3.2679671005876876e-44 6.157773788117895e-33 1.2934084241943135e-43 1.6450695578187967e-37 6.586092752945824e-46 6.995783427841118e-43 0.003390697956158804 1.0605880342459463e-35 8.11643801247991e-46 1.7175194782262534e-24 56
9.73638224753527e-53 2.383099086825235e-49 7.011230631952982e-32 1.2244294964398314e-48 2.365536935192339e-36 2.7845701057126944e-18 1.4560339064599295e-10 3.2679671005876876e-44 6.157773788117895e-33 1.2934084241943135e-43 7.449467465701018e-15 2.177045534142644e-06 2.370707185803899e-09 0.015131781443244 0.07564368355151876 1.7362305663000998e-44 2.652042445908489e-28 1.7175194782262534e-24 55
9.73638224753527e-53 8.930708957391462e-08 7.011230631952982e-32 4.552371001242771e-08 2.365536935192339e-36 2.7845701057126944e-18 1.4560339064599295e-10 3.2679671005876876e-44 6.157773788117895e-33 1.2934084241943135e-43 1.6450695578187967e-37 6.586092752945824e-46 6.995783427841118e-43 9.141789029978025e-46 1.0605880342459463e-35 8.11643801247991e-46 1.7362305663000998e-44 2.652042445908489e-28 8.443970446021696e-31 56
9.73638224753527e-53 2.383099086825235e-49 7.011230631952982e-32 1.2244294964398314e-48 3.341747340773289e-20 3.8215529782135566e-38 9.466210591017335e-46 3.2679671005876876e-44 6.157773788117895e-33 1.2934084241943135e-43 1.6450695578187967e-37 6.586092752945824e-46 6.995783427841118e-43 9.141789029978025e-46 1.0605880342459463e-35 8.11643801247991e-46 1.7362305663000998e-44 2.652042445908489e-28 8.443970446021696e-31 56
0.0029470890215873295 2.383099086825235e-49 7.011230631952982e-32 1.2244294964398314e-48 2.365536935192339e-36 3.8215529782135566e-38 9.466210591017335e-46 3.2679671005876876e-44 6.157773788117895e-33 1.2934084241943135e-43 1.6450695578187967e-37 6.586092752945824e-46 6.995783427841118e-43 9.141789029978025e-46 1.0605880342459463e-35 8.11643801247991e-46 1.7362305663000998e-44 8.443970446021696e-31 56
9.73638224753527e-53 2.383099086825235e-49 7.011230631952982e-32 1.2244294964398314e-48 2.365536935192339e-36 2.7845701057126944e-18 1.4560339064599295e-10 3.2679671005876876e-44 6.157773788117895e-33 1.2934084241943135e-43 1.6450695578187967e-37 6.586092752945824e-46 6.995783427841118e-43 9.141789029978025e-46 8.11643801247991e-46 1.7362305663000998e-44 8.443970446021696e-31 56
0.0005297965556498131 2.383099086825235e-49 5.20375677536572e-25 1.2244294964398314e-48 2.365536935192339e-36 2.7845701057126944e-18 1.4560339064599295e-10 9.141789029978025e-46 1.0605880342459463e-35 0.07564368355151876 1.7362305663000998e-44 1.02 1.7175194782262534e-24 55
9.73638224753527e-53 2.383099086825235e-49 7.011230631952982e-32 1.2244294964398314e-48 2.365536935192339e-36 3.8215529782135566e-38 9.466210591017335e-46 3.2679671005876876e-44 6.157773788117895e-33 1.2934084241943135e-43 1.6450695578187967e-37 6.586092752945824e-46 6.995783427841118e-43 9.141789029978025e-46 1.0605880342459463e-35 8.11643801247991e-46 1.7362305663000998e-44 2.652042445908489e-28 8.443970446021696e-31 56
9.73638224753527e-53 2.383099086825235e-49 7.011230631952982e-32 1.2244294964398314e-48 2.365536935192339e-36 2.7845701057126944e-18 1.4560339064599295e-10 3.2679671005876876e-44 6.157773788117895e-33 1.2934084241943135e-43 7.449467465701018e-15 2.177045534142644e-06 2.370707185803899e-09 0.015131781443244 0.07564368355151876 1.7362305663000998e-44 2.652042445908489e-28 1.7175194782262534e-24 55
9.73638224753527e-53 2.383099086825235e-49 5.20375677536572e-25 1.2244294964398314e-48 2.365536935192339e-36 2.7845701057126944e-18 9.466210591017335e-46 3.2679671005876876e-44 6.157773788117895e-33 7.990483789184825e-09 1.6450695578187967e-37 6.586092752945824e-46 2.370707185803899e-09 9.141789029978025e-46 1.2869992835058796e-10 8.11643801247991e-46 2.652042445908489e-28 1.7175194782262534e-24 55
9.73638224753527e-53 2.383099086825235e-49 5.20375677536572e-25 4.552371001242771e-08 2.365536935192339e-36 2.7845701057126944e-18 9.466210591017335e-46 3.2679671005876876e-44 2.8362323006952197e-18 1.2934084241943135e-43 1.6450695578187967e-37 6.586092752945824e-46 6.995783427841118e-43 9.141789029978025e-46 147.3041707599676 8.11643801247991e-46 1.7362305663000998e-44 2.652042445908489e-28 8.443970446021696e-31 55
9.73638224753527e-53 2.383099086825235e-49 7.011230631952982e-32 1.2244294964398314e-48 2.365536935192339e-36 2.7845701057126944e-18 9.466210591017335e-46 3.2679671005876876e-44 6.157773788117895e-33 1.2934084241943135e-43 1.6450695578187967e-37 6.586092752945824e-46 6.995783427841118e-43 9.141789029978025e-46 1.0605880342459463e-35 8.11643801247991e-46 1.7362305663000998e-44 8.443970446021696e-31 56
