1.0730039488280031e-47 3.989675443698991e-44 1.1056916503131253e-22 5.353805102441554e-44 5.01212043961482e-34 1.4604478753542735e-32 5.989636374316e-39 2.8646953063307266e-37 4.647676693592382e-18 2.2978506313382094e-36 3.719381693868706e-31 5.1846507411236966e-39 1.2684523804439267e-36 2.900046708691881e-41 1.8515671860133047e-30 2.6862962102533412e-06 4.982206263320652e-41 3.255312591273348e-26 1.6135814168573116e-26 56
1.0730039488280031e-47 3.989675443698991e-44 2.5235755427807643e-28 5.353805102441554e-44 1.2062044971003612e-16 1.4604478753542735e-32 5.989636374316e-39 2.8646953063307266e-37 1.3753879354957711e-27 4.400832001654392e-10 3.719381693868706e-31 5.1846507411236966e-39 1.2684523804439267e-36 2.900046708691881e-41 1.8515671860133047e-30 1.4247035151139134e-37 6.873795211267332e-23 56
1.0730039488280031e-47 3.989675443698991e-44 1.1056916503131253e-22 5.353805102441554e-44 5.01212043961482e-34 5.572512827435339e-18 5.989636374316e-39 2.8646953063307266e-37 1.3753879354957711e-27 4.400832001654392e-10 3.719381693868706e-31 5.1846507411236966e-39 1.2793457453479507e-09 2.900046708691881e-41 8.332333267894659e-09 1.4247035151139134e-37 3.255312591273348e-26 6.873795211267332e-23 55
1.0730039488280031e-47 3.989675443698991e-44 1.1056916503131253e-22 5.353805102441554e-44 1.6135814168573116e-26 56
0.04 3.989675443698991e-44 1.1056916503131253e-22 5.353805102441554e-44 5.01212043961482e-34 1.4604478753542735e-32 5.989636374316e-39 2.8646953063307266e-37 1.3753879354957711e-27 2.2978506313382094e-36 3.719381693868706e-31 5.1846507411236966e-39 1.2684523804439267e-36 2.900046708691881e-41 1.8515671860133047e-30 1.4247035151139134e-37 4.982206263320652e-41 3.255312591273348e-26 1.6135814168573116e-26 56
1.0730039488280031e-47 3.989675443698991e-44 2.5235755427807643e-28 5.353805102441554e-44 5.01212043961482e-34 5.572512827435339e-18 1.7598931052674677e-11 2.8646953063307266e-37 1.3753879354957711e-27 4.400832001654392e-10 3.719381693868706e-31 5.1846507411236966e-39 1.2684523804439267e-36 2.900046708691881e-41 0.03209401480773403 0.8 4.982206263320652e-41 3.255312591273348e-26 1.6135814168573116e-26 56
1.0730039488280031e-47 3.989675443698991e-44 2.5235755427807643e-28 5.353805102441554e-44 5.01212043961482e-34 5.572512827435339e-18 1.7598931052674677e-11 2.8646953063307266e-37 1.3753879354957711e-27 2.2978506313382094e-36 3.2239371660440296e-15 2.7059743398863537e-07 1.2793457453479507e-09 0.003552831187961746 0.0007710807048462666 4.982206263320652e-41 3.255312591273348e-26 6.873795211267332e-23 55
1.0730039488280031e-47 3.989675443698991e-44 2.5235755427807643e-28 7.962472973573262e-07 5.01212043961482e-34 1.4604478753542735e-32 5.989636374316e-39 2.8646953063307266e-37 4.647676693592382e-18 4.400832001654392e-10 3.719381693868706e-31 5.1846507411236966e-39 1.2684523804439267e-36 2.900046708691881e-41 1.8515671860133047e-30 1.4247035151139134e-37 4.982206263320652e-41 3.255312591273348e-26 1.6135814168573116e-26 56
1.0730039488280031e-47 3.989675443698991e-44 2.5235755427807643e-28 5.353805102441554e-44 1.2062044971003612e-16 1.4604478753542735e-32 5.989636374316e-39 2.8646953063307266e-37 1.3753879354957711e-27 2.2978506313382094e-36 3.719381693868706e-31 5.1846507411236966e-39 1.2684523804439267e-36 2.900046708691881e-41 1.8515671860133047e-30 2.6862962102533412e-06 4.982206263320652e-41 3.255312591273348e-26 1.6135814168573116e-26 56
1.0730039488280031e-47 3.989675443698991e-44 1.1056916503131253e-22 5.353805102441554e-44 5.01212043961482e-34 1.4604478753542735e-32 1.7598931052674677e-11 2.8646953063307266e-37 1.3753879354957711e-27 4.400832001654392e-10 3.2239371660440296e-15 5.1846507411236966e-39 1.2684523804439267e-36 1.6135814168573116e-26 55
1.0730039488280031e-47 3.989675443698991e-44 2.5235755427807643e-28 5.353805102441554e-44 5.01212043961482e-34 1.4604478753542735e-32 5.989636374316e-39 2.8646953063307266e-37 1.3753879354957711e-27 2.2978506313382094e-36 3.719381693868706e-31 5.1846507411236966e-39 1.2684523804439267e-36 2.900046708691881e-41 1.8515671860133047e-30 1.4247035151139134e-37 4.982206263320652e-41 3.255312591273348e-26 1.6135814168573116e-26 56
1.0730039488280031e-47 3.989675443698991e-44 2.5235755427807643e-28 5.353805102441554e-44 1.2062044971003612e-16 1.4604478753542735e-32 5.989636374316e-39 2.8646953063307266e-37 1.3753879354957711e-27 2.2978506313382094e-36 3.719381693868706e-31 5.1846507411236966e-39 1.2684523804439267e-36 2.900046708691881e-41 1.4247035151139134e-37 4.982206263320652e-41 1.6135814168573116e-26 56
1.0730039488280031e-47 3.989675443698991e-44 2.5235755427807643e-28 5.353805102441554e-44 5.01212043961482e-34 5.572512827435339e-18 1.7598931052674677e-11 2.8646953063307266e-37 1.3753879354957711e-27 2.2978506313382094e-36 3.2239371660440296e-15 5.1846507411236966e-39 1.2793457453479507e-09 0.008801815552917768 0.03209401480773403 1.4247035151139134e-37 4.982206263320652e-41 0.1469334687565584 1.6135814168573116e-26 56
0.04 3.989675443698991e-44 1.1056916503131253e-22 5.353805102441554e-44 5.01212043961482e-34 1.4604478753542735e-32 5.989636374316e-39 2.8646953063307266e-37 1.3753879354957711e-27 2.2978506313382094e-36 3.719381693868706e-31 5.1846507411236966e-39 1.2684523804439267e-36 2.900046708691881e-41 1.8515671860133047e-30 1.4247035151139134e-37 4.982206263320652e-41 3.255312591273348e-26 1.6135814168573116e-26 56
1.0730039488280031e-47 3.989675443698991e-44 1.1056916503131253e-22 5.353805102441554e-44 5.01212043961482e-34 5.572512827435339e-18 1.7598931052674677e-11 2.8646953063307266e-37 4.647676693592382e-18 2.2978506313382094e-36 3.719381693868706e-31 5.1846507411236966e-39 1.2684523804439267e-36 2.900046708691881e-41 1.8515671860133047e-30 1.4247035151139134e-37 4.982206263320652e-41 3.255312591273348e-26 1.6135814168573116e-26 56
1.0730039488280031e-47 3.989675443698991e-44 2.5235755427807643e-28 5.353805102441554e-44 1.2062044971003612e-16 1.4604478753542735e-32 5.989636374316e-39 2.8646953063307266e-37 1.3753879354957711e-27 2.2978506313382094e-36 3.719381693868706e-31 5.1846507411236966e-39 1.2684523804439267e-36 2.900046708691881e-41 1.8515671860133047e-30 1.4247035151139134e-37 4.982206263320652e-41 1.6135814168573116e-26 56
1.0730039488280031e-47 3.989675443698991e-44 1.1056916503131253e-22 5.353805102441554e-44 5.01212043961482e-34 5.572512827435339e-18 5.989636374316e-39 2.8646953063307266e-37 4.647676693592382e-18 2.2978506313382094e-36 3.2239371660440296e-15 5.1846507411236966e-39 1.2684523804439267e-36 2.900046708691881e-41 8.332333267894659e-09 1.4247035151139134e-37 4.982206263320652e-41 3.255312591273348e-26 6.873795211267332e-23 56
1.0730039488280031e-47 3.989675443698991e-44 2.5235755427807643e-28 5.353805102441554e-44 1.2062044971003612e-16 1.4604478753542735e-32 5.989636374316e-39 2.8646953063307266e-37 1.3753879354957711e-27 2.2978506313382094e-36 3.719381693868706e-31 5.1846507411236966e-39 1.2684523804439267e-36 2.900046708691881e-41 1.8515671860133047e-30 1.4247035151139134e-37 4.982206263320652e-41 3.255312591273348e-26 1.6135814168573116e-26 56
1.0730039488280031e-47 3.989675443698991e-44 2.5235755427807643e-28 5.353805102441554e-44 1.2062044971003612e-16 1.4604478753542735e-32 5.989636374316e-39 2.8646953063307266e-37 1.3753879354957711e-27 2.2978506313382094e-36 3.719381693868706e-31 5.1846507411236966e-39 1.2684523804439267e-36 2.900046708691881e-41 1.4247035151139134e-37 4.982206263320652e-41 1.6135814168573116e-26 56
1.0730039488280031e-47 3.989675443698991e-44 1.1056916503131253e-22 5.353805102441554e-44 5.01212043961482e-34 5.572512827435339e-18 1.7598931052674677e-11 2.8646953063307266e-37 4.647676693592382e-18 2.2978506313382094e-36 3.719381693868706e-31 5.1846507411236966e-39 1.2684523804439267e-36 2.900046708691881e-41 1.8515671860133047e-30 1.4247035151139134e-37 4.982206263320652e-41 3.255312591273348e-26 1.6135814168573116e-26 56
1.0730039488280031e-47 3.989675443698991e-44 2.5235755427807643e-28 5.353805102441554e-44 1.2062044971003612e-16 1.4604478753542735e-32 5.989636374316e-39 2.8646953063307266e-37 1.3753879354957711e-27 2.2978506313382094e-36 3.719381693868706e-31 5.1846507411236966e-39 1.2684523804439267e-36 2.900046708691881e-41 1.8515671860133047e-30 1.4247035151139134e-37 4.982206263320652e-41 6.873795211267332e-23 56
1.0730039488280031e-47 4.0797125651238174e-07 1.1056916503131253e-22 5.353805102441554e-44 5.01212043961482e-34 1.4604478753542735e-32 5.989636374316e-39 2.8646953063307266e-37 1.3753879354957711e-27 4.400832001654392e-10 3.2239371660440296e-15 5.1846507411236966e-39 1.2793457453479507e-09 2.900046708691881e-41 1.8515671860133047e-30 1.4247035151139134e-37 4.982206263320652e-41 3.255312591273348e-26 6.873795211267332e-23 56
1.0730039488280031e-47 3.989675443698991e-44 2.5235755427807643e-28 5.353805102441554e-44 1.2062044971003612e-16 1.4604478753542735e-32 5.989636374316e-39 2.8646953063307266e-37 1.3753879354957711e-27 2.2978506313382094e-36 3.719381693868706e-31 5.1846507411236966e-39 1.2684523804439267e-36 2.900046708691881e-41 1.4247035151139134e-37 4.982206263320652e-41 1.6135814168573116e-26 56
1.0730039488280031e-47 3.989675443698991e-44 2.5235755427807643e-28 5.353805102441554e-44 5.01212043961482e-34 1.4604478753542735e-32 5.989636374316e-39 2.8646953063307266e-37 4.647676693592382e-18 4.400832001654392e-10 3.2239371660440296e-15 5.1846507411236966e-39 1.2793457453479507e-09 0.003552831187961746 1.8515671860133047e-30 1.4247035151139134e-37 4.982206263320652e-41 6.873795211267332e-23 55
1.0730039488280031e-47 3.989675443698991e-44 1.1056916503131253e-22 5.353805102441554e-44 5.01212043961482e-34 5.572512827435339e-18 1.7598931052674677e-11 2.8646953063307266e-37 1.3753879354957711e-27 4.400832001654392e-10 3.719381693868706e-31 5.1846507411236966e-39 1.2684523804439267e-36 0.003552831187961746 1.4247035151139134e-37 0.1319402576589504 6.873795211267332e-23 55
1.0730039488280031e-47 4.0797125651238174e-07 2.5235755427807643e-28 7.962472973573262e-07 5.01212043961482e-34 1.4604478753542735e-32 5.989636374316e-39 2.8646953063307266e-37 1.3753879354957711e-27 2.2978506313382094e-36 3.719381693868706e-31 5.1846507411236966e-39 1.2684523804439267e-36 2.900046708691881e-41 1.8515671860133047e-30 1.4247035151139134e-37 4.982206263320652e-41 3.255312591273348e-26 1.6135814168573116e-26 56
1.0730039488280031e-47 4.0797125651238174e-07 1.1056916503131253e-22 5.353805102441554e-44 1.2062044971003612e-16 1.4604478753542735e-32 5.989636374316e-39 1.8170191283247445e-08 1.3753879354957711e-27 2.2978506313382094e-36 3.719381693868706e-31 5.1846507411236966e-39 1.2684523804439267e-36 2.900046708691881e-41 1.8515671860133047e-30 1.4247035151139134e-37 4.982206263320652e-41 1.6135814168573116e-26 56
1.0730039488280031e-47 3.989675443698991e-44 2.5235755427807643e-28 5.353805102441554e-44 5.01212043961482e-34 1.4604478753542735e-32 5.989636374316e-39 2.8646953063307266e-37 1.3753879354957711e-27 2.2978506313382094e-36 3.719381693868706e-31 5.1846507411236966e-39 1.2684523804439267e-36 2.900046708691881e-41 1.8515671860133047e-30 1.4247035151139134e-37 4.982206263320652e-41 3.255312591273348e-26 1.6135814168573116e-26 56
1.0730039488280031e-47 3.989675443698991e-44 1.1056916503131253e-22 5.353805102441554e-44 5.01212043961482e-34 5.572512827435339e-18 5.989636374316e-39 2.8646953063307266e-37 1.3753879354957711e-27 2.2978506313382094e-36 3.719381693868706e-31 2.7059743398863537e-07 1.2684523804439267e-36 2.900046708691881e-41 1.8515671860133047e-30 1.4247035151139134e-37 4.982206263320652e-41 0.1469334687565584 6.873795211267332e-23 55
0.04 3.989675443698991e-44 1.1056916503131253e-22 5.353805102441554e-44 1.2062044971003612e-16 1.4604478753542735e-32 5.989636374316e-39 2.8646953063307266e-37 1.3753879354957711e-27 2.2978506313382094e-36 3.719381693868706e-31 5.1846507411236966e-39 1.2684523804439267e-36 2.900046708691881e-41 1.8515671860133047e-30 1.4247035151139134e-37 4.982206263320652e-41 1.6135814168573116e-26 56
1.0730039488280031e-47 3.989675443698991e-44 1.1056916503131253e-22 5.353805102441554e-44 5.01212043961482e-34 5.572512827435339e-18 1.7598931052674677e-11 2.8646953063307266e-37 1.3753879354957711e-27 4.400832001654392e-10 3.719381693868706e-31 5.1846507411236966e-39 1.2684523804439267e-36 0.003552831187961746 1.4247035151139134e-37 0.1319402576589504 6.873795211267332e-23 55
0.007878535357551023 3.989675443698991e-44 1.1056916503131253e-22 5.353805102441554e-44 5.01212043961482e-34 5.572512827435339e-18 5.989636374316e-39 2.8646953063307266e-37 4.647676693592382e-18 4.400832001654392e-10 3.2239371660440296e-15 5.1846507411236966e-39 1.2684523804439267e-36 2.900046708691881e-41 1.8515671860133047e-30 2.6862962102533412e-06 4.982206263320652e-41 3.255312591273348e-26 6.873795211267332e-23 55
1.0730039488280031e-47 4.0797125651238174e-07 1.1056916503131253e-22 5.353805102441554e-44 5.01212043961482e-34 5.572512827435339e-18 5.989636374316e-39 2.8646953063307266e-37 1.3753879354957711e-27 4.400832001654392e-10 3.719381693868706e-31 5.1846507411236966e-39 1.2684523804439267e-36 2.900046708691881e-41 1.8515671860133047e-30 1.4247035151139134e-37 1.6135814168573116e-26 56
1.0730039488280031e-47 3.989675443698991e-44 2.5235755427807643e-28 5.353805102441554e-44 1.2062044971003612e-16 1.4604478753542735e-32 5.989636374316e-39 2.8646953063307266e-37 1.3753879354957711e-27 2.2978506313382094e-36 3.719381693868706e-31 5.1846507411236966e-39 1.2684523804439267e-36 2.900046708691881e-41 1.8515671860133047e-30 1.4247035151139134e-37 4.982206263320652e-41 3.255312591273348e-26 1.6135814168573116e-26 56
1.0730039488280031e-47 3.989675443698991e-44 2.5235755427807643e-28 5.353805102441554e-44 1.2062044971003612e-16 1.4604478753542735e-32 5.989636374316e-39 2.2978506313382094e-36 3.719381693868706e-31 5.1846507411236966e-39 1.2684523804439267e-36 2.900046708691881e-41 1.4247035151139134e-37 4.982206263320652e-41 6.873795211267332e-23 56
1.0730039488280031e-47 3.989675443698991e-44 2.5235755427807643e-28 5.353805102441554e-44 5.01212043961482e-34 1.4604478753542735e-32 5.989636374316e-39 2.8646953063307266e-37 4.647676693592382e-18 2.2978506313382094e-36 3.719381693868706e-31 5.1846507411236966e-39 1.2684523804439267e-36 2.900046708691881e-41 8.332333267894659e-09 1.4247035151139134e-37 4.982206263320652e-41 6.873795211267332e-23 56
1.0730039488280031e-47 3.989675443698991e-44 2.5235755427807643e-28 5.353805102441554e-44 5.01212043961482e-34 5.572512827435339e-18 1.7598931052674677e-11 2.8646953063307266e-37 1.3753879354957711e-27 4.400832001654392e-10 3.719381693868706e-31 5.1846507411236966e-39 1.2684523804439267e-36 2.900046708691881e-41 0.03209401480773403 0.8 4.982206263320652e-41 3.255312591273348e-26 1.6135814168573116e-26 56
1.0730039488280031e-47 3.989675443698991e-44 2.5235755427807643e-28 5.353805102441554e-44 5.01212043961482e-34 1.4604478753542735e-32 5.989636374316e-39 2.8646953063307266e-37 4.647676693592382e-18 2.2978506313382094e-36 3.719381693868706e-31 5.1846507411236966e-39 1.2684523804439267e-36 2.900046708691881e-41 1.4247035151139134e-37 4.982206263320652e-41 1.6135814168573116e-26 56
0.0013752836801434014 3.989675443698991e-44 1.1056916503131253e-22 5.353805102441554e-44 5.01212043961482e-34 5.572512827435339e-18 1.7598931052674677e-11 2.900046708691881e-41 1.8515671860133047e-30 0.0007710807048462666 4.982206263320652e-41 1.02 6.873795211267332e-23 55
0.007878535357551023 3.989675443698991e-44 1.1056916503131253e-22 5.353805102441554e-44 5.01212043961482e-34 1.4604478753542735e-32 5.989636374316e-39 1.8170191283247445e-08 4.647676693592382e-18 2.2978506313382094e-36 3.719381693868706e-31 5.1846507411236966e-39 1.2684523804439267e-36 2.900046708691881e-41 1.8515671860133047e-30 1.4247035151139134e-37 4.982206263320652e-41 3.255312591273348e-26 1.6135814168573116e-26 56
1.0730039488280031e-47 3.989675443698991e-44 1.1056916503131253e-22 5.353805102441554e-44 5.01212043961482e-34 5.572512827435339e-18 1.7598931052674677e-11 2.8646953063307266e-37 4.647676693592382e-18 2.2978506313382094e-36 3.719381693868706e-31 5.1846507411236966e-39 1.2684523804439267e-36 2.900046708691881e-41 1.4247035151139134e-37 4.982206263320652e-41 3.255312591273348e-26 1.6135814168573116e-26 56
0.04 3.989675443698991e-44 1.1056916503131253e-22 5.353805102441554e-44 5.01212043961482e-34 1.4604478753542735e-32 5.989636374316e-39 2.8646953063307266e-37 1.3753879354957711e-27 2.2978506313382094e-36 3.719381693868706e-31 5.1846507411236966e-39 1.2684523804439267e-36 2.900046708691881e-41 1.8515671860133047e-30 1.4247035151139134e-37 4.982206263320652e-41 3.255312591273348e-26 1.6135814168573116e-26 56
1.0730039488280031e-47 3.989675443698991e-44 2.5235755427807643e-28 5.353805102441554e-44 1.2062044971003612e-16 1.4604478753542735e-32 5.989636374316e-39 2.8646953063307266e-37 1.3753879354957711e-27 2.2978506313382094e-36 3.719381693868706e-31 5.1846507411236966e-39 1.2684523804439267e-36 2.900046708691881e-41 1.8515671860133047e-30 1.4247035151139134e-37 4.982206263320652e-41 3.255312591273348e-26 1.6135814168573116e-26 56
1.0730039488280031e-47 3.989675443698991e-44 2.5235755427807643e-28 7.962472973573262e-07 5.01212043961482e-34 1.4604478753542735e-32 5.989636374316e-39 2.8646953063307266e-37 4.647676693592382e-18 2.2978506313382094e-36 3.719381693868706e-31 5.1846507411236966e-39 1.2684523804439267e-36 2.900046708691881e-41 1.8515671860133047e-30 1.4247035151139134e-37 4.982206263320652e-41 3.255312591273348e-26 1.6135814168573116e-26 56
1.0730039488280031e-47 3.989675443698991e-44 2.5235755427807643e-28 5.353805102441554e-44 1.2062044971003612e-16 1.4604478753542735e-32 5.989636374316e-39 2.8646953063307266e-37 1.3753879354957711e-27 2.2978506313382094e-36 3.719381693868706e-31 5.1846507411236966e-39 1.2684523804439267e-36 2.900046708691881e-41 1.6135814168573116e-26 56
1.0730039488280031e-47 3.989675443698991e-44 2.5235755427807643e-28 5.353805102441554e-44 1.2062044971003612e-16 1.4604478753542735e-32 5.989636374316e-39 2.8646953063307266e-37 1.3753879354957711e-27 2.2978506313382094e-36 3.719381693868706e-31 5.1846507411236966e-39 1.2684523804439267e-36 2.900046708691881e-41 1.8515671860133047e-30 1.4247035151139134e-37 4.982206263320652e-41 3.255312591273348e-26 1.6135814168573116e-26 56
1.0730039488280031e-47 3.989675443698991e-44 1.1056916503131253e-22 5.353805102441554e-44 5.01212043961482e-34 5.572512827435339e-18 1.7598931052674677e-11 1.8170191283247445e-08 4.647676693592382e-18 2.2978506313382094e-36 3.2239371660440296e-15 5.1846507411236966e-39 1.2793457453479507e-09 2.900046708691881e-41 0.03209401480773403 1.4247035151139134e-37 0.9 6.873795211267332e-23 56
1.0730039488280031e-47 3.989675443698991e-44 1.1056916503131253e-22 5.353805102441554e-44 5.01212043961482e-34 5.572512827435339e-18 5.989636374316e-39 2.8646953063307266e-37 4.647676693592382e-18 2.2978506313382094e-36 3.2239371660440296e-15 5.1846507411236966e-39 1.2684523804439267e-36 2.900046708691881e-41 8.332333267894659e-09 1.4247035151139134e-37 4.982206263320652e-41 3.255312591273348e-26 6.873795211267332e-23 56
1.0730039488280031e-47 3.989675443698991e-44 2.5235755427807643e-28 5.353805102441554e-44 1.2062044971003612e-16 1.4604478753542735e-32 5.989636374316e-39 2.8646953063307266e-37 1.3753879354957711e-27 2.2978506313382094e-36 3.719381693868706e-31 5.1846507411236966e-39 1.2684523804439267e-36 2.900046708691881e-41 1.8515671860133047e-30 1.4247035151139134e-37 4.982206263320652e-41 3.255312591273348e-26 1.6135814168573116e-26 56
1.0730039488280031e-47 3.989675443698991e-44 2.5235755427807643e-28 5.353805102441554e-44 1.2062044971003612e-16 1.4604478753542735e-32 5.989636374316e-39 2.8646953063307266e-37 1.3753879354957711e-27 2.2978506313382094e-36 3.719381693868706e-31 5.1846507411236966e-39 1.2684523804439267e-36 2.900046708691881e-41 1.4247035151139134e-37 4.982206263320652e-41 6.873795211267332e-23 56
1.0730039488280031e-47 3.989675443698991e-44 1.1056916503131253e-22 7.962472973573262e-07 5.01212043961482e-34 5.572512827435339e-18 1.7598931052674677e-11 1.8170191283247445e-08 4.647676693592382e-18 2.2978506313382094e-36 3.719381693868706e-31 5.1846507411236966e-39 1.2684523804439267e-36 2.900046708691881e-41 1.8515671860133047e-30 1.4247035151139134e-37 4.982206263320652e-41 3.255312591273348e-26 6.873795211267332e-23 56
1.0730039488280031e-47 4.0797125651238174e-07 1.1056916503131253e-22 5.353805102441554e-44 5.01212043961482e-34 1.4604478753542735e-32 5.989636374316e-39 1.8170191283247445e-08 4.647676693592382e-18 4.400832001654392e-10 3.2239371660440296e-15 5.1846507411236966e-39 1.2684523804439267e-36 2.900046708691881e-41 0.03209401480773403 1.4247035151139134e-37 4.982206263320652e-41 3.255312591273348e-26 6.873795211267332e-23 56
1.0730039488280031e-47 3.989675443698991e-44 1.1056916503131253e-22 5.353805102441554e-44 1.2062044971003612e-16 1.4604478753542735e-32 5.989636374316e-39 2.8646953063307266e-37 1.3753879354957711e-27 2.2978506313382094e-36 3.719381693868706e-31 5.1846507411236966e-39 1.2684523804439267e-36 2.900046708691881e-41 1.8515671860133047e-30 1.4247035151139134e-37 4.982206263320652e-41 3.255312591273348e-26 1.6135814168573116e-26 56
1.0730039488280031e-47 3.989675443698991e-44 2.5235755427807643e-28 5.353805102441554e-44 1.2062044971003612e-16 1.4604478753542735e-32 5.989636374316e-39 2.8646953063307266e-37 1.3753879354957711e-27 2.2978506313382094e-36 3.719381693868706e-31 5.1846507411236966e-39 1.2684523804439267e-36 2.900046708691881e-41 1.8515671860133047e-30 1.4247035151139134e-37 4.982206263320652e-41 1.6135814168573116e-26 56
1.0730039488280031e-47 3.989675443698991e-44 1.1056916503131253e-22 5.353805102441554e-44 5.01212043961482e-34 5.572512827435339e-18 5.989636374316e-39 2.8646953063307266e-37 4.647676693592382e-18 2.2978506313382094e-36 3.2239371660440296e-15 2.7059743398863537e-07 1.2793457453479507e-09 0.003552831187961746 0.7000000000000001 2.6862962102533412e-06 0.9 0.1469334687565584 6.873795211267332e-23 55
0.007878535357551023 3.989675443698991e-44 1.1056916503131253e-22 5.353805102441554e-44 5.01212043961482e-34 5.572512827435339e-18 5.989636374316e-39 2.8646953063307266e-37 4.647676693592382e-18 4.400832001654392e-10 3.2239371660440296e-15 5.1846507411236966e-39 1.2684523804439267e-36 2.900046708691881e-41 1.8515671860133047e-30 2.6862962102533412e-06 4.982206263320652e-41 3.255312591273348e-26 6.873795211267332e-23 55
1.0730039488280031e-47 3.989675443698991e-44 1.1056916503131253e-22 7.962472973573262e-07 5.01212043961482e-34 5.572512827435339e-18 1.7598931052674677e-11 1.8170191283247445e-08 4.647676693592382e-18 2.2978506313382094e-36 3.719381693868706e-31 5.1846507411236966e-39 1.2684523804439267e-36 2.900046708691881e-41 1.8515671860133047e-30 1.4247035151139134e-37 4.982206263320652e-41 3.255312591273348e-26 6.873795211267332e-23 56
1.0730039488280031e-47 3.989675443698991e-44 2.5235755427807643e-28 5.353805102441554e-44 1.2062044971003612e-16 1.4604478753542735e-32 5.989636374316e-39 2.8646953063307266e-37 1.3753879354957711e-27 2.2978506313382094e-36 3.719381693868706e-31 5.1846507411236966e-39 1.2684523804439267e-36 2.900046708691881e-41 1.8515671860133047e-30 2.6862962102533412e-06 4.982206263320652e-41 3.255312591273348e-26 1.6135814168573116e-26 56
1.0730039488280031e-47 3.989675443698991e-44 7.962472973573262e-07 1.2062044971003612e-16 1.4604478753542735e-32 5.989636374316e-39 2.8646953063307266e-37 1.3753879354957711e-27 2.2978506313382094e-36 3.719381693868706e-31 5.1846507411236966e-39 1.2684523804439267e-36 2.900046708691881e-41 1.8515671860133047e-30 1.4247035151139134e-37 4.982206263320652e-41 3.255312591273348e-26 1.6135814168573116e-26 56
1.0730039488280031e-47 3.989675443698991e-44 1.1056916503131253e-22 7.962472973573262e-07 1.2062044971003612e-16 1.4604478753542735e-32 5.989636374316e-39 1.8170191283247445e-08 4.647676693592382e-18 2.2978506313382094e-36 3.719381693868706e-31 5.1846507411236966e-39 1.2684523804439267e-36 2.900046708691881e-41 8.332333267894659e-09 0.011552382913204571 4.982206263320652e-41 3.255312591273348e-26 6.873795211267332e-23 56
1.0730039488280031e-47 3.989675443698991e-44 2.5235755427807643e-28 5.353805102441554e-44 1.2062044971003612e-16 1.4604478753542735e-32 5.989636374316e-39 2.8646953063307266e-37 1.3753879354957711e-27 2.2978506313382094e-36 3.719381693868706e-31 5.1846507411236966e-39 1.2684523804439267e-36 2.900046708691881e-41 1.4247035151139134e-37 4.982206263320652e-41 6.873795211267332e-23 56
0.0013752836801434014 3.989675443698991e-44 1.1056916503131253e-22 5.353805102441554e-44 5.01212043961482e-34 5.572512827435339e-18 1.7598931052674677e-11 2.900046708691881e-41 1.8515671860133047e-30 0.0007710807048462666 4.982206263320652e-41 1.02 6.873795211267332e-23 55
1.0730039488280031e-47 3.989675443698991e-44 1.1056916503131253e-22 7.962472973573262e-07 1.2062044971003612e-16 1.4604478753542735e-32 5.989636374316e-39 1.8170191283247445e-08 4.647676693592382e-18 2.2978506313382094e-36 3.719381693868706e-31 5.1846507411236966e-39 1.2684523804439267e-36 2.900046708691881e-41 1.8515671860133047e-30 1.4247035151139134e-37 4.982206263320652e-41 3.255312591273348e-26 1.6135814168573116e-26 56
0.007878535357551023 3.989675443698991e-44 1.1056916503131253e-22 5.353805102441554e-44 5.01212043961482e-34 1.4604478753542735e-32 5.989636374316e-39 1.8170191283247445e-08 4.647676693592382e-18 2.2978506313382094e-36 3.719381693868706e-31 5.1846507411236966e-39 1.2684523804439267e-36 2.900046708691881e-41 1.8515671860133047e-30 1.4247035151139134e-37 4.982206263320652e-41 3.255312591273348e-26 1.6135814168573116e-26 56
0.04 3.989675443698991e-44 1.1056916503131253e-22 5.353805102441554e-44 5.01212043961482e-34 1.4604478753542735e-32 5.989636374316e-39 2.8646953063307266e-37 1.3753879354957711e-27 2.2978506313382094e-36 3.719381693868706e-31 5.1846507411236966e-39 1.2684523804439267e-36 2.900046708691881e-41 1.8515671860133047e-30 1.4247035151139134e-37 4.982206263320652e-41 3.255312591273348e-26 1.6135814168573116e-26 56
0.04 3.989675443698991e-44 1.1056916503131253e-22 5.353805102441554e-44 5.01212043961482e-34 1.4604478753542735e-32 5.989636374316e-39 2.8646953063307266e-37 1.3753879354957711e-27 2.2978506313382094e-36 3.719381693868706e-31 5.1846507411236966e-39 1.2684523804439267e-36 2.900046708691881e-41 1.8515671860133047e-30 1.4247035151139134e-37 4.982206263320652e-41 3.255312591273348e-26 1.6135814168573116e-26 56
0.007878535357551023 3.989675443698991e-44 1.1056916503131253e-22 5.353805102441554e-44 5.01212043961482e-34 5.572512827435339e-18 5.989636374316e-39 2.2978506313382094e-36 3.719381693868706e-31 5.1846507411236966e-39 1.2684523804439267e-36 2.900046708691881e-41 1.4247035151139134e-37 1.6135814168573116e-26 55
1.0730039488280031e-47 3.989675443698991e-44 1.1056916503131253e-22 5.353805102441554e-44 5.01212043961482e-34 5.572512827435339e-18 1.7598931052674677e-11 2.8646953063307266e-37 1.3753879354957711e-27 2.2978506313382094e-36 3.2239371660440296e-15 2.7059743398863537e-07 1.2684523804439267e-36 2.900046708691881e-41 8.332333267894659e-09 1.4247035151139134e-37 4.982206263320652e-41 0.96 6.873795211267332e-23 56
1.0730039488280031e-47 3.989675443698991e-44 1.1056916503131253e-22 5.353805102441554e-44 5.01212043961482e-34 5.572512827435339e-18 5.989636374316e-39 4.400832001654392e-10 3.719381693868706e-31 2.7059743398863537e-07 1.2684523804439267e-36 0.003552831187961746 1.8515671860133047e-30 1.4247035151139134e-37 4.982206263320652e-41 3.255312591273348e-26 6.873795211267332e-23 55
0.007878535357551023 3.989675443698991e-44 1.1056916503131253e-22 5.353805102441554e-44 5.01212043961482e-34 1.4604478753542735e-32 5.989636374316e-39 1.8170191283247445e-08 4.647676693592382e-18 2.2978506313382094e-36 3.719381693868706e-31 5.1846507411236966e-39 1.2684523804439267e-36 2.900046708691881e-41 1.8515671860133047e-30 1.4247035151139134e-37 4.982206263320652e-41 3.255312591273348e-26 1.6135814168573116e-26 56
1.0730039488280031e-47 3.989675443698991e-44 2.5235755427807643e-28 5.353805102441554e-44 1.2062044971003612e-16 1.4604478753542735e-32 5.989636374316e-39 2.8646953063307266e-37 1.3753879354957711e-27 2.2978506313382094e-36 3.719381693868706e-31 5.1846507411236966e-39 1.2684523804439267e-36 2.900046708691881e-41 2.6862962102533412e-06 4.982206263320652e-41 1.6135814168573116e-26 56
1.0730039488280031e-47 3.989675443698991e-44 2.5235755427807643e-28 5.353805102441554e-44 1.2062044971003612e-16 1.4604478753542735e-32 5.989636374316e-39 2.8646953063307266e-37 1.3753879354957711e-27 2.2978506313382094e-36 3.719381693868706e-31 5.1846507411236966e-39 1.2684523804439267e-36 2.900046708691881e-41 1.8515671860133047e-30 2.6862962102533412e-06 4.982206263320652e-41 3.255312591273348e-26 1.6135814168573116e-26 56
1.0730039488280031e-47 3.989675443698991e-44 1.1056916503131253e-22 5.353805102441554e-44 1.2062044971003612e-16 1.4604478753542735e-32 5.989636374316e-39 2.8646953063307266e-37 1.3753879354957711e-27 2.2978506313382094e-36 3.719381693868706e-31 5.1846507411236966e-39 1.2684523804439267e-36 2.900046708691881e-41 1.4247035151139134e-37 4.982206263320652e-41 6.873795211267332e-23 56
1.0730039488280031e-47 3.989675443698991e-44 2.5235755427807643e-28 5.353805102441554e-44 1.2062044971003612e-16 1.4604478753542735e-32 5.989636374316e-39 1.8170191283247445e-08 4.647676693592382e-18 2.2978506313382094e-36 3.2239371660440296e-15 5.1846507411236966e-39 1.2684523804439267e-36 2.900046708691881e-41 1.4247035151139134e-37 4.982206263320652e-41 6.873795211267332e-23 56
1.0730039488280031e-47 3.989675443698991e-44 2.5235755427807643e-28 5.353805102441554e-44 5.01212043961482e-34 5.572512827435339e-18 1.7598931052674677e-11 2.8646953063307266e-37 1.3753879354957711e-27 2.2978506313382094e-36 3.719381693868706e-31 5.1846507411236966e-39 1.2684523804439267e-36 2.900046708691881e-41 1.4247035151139134e-37 4.982206263320652e-41 1.6135814168573116e-26 56
1.0730039488280031e-47 4.0797125651238174e-07 2.5235755427807643e-28 7.962472973573262e-07 5.01212043961482e-34 5.572512827435339e-18 1.7598931052674677e-11 2.8646953063307266e-37 1.3753879354957711e-27 2.2978506313382094e-36 3.719381693868706e-31 5.1846507411236966e-39 1.2684523804439267e-36 2.900046708691881e-41 1.8515671860133047e-30 1.4247035151139134e-37 4.982206263320652e-41 3.255312591273348e-26 1.6135814168573116e-26 56
1.0730039488280031e-47 3.989675443698991e-44 1.1056916503131253e-22 7.962472973573262e-07 1.2062044971003612e-16 1.4604478753542735e-32 5.989636374316e-39 1.8170191283247445e-08 4.647676693592382e-18 2.2978506313382094e-36 3.719381693868706e-31 5.1846507411236966e-39 1.2684523804439267e-36 2.900046708691881e-41 8.332333267894659e-09 0.011552382913204571 4.982206263320652e-41 3.255312591273348e-26 6.873795211267332e-23 56
1.0730039488280031e-47 3.989675443698991e-44 1.1056916503131253e-22 5.353805102441554e-44 1.2062044971003612e-16 1.4604478753542735e-32 5.989636374316e-39 2.8646953063307266e-37 2.2978506313382094e-36 3.719381693868706e-31 5.1846507411236966e-39 1.2684523804439267e-36 2.900046708691881e-41 1.8515671860133047e-30 0.8 4.982206263320652e-41 6.873795211267332e-23 56
0.007878535357551023 3.989675443698991e-44 1.1056916503131253e-22 5.353805102441554e-44 5.01212043961482e-34 1.4604478753542735e-32 5.989636374316e-39 1.8170191283247445e-08 4.647676693592382e-18 4.400832001654392e-10 3.2239371660440296e-15 5.1846507411236966e-39 1.2684523804439267e-36 1.4247035151139134e-37 6.873795211267332e-23 56
1.0730039488280031e-47 3.989675443698991e-44 1.1056916503131253e-22 5.353805102441554e-44 1.2062044971003612e-16 1.4604478753542735e-32 5.989636374316e-39 2.8646953063307266e-37 1.3753879354957711e-27 2.2978506313382094e-36 3.719381693868706e-31 5.1846507411236966e-39 1.2684523804439267e-36 2.900046708691881e-41 1.8515671860133047e-30 1.4247035151139134e-37 4.982206263320652e-41 1.6135814168573116e-26 56
1.0730039488280031e-47 3.989675443698991e-44 1.1056916503131253e-22 5.353805102441554e-44 5.01212043961482e-34 5.572512827435339e-18 5.989636374316e-39 2.8646953063307266e-37 1.3753879354957711e-27 2.2978506313382094e-36 3.719381693868706e-31 5.1846507411236966e-39 1.2684523804439267e-36 2.900046708691881e-41 1.8515671860133047e-30 1.4247035151139134e-37 4.982206263320652e-41 1.6135814168573116e-26 56
1.0730039488280031e-47 3.989675443698991e-44 1.1056916503131253e-22 5.353805102441554e-44 5.01212043961482e-34 5.572512827435339e-18 1.7598931052674677e-11 2.8646953063307266e-37 4.647676693592382e-18 2.2978506313382094e-36 3.719381693868706e-31 5.1846507411236966e-39 1.2684523804439267e-36 2.900046708691881e-41 1.4247035151139134e-37 4.982206263320652e-41 3.255312591273348e-26 1.6135814168573116e-26 56
1.0730039488280031e-47 3.989675443698991e-44 2.5235755427807643e-28 5.353805102441554e-44 5.01212043961482e-34 1.4604478753542735e-32 5.989636374316e-39 2.8646953063307266e-37 1.3753879354957711e-27 4.400832001654392e-10 3.2239371660440296e-15 2.7059743398863537e-07 1.2684523804439267e-36 2.900046708691881e-41 1.8515671860133047e-30 1.4247035151139134e-37 4.982206263320652e-41 3.255312591273348e-26 6.873795211267332e-23 55
1.0730039488280031e-47 3.989675443698991e-44 1.1056916503131253e-22 7.962472973573262e-07 1.2062044971003612e-16 1.4604478753542735e-32 5.989636374316e-39 2.8646953063307266e-37 1.3753879354957711e-27 2.2978506313382094e-36 3.719381693868706e-31 5.1846507411236966e-39 1.2684523804439267e-36 2.900046708691881e-41 1.8515671860133047e-30 1.4247035151139134e-37 4.982206263320652e-41 0.96 1.6135814168573116e-26 56
0.007878535357551023 4.0797125651238174e-07 2.5235755427807643e-28 5.353805102441554e-44 5.01212043961482e-34 1.4604478753542735e-32 5.989636374316e-39 2.8646953063307266e-37 4.647676693592382e-18 2.2978506313382094e-36 3.2239371660440296e-15 5.1846507411236966e-39 1.2684523804439267e-36 2.900046708691881e-41 0.03209401480773403 1.4247035151139134e-37 0.9 1.02 1.6135814168573116e-26 56
1.0730039488280031e-47 3.989675443698991e-44 2.5235755427807643e-28 5.353805102441554e-44 5.01212043961482e-34 5.572512827435339e-18 1.7598931052674677e-11 2.8646953063307266e-37 1.3753879354957711e-27 2.2978506313382094e-36 3.2239371660440296e-15 2.7059743398863537e-07 1.2684523804439267e-36 2.900046708691881e-41 1.4247035151139134e-37 0.1319402576589504 6.873795211267332e-23 55
1.0730039488280031e-47 3.989675443698991e-44 2.5235755427807643e-28 5.353805102441554e-44 1.2062044971003612e-16 1.4604478753542735e-32 5.989636374316e-39 2.8646953063307266e-37 4.647676693592382e-18 4.400832001654392e-10 3.719381693868706e-31 5.1846507411236966e-39 1.2684523804439267e-36 2.900046708691881e-41 0.03209401480773403 1.4247035151139134e-37 4.982206263320652e-41 6.873795211267332e-23 56
1.0730039488280031e-47 3.989675443698991e-44 2.5235755427807643e-28 5.353805102441554e-44 5.01212043961482e-34 5.572512827435339e-18 1.7598931052674677e-11 1.8170191283247445e-08 4.647676693592382e-18 4.400832001654392e-10 3.2239371660440296e-15 5.1846507411236966e-39 1.2684523804439267e-36 2.900046708691881e-41 8.332333267894659e-09 1.4247035151139134e-37 4.982206263320652e-41 3.255312591273348e-26 1.6135814168573116e-26 56
0.007878535357551023 3.989675443698991e-44 1.1056916503131253e-22 5.353805102441554e-44 5.01212043961482e-34 5.572512827435339e-18 5.989636374316e-39 1.8170191283247445e-08 4.647676693592382e-18 2.2978506313382094e-36 3.2239371660440296e-15 5.1846507411236966e-39 1.2684523804439267e-36 2.900046708691881e-41 1.8515671860133047e-30 1.4247035151139134e-37 4.982206263320652e-41 6.873795211267332e-23 56
1.0730039488280031e-47 3.989675443698991e-44 2.5235755427807643e-28 5.353805102441554e-44 5.01212043961482e-34 5.572512827435339e-18 5.989636374316e-39 2.8646953063307266e-37 4.647676693592382e-18 2.2978506313382094e-36 3.719381693868706e-31 2.7059743398863537e-07 1.2793457453479507e-09 2.900046708691881e-41 1.8515671860133047e-30 1.4247035151139134e-37 0.1319402576589504 3.255312591273348e-26 6.873795211267332e-23 55
0.007878535357551023 3.989675443698991e-44 1.1056916503131253e-22 5.353805102441554e-44 5.01212043961482e-34 5.572512827435339e-18 5.989636374316e-39 2.8646953063307266e-37 4.647676693592382e-18 4.400832001654392e-10 3.2239371660440296e-15 5.1846507411236966e-39 1.2684523804439267e-36 2.900046708691881e-41 1.8515671860133047e-30 2.6862962102533412e-06 4.982206263320652e-41 3.255312591273348e-26 6.873795211267332e-23 55
1.0730039488280031e-47 4.0797125651238174e-07 2.5235755427807643e-28 7.962472973573262e-07 5.01212043961482e-34 5.572512827435339e-18 1.7598931052674677e-11 2.8646953063307266e-37 1.3753879354957711e-27 2.2978506313382094e-36 3.719381693868706e-31 5.1846507411236966e-39 1.2684523804439267e-36 2.900046708691881e-41 1.8515671860133047e-30 1.4247035151139134e-37 4.982206263320652e-41 3.255312591273348e-26 1.6135814168573116e-26 56
0.007878535357551023 3.989675443698991e-44 2.5235755427807643e-28 7.962472973573262e-07 5.01212043961482e-34 5.572512827435339e-18 5.989636374316e-39 1.8170191283247445e-08 4.647676693592382e-18 2.2978506313382094e-36 3.719381693868706e-31 5.1846507411236966e-39 1.2684523804439267e-36 2.900046708691881e-41 1.8515671860133047e-30 1.4247035151139134e-37 4.982206263320652e-41 3.255312591273348e-26 1.6135814168573116e-26 56
1.0730039488280031e-47 4.0797125651238174e-07 1.1056916503131253e-22 5.353805102441554e-44 5.01212043961482e-34 5.572512827435339e-18 5.989636374316e-39 2.8646953063307266e-37 1.3753879354957711e-27 4.400832001654392e-10 3.719381693868706e-31 5.1846507411236966e-39 1.2684523804439267e-36 2.900046708691881e-41 1.8515671860133047e-30 1.4247035151139134e-37 1.6135814168573116e-26 56
1.0730039488280031e-47 3.989675443698991e-44 1.1056916503131253e-22 7.962472973573262e-07 5.01212043961482e-34 5.572512827435339e-18 5.989636374316e-39 2.8646953063307266e-37 4.647676693592382e-18 2.2978506313382094e-36 3.719381693868706e-31 5.1846507411236966e-39 1.2684523804439267e-36 2.900046708691881e-41 0.03209401480773403 1.4247035151139134e-37 4.982206263320652e-41 3.255312591273348e-26 1.6135814168573116e-26 55
1.0730039488280031e-47 3.989675443698991e-44 1.1056916503131253e-22 7.962472973573262e-07 5.01212043961482e-34 5.572512827435339e-18 1.7598931052674677e-11 1.8170191283247445e-08 4.647676693592382e-18 2.2978506313382094e-36 3.719381693868706e-31 5.1846507411236966e-39 1.2684523804439267e-36 2.900046708691881e-41 1.8515671860133047e-30 1.4247035151139134e-37 4.982206263320652e-41 3.255312591273348e-26 6.873795211267332e-23 56
1.0730039488280031e-47 3.989675443698991e-44 1.1056916503131253e-22 5.353805102441554e-44 5.01212043961482e-34 5.572512827435339e-18 5.989636374316e-39 2.8646953063307266e-37 1.3753879354957711e-27 2.2978506313382094e-36 3.719381693868706e-31 5.1846507411236966e-39 1.2684523804439267e-36 2.900046708691881e-41 1.8515671860133047e-30 1.4247035151139134e-37 4.982206263320652e-41 3.255312591273348e-26 1.6135814168573116e-26 56
1.0730039488280031e-47 3.989675443698991e-44 2.5235755427807643e-28 5.353805102441554e-44 5.01212043961482e-34 5.572512827435339e-18 1.7598931052674677e-11 2.8646953063307266e-37 1.3753879354957711e-27 2.2978506313382094e-36 3.2239371660440296e-15 2.7059743398863537e-07 1.2684523804439267e-36 2.900046708691881e-41 1.4247035151139134e-37 0.1319402576589504 6.873795211267332e-23 55
1.0730039488280031e-47 3.989675443698991e-44 2.5235755427807643e-28 7.962472973573262e-07 5.01212043961482e-34 5.572512827435339e-18 1.7598931052674677e-11 2.8646953063307266e-37 1.3753879354957711e-27 2.2978506313382094e-36 3.2239371660440296e-15 5.1846507411236966e-39 1.2684523804439267e-36 2.900046708691881e-41 0.7000000000000001 1.4247035151139134e-37 4.982206263320652e-41 3.255312591273348e-26 1.6135814168573116e-26 56
