6.334702550660508e-05 0.022635966315920093 0.00011148656594803943 0.01769698947125088 2.1565025418080087e-05 9.10745591253466e-05 1.033727866213452e-06 6.547330326587949e-05 0.01848662032700231 2.1426112930865134e-05 3790012.4512508893 4.3444358807060815e-07 0.0005167726910139526 7.886285353268169e-05 0.0011134449394641953 0.03963645575602937 0.00013403323191002483 6.394944464303601e-07 56
6.334702550660508e-05 0.022635966315920093 3.626105227220076 0.01769698947125088 2.1565025418080087e-05 9.10745591253466e-05 1.033727866213452e-06 6.547330326587949e-05 0.002336150583426411 2.1426112930865134e-05 2.1818692991890675e-09 4.3444358807060815e-07 0.0005167726910139526 7.886285353268169e-05 0.0011134449394641953 0.03963645575602937 0.00013403323191002483 0.96 6563.4379895301145 56
6.334702550660508e-05 0.022635966315920093 3.626105227220076 0.01769698947125088 2.1565025418080087e-05 9.10745591253466e-05 1.033727866213452e-06 6.547330326587949e-05 0.002336150583426411 2.1426112930865134e-05 2.1818692991890675e-09 4.3444358807060815e-07 0.0005167726910139526 7.886285353268169e-05 6.394944464303601e-07 56
6.334702550660508e-05 0.022635966315920093 3.626105227220076 0.01769698947125088 2.1565025418080087e-05 9.10745591253466e-05 1.033727866213452e-06 6.547330326587949e-05 0.002336150583426411 2.1426112930865134e-05 2.1818692991890675e-09 4.3444358807060815e-07 0.0005167726910139526 7.886285353268169e-05 0.03963645575602937 0.00013403323191002483 6.394944464303601e-07 56
0.02550376151973119 0.022635966315920093 3.626105227220076 0.01769698947125088 10.608968460232564 3.3815884498958724 1.033727866213452e-06 6.547330326587949e-05 0.01848662032700231 325.4807027473994 3790012.4512508893 22270.08312345966 0.0005167726910139526 7.886285353268169e-05 0.06144005726766373 0.03963645575602937 0.00013403323191002483 0.0009204424463436278 6563.4379895301145 56
6.334702550660508e-05 0.022635966315920093 0.00011148656594803943 0.01769698947125088 10.608968460232564 3.3815884498958724 385.8879477035903 6.547330326587949e-05 0.002336150583426411 2.1426112930865134e-05 2.1818692991890675e-09 4.3444358807060815e-07 0.0005167726910139526 7.886285353268169e-05 2.2906065013516703 6563.4379895301145 56
6.334702550660508e-05 0.022635966315920093 3.626105227220076 0.009115737843426727 10.608968460232564 9.10745591253466e-05 1.033727866213452e-06 6.547330326587949e-05 0.01848662032700231 325.4807027473994 2.1818692991890675e-09 4.3444358807060815e-07 0.0005167726910139526 7.886285353268169e-05 0.0011134449394641953 0.03963645575602937 0.00013403323191002483 0.0009204424463436278 6.394944464303601e-07 56
6.334702550660508e-05 0.022635966315920093 0.00011148656594803943 0.009115737843426727 2.1565025418080087e-05 9.10745591253466e-05 1.033727866213452e-06 6.547330326587949e-05 0.002336150583426411 2.1426112930865134e-05 2.1818692991890675e-09 4.3444358807060815e-07 0.0005167726910139526 7.886285353268169e-05 0.0011134449394641953 0.03963645575602937 0.00013403323191002483 0.96 6.394944464303601e-07 56
6.334702550660508e-05 0.022635966315920093 3.626105227220076 0.01769698947125088 10.608968460232564 9.10745591253466e-05 1.033727866213452e-06 0.14029397084576184 0.01848662032700231 2.1426112930865134e-05 2.1818692991890675e-09 4.3444358807060815e-07 0.0005167726910139526 6.926822601290449 0.0011134449394641953 0.03963645575602937 0.00013403323191002483 6563.4379895301145 56
6.334702550660508e-05 0.002721126837876826 0.00011148656594803943 0.01769698947125088 10.608968460232564 3.3815884498958724 385.8879477035903 0.14029397084576184 0.01848662032700231 325.4807027473994 3790012.4512508893 4.3444358807060815e-07 0.0005167726910139526 7.886285353268169e-05 11.795418871569048 0.03963645575602937 0.00013403323191002483 6.394944464303601e-07 56
6.334702550660508e-05 0.022635966315920093 3.626105227220076 0.01769698947125088 10.608968460232564 3.3815884498958724 385.8879477035903 7.886285353268169e-05 0.0011134449394641953 2.2906065013516703 0.00013403323191002483 6.394944464303601e-07 56
6.334702550660508e-05 0.002721126837876826 0.00011148656594803943 0.01769698947125088 2.1565025418080087e-05 9.10745591253466e-05 1.033727866213452e-06 6.547330326587949e-05 0.01848662032700231 2.1426112930865134e-05 2.1818692991890675e-09 4.3444358807060815e-07 0.0005167726910139526 7.886285353268169e-05 11.795418871569048 0.03963645575602937 0.00013403323191002483 0.0009204424463436278 6.394944464303601e-07 56
6.334702550660508e-05 0.022635966315920093 3.626105227220076 0.01769698947125088 2.1565025418080087e-05 9.10745591253466e-05 1.033727866213452e-06 6.547330326587949e-05 0.002336150583426411 2.1426112930865134e-05 2.1818692991890675e-09 4.3444358807060815e-07 0.0005167726910139526 7.886285353268169e-05 0.0011134449394641953 0.03963645575602937 0.00013403323191002483 6.394944464303601e-07 56
0.10893045418895836 0.022635966315920093 0.00011148656594803943 0.01769698947125088 10.608968460232564 3.3815884498958724 385.8879477035903 0.14029397084576184 0.01848662032700231 2.1426112930865134e-05 3790012.4512508893 4.3444358807060815e-07 0.0005167726910139526 6.926822601290449 0.0011134449394641953 0.20895755428179455 0.00013403323191002483 6563.4379895301145 55
6.334702550660508e-05 0.022635966315920093 0.00011148656594803943 0.01769698947125088 2.1565025418080087e-05 9.10745591253466e-05 1.033727866213452e-06 6.547330326587949e-05 0.002336150583426411 2.1426112930865134e-05 2.1818692991890675e-09 4.3444358807060815e-07 0.0005167726910139526 7.886285353268169e-05 0.0011134449394641953 0.03963645575602937 0.00013403323191002483 0.0009204424463436278 6.394944464303601e-07 56
6.334702550660508e-05 0.022635966315920093 0.00011148656594803943 0.01769698947125088 10.608968460232564 3.3815884498958724 385.8879477035903 0.14029397084576184 0.01848662032700231 2.1426112930865134e-05 2.1818692991890675e-09 4.3444358807060815e-07 0.0005167726910139526 7.886285353268169e-05 0.0011134449394641953 0.03963645575602937 0.00013403323191002483 0.0009204424463436278 6563.4379895301145 56
6.334702550660508e-05 0.022635966315920093 3.626105227220076 0.01769698947125088 2.1565025418080087e-05 9.10745591253466e-05 1.033727866213452e-06 6.547330326587949e-05 0.002336150583426411 2.1426112930865134e-05 2.1818692991890675e-09 4.3444358807060815e-07 0.0005167726910139526 7.886285353268169e-05 0.0011134449394641953 0.03963645575602937 0.00013403323191002483 6563.4379895301145 56
6.334702550660508e-05 0.022635966315920093 0.00011148656594803943 0.01769698947125088 10.608968460232564 3.3815884498958724 385.8879477035903 6.547330326587949e-05 0.01848662032700231 2.1426112930865134e-05 2.1818692991890675e-09 4.3444358807060815e-07 0.0005167726910139526 7.886285353268169e-05 0.0011134449394641953 0.03963645575602937 0.00013403323191002483 0.0009204424463436278 6.394944464303601e-07 56
6.334702550660508e-05 0.022635966315920093 0.00011148656594803943 0.01769698947125088 10.608968460232564 3.3815884498958724 1.033727866213452e-06 0.14029397084576184 0.01848662032700231 2.1426112930865134e-05 3790012.4512508893 4.3444358807060815e-07 0.0005167726910139526 6.926822601290449 0.0011134449394641953 0.03963645575602937 0.00013403323191002483 6563.4379895301145 56
6.334702550660508e-05 0.002721126837876826 0.00011148656594803943 0.01769698947125088 10.608968460232564 9.10745591253466e-05 1.033727866213452e-06 6.547330326587949e-05 0.002336150583426411 325.4807027473994 3790012.4512508893 4.3444358807060815e-07 21.65581794869765 7.886285353268169e-05 0.0011134449394641953 0.03963645575602937 0.00013403323191002483 0.0009204424463436278 6563.4379895301145 56
6.334702550660508e-05 0.022635966315920093 3.626105227220076 0.01769698947125088 2.1565025418080087e-05 9.10745591253466e-05 1.033727866213452e-06 6.547330326587949e-05 0.01848662032700231 2.1426112930865134e-05 3790012.4512508893 4.3444358807060815e-07 21.65581794869765 7.886285353268169e-05 11.795418871569048 0.03963645575602937 0.00013403323191002483 0.0009204424463436278 6563.4379895301145 56
6.334702550660508e-05 0.022635966315920093 3.626105227220076 0.01769698947125088 2.1565025418080087e-05 9.10745591253466e-05 1.033727866213452e-06 6.547330326587949e-05 0.002336150583426411 2.1426112930865134e-05 2.1818692991890675e-09 4.3444358807060815e-07 0.0005167726910139526 7.886285353268169e-05 0.0011134449394641953 0.03963645575602937 0.00013403323191002483 0.0009204424463436278 6.394944464303601e-07 56
0.02550376151973119 0.022635966315920093 3.626105227220076 0.01769698947125088 10.608968460232564 9.10745591253466e-05 1.033727866213452e-06 6.547330326587949e-05 0.002336150583426411 2.1426112930865134e-05 2.1818692991890675e-09 4.3444358807060815e-07 0.0005167726910139526 7.886285353268169e-05 0.0011134449394641953 0.03963645575602937 0.00013403323191002483 6.394944464303601e-07 56
6.334702550660508e-05 0.022635966315920093 3.626105227220076 0.01769698947125088 2.1565025418080087e-05 9.10745591253466e-05 1.033727866213452e-06 6.547330326587949e-05 0.002336150583426411 2.1426112930865134e-05 2.1818692991890675e-09 4.3444358807060815e-07 0.0005167726910139526 7.886285353268169e-05 0.0011134449394641953 0.05594355122339352 0.00013403323191002483 0.0009204424463436278 6.394944464303601e-07 56
6.334702550660508e-05 0.022635966315920093 3.626105227220076 0.01769698947125088 10.608968460232564 9.10745591253466e-05 1.033727866213452e-06 6.547330326587949e-05 0.002336150583426411 2.1426112930865134e-05 2.1818692991890675e-09 4.3444358807060815e-07 0.0005167726910139526 7.886285353268169e-05 0.0011134449394641953 0.03963645575602937 0.00013403323191002483 0.0009204424463436278 6.394944464303601e-07 56
6.334702550660508e-05 0.022635966315920093 3.626105227220076 0.01769698947125088 2.1565025418080087e-05 9.10745591253466e-05 1.033727866213452e-06 6.547330326587949e-05 0.002336150583426411 2.1426112930865134e-05 2.1818692991890675e-09 4.3444358807060815e-07 0.0005167726910139526 7.886285353268169e-05 6.394944464303601e-07 56
6.334702550660508e-05 0.022635966315920093 0.00011148656594803943 0.01769698947125088 2.1565025418080087e-05 9.10745591253466e-05 1.033727866213452e-06 6.547330326587949e-05 0.01848662032700231 2.1426112930865134e-05 2.1818692991890675e-09 4.3444358807060815e-07 0.0005167726910139526 7.886285353268169e-05 0.06144005726766373 0.03963645575602937 0.00013403323191002483 0.0009204424463436278 6563.4379895301145 55
6.334702550660508e-05 0.022635966315920093 0.00011148656594803943 0.01769698947125088 10.608968460232564 3.3815884498958724 385.8879477035903 6.547330326587949e-05 0.01848662032700231 2.1426112930865134e-05 2.1818692991890675e-09 4.3444358807060815e-07 0.0005167726910139526 7.886285353268169e-05 0.0011134449394641953 0.03963645575602937 0.00013403323191002483 0.0009204424463436278 6.394944464303601e-07 56
0.02550376151973119 0.022635966315920093 0.00011148656594803943 0.01769698947125088 10.608968460232564 9.10745591253466e-05 1.033727866213452e-06 0.14029397084576184 0.01848662032700231 2.1426112930865134e-05 2.1818692991890675e-09 4.3444358807060815e-07 0.0005167726910139526 7.886285353268169e-05 0.0011134449394641953 0.03963645575602937 0.00013403323191002483 0.0009204424463436278 6.394944464303601e-07 56
6.334702550660508e-05 0.022635966315920093 3.626105227220076 0.01769698947125088 2.1565025418080087e-05 9.10745591253466e-05 1.033727866213452e-06 6.547330326587949e-05 0.01848662032700231 325.4807027473994 2.1818692991890675e-09 4.3444358807060815e-07 0.0005167726910139526 7.886285353268169e-05 0.06144005726766373 0.03963645575602937 0.00013403323191002483 6563.4379895301145 56
6.334702550660508e-05 0.022635966315920093 0.00011148656594803943 0.009115737843426727 10.608968460232564 3.3815884498958724 1.033727866213452e-06 6.547330326587949e-05 0.002336150583426411 2.1426112930865134e-05 2.1818692991890675e-09 4.3444358807060815e-07 0.0005167726910139526 7.886285353268169e-05 0.0011134449394641953 0.03963645575602937 0.00013403323191002483 0.0009204424463436278 6.394944464303601e-07 56
6.334702550660508e-05 0.022635966315920093 0.00011148656594803943 0.01769698947125088 10.608968460232564 3.3815884498958724 385.8879477035903 0.14029397084576184 0.01848662032700231 2.1426112930865134e-05 3790012.4512508893 4.3444358807060815e-07 21.65581794869765 7.886285353268169e-05 0.06144005726766373 0.03963645575602937 6.386907319495734 6563.4379895301145 56
6.334702550660508e-05 0.002721126837876826 3.626105227220076 0.01769698947125088 10.608968460232564 3.3815884498958724 1.033727866213452e-06 6.547330326587949e-05 0.01848662032700231 2.1426112930865134e-05 2.1818692991890675e-09 4.3444358807060815e-07 0.0005167726910139526 7.886285353268169e-05 0.06144005726766373 2.2906065013516703 0.00013403323191002483 0.0009204424463436278 6.394944464303601e-07 56
6.334702550660508e-05 0.022635966315920093 0.00011148656594803943 0.01769698947125088 2.1565025418080087e-05 9.10745591253466e-05 1.033727866213452e-06 6.547330326587949e-05 0.002336150583426411 2.1426112930865134e-05 2.1818692991890675e-09 4.3444358807060815e-07 0.0005167726910139526 7.886285353268169e-05 0.03963645575602937 0.00013403323191002483 6563.4379895301145 56
6.334702550660508e-05 0.002721126837876826 0.00011148656594803943 0.01769698947125088 2.1565025418080087e-05 9.10745591253466e-05 1.033727866213452e-06 0.14029397084576184 0.002336150583426411 2.1426112930865134e-05 2.1818692991890675e-09 4.3444358807060815e-07 0.0005167726910139526 7.886285353268169e-05 0.0011134449394641953 0.03963645575602937 0.00013403323191002483 6.394944464303601e-07 56
6.334702550660508e-05 0.022635966315920093 0.00011148656594803943 0.01769698947125088 10.608968460232564 3.3815884498958724 1.033727866213452e-06 325.4807027473994 2.1818692991890675e-09 22270.08312345966 0.0005167726910139526 1.797352494117813 0.0011134449394641953 0.03963645575602937 0.00013403323191002483 0.0009204424463436278 6563.4379895301145 55
6.334702550660508e-05 0.022635966315920093 0.00011148656594803943 0.01769698947125088 10.608968460232564 3.3815884498958724 1.033727866213452e-06 6.547330326587949e-05 0.002336150583426411 2.1426112930865134e-05 2.1818692991890675e-09 22270.08312345966 0.0005167726910139526 7.886285353268169e-05 0.0011134449394641953 0.03963645575602937 0.00013403323191002483 136.0455531156207 6563.4379895301145 55
6.334702550660508e-05 0.022635966315920093 0.00011148656594803943 0.01769698947125088 6.394944464303601e-07 56
6.334702550660508e-05 0.022635966315920093 3.626105227220076 0.01769698947125088 2.1565025418080087e-05 9.10745591253466e-05 1.033727866213452e-06 6.547330326587949e-05 0.002336150583426411 2.1426112930865134e-05 2.1818692991890675e-09 4.3444358807060815e-07 0.0005167726910139526 7.886285353268169e-05 0.0011134449394641953 0.03963645575602937 0.00013403323191002483 0.96 6563.4379895301145 56
6.334702550660508e-05 0.022635966315920093 3.626105227220076 0.009115737843426727 2.1565025418080087e-05 9.10745591253466e-05 1.033727866213452e-06 6.547330326587949e-05 0.002336150583426411 2.1426112930865134e-05 2.1818692991890675e-09 4.3444358807060815e-07 0.0005167726910139526 7.886285353268169e-05 0.0011134449394641953 0.03963645575602937 0.00013403323191002483 0.0009204424463436278 6563.4379895301145 56
6.334702550660508e-05 0.022635966315920093 3.626105227220076 0.01769698947125088 2.1565025418080087e-05 9.10745591253466e-05 1.033727866213452e-06 6.547330326587949e-05 0.002336150583426411 2.1426112930865134e-05 2.1818692991890675e-09 4.3444358807060815e-07 0.0005167726910139526 7.886285353268169e-05 0.0011134449394641953 0.03963645575602937 0.00013403323191002483 0.0009204424463436278 6563.4379895301145 56
6.334702550660508e-05 0.022635966315920093 3.626105227220076 0.01769698947125088 2.1565025418080087e-05 9.10745591253466e-05 1.033727866213452e-06 6.547330326587949e-05 0.01848662032700231 2.1426112930865134e-05 3790012.4512508893 4.3444358807060815e-07 21.65581794869765 7.886285353268169e-05 11.795418871569048 0.03963645575602937 0.00013403323191002483 0.0009204424463436278 6563.4379895301145 56
6.334702550660508e-05 0.022635966315920093 0.00011148656594803943 0.009115737843426727 10.608968460232564 3.3815884498958724 1.033727866213452e-06 6.547330326587949e-05 0.01848662032700231 2.1426112930865134e-05 2.1818692991890675e-09 4.3444358807060815e-07 0.0005167726910139526 7.886285353268169e-05 0.06144005726766373 0.03963645575602937 0.00013403323191002483 0.0009204424463436278 6.394944464303601e-07 55
6.334702550660508e-05 0.022635966315920093 3.626105227220076 0.01769698947125088 2.1565025418080087e-05 9.10745591253466e-05 1.033727866213452e-06 6.547330326587949e-05 0.01848662032700231 325.4807027473994 3790012.4512508893 4.3444358807060815e-07 0.0005167726910139526 7.886285353268169e-05 0.0011134449394641953 0.03963645575602937 0.00013403323191002483 0.0009204424463436278 6563.4379895301145 56
6.334702550660508e-05 0.022635966315920093 0.00011148656594803943 0.01769698947125088 10.608968460232564 3.3815884498958724 385.8879477035903 6.547330326587949e-05 0.01848662032700231 2.1426112930865134e-05 2.1818692991890675e-09 4.3444358807060815e-07 0.0005167726910139526 7.886285353268169e-05 0.0011134449394641953 0.03963645575602937 0.00013403323191002483 0.0009204424463436278 6.394944464303601e-07 56
6.334702550660508e-05 0.022635966315920093 0.00011148656594803943 0.01769698947125088 10.608968460232564 3.3815884498958724 385.8879477035903 6.547330326587949e-05 0.002336150583426411 2.1426112930865134e-05 2.1818692991890675e-09 22270.08312345966 0.0005167726910139526 7.886285353268169e-05 0.0011134449394641953 0.03963645575602937 0.00013403323191002483 0.0009204424463436278 6.394944464303601e-07 56
6.334702550660508e-05 0.022635966315920093 0.00011148656594803943 0.01769698947125088 10.608968460232564 3.3815884498958724 385.8879477035903 6.547330326587949e-05 0.01848662032700231 2.1426112930865134e-05 2.1818692991890675e-09 4.3444358807060815e-07 0.0005167726910139526 7.886285353268169e-05 0.0011134449394641953 0.03963645575602937 0.00013403323191002483 0.0009204424463436278 6.394944464303601e-07 56
6.334702550660508e-05 0.022635966315920093 0.00011148656594803943 0.01769698947125088 2.1565025418080087e-05 9.10745591253466e-05 1.033727866213452e-06 6.547330326587949e-05 0.002336150583426411 325.4807027473994 2.1818692991890675e-09 4.3444358807060815e-07 0.0005167726910139526 7.886285353268169e-05 0.0011134449394641953 0.03963645575602937 0.00013403323191002483 0.0009204424463436278 6.394944464303601e-07 56
6.334702550660508e-05 0.022635966315920093 0.00011148656594803943 0.009115737843426727 2.1565025418080087e-05 9.10745591253466e-05 1.033727866213452e-06 0.14029397084576184 0.01848662032700231 2.1426112930865134e-05 2.1818692991890675e-09 4.3444358807060815e-07 0.0005167726910139526 7.886285353268169e-05 0.0011134449394641953 0.03963645575602937 0.00013403323191002483 0.0009204424463436278 6.394944464303601e-07 56
6.334702550660508e-05 0.022635966315920093 0.00011148656594803943 0.01769698947125088 2.1565025418080087e-05 9.10745591253466e-05 1.033727866213452e-06 6.547330326587949e-05 0.002336150583426411 2.1426112930865134e-05 2.1818692991890675e-09 4.3444358807060815e-07 0.0005167726910139526 7.886285353268169e-05 0.0011134449394641953 0.03963645575602937 0.00013403323191002483 0.0009204424463436278 6.394944464303601e-07 56
0.02550376151973119 0.022635966315920093 0.00011148656594803943 0.01769698947125088 10.608968460232564 3.3815884498958724 1.033727866213452e-06 0.14029397084576184 0.01848662032700231 2.1426112930865134e-05 3790012.4512508893 4.3444358807060815e-07 0.0005167726910139526 7.886285353268169e-05 0.0011134449394641953 0.03963645575602937 0.00013403323191002483 6563.4379895301145 56
6.334702550660508e-05 0.022635966315920093 0.00011148656594803943 0.01769698947125088 10.608968460232564 9.10745591253466e-05 1.033727866213452e-06 0.14029397084576184 0.002336150583426411 2.1426112930865134e-05 2.1818692991890675e-09 4.3444358807060815e-07 0.0005167726910139526 7.886285353268169e-05 11.795418871569048 0.03963645575602937 0.00013403323191002483 6.394944464303601e-07 56
6.334702550660508e-05 0.022635966315920093 3.626105227220076 0.01769698947125088 2.1565025418080087e-05 9.10745591253466e-05 1.033727866213452e-06 6.547330326587949e-05 0.002336150583426411 2.1426112930865134e-05 2.1818692991890675e-09 4.3444358807060815e-07 0.0005167726910139526 7.886285353268169e-05 0.0011134449394641953 0.03963645575602937 0.00013403323191002483 6.394944464303601e-07 56
6.334702550660508e-05 0.022635966315920093 0.00011148656594803943 0.009115737843426727 2.1565025418080087e-05 9.10745591253466e-05 1.033727866213452e-06 6.547330326587949e-05 0.002336150583426411 2.1426112930865134e-05 2.1818692991890675e-09 4.3444358807060815e-07 0.0005167726910139526 7.886285353268169e-05 0.0011134449394641953 0.03963645575602937 0.00013403323191002483 0.96 6.394944464303601e-07 56
6.334702550660508e-05 0.002721126837876826 0.00011148656594803943 0.009115737843426727 2.1565025418080087e-05 9.10745591253466e-05 1.033727866213452e-06 6.547330326587949e-05 0.01848662032700231 2.1426112930865134e-05 2.1818692991890675e-09 4.3444358807060815e-07 0.0005167726910139526 7.886285353268169e-05 0.0011134449394641953 0.03963645575602937 0.00013403323191002483 0.0009204424463436278 6.394944464303601e-07 56
6.334702550660508e-05 0.022635966315920093 0.00011148656594803943 0.01769698947125088 10.608968460232564 3.3815884498958724 385.8879477035903 6.547330326587949e-05 0.01848662032700231 325.4807027473994 3790012.4512508893 4.3444358807060815e-07 21.65581794869765 1.797352494117813 0.06144005726766373 2.2906065013516703 0.00013403323191002483 0.0009204424463436278 6563.4379895301145 56
6.334702550660508e-05 0.022635966315920093 0.00011148656594803943 0.01769698947125088 10.608968460232564 9.10745591253466e-05 385.8879477035903 6.547330326587949e-05 0.002336150583426411 325.4807027473994 3790012.4512508893 4.3444358807060815e-07 0.0005167726910139526 6.394944464303601e-07 55
6.334702550660508e-05 0.022635966315920093 3.626105227220076 0.01769698947125088 2.1565025418080087e-05 9.10745591253466e-05 1.033727866213452e-06 6.547330326587949e-05 0.002336150583426411 325.4807027473994 2.1818692991890675e-09 4.3444358807060815e-07 0.0005167726910139526 7.886285353268169e-05 0.0011134449394641953 0.03963645575602937 6563.4379895301145 56
0.02550376151973119 0.022635966315920093 0.00011148656594803943 0.01769698947125088 10.608968460232564 3.3815884498958724 1.033727866213452e-06 6.547330326587949e-05 0.01848662032700231 325.4807027473994 3790012.4512508893 4.3444358807060815e-07 0.0005167726910139526 7.886285353268169e-05 0.0011134449394641953 0.05594355122339352 0.00013403323191002483 0.0009204424463436278 6563.4379895301145 55
0.02550376151973119 0.022635966315920093 3.626105227220076 0.009115737843426727 10.608968460232564 3.3815884498958724 1.033727866213452e-06 0.14029397084576184 0.01848662032700231 2.1426112930865134e-05 2.1818692991890675e-09 4.3444358807060815e-07 0.0005167726910139526 7.886285353268169e-05 0.0011134449394641953 0.03963645575602937 0.00013403323191002483 0.0009204424463436278 6.394944464303601e-07 56
6.334702550660508e-05 0.022635966315920093 0.00011148656594803943 0.01769698947125088 10.608968460232564 9.10745591253466e-05 1.033727866213452e-06 6.547330326587949e-05 0.002336150583426411 2.1426112930865134e-05 2.1818692991890675e-09 4.3444358807060815e-07 0.0005167726910139526 7.886285353268169e-05 0.0011134449394641953 0.05594355122339352 0.00013403323191002483 0.0009204424463436278 6563.4379895301145 56
6.334702550660508e-05 0.022635966315920093 0.00011148656594803943 0.01769698947125088 10.608968460232564 3.3815884498958724 385.8879477035903 6.547330326587949e-05 0.002336150583426411 325.4807027473994 3790012.4512508893 4.3444358807060815e-07 21.65581794869765 1.797352494117813 0.03963645575602937 0.00013403323191002483 6563.4379895301145 55
6.334702550660508e-05 0.002721126837876826 0.00011148656594803943 0.01769698947125088 2.1565025418080087e-05 9.10745591253466e-05 1.033727866213452e-06 6.547330326587949e-05 0.01848662032700231 2.1426112930865134e-05 2.1818692991890675e-09 4.3444358807060815e-07 0.0005167726910139526 7.886285353268169e-05 11.795418871569048 0.03963645575602937 0.00013403323191002483 0.0009204424463436278 6.394944464303601e-07 56
6.334702550660508e-05 0.022635966315920093 0.00011148656594803943 0.01769698947125088 2.1565025418080087e-05 9.10745591253466e-05 1.033727866213452e-06 6.547330326587949e-05 0.002336150583426411 2.1426112930865134e-05 2.1818692991890675e-09 4.3444358807060815e-07 0.0005167726910139526 7.886285353268169e-05 0.03963645575602937 0.00013403323191002483 6563.4379895301145 56
0.10893045418895836 0.022635966315920093 0.00011148656594803943 0.01769698947125088 10.608968460232564 9.10745591253466e-05 1.033727866213452e-06 6.547330326587949e-05 0.002336150583426411 2.1426112930865134e-05 2.1818692991890675e-09 4.3444358807060815e-07 0.0005167726910139526 7.886285353268169e-05 0.0011134449394641953 0.03963645575602937 0.00013403323191002483 0.0009204424463436278 6.394944464303601e-07 56
6.334702550660508e-05 0.022635966315920093 0.00011148656594803943 0.01769698947125088 10.608968460232564 3.3815884498958724 385.8879477035903 6.547330326587949e-05 0.002336150583426411 325.4807027473994 3790012.4512508893 4.3444358807060815e-07 21.65581794869765 1.797352494117813 0.03963645575602937 0.00013403323191002483 6563.4379895301145 55
6.334702550660508e-05 0.022635966315920093 0.00011148656594803943 0.01769698947125088 10.608968460232564 3.3815884498958724 1.033727866213452e-06 0.14029397084576184 0.01848662032700231 2.1426112930865134e-05 3790012.4512508893 4.3444358807060815e-07 0.0005167726910139526 0.39327574622649886 11.795418871569048 0.05594355122339352 6.394944464303601e-07 55
6.334702550660508e-05 0.022635966315920093 0.00011148656594803943 0.01769698947125088 10.608968460232564 3.3815884498958724 385.8879477035903 6.547330326587949e-05 0.002336150583426411 2.1426112930865134e-05 2.1818692991890675e-09 4.3444358807060815e-07 0.0005167726910139526 7.886285353268169e-05 0.0011134449394641953 0.03963645575602937 6.394944464303601e-07 56
6.334702550660508e-05 0.022635966315920093 3.626105227220076 0.01769698947125088 2.1565025418080087e-05 9.10745591253466e-05 1.033727866213452e-06 6.547330326587949e-05 0.01848662032700231 325.4807027473994 2.1818692991890675e-09 4.3444358807060815e-07 0.0005167726910139526 7.886285353268169e-05 0.06144005726766373 0.03963645575602937 0.00013403323191002483 6563.4379895301145 56
6.334702550660508e-05 0.022635966315920093 3.626105227220076 0.009115737843426727 10.608968460232564 9.10745591253466e-05 1.033727866213452e-06 6.547330326587949e-05 0.01848662032700231 2.1426112930865134e-05 2.1818692991890675e-09 4.3444358807060815e-07 0.0005167726910139526 7.886285353268169e-05 0.0011134449394641953 0.03963645575602937 0.00013403323191002483 0.0009204424463436278 6.394944464303601e-07 56
6.334702550660508e-05 0.022635966315920093 0.00011148656594803943 0.01769698947125088 10.608968460232564 3.3815884498958724 385.8879477035903 6.547330326587949e-05 0.01848662032700231 325.4807027473994 3790012.4512508893 4.3444358807060815e-07 21.65581794869765 1.797352494117813 0.06144005726766373 2.2906065013516703 0.00013403323191002483 0.0009204424463436278 6563.4379895301145 56
6.334702550660508e-05 0.022635966315920093 3.626105227220076 0.01769698947125088 2.1565025418080087e-05 9.10745591253466e-05 1.033727866213452e-06 6.547330326587949e-05 0.002336150583426411 2.1426112930865134e-05 2.1818692991890675e-09 4.3444358807060815e-07 0.0005167726910139526 7.886285353268169e-05 0.0011134449394641953 0.03963645575602937 0.00013403323191002483 0.0009204424463436278 6.394944464303601e-07 56
6.334702550660508e-05 0.022635966315920093 3.626105227220076 0.01769698947125088 10.608968460232564 9.10745591253466e-05 1.033727866213452e-06 6.547330326587949e-05 0.01848662032700231 325.4807027473994 3790012.4512508893 4.3444358807060815e-07 21.65581794869765 1.797352494117813 0.0011134449394641953 0.03963645575602937 0.00013403323191002483 6563.4379895301145 55
6.334702550660508e-05 0.022635966315920093 0.00011148656594803943 0.01769698947125088 10.608968460232564 3.3815884498958724 385.8879477035903 6.547330326587949e-05 0.01848662032700231 2.1426112930865134e-05 2.1818692991890675e-09 4.3444358807060815e-07 0.0005167726910139526 7.886285353268169e-05 0.03963645575602937 0.00013403323191002483 0.0009204424463436278 6.394944464303601e-07 56
6.334702550660508e-05 0.022635966315920093 3.626105227220076 0.01769698947125088 2.1565025418080087e-05 9.10745591253466e-05 1.033727866213452e-06 2.1426112930865134e-05 2.1818692991890675e-09 4.3444358807060815e-07 0.0005167726910139526 7.886285353268169e-05 0.03963645575602937 0.00013403323191002483 6563.4379895301145 56
6.334702550660508e-05 0.022635966315920093 3.626105227220076 0.01769698947125088 10.608968460232564 9.10745591253466e-05 1.033727866213452e-06 6.547330326587949e-05 0.01848662032700231 325.4807027473994 3790012.4512508893 4.3444358807060815e-07 21.65581794869765 1.797352494117813 0.0011134449394641953 0.03963645575602937 0.00013403323191002483 6563.4379895301145 55
6.334702550660508e-05 0.022635966315920093 3.626105227220076 0.01769698947125088 2.1565025418080087e-05 9.10745591253466e-05 1.033727866213452e-06 6.547330326587949e-05 0.002336150583426411 2.1426112930865134e-05 2.1818692991890675e-09 4.3444358807060815e-07 0.0005167726910139526 7.886285353268169e-05 0.0011134449394641953 0.03963645575602937 0.00013403323191002483 0.0009204424463436278 6.394944464303601e-07 56
6.334702550660508e-05 0.022635966315920093 3.626105227220076 0.01769698947125088 2.1565025418080087e-05 9.10745591253466e-05 1.033727866213452e-06 6.547330326587949e-05 0.002336150583426411 2.1426112930865134e-05 2.1818692991890675e-09 4.3444358807060815e-07 0.0005167726910139526 7.886285353268169e-05 0.03963645575602937 0.00013403323191002483 6.394944464303601e-07 56
6.334702550660508e-05 0.022635966315920093 3.626105227220076 0.01769698947125088 2.1565025418080087e-05 9.10745591253466e-05 1.033727866213452e-06 6.547330326587949e-05 0.002336150583426411 2.1426112930865134e-05 2.1818692991890675e-09 4.3444358807060815e-07 0.0005167726910139526 7.886285353268169e-05 0.0011134449394641953 0.03963645575602937 0.00013403323191002483 0.0009204424463436278 6.394944464303601e-07 56
6.334702550660508e-05 0.022635966315920093 3.626105227220076 0.01769698947125088 2.1565025418080087e-05 9.10745591253466e-05 1.033727866213452e-06 6.547330326587949e-05 0.002336150583426411 2.1426112930865134e-05 2.1818692991890675e-09 4.3444358807060815e-07 0.0005167726910139526 7.886285353268169e-05 0.03963645575602937 0.00013403323191002483 6.394944464303601e-07 56
6.334702550660508e-05 0.022635966315920093 3.626105227220076 0.01769698947125088 2.1565025418080087e-05 9.10745591253466e-05 1.033727866213452e-06 6.547330326587949e-05 0.002336150583426411 2.1426112930865134e-05 2.1818692991890675e-09 4.3444358807060815e-07 0.0005167726910139526 7.886285353268169e-05 0.03963645575602937 6563.4379895301145 56
6.334702550660508e-05 0.022635966315920093 3.626105227220076 0.009115737843426727 2.1565025418080087e-05 9.10745591253466e-05 1.033727866213452e-06 6.547330326587949e-05 0.002336150583426411 2.1426112930865134e-05 2.1818692991890675e-09 4.3444358807060815e-07 0.0005167726910139526 7.886285353268169e-05 0.0011134449394641953 0.03963645575602937 0.00013403323191002483 0.0009204424463436278 6563.4379895301145 56
6.334702550660508e-05 0.022635966315920093 3.626105227220076 0.01769698947125088 2.1565025418080087e-05 9.10745591253466e-05 1.033727866213452e-06 6.547330326587949e-05 0.002336150583426411 2.1426112930865134e-05 2.1818692991890675e-09 4.3444358807060815e-07 0.0005167726910139526 7.886285353268169e-05 0.0011134449394641953 0.03963645575602937 0.00013403323191002483 0.0009204424463436278 6.394944464303601e-07 56
6.334702550660508e-05 0.022635966315920093 0.00011148656594803943 0.01769698947125088 10.608968460232564 3.3815884498958724 1.033727866213452e-06 6.547330326587949e-05 0.002336150583426411 325.4807027473994 2.1818692991890675e-09 4.3444358807060815e-07 21.65581794869765 7.886285353268169e-05 11.795418871569048 0.03963645575602937 0.0009204424463436278 6563.4379895301145 55
6.334702550660508e-05 0.022635966315920093 3.626105227220076 0.01769698947125088 2.1565025418080087e-05 9.10745591253466e-05 1.033727866213452e-06 6.547330326587949e-05 0.002336150583426411 325.4807027473994 2.1818692991890675e-09 4.3444358807060815e-07 0.0005167726910139526 7.886285353268169e-05 0.0011134449394641953 0.03963645575602937 6563.4379895301145 56
6.334702550660508e-05 0.022635966315920093 0.00011148656594803943 0.01769698947125088 2.1565025418080087e-05 9.10745591253466e-05 1.033727866213452e-06 6.547330326587949e-05 0.002336150583426411 2.1426112930865134e-05 2.1818692991890675e-09 4.3444358807060815e-07 0.0005167726910139526 7.886285353268169e-05 0.0011134449394641953 0.03963645575602937 0.00013403323191002483 0.0009204424463436278 6.394944464303601e-07 56
6.334702550660508e-05 0.022635966315920093 0.00011148656594803943 0.009115737843426727 2.1565025418080087e-05 9.10745591253466e-05 1.033727866213452e-06 0.14029397084576184 0.01848662032700231 2.1426112930865134e-05 2.1818692991890675e-09 4.3444358807060815e-07 0.0005167726910139526 7.886285353268169e-05 0.0011134449394641953 0.03963645575602937 0.00013403323191002483 0.0009204424463436278 6.394944464303601e-07 56
6.334702550660508e-05 0.022635966315920093 0.00011148656594803943 0.01769698947125088 2.1565025418080087e-05 9.10745591253466e-05 1.033727866213452e-06 6.547330326587949e-05 0.002336150583426411 2.1426112930865134e-05 2.1818692991890675e-09 4.3444358807060815e-07 0.0005167726910139526 7.886285353268169e-05 0.0011134449394641953 0.03963645575602937 0.00013403323191002483 0.0009204424463436278 6.394944464303601e-07 56
6.334702550660508e-05 0.022635966315920093 3.626105227220076 0.01769698947125088 10.608968460232564 9.10745591253466e-05 1.033727866213452e-06 0.14029397084576184 0.01848662032700231 2.1426112930865134e-05 2.1818692991890675e-09 4.3444358807060815e-07 0.0005167726910139526 6.926822601290449 0.0011134449394641953 0.03963645575602937 0.00013403323191002483 6563.4379895301145 56
6.334702550660508e-05 0.002721126837876826 0.00011148656594803943 0.01769698947125088 2.1565025418080087e-05 9.10745591253466e-05 1.033727866213452e-06 0.14029397084576184 0.002336150583426411 2.1426112930865134e-05 2.1818692991890675e-09 4.3444358807060815e-07 0.0005167726910139526 7.886285353268169e-05 0.0011134449394641953 0.03963645575602937 0.00013403323191002483 6.394944464303601e-07 56
6.334702550660508e-05 0.022635966315920093 0.00011148656594803943 0.009115737843426727 2.1565025418080087e-05 9.10745591253466e-05 1.033727866213452e-06 6.547330326587949e-05 0.002336150583426411 2.1426112930865134e-05 2.1818692991890675e-09 4.3444358807060815e-07 0.0005167726910139526 0.03963645575602937 6.394944464303601e-07 56
6.334702550660508e-05 0.022635966315920093 3.626105227220076 0.01769698947125088 2.1565025418080087e-05 9.10745591253466e-05 1.033727866213452e-06 6.547330326587949e-05 0.002336150583426411 2.1426112930865134e-05 2.1818692991890675e-09 4.3444358807060815e-07 0.0005167726910139526 7.886285353268169e-05 0.03963645575602937 0.00013403323191002483 6.394944464303601e-07 56
6.334702550660508e-05 0.002721126837876826 0.00011148656594803943 0.01769698947125088 2.1565025418080087e-05 9.10745591253466e-05 1.033727866213452e-06 6.547330326587949e-05 0.01848662032700231 2.1426112930865134e-05 2.1818692991890675e-09 4.3444358807060815e-07 0.0005167726910139526 7.886285353268169e-05 11.795418871569048 0.03963645575602937 0.00013403323191002483 0.0009204424463436278 6.394944464303601e-07 56
0.10893045418895836 0.022635966315920093 0.00011148656594803943 0.01769698947125088 10.608968460232564 3.3815884498958724 1.033727866213452e-06 6.547330326587949e-05 0.002336150583426411 2.1426112930865134e-05 3790012.4512508893 22270.08312345966 0.0005167726910139526 1.797352494117813 0.0011134449394641953 0.03963645575602937 0.00013403323191002483 136.0455531156207 6563.4379895301145 55
6.334702550660508e-05 0.022635966315920093 3.626105227220076 0.01769698947125088 2.1565025418080087e-05 9.10745591253466e-05 1.033727866213452e-06 6.547330326587949e-05 0.002336150583426411 2.1426112930865134e-05 2.1818692991890675e-09 4.3444358807060815e-07 0.0005167726910139526 7.886285353268169e-05 0.0011134449394641953 0.05594355122339352 0.00013403323191002483 0.0009204424463436278 6.394944464303601e-07 56
6.334702550660508e-05 0.022635966315920093 0.00011148656594803943 0.01769698947125088 10.608968460232564 3.3815884498958724 1.033727866213452e-06 6.547330326587949e-05 0.002336150583426411 325.4807027473994 2.1818692991890675e-09 4.3444358807060815e-07 21.65581794869765 7.886285353268169e-05 11.795418871569048 0.03963645575602937 0.0009204424463436278 6563.4379895301145 55
6.334702550660508e-05 0.022635966315920093 3.626105227220076 0.01769698947125088 10.608968460232564 3.3815884498958724 385.8879477035903 6.547330326587949e-05 0.01848662032700231 2.1426112930865134e-05 3790012.4512508893 22270.08312345966 21.65581794869765 0.39327574622649886 0.06144005726766373 0.03963645575602937 0.00013403323191002483 6563.4379895301145 55
6.334702550660508e-05 0.022635966315920093 0.00011148656594803943 0.009115737843426727 2.1565025418080087e-05 9.10745591253466e-05 1.033727866213452e-06 6.547330326587949e-05 0.002336150583426411 2.1426112930865134e-05 2.1818692991890675e-09 4.3444358807060815e-07 0.0005167726910139526 0.03963645575602937 6.394944464303601e-07 56
6.334702550660508e-05 0.022635966315920093 0.00011148656594803943 0.01769698947125088 10.608968460232564 3.3815884498958724 385.8879477035903 6.547330326587949e-05 0.002336150583426411 325.4807027473994 2.1818692991890675e-09 4.3444358807060815e-07 0.0005167726910139526 1.797352494117813 0.03963645575602937 2.13707644223657 6563.4379895301145 55
