9.949368547283565e-76 2.499875205956575e-10 1.4972565655719421e-37 6.24069938283607e-71 1.3237621534298682e-52 1.7121485685366916e-28 1.0283135180686597e-62 4.950876547701051e-63 1.0556475352955782e-42 2.170765396799672e-14 3.1797820537708947e-51 6.938447903045552e-66 2.633162166161959e-60 8.285356817421989e-65 2.5366093200225687e-47 8.810337447277345e-63 1.737553765548885e-41 56
9.949368547283565e-76 3.5045499291458472e-71 1.4972565655719421e-37 3.6767213142825664e-10 2.458192721872643e-28 2.5584629853109747e-52 1.0283135180686597e-62 4.221504305402822e-10 2.4313841428392503e-30 1.4047749713696804e-60 3.1797820537708947e-51 6.938447903045552e-66 2.633162166161959e-60 8.285356817421989e-65 1.008332898383789e-15 0.0008929130206963888 2.1967580965493754e-65 1.5301585661444287e-41 3.435837915897553e-38 56
9.949368547283565e-76 3.5045499291458472e-71 1.4972565655719421e-37 6.24069938283607e-71 2.458192721872643e-28 2.5584629853109747e-52 1.0283135180686597e-62 4.950876547701051e-63 1.4047749713696804e-60 3.1797820537708947e-51 6.938447903045552e-66 2.633162166161959e-60 8.285356817421989e-65 2.5366093200225687e-47 0.8 2.1967580965493754e-65 3.435837915897553e-38 56
9.949368547283565e-76 3.5045499291458472e-71 1.0030845951217041e-43 3.6767213142825664e-10 2.458192721872643e-28 2.5584629853109747e-52 1.0283135180686597e-62 4.950876547701051e-63 1.0556475352955782e-42 1.4047749713696804e-60 3.1797820537708947e-51 6.938447903045552e-66 2.633162166161959e-60 8.285356817421989e-65 2.5366093200225687e-47 8.810337447277345e-63 2.1967580965493754e-65 1.5301585661444287e-41 1.737553765548885e-41 56
9.949368547283565e-76 3.5045499291458472e-71 1.0030845951217041e-43 6.24069938283607e-71 2.458192721872643e-28 2.5584629853109747e-52 1.0283135180686597e-62 4.950876547701051e-63 1.0556475352955782e-42 2.170765396799672e-14 3.1797820537708947e-51 6.938447903045552e-66 2.633162166161959e-60 8.285356817421989e-65 2.5366093200225687e-47 8.810337447277345e-63 3.435837915897553e-38 56
9.949368547283565e-76 3.5045499291458472e-71 1.4972565655719421e-37 6.24069938283607e-71 2.458192721872643e-28 2.5584629853109747e-52 1.0283135180686597e-62 4.950876547701051e-63 1.0556475352955782e-42 2.170765396799672e-14 3.1797820537708947e-51 6.938447903045552e-66 2.633162166161959e-60 8.285356817421989e-65 2.5366093200225687e-47 8.810337447277345e-63 2.1967580965493754e-65 1.5301585661444287e-41 1.737553765548885e-41 56
9.949368547283565e-76 3.5045499291458472e-71 1.4972565655719421e-37 6.24069938283607e-71 1.3237621534298682e-52 1.7121485685366916e-28 5.517529318348535e-18 4.950876547701051e-63 2.4313841428392503e-30 1.4047749713696804e-60 1.1371638117492262e-23 6.097389162029364e-09 1.8584357743827186e-14 8.285356817421989e-65 2.5366093200225687e-47 8.810337447277345e-63 2.1967580965493754e-65 3.435837915897553e-38 55
9.949368547283565e-76 3.5045499291458472e-71 1.0030845951217041e-43 6.24069938283607e-71 2.458192721872643e-28 2.5584629853109747e-52 1.0283135180686597e-62 1.4047749713696804e-60 3.1797820537708947e-51 6.938447903045552e-66 2.633162166161959e-60 8.285356817421989e-65 8.810337447277345e-63 2.1967580965493754e-65 3.435837915897553e-38 56
9.949368547283565e-76 3.5045499291458472e-71 1.0030845951217041e-43 6.24069938283607e-71 1.3237621534298682e-52 1.7121485685366916e-28 5.517529318348535e-18 4.950876547701051e-63 2.4313841428392503e-30 1.4047749713696804e-60 1.1371638117492262e-23 6.097389162029364e-09 1.8584357743827186e-14 3.4783615358241867e-06 0.009947101347592257 8.810337447277345e-63 2.1967580965493754e-65 3.435837915897553e-38 55
9.949368547283565e-76 2.499875205956575e-10 1.4972565655719421e-37 6.24069938283607e-71 1.3237621534298682e-52 2.5584629853109747e-52 1.0283135180686597e-62 4.950876547701051e-63 1.0556475352955782e-42 2.170765396799672e-14 1.1371638117492262e-23 6.938447903045552e-66 1.8584357743827186e-14 8.285356817421989e-65 2.5366093200225687e-47 8.810337447277345e-63 2.1967580965493754e-65 1.5301585661444287e-41 3.435837915897553e-38 56
9.949368547283565e-76 3.5045499291458472e-71 1.4972565655719421e-37 6.24069938283607e-71 1.3237621534298682e-52 1.7121485685366916e-28 1.0283135180686597e-62 4.221504305402822e-10 2.4313841428392503e-30 1.4047749713696804e-60 1.1371638117492262e-23 6.938447903045552e-66 2.633162166161959e-60 3.4783615358241867e-06 1.008332898383789e-15 6.084824189243322e-07 1.737553765548885e-41 55
9.949368547283565e-76 3.5045499291458472e-71 1.4972565655719421e-37 3.6767213142825664e-10 2.458192721872643e-28 2.5584629853109747e-52 1.0283135180686597e-62 4.950876547701051e-63 1.0556475352955782e-42 1.4047749713696804e-60 3.1797820537708947e-51 6.938447903045552e-66 2.633162166161959e-60 8.810337447277345e-63 1.737553765548885e-41 56
9.949368547283565e-76 3.5045499291458472e-71 1.4972565655719421e-37 6.24069938283607e-71 1.3237621534298682e-52 1.7121485685366916e-28 1.0283135180686597e-62 4.221504305402822e-10 2.4313841428392503e-30 1.4047749713696804e-60 1.1371638117492262e-23 6.938447903045552e-66 2.633162166161959e-60 0.0006803146824353438 2.5366093200225687e-47 8.810337447277345e-63 2.1967580965493754e-65 3.435837915897553e-38 56
9.949368547283565e-76 2.499875205956575e-10 1.4972565655719421e-37 3.6767213142825664e-10 2.458192721872643e-28 2.5584629853109747e-52 1.0283135180686597e-62 4.950876547701051e-63 2.4313841428392503e-30 1.4047749713696804e-60 3.1797820537708947e-51 6.938447903045552e-66 2.633162166161959e-60 8.285356817421989e-65 2.5366093200225687e-47 8.810337447277345e-63 2.1967580965493754e-65 1.5301585661444287e-41 1.737553765548885e-41 56
9.949368547283565e-76 3.5045499291458472e-71 1.4972565655719421e-37 3.6767213142825664e-10 2.458192721872643e-28 2.5584629853109747e-52 1.0283135180686597e-62 4.950876547701051e-63 1.0556475352955782e-42 1.4047749713696804e-60 3.1797820537708947e-51 6.938447903045552e-66 2.633162166161959e-60 8.810337447277345e-63 1.737553765548885e-41 56
9.949368547283565e-76 3.5045499291458472e-71 1.0030845951217041e-43 6.24069938283607e-71 2.458192721872643e-28 2.5584629853109747e-52 1.0283135180686597e-62 4.950876547701051e-63 1.0556475352955782e-42 1.4047749713696804e-60 3.1797820537708947e-51 6.938447903045552e-66 2.633162166161959e-60 8.810337447277345e-63 1.737553765548885e-41 56
9.949368547283565e-76 3.5045499291458472e-71 1.0030845951217041e-43 3.6767213142825664e-10 1.3237621534298682e-52 1.7121485685366916e-28 5.517529318348535e-18 4.950876547701051e-63 1.0556475352955782e-42 1.4047749713696804e-60 1.1371638117492262e-23 6.938447903045552e-66 2.633162166161959e-60 8.285356817421989e-65 0.7000000000000001 8.810337447277345e-63 2.1967580965493754e-65 1.5301585661444287e-41 1.737553765548885e-41 56
0.0005916939883980532 2.499875205956575e-10 1.4972565655719421e-37 6.24069938283607e-71 1.3237621534298682e-52 1.7121485685366916e-28 1.0283135180686597e-62 4.950876547701051e-63 1.0556475352955782e-42 8.285356817421989e-65 0.009947101347592257 8.810337447277345e-63 2.1967580965493754e-65 1.737553765548885e-41 56
9.949368547283565e-76 3.5045499291458472e-71 1.0030845951217041e-43 6.24069938283607e-71 2.458192721872643e-28 2.5584629853109747e-52 1.0283135180686597e-62 4.950876547701051e-63 1.0556475352955782e-42 1.4047749713696804e-60 3.1797820537708947e-51 6.938447903045552e-66 2.633162166161959e-60 8.285356817421989e-65 2.5366093200225687e-47 8.810337447277345e-63 2.1967580965493754e-65 1.5301585661444287e-41 1.737553765548885e-41 56
9.949368547283565e-76 3.5045499291458472e-71 1.4972565655719421e-37 6.24069938283607e-71 1.3237621534298682e-52 1.7121485685366916e-28 1.0283135180686597e-62 4.950876547701051e-63 2.4313841428392503e-30 1.4047749713696804e-60 1.1371638117492262e-23 6.938447903045552e-66 2.633162166161959e-60 8.285356817421989e-65 1.008332898383789e-15 8.810337447277345e-63 2.1967580965493754e-65 1.5301585661444287e-41 3.435837915897553e-38 56
9.949368547283565e-76 3.5045499291458472e-71 1.0030845951217041e-43 6.24069938283607e-71 1.3237621534298682e-52 1.7121485685366916e-28 1.0283135180686597e-62 4.950876547701051e-63 2.4313841428392503e-30 1.4047749713696804e-60 3.1797820537708947e-51 6.097389162029364e-09 1.8584357743827186e-14 8.285356817421989e-65 2.5366093200225687e-47 8.810337447277345e-63 0.004644466477994392 1.5301585661444287e-41 3.435837915897553e-38 55
0.0005916939883980532 2.499875205956575e-10 1.0030845951217041e-43 6.24069938283607e-71 1.3237621534298682e-52 1.7121485685366916e-28 1.0283135180686597e-62 4.950876547701051e-63 2.4313841428392503e-30 1.4047749713696804e-60 1.1371638117492262e-23 6.938447903045552e-66 2.633162166161959e-60 8.285356817421989e-65 1.008332898383789e-15 6.084824189243322e-07 2.1967580965493754e-65 1.5301585661444287e-41 1.737553765548885e-41 56
9.949368547283565e-76 3.5045499291458472e-71 1.0030845951217041e-43 6.24069938283607e-71 2.458192721872643e-28 2.5584629853109747e-52 1.0283135180686597e-62 4.950876547701051e-63 2.4313841428392503e-30 2.170765396799672e-14 1.1371638117492262e-23 6.938447903045552e-66 2.633162166161959e-60 8.285356817421989e-65 2.5366093200225687e-47 8.810337447277345e-63 2.1967580965493754e-65 1.5301585661444287e-41 3.435837915897553e-38 56
9.949368547283565e-76 3.5045499291458472e-71 1.0030845951217041e-43 6.24069938283607e-71 2.458192721872643e-28 2.5584629853109747e-52 1.0283135180686597e-62 4.950876547701051e-63 1.0556475352955782e-42 1.4047749713696804e-60 3.1797820537708947e-51 6.938447903045552e-66 2.633162166161959e-60 8.810337447277345e-63 1.737553765548885e-41 56
0.0005916939883980532 3.5045499291458472e-71 1.0030845951217041e-43 3.6767213142825664e-10 1.3237621534298682e-52 1.7121485685366916e-28 1.0283135180686597e-62 4.221504305402822e-10 2.4313841428392503e-30 1.4047749713696804e-60 3.1797820537708947e-51 6.938447903045552e-66 2.633162166161959e-60 8.285356817421989e-65 2.5366093200225687e-47 8.810337447277345e-63 2.1967580965493754e-65 1.5301585661444287e-41 1.737553765548885e-41 56
0.04 3.5045499291458472e-71 1.4972565655719421e-37 6.24069938283607e-71 1.3237621534298682e-52 1.7121485685366916e-28 5.517529318348535e-18 4.221504305402822e-10 2.4313841428392503e-30 1.4047749713696804e-60 1.1371638117492262e-23 6.938447903045552e-66 2.633162166161959e-60 0.0006803146824353438 2.5366093200225687e-47 0.8 2.1967580965493754e-65 3.435837915897553e-38 55
9.949368547283565e-76 3.5045499291458472e-71 1.0030845951217041e-43 3.6767213142825664e-10 1.3237621534298682e-52 2.5584629853109747e-52 1.0283135180686597e-62 4.950876547701051e-63 2.4313841428392503e-30 1.4047749713696804e-60 1.1371638117492262e-23 6.938447903045552e-66 2.633162166161959e-60 8.285356817421989e-65 2.5366093200225687e-47 5.104248992928774e-06 2.1967580965493754e-65 1.5301585661444287e-41 1.737553765548885e-41 56
9.949368547283565e-76 3.5045499291458472e-71 1.4972565655719421e-37 6.24069938283607e-71 2.458192721872643e-28 2.5584629853109747e-52 1.0283135180686597e-62 4.950876547701051e-63 1.0556475352955782e-42 1.4047749713696804e-60 3.1797820537708947e-51 6.938447903045552e-66 2.633162166161959e-60 8.285356817421989e-65 8.810337447277345e-63 2.1967580965493754e-65 3.435837915897553e-38 56
9.949368547283565e-76 3.5045499291458472e-71 1.0030845951217041e-43 3.6767213142825664e-10 1.3237621534298682e-52 2.5584629853109747e-52 1.0283135180686597e-62 4.950876547701051e-63 2.4313841428392503e-30 2.170765396799672e-14 3.1797820537708947e-51 6.938447903045552e-66 2.633162166161959e-60 8.285356817421989e-65 2.5366093200225687e-47 8.810337447277345e-63 2.1967580965493754e-65 1.5301585661444287e-41 1.737553765548885e-41 56
9.949368547283565e-76 3.5045499291458472e-71 1.0030845951217041e-43 3.6767213142825664e-10 1.3237621534298682e-52 2.5584629853109747e-52 1.0283135180686597e-62 4.950876547701051e-63 2.4313841428392503e-30 1.4047749713696804e-60 1.1371638117492262e-23 6.938447903045552e-66 2.633162166161959e-60 8.285356817421989e-65 2.5366093200225687e-47 5.104248992928774e-06 2.1967580965493754e-65 1.5301585661444287e-41 1.737553765548885e-41 56
9.949368547283565e-76 3.5045499291458472e-71 1.0030845951217041e-43 6.24069938283607e-71 1.3237621534298682e-52 1.7121485685366916e-28 5.517529318348535e-18 4.950876547701051e-63 1.0556475352955782e-42 1.4047749713696804e-60 1.1371638117492262e-23 6.097389162029364e-09 2.633162166161959e-60 8.285356817421989e-65 8.810337447277345e-63 0.004644466477994392 3.435837915897553e-38 55
9.949368547283565e-76 3.5045499291458472e-71 1.0030845951217041e-43 6.24069938283607e-71 1.3237621534298682e-52 1.7121485685366916e-28 5.517529318348535e-18 4.950876547701051e-63 1.0556475352955782e-42 1.4047749713696804e-60 1.1371638117492262e-23 6.938447903045552e-66 1.8584357743827186e-14 0.0006803146824353438 0.009947101347592257 8.810337447277345e-63 2.1967580965493754e-65 0.005172246759584664 1.737553765548885e-41 56
9.949368547283565e-76 3.5045499291458472e-71 1.0030845951217041e-43 6.24069938283607e-71 2.458192721872643e-28 2.5584629853109747e-52 1.0283135180686597e-62 4.950876547701051e-63 1.0556475352955782e-42 1.4047749713696804e-60 3.1797820537708947e-51 6.938447903045552e-66 2.633162166161959e-60 8.285356817421989e-65 2.5366093200225687e-47 8.810337447277345e-63 2.1967580965493754e-65 1.5301585661444287e-41 1.737553765548885e-41 56
9.949368547283565e-76 3.5045499291458472e-71 1.0030845951217041e-43 6.24069938283607e-71 2.458192721872643e-28 2.5584629853109747e-52 1.0283135180686597e-62 4.950876547701051e-63 1.0556475352955782e-42 1.4047749713696804e-60 3.1797820537708947e-51 6.938447903045552e-66 2.633162166161959e-60 8.285356817421989e-65 2.5366093200225687e-47 8.810337447277345e-63 2.1967580965493754e-65 1.737553765548885e-41 56
0.0005916939883980532 3.5045499291458472e-71 1.4972565655719421e-37 6.24069938283607e-71 1.3237621534298682e-52 2.5584629853109747e-52 1.0283135180686597e-62 4.221504305402822e-10 2.4313841428392503e-30 1.4047749713696804e-60 3.1797820537708947e-51 6.938447903045552e-66 2.633162166161959e-60 8.285356817421989e-65 2.5366093200225687e-47 8.810337447277345e-63 2.1967580965493754e-65 1.5301585661444287e-41 1.737553765548885e-41 56
9.949368547283565e-76 3.5045499291458472e-71 1.4972565655719421e-37 6.24069938283607e-71 1.3237621534298682e-52 2.5584629853109747e-52 5.517529318348535e-18 4.950876547701051e-63 1.0556475352955782e-42 2.170765396799672e-14 1.1371638117492262e-23 6.938447903045552e-66 2.633162166161959e-60 1.737553765548885e-41 55
9.949368547283565e-76 3.5045499291458472e-71 1.0030845951217041e-43 6.24069938283607e-71 2.458192721872643e-28 2.5584629853109747e-52 1.0283135180686597e-62 4.950876547701051e-63 1.0556475352955782e-42 1.4047749713696804e-60 3.1797820537708947e-51 6.938447903045552e-66 2.633162166161959e-60 8.810337447277345e-63 1.737553765548885e-41 56
9.949368547283565e-76 3.5045499291458472e-71 1.0030845951217041e-43 6.24069938283607e-71 2.458192721872643e-28 2.5584629853109747e-52 1.0283135180686597e-62 4.950876547701051e-63 1.0556475352955782e-42 1.4047749713696804e-60 3.1797820537708947e-51 6.938447903045552e-66 2.633162166161959e-60 8.285356817421989e-65 2.5366093200225687e-47 8.810337447277345e-63 2.1967580965493754e-65 1.5301585661444287e-41 1.737553765548885e-41 56
9.949368547283565e-76 3.5045499291458472e-71 1.4972565655719421e-37 6.24069938283607e-71 2.458192721872643e-28 2.5584629853109747e-52 1.0283135180686597e-62 4.950876547701051e-63 1.0556475352955782e-42 1.4047749713696804e-60 3.1797820537708947e-51 6.938447903045552e-66 2.633162166161959e-60 8.285356817421989e-65 2.5366093200225687e-47 8.810337447277345e-63 2.1967580965493754e-65 1.5301585661444287e-41 1.737553765548885e-41 56
9.949368547283565e-76 3.5045499291458472e-71 1.4972565655719421e-37 6.24069938283607e-71 2.458192721872643e-28 2.5584629853109747e-52 1.0283135180686597e-62 4.950876547701051e-63 1.0556475352955782e-42 2.170765396799672e-14 3.1797820537708947e-51 6.938447903045552e-66 2.633162166161959e-60 8.285356817421989e-65 2.5366093200225687e-47 8.810337447277345e-63 2.1967580965493754e-65 1.5301585661444287e-41 1.737553765548885e-41 56
9.949368547283565e-76 3.5045499291458472e-71 1.0030845951217041e-43 6.24069938283607e-71 1.3237621534298682e-52 1.7121485685366916e-28 5.517529318348535e-18 1.4047749713696804e-60 1.1371638117492262e-23 6.097389162029364e-09 2.633162166161959e-60 8.285356817421989e-65 8.810337447277345e-63 2.1967580965493754e-65 3.435837915897553e-38 56
0.04 3.5045499291458472e-71 1.4972565655719421e-37 6.24069938283607e-71 1.3237621534298682e-52 2.5584629853109747e-52 1.0283135180686597e-62 4.950876547701051e-63 1.0556475352955782e-42 1.4047749713696804e-60 3.1797820537708947e-51 6.938447903045552e-66 2.633162166161959e-60 8.285356817421989e-65 2.5366093200225687e-47 8.810337447277345e-63 2.1967580965493754e-65 1.5301585661444287e-41 1.737553765548885e-41 56
9.949368547283565e-76 3.5045499291458472e-71 1.0030845951217041e-43 6.24069938283607e-71 1.3237621534298682e-52 1.7121485685366916e-28 5.517529318348535e-18 1.4047749713696804e-60 1.1371638117492262e-23 6.097389162029364e-09 2.633162166161959e-60 8.285356817421989e-65 8.810337447277345e-63 2.1967580965493754e-65 3.435837915897553e-38 56
9.949368547283565e-76 3.5045499291458472e-71 1.4972565655719421e-37 6.24069938283607e-71 1.3237621534298682e-52 2.5584629853109747e-52 1.0283135180686597e-62 4.950876547701051e-63 1.0556475352955782e-42 1.4047749713696804e-60 3.1797820537708947e-51 6.938447903045552e-66 2.633162166161959e-60 8.285356817421989e-65 2.5366093200225687e-47 8.810337447277345e-63 2.1967580965493754e-65 3.435837915897553e-38 56
9.949368547283565e-76 3.5045499291458472e-71 1.4972565655719421e-37 3.6767213142825664e-10 2.458192721872643e-28 2.5584629853109747e-52 1.0283135180686597e-62 4.221504305402822e-10 2.4313841428392503e-30 1.4047749713696804e-60 3.1797820537708947e-51 6.938447903045552e-66 2.633162166161959e-60 8.285356817421989e-65 1.008332898383789e-15 0.0008929130206963888 2.1967580965493754e-65 1.5301585661444287e-41 3.435837915897553e-38 56
9.949368547283565e-76 3.5045499291458472e-71 1.0030845951217041e-43 6.24069938283607e-71 2.458192721872643e-28 2.5584629853109747e-52 1.0283135180686597e-62 4.950876547701051e-63 1.0556475352955782e-42 1.4047749713696804e-60 3.1797820537708947e-51 6.938447903045552e-66 2.633162166161959e-60 8.285356817421989e-65 2.5366093200225687e-47 8.810337447277345e-63 2.1967580965493754e-65 1.5301585661444287e-41 1.737553765548885e-41 56
9.949368547283565e-76 3.5045499291458472e-71 1.4972565655719421e-37 6.24069938283607e-71 1.3237621534298682e-52 2.5584629853109747e-52 1.0283135180686597e-62 4.950876547701051e-63 2.4313841428392503e-30 1.4047749713696804e-60 3.1797820537708947e-51 6.938447903045552e-66 2.633162166161959e-60 8.285356817421989e-65 2.5366093200225687e-47 6.084824189243322e-07 2.1967580965493754e-65 1.5301585661444287e-41 1.737553765548885e-41 56
9.949368547283565e-76 3.5045499291458472e-71 1.0030845951217041e-43 6.24069938283607e-71 1.3237621534298682e-52 1.7121485685366916e-28 5.517529318348535e-18 4.950876547701051e-63 1.0556475352955782e-42 1.4047749713696804e-60 1.1371638117492262e-23 6.097389162029364e-09 1.8584357743827186e-14 4.238053762645263e-05 5.104248992928774e-06 2.1967580965493754e-65 1.5301585661444287e-41 3.435837915897553e-38 55
9.949368547283565e-76 3.5045499291458472e-71 1.4972565655719421e-37 6.24069938283607e-71 1.3237621534298682e-52 2.5584629853109747e-52 1.0283135180686597e-62 4.950876547701051e-63 2.4313841428392503e-30 1.4047749713696804e-60 3.1797820537708947e-51 6.938447903045552e-66 2.633162166161959e-60 8.285356817421989e-65 2.5366093200225687e-47 6.084824189243322e-07 2.1967580965493754e-65 1.5301585661444287e-41 1.737553765548885e-41 56
9.949368547283565e-76 3.5045499291458472e-71 1.0030845951217041e-43 3.6767213142825664e-10 1.3237621534298682e-52 2.5584629853109747e-52 1.0283135180686597e-62 4.950876547701051e-63 2.4313841428392503e-30 1.4047749713696804e-60 1.1371638117492262e-23 6.938447903045552e-66 2.633162166161959e-60 8.285356817421989e-65 2.5366093200225687e-47 5.104248992928774e-06 2.1967580965493754e-65 1.5301585661444287e-41 1.737553765548885e-41 56
0.0005916939883980532 3.5045499291458472e-71 1.4972565655719421e-37 6.24069938283607e-71 1.3237621534298682e-52 2.5584629853109747e-52 1.0283135180686597e-62 4.221504305402822e-10 2.4313841428392503e-30 1.4047749713696804e-60 3.1797820537708947e-51 6.938447903045552e-66 2.633162166161959e-60 8.285356817421989e-65 2.5366093200225687e-47 8.810337447277345e-63 2.1967580965493754e-65 1.5301585661444287e-41 1.737553765548885e-41 56
0.04 3.5045499291458472e-71 1.4972565655719421e-37 6.24069938283607e-71 1.3237621534298682e-52 1.7121485685366916e-28 5.517529318348535e-18 4.221504305402822e-10 2.4313841428392503e-30 1.4047749713696804e-60 1.1371638117492262e-23 6.938447903045552e-66 2.633162166161959e-60 0.0006803146824353438 2.5366093200225687e-47 0.8 2.1967580965493754e-65 3.435837915897553e-38 55
9.949368547283565e-76 3.5045499291458472e-71 1.0030845951217041e-43 6.24069938283607e-71 2.458192721872643e-28 2.5584629853109747e-52 1.0283135180686597e-62 4.950876547701051e-63 1.0556475352955782e-42 1.4047749713696804e-60 3.1797820537708947e-51 6.938447903045552e-66 2.633162166161959e-60 8.285356817421989e-65 6.084824189243322e-07 2.1967580965493754e-65 1.737553765548885e-41 56
9.949368547283565e-76 2.499875205956575e-10 1.0030845951217041e-43 6.24069938283607e-71 1.3237621534298682e-52 1.7121485685366916e-28 5.517529318348535e-18 4.221504305402822e-10 2.4313841428392503e-30 1.4047749713696804e-60 1.1371638117492262e-23 6.938447903045552e-66 2.633162166161959e-60 8.285356817421989e-65 2.5366093200225687e-47 8.810337447277345e-63 2.1967580965493754e-65 1.5301585661444287e-41 3.435837915897553e-38 56
9.949368547283565e-76 3.5045499291458472e-71 1.4972565655719421e-37 6.24069938283607e-71 1.3237621534298682e-52 2.5584629853109747e-52 1.0283135180686597e-62 4.950876547701051e-63 2.4313841428392503e-30 1.4047749713696804e-60 3.1797820537708947e-51 6.938447903045552e-66 2.633162166161959e-60 8.285356817421989e-65 2.5366093200225687e-47 6.084824189243322e-07 2.1967580965493754e-65 1.5301585661444287e-41 1.737553765548885e-41 56
9.949368547283565e-76 3.5045499291458472e-71 1.0030845951217041e-43 6.24069938283607e-71 1.3237621534298682e-52 1.7121485685366916e-28 5.517529318348535e-18 4.950876547701051e-63 1.0556475352955782e-42 2.170765396799672e-14 3.1797820537708947e-51 6.938447903045552e-66 2.633162166161959e-60 8.285356817421989e-65 0.009947101347592257 0.8 2.1967580965493754e-65 1.5301585661444287e-41 1.737553765548885e-41 56
9.949368547283565e-76 3.5045499291458472e-71 1.0030845951217041e-43 3.6767213142825664e-10 1.3237621534298682e-52 2.5584629853109747e-52 1.0283135180686597e-62 4.950876547701051e-63 2.4313841428392503e-30 1.4047749713696804e-60 3.1797820537708947e-51 6.938447903045552e-66 2.633162166161959e-60 8.285356817421989e-65 2.5366093200225687e-47 8.810337447277345e-63 2.1967580965493754e-65 1.5301585661444287e-41 1.737553765548885e-41 56
9.949368547283565e-76 3.5045499291458472e-71 1.0030845951217041e-43 3.6767213142825664e-10 2.458192721872643e-28 2.5584629853109747e-52 1.0283135180686597e-62 4.950876547701051e-63 1.0556475352955782e-42 1.4047749713696804e-60 3.1797820537708947e-51 6.938447903045552e-66 2.633162166161959e-60 8.285356817421989e-65 2.5366093200225687e-47 8.810337447277345e-63 2.1967580965493754e-65 1.5301585661444287e-41 3.435837915897553e-38 56
9.949368547283565e-76 3.5045499291458472e-71 1.0030845951217041e-43 6.24069938283607e-71 2.458192721872643e-28 2.5584629853109747e-52 1.0283135180686597e-62 4.950876547701051e-63 2.4313841428392503e-30 2.170765396799672e-14 1.1371638117492262e-23 6.938447903045552e-66 2.633162166161959e-60 8.285356817421989e-65 2.5366093200225687e-47 8.810337447277345e-63 2.1967580965493754e-65 1.5301585661444287e-41 3.435837915897553e-38 56
9.949368547283565e-76 2.499875205956575e-10 1.4972565655719421e-37 3.6767213142825664e-10 2.458192721872643e-28 2.5584629853109747e-52 1.0283135180686597e-62 4.950876547701051e-63 2.4313841428392503e-30 1.4047749713696804e-60 3.1797820537708947e-51 6.938447903045552e-66 2.633162166161959e-60 8.285356817421989e-65 2.5366093200225687e-47 8.810337447277345e-63 2.1967580965493754e-65 1.5301585661444287e-41 1.737553765548885e-41 56
9.949368547283565e-76 3.5045499291458472e-71 1.0030845951217041e-43 6.24069938283607e-71 2.458192721872643e-28 2.5584629853109747e-52 1.0283135180686597e-62 4.950876547701051e-63 1.0556475352955782e-42 1.4047749713696804e-60 3.1797820537708947e-51 6.938447903045552e-66 2.633162166161959e-60 8.285356817421989e-65 2.5366093200225687e-47 8.810337447277345e-63 2.1967580965493754e-65 1.737553765548885e-41 56
9.949368547283565e-76 3.5045499291458472e-71 1.0030845951217041e-43 6.24069938283607e-71 1.3237621534298682e-52 1.7121485685366916e-28 5.517529318348535e-18 4.950876547701051e-63 1.0556475352955782e-42 1.4047749713696804e-60 3.1797820537708947e-51 6.938447903045552e-66 2.633162166161959e-60 8.285356817421989e-65 8.810337447277345e-63 2.1967580965493754e-65 1.737553765548885e-41 56
9.949368547283565e-76 2.499875205956575e-10 1.4972565655719421e-37 6.24069938283607e-71 1.3237621534298682e-52 2.5584629853109747e-52 1.0283135180686597e-62 4.950876547701051e-63 1.0556475352955782e-42 2.170765396799672e-14 1.1371638117492262e-23 6.938447903045552e-66 1.8584357743827186e-14 8.285356817421989e-65 2.5366093200225687e-47 8.810337447277345e-63 2.1967580965493754e-65 1.5301585661444287e-41 3.435837915897553e-38 56
9.949368547283565e-76 3.5045499291458472e-71 1.4972565655719421e-37 3.6767213142825664e-10 2.458192721872643e-28 2.5584629853109747e-52 1.0283135180686597e-62 4.950876547701051e-63 1.0556475352955782e-42 1.4047749713696804e-60 3.1797820537708947e-51 6.938447903045552e-66 2.633162166161959e-60 8.285356817421989e-65 2.5366093200225687e-47 8.810337447277345e-63 2.1967580965493754e-65 0.96 1.737553765548885e-41 56
9.949368547283565e-76 3.5045499291458472e-71 1.0030845951217041e-43 6.24069938283607e-71 1.3237621534298682e-52 1.7121485685366916e-28 5.517529318348535e-18 4.950876547701051e-63 2.4313841428392503e-30 1.4047749713696804e-60 1.1371638117492262e-23 6.097389162029364e-09 1.8584357743827186e-14 3.4783615358241867e-06 0.009947101347592257 8.810337447277345e-63 2.1967580965493754e-65 3.435837915897553e-38 55
9.949368547283565e-76 3.5045499291458472e-71 1.4972565655719421e-37 6.24069938283607e-71 1.3237621534298682e-52 1.7121485685366916e-28 1.0283135180686597e-62 4.950876547701051e-63 2.4313841428392503e-30 1.4047749713696804e-60 1.1371638117492262e-23 6.097389162029364e-09 1.8584357743827186e-14 4.238053762645263e-05 0.7000000000000001 6.084824189243322e-07 0.9 0.005172246759584664 3.435837915897553e-38 55
9.949368547283565e-76 3.5045499291458472e-71 1.0030845951217041e-43 6.24069938283607e-71 2.458192721872643e-28 2.5584629853109747e-52 1.0283135180686597e-62 4.950876547701051e-63 1.0556475352955782e-42 1.4047749713696804e-60 3.1797820537708947e-51 6.938447903045552e-66 2.633162166161959e-60 8.285356817421989e-65 2.5366093200225687e-47 8.810337447277345e-63 2.1967580965493754e-65 1.5301585661444287e-41 1.737553765548885e-41 56
9.949368547283565e-76 3.5045499291458472e-71 1.4972565655719421e-37 6.24069938283607e-71 1.3237621534298682e-52 1.7121485685366916e-28 1.0283135180686597e-62 4.950876547701051e-63 1.0556475352955782e-42 1.4047749713696804e-60 3.1797820537708947e-51 6.097389162029364e-09 2.633162166161959e-60 8.285356817421989e-65 2.5366093200225687e-47 8.810337447277345e-63 2.1967580965493754e-65 0.005172246759584664 3.435837915897553e-38 55
9.949368547283565e-76 3.5045499291458472e-71 1.4972565655719421e-37 6.24069938283607e-71 1.3237621534298682e-52 1.7121485685366916e-28 5.517529318348535e-18 4.950876547701051e-63 2.4313841428392503e-30 1.4047749713696804e-60 3.1797820537708947e-51 6.938447903045552e-66 2.633162166161959e-60 8.285356817421989e-65 2.5366093200225687e-47 8.810337447277345e-63 2.1967580965493754e-65 1.5301585661444287e-41 1.737553765548885e-41 56
9.949368547283565e-76 3.5045499291458472e-71 1.4972565655719421e-37 3.6767213142825664e-10 2.458192721872643e-28 2.5584629853109747e-52 1.0283135180686597e-62 4.950876547701051e-63 1.0556475352955782e-42 1.4047749713696804e-60 3.1797820537708947e-51 6.938447903045552e-66 2.633162166161959e-60 8.285356817421989e-65 2.5366093200225687e-47 8.810337447277345e-63 2.1967580965493754e-65 0.96 1.737553765548885e-41 56
9.949368547283565e-76 3.5045499291458472e-71 1.0030845951217041e-43 6.24069938283607e-71 2.458192721872643e-28 2.5584629853109747e-52 1.0283135180686597e-62 4.950876547701051e-63 1.0556475352955782e-42 1.4047749713696804e-60 3.1797820537708947e-51 6.938447903045552e-66 2.633162166161959e-60 8.285356817421989e-65 2.5366093200225687e-47 8.810337447277345e-63 2.1967580965493754e-65 1.5301585661444287e-41 1.737553765548885e-41 56
9.949368547283565e-76 3.5045499291458472e-71 1.0030845951217041e-43 6.24069938283607e-71 1.3237621534298682e-52 1.7121485685366916e-28 5.517529318348535e-18 4.950876547701051e-63 1.0556475352955782e-42 2.170765396799672e-14 3.1797820537708947e-51 6.938447903045552e-66 2.633162166161959e-60 8.285356817421989e-65 0.009947101347592257 0.8 2.1967580965493754e-65 1.5301585661444287e-41 1.737553765548885e-41 56
9.949368547283565e-76 3.5045499291458472e-71 1.4972565655719421e-37 6.24069938283607e-71 2.458192721872643e-28 2.5584629853109747e-52 1.0283135180686597e-62 4.950876547701051e-63 1.0556475352955782e-42 1.4047749713696804e-60 3.1797820537708947e-51 6.938447903045552e-66 2.633162166161959e-60 8.285356817421989e-65 8.810337447277345e-63 2.1967580965493754e-65 3.435837915897553e-38 56
9.949368547283565e-76 3.5045499291458472e-71 1.4972565655719421e-37 6.24069938283607e-71 1.3237621534298682e-52 1.7121485685366916e-28 5.517529318348535e-18 4.950876547701051e-63 2.4313841428392503e-30 1.4047749713696804e-60 1.1371638117492262e-23 6.097389162029364e-09 1.8584357743827186e-14 8.285356817421989e-65 2.5366093200225687e-47 8.810337447277345e-63 2.1967580965493754e-65 3.435837915897553e-38 55
0.04 3.5045499291458472e-71 1.4972565655719421e-37 6.24069938283607e-71 1.3237621534298682e-52 1.7121485685366916e-28 5.517529318348535e-18 4.221504305402822e-10 2.4313841428392503e-30 1.4047749713696804e-60 1.1371638117492262e-23 6.938447903045552e-66 2.633162166161959e-60 0.0006803146824353438 2.5366093200225687e-47 0.8 2.1967580965493754e-65 3.435837915897553e-38 55
9.949368547283565e-76 3.5045499291458472e-71 1.0030845951217041e-43 3.6767213142825664e-10 1.3237621534298682e-52 1.7121485685366916e-28 5.517529318348535e-18 4.950876547701051e-63 1.0556475352955782e-42 1.4047749713696804e-60 1.1371638117492262e-23 6.938447903045552e-66 2.633162166161959e-60 8.285356817421989e-65 0.7000000000000001 8.810337447277345e-63 2.1967580965493754e-65 1.5301585661444287e-41 1.737553765548885e-41 56
9.949368547283565e-76 3.5045499291458472e-71 1.0030845951217041e-43 6.24069938283607e-71 2.458192721872643e-28 2.5584629853109747e-52 1.0283135180686597e-62 4.950876547701051e-63 1.0556475352955782e-42 1.4047749713696804e-60 3.1797820537708947e-51 6.938447903045552e-66 2.633162166161959e-60 8.285356817421989e-65 8.810337447277345e-63 2.1967580965493754e-65 3.435837915897553e-38 56
9.949368547283565e-76 3.5045499291458472e-71 1.4972565655719421e-37 6.24069938283607e-71 1.3237621534298682e-52 1.7121485685366916e-28 5.517529318348535e-18 4.221504305402822e-10 2.4313841428392503e-30 1.4047749713696804e-60 1.1371638117492262e-23 6.938447903045552e-66 1.8584357743827186e-14 8.285356817421989e-65 0.009947101347592257 8.810337447277345e-63 0.9 3.435837915897553e-38 56
9.949368547283565e-76 3.5045499291458472e-71 1.4972565655719421e-37 3.6767213142825664e-10 1.3237621534298682e-52 1.7121485685366916e-28 5.517529318348535e-18 4.221504305402822e-10 2.4313841428392503e-30 1.4047749713696804e-60 3.1797820537708947e-51 6.938447903045552e-66 2.633162166161959e-60 8.285356817421989e-65 2.5366093200225687e-47 8.810337447277345e-63 2.1967580965493754e-65 1.5301585661444287e-41 3.435837915897553e-38 56
9.949368547283565e-76 3.5045499291458472e-71 1.0030845951217041e-43 6.24069938283607e-71 2.458192721872643e-28 2.5584629853109747e-52 1.0283135180686597e-62 4.950876547701051e-63 1.0556475352955782e-42 1.4047749713696804e-60 3.1797820537708947e-51 6.938447903045552e-66 2.633162166161959e-60 8.285356817421989e-65 8.810337447277345e-63 2.1967580965493754e-65 1.737553765548885e-41 56
0.0005916939883980532 3.5045499291458472e-71 1.0030845951217041e-43 6.24069938283607e-71 1.3237621534298682e-52 2.5584629853109747e-52 1.0283135180686597e-62 4.221504305402822e-10 2.4313841428392503e-30 2.170765396799672e-14 1.1371638117492262e-23 6.938447903045552e-66 2.633162166161959e-60 8.285356817421989e-65 0.009947101347592257 5.104248992928774e-06 2.1967580965493754e-65 1.737553765548885e-41 55
9.949368547283565e-76 3.5045499291458472e-71 1.0030845951217041e-43 6.24069938283607e-71 1.3237621534298682e-52 2.5584629853109747e-52 1.0283135180686597e-62 4.950876547701051e-63 2.4313841428392503e-30 1.4047749713696804e-60 3.1797820537708947e-51 6.938447903045552e-66 2.633162166161959e-60 8.285356817421989e-65 1.008332898383789e-15 8.810337447277345e-63 2.1967580965493754e-65 3.435837915897553e-38 56
9.949368547283565e-76 3.5045499291458472e-71 1.4972565655719421e-37 6.24069938283607e-71 1.3237621534298682e-52 1.7121485685366916e-28 1.0283135180686597e-62 4.950876547701051e-63 1.0556475352955782e-42 1.4047749713696804e-60 3.1797820537708947e-51 6.097389162029364e-09 2.633162166161959e-60 8.285356817421989e-65 2.5366093200225687e-47 8.810337447277345e-63 2.1967580965493754e-65 0.005172246759584664 3.435837915897553e-38 55
0.0005916939883980532 3.5045499291458472e-71 1.4972565655719421e-37 6.24069938283607e-71 1.3237621534298682e-52 2.5584629853109747e-52 1.0283135180686597e-62 4.221504305402822e-10 2.4313841428392503e-30 2.170765396799672e-14 1.1371638117492262e-23 6.938447903045552e-66 2.633162166161959e-60 8.810337447277345e-63 3.435837915897553e-38 56
9.949368547283565e-76 2.499875205956575e-10 1.4972565655719421e-37 6.24069938283607e-71 1.3237621534298682e-52 2.5584629853109747e-52 1.0283135180686597e-62 4.221504305402822e-10 2.4313841428392503e-30 2.170765396799672e-14 1.1371638117492262e-23 6.938447903045552e-66 2.633162166161959e-60 8.285356817421989e-65 0.009947101347592257 8.810337447277345e-63 2.1967580965493754e-65 1.5301585661444287e-41 3.435837915897553e-38 56
0.04 3.5045499291458472e-71 1.4972565655719421e-37 6.24069938283607e-71 1.3237621534298682e-52 2.5584629853109747e-52 1.0283135180686597e-62 4.950876547701051e-63 1.0556475352955782e-42 1.4047749713696804e-60 3.1797820537708947e-51 6.938447903045552e-66 2.633162166161959e-60 8.285356817421989e-65 2.5366093200225687e-47 8.810337447277345e-63 2.1967580965493754e-65 1.5301585661444287e-41 1.737553765548885e-41 56
9.949368547283565e-76 3.5045499291458472e-71 1.0030845951217041e-43 6.24069938283607e-71 1.3237621534298682e-52 1.7121485685366916e-28 1.0283135180686597e-62 4.950876547701051e-63 1.0556475352955782e-42 1.4047749713696804e-60 3.1797820537708947e-51 6.938447903045552e-66 2.633162166161959e-60 8.285356817421989e-65 2.5366093200225687e-47 8.810337447277345e-63 2.1967580965493754e-65 1.737553765548885e-41 56
9.949368547283565e-76 3.5045499291458472e-71 1.0030845951217041e-43 6.24069938283607e-71 2.458192721872643e-28 2.5584629853109747e-52 1.0283135180686597e-62 4.950876547701051e-63 1.0556475352955782e-42 1.4047749713696804e-60 1.1371638117492262e-23 6.938447903045552e-66 1.8584357743827186e-14 8.285356817421989e-65 2.5366093200225687e-47 8.810337447277345e-63 2.1967580965493754e-65 1.5301585661444287e-41 3.435837915897553e-38 55
0.04 3.5045499291458472e-71 1.4972565655719421e-37 6.24069938283607e-71 1.3237621534298682e-52 2.5584629853109747e-52 1.0283135180686597e-62 4.950876547701051e-63 1.0556475352955782e-42 1.4047749713696804e-60 3.1797820537708947e-51 6.938447903045552e-66 2.633162166161959e-60 8.285356817421989e-65 2.5366093200225687e-47 8.810337447277345e-63 2.1967580965493754e-65 1.5301585661444287e-41 1.737553765548885e-41 56
9.949368547283565e-76 3.5045499291458472e-71 1.4972565655719421e-37 6.24069938283607e-71 1.3237621534298682e-52 2.5584629853109747e-52 1.0283135180686597e-62 4.950876547701051e-63 2.4313841428392503e-30 2.170765396799672e-14 3.1797820537708947e-51 6.938447903045552e-66 2.633162166161959e-60 8.285356817421989e-65 2.5366093200225687e-47 8.810337447277345e-63 2.1967580965493754e-65 1.737553765548885e-41 56
9.949368547283565e-76 3.5045499291458472e-71 1.0030845951217041e-43 6.24069938283607e-71 1.3237621534298682e-52 1.7121485685366916e-28 5.517529318348535e-18 4.950876547701051e-63 1.0556475352955782e-42 2.170765396799672e-14 3.1797820537708947e-51 6.938447903045552e-66 2.633162166161959e-60 8.285356817421989e-65 0.009947101347592257 0.8 2.1967580965493754e-65 1.5301585661444287e-41 1.737553765548885e-41 56
9.949368547283565e-76 3.5045499291458472e-71 1.0030845951217041e-43 6.24069938283607e-71 2.458192721872643e-28 2.5584629853109747e-52 1.0283135180686597e-62 4.950876547701051e-63 1.0556475352955782e-42 1.4047749713696804e-60 3.1797820537708947e-51 6.938447903045552e-66 2.633162166161959e-60 8.285356817421989e-65 2.5366093200225687e-47 8.810337447277345e-63 2.1967580965493754e-65 3.435837915897553e-38 56
9.949368547283565e-76 3.5045499291458472e-71 1.4972565655719421e-37 6.24069938283607e-71 2.458192721872643e-28 2.5584629853109747e-52 1.0283135180686597e-62 4.950876547701051e-63 1.0556475352955782e-42 1.4047749713696804e-60 3.1797820537708947e-51 6.938447903045552e-66 2.633162166161959e-60 8.285356817421989e-65 1.008332898383789e-15 8.810337447277345e-63 2.1967580965493754e-65 3.435837915897553e-38 56
0.0005916939883980532 3.5045499291458472e-71 1.0030845951217041e-43 6.24069938283607e-71 1.3237621534298682e-52 2.5584629853109747e-52 1.0283135180686597e-62 4.221504305402822e-10 2.4313841428392503e-30 2.170765396799672e-14 1.1371638117492262e-23 6.938447903045552e-66 2.633162166161959e-60 8.285356817421989e-65 0.009947101347592257 5.104248992928774e-06 2.1967580965493754e-65 1.737553765548885e-41 55
9.949368547283565e-76 3.5045499291458472e-71 1.0030845951217041e-43 6.24069938283607e-71 2.458192721872643e-28 2.5584629853109747e-52 1.0283135180686597e-62 1.4047749713696804e-60 3.1797820537708947e-51 6.938447903045552e-66 2.633162166161959e-60 8.285356817421989e-65 8.810337447277345e-63 2.1967580965493754e-65 3.435837915897553e-38 56
9.949368547283565e-76 3.5045499291458472e-71 1.4972565655719421e-37 6.24069938283607e-71 1.3237621534298682e-52 2.5584629853109747e-52 5.517529318348535e-18 4.950876547701051e-63 1.0556475352955782e-42 2.170765396799672e-14 1.1371638117492262e-23 6.938447903045552e-66 2.633162166161959e-60 1.737553765548885e-41 55
9.949368547283565e-76 3.5045499291458472e-71 1.0030845951217041e-43 6.24069938283607e-71 1.3237621534298682e-52 1.7121485685366916e-28 5.517529318348535e-18 4.221504305402822e-10 2.4313841428392503e-30 2.170765396799672e-14 1.1371638117492262e-23 6.938447903045552e-66 2.633162166161959e-60 8.285356817421989e-65 1.008332898383789e-15 8.810337447277345e-63 2.1967580965493754e-65 1.5301585661444287e-41 1.737553765548885e-41 56
9.949368547283565e-76 3.5045499291458472e-71 1.4972565655719421e-37 3.6767213142825664e-10 1.3237621534298682e-52 1.7121485685366916e-28 5.517529318348535e-18 4.221504305402822e-10 2.4313841428392503e-30 1.4047749713696804e-60 3.1797820537708947e-51 6.938447903045552e-66 2.633162166161959e-60 8.285356817421989e-65 2.5366093200225687e-47 8.810337447277345e-63 2.1967580965493754e-65 1.5301585661444287e-41 3.435837915897553e-38 56
0.0005916939883980532 3.5045499291458472e-71 1.4972565655719421e-37 6.24069938283607e-71 1.3237621534298682e-52 1.7121485685366916e-28 1.0283135180686597e-62 4.221504305402822e-10 2.4313841428392503e-30 1.4047749713696804e-60 1.1371638117492262e-23 6.938447903045552e-66 2.633162166161959e-60 8.285356817421989e-65 2.5366093200225687e-47 8.810337447277345e-63 2.1967580965493754e-65 3.435837915897553e-38 56
