2.1108288547553322e-68 6.076370185133547e-65 9.513625750304376e-34 2.7886347747767034e-09 4.214039804344647e-47 3.8727421893177857e-25 8.776667606120756e-59 6.506140113652145e-57 3.545247355456655e-40 3.36178360696522e-56 9.68212561440061e-20 1.0475540702167525e-59 1.818320462868886e-55 1.0088814627384617e-58 6.947891780939063e-45 5.238789128954452e-58 6.147297565432544e-59 0.007204729087348091 1.315100092424327e-33 55
2.1108288547553322e-68 6.076370185133547e-65 9.513625750304376e-34 1.1140012006078169e-64 1.0454675981357724e-26 1.5313882853592832e-48 8.776667606120756e-59 6.506140113652145e-57 3.545247355456655e-40 3.36178360696522e-56 6.199563830514294e-48 1.0475540702167525e-59 1.818320462868886e-55 1.0088814627384617e-58 7.52354070843425e-14 5.238789128954452e-58 6.147297565432544e-59 1.315100092424327e-33 56
2.1108288547553322e-68 6.076370185133547e-65 9.513625750304376e-34 1.1140012006078169e-64 1.0454675981357724e-26 1.5313882853592832e-48 8.776667606120756e-59 6.506140113652145e-57 3.36178360696522e-56 6.199563830514294e-48 1.0475540702167525e-59 1.818320462868886e-55 1.0088814627384617e-58 6.947891780939063e-45 0.8 6.147297565432544e-59 1.315100092424327e-33 56
2.1108288547553322e-68 1.9520443423436923e-09 9.513625750304376e-34 2.7886347747767034e-09 1.0454675981357724e-26 1.5313882853592832e-48 8.776667606120756e-59 6.506140113652145e-57 2.624372411766647e-25 3.36178360696522e-56 6.199563830514294e-48 1.0475540702167525e-59 1.818320462868886e-55 1.0088814627384617e-58 6.947891780939063e-45 5.238789128954452e-58 6.147297565432544e-59 1.8008169770583498e-37 6.14604072514225e-39 56
2.1108288547553322e-68 6.076370185133547e-65 2.13732736360427e-40 1.1140012006078169e-64 1.0454675981357724e-26 1.5313882853592832e-48 8.776667606120756e-59 6.506140113652145e-57 3.545247355456655e-40 3.36178360696522e-56 6.199563830514294e-48 1.0475540702167525e-59 1.818320462868886e-55 1.0088814627384617e-58 6.14604072514225e-39 56
2.1108288547553322e-68 6.076370185133547e-65 2.13732736360427e-40 1.1140012006078169e-64 4.214039804344647e-47 1.5313882853592832e-48 8.776667606120756e-59 6.506140113652145e-57 2.624372411766647e-25 1.505779429725322e-11 9.68212561440061e-20 1.0475540702167525e-59 4.467516871903573e-12 0.00038040198938439775 6.947891780939063e-45 5.238789128954452e-58 6.147297565432544e-59 1.315100092424327e-33 55
2.1108288547553322e-68 6.076370185133547e-65 9.513625750304376e-34 1.1140012006078169e-64 4.214039804344647e-47 1.5313882853592832e-48 8.776667606120756e-59 1.1644622372783784e-08 2.624372411766647e-25 3.36178360696522e-56 9.68212561440061e-20 1.0475540702167525e-59 1.818320462868886e-55 1.0088814627384617e-58 6.947891780939063e-45 5.238789128954452e-58 6.147297565432544e-59 1.8008169770583498e-37 6.14604072514225e-39 56
2.1108288547553322e-68 6.076370185133547e-65 2.13732736360427e-40 1.1140012006078169e-64 4.214039804344647e-47 1.5313882853592832e-48 8.776667606120756e-59 6.506140113652145e-57 2.624372411766647e-25 1.505779429725322e-11 9.68212561440061e-20 1.0475540702167525e-59 4.467516871903573e-12 0.00038040198938439775 6.947891780939063e-45 5.238789128954452e-58 6.147297565432544e-59 1.315100092424327e-33 55
2.1108288547553322e-68 6.076370185133547e-65 9.513625750304376e-34 2.7886347747767034e-09 4.214039804344647e-47 3.8727421893177857e-25 8.776667606120756e-59 6.506140113652145e-57 2.624372411766647e-25 3.36178360696522e-56 6.199563830514294e-48 1.0475540702167525e-59 1.818320462868886e-55 1.0088814627384617e-58 0.4857534780915358 5.238789128954452e-58 6.147297565432544e-59 1.8008169770583498e-37 6.14604072514225e-39 55
2.1108288547553322e-68 1.9520443423436923e-09 9.513625750304376e-34 1.1140012006078169e-64 4.214039804344647e-47 1.5313882853592832e-48 8.776667606120756e-59 1.1644622372783784e-08 2.624372411766647e-25 1.505779429725322e-11 9.68212561440061e-20 1.0475540702167525e-59 1.818320462868886e-55 1.0088814627384617e-58 0.4857534780915358 5.238789128954452e-58 6.147297565432544e-59 1.8008169770583498e-37 1.315100092424327e-33 56
2.1108288547553322e-68 6.076370185133547e-65 9.513625750304376e-34 1.1140012006078169e-64 4.214039804344647e-47 1.5313882853592832e-48 8.776667606120756e-59 1.1644622372783784e-08 2.624372411766647e-25 3.36178360696522e-56 9.68212561440061e-20 1.0475540702167525e-59 1.818320462868886e-55 1.0088814627384617e-58 6.947891780939063e-45 5.238789128954452e-58 6.147297565432544e-59 1.8008169770583498e-37 6.14604072514225e-39 56
2.1108288547553322e-68 6.076370185133547e-65 9.513625750304376e-34 2.7886347747767034e-09 1.0454675981357724e-26 1.5313882853592832e-48 8.776667606120756e-59 6.506140113652145e-57 3.545247355456655e-40 3.36178360696522e-56 6.199563830514294e-48 1.0475540702167525e-59 1.818320462868886e-55 1.0088814627384617e-58 6.947891780939063e-45 5.238789128954452e-58 6.147297565432544e-59 0.96 6.14604072514225e-39 56
2.1108288547553322e-68 6.076370185133547e-65 2.13732736360427e-40 1.1140012006078169e-64 4.214039804344647e-47 3.8727421893177857e-25 8.752333660812696e-15 6.506140113652145e-57 3.545247355456655e-40 1.505779429725322e-11 6.199563830514294e-48 1.0475540702167525e-59 1.818320462868886e-55 1.0088814627384617e-58 0.4857534780915358 0.8 6.147297565432544e-59 1.8008169770583498e-37 6.14604072514225e-39 56
0.0002709624644557274 1.9520443423436923e-09 9.513625750304376e-34 1.1140012006078169e-64 4.214039804344647e-47 3.8727421893177857e-25 8.776667606120756e-59 6.506140113652145e-57 3.545247355456655e-40 1.0088814627384617e-58 0.4857534780915358 5.238789128954452e-58 6.147297565432544e-59 6.14604072514225e-39 56
2.1108288547553322e-68 6.076370185133547e-65 9.513625750304376e-34 1.1140012006078169e-64 1.0454675981357724e-26 1.5313882853592832e-48 8.776667606120756e-59 6.506140113652145e-57 3.545247355456655e-40 1.505779429725322e-11 6.199563830514294e-48 1.0475540702167525e-59 1.818320462868886e-55 1.0088814627384617e-58 6.947891780939063e-45 5.238789128954452e-58 6.147297565432544e-59 1.8008169770583498e-37 6.14604072514225e-39 56
0.0002709624644557274 6.076370185133547e-65 9.513625750304376e-34 1.1140012006078169e-64 4.214039804344647e-47 1.5313882853592832e-48 8.776667606120756e-59 1.1644622372783784e-08 2.624372411766647e-25 3.36178360696522e-56 6.199563830514294e-48 1.0475540702167525e-59 1.818320462868886e-55 1.0088814627384617e-58 6.947891780939063e-45 5.238789128954452e-58 6.147297565432544e-59 1.8008169770583498e-37 6.14604072514225e-39 56
2.1108288547553322e-68 6.076370185133547e-65 9.513625750304376e-34 1.1140012006078169e-64 4.214039804344647e-47 3.8727421893177857e-25 8.752333660812696e-15 1.1644622372783784e-08 2.624372411766647e-25 3.36178360696522e-56 9.68212561440061e-20 1.0475540702167525e-59 4.467516871903573e-12 1.0088814627384617e-58 0.4857534780915358 5.238789128954452e-58 0.9 1.315100092424327e-33 56
2.1108288547553322e-68 1.9520443423436923e-09 9.513625750304376e-34 1.1140012006078169e-64 4.214039804344647e-47 1.5313882853592832e-48 8.776667606120756e-59 6.506140113652145e-57 3.545247355456655e-40 1.505779429725322e-11 9.68212561440061e-20 1.0475540702167525e-59 4.467516871903573e-12 1.0088814627384617e-58 6.947891780939063e-45 5.238789128954452e-58 6.147297565432544e-59 1.8008169770583498e-37 1.315100092424327e-33 56
2.1108288547553322e-68 6.076370185133547e-65 2.13732736360427e-40 1.1140012006078169e-64 1.0454675981357724e-26 1.5313882853592832e-48 8.776667606120756e-59 6.506140113652145e-57 3.545247355456655e-40 3.36178360696522e-56 6.199563830514294e-48 1.0475540702167525e-59 1.818320462868886e-55 5.238789128954452e-58 6.14604072514225e-39 56
2.1108288547553322e-68 6.076370185133547e-65 2.13732736360427e-40 1.1140012006078169e-64 4.214039804344647e-47 3.8727421893177857e-25 8.752333660812696e-15 6.506140113652145e-57 3.545247355456655e-40 3.36178360696522e-56 6.199563830514294e-48 1.0475540702167525e-59 1.818320462868886e-55 1.0088814627384617e-58 5.238789128954452e-58 6.147297565432544e-59 6.14604072514225e-39 56
0.04 6.076370185133547e-65 2.13732736360427e-40 1.1140012006078169e-64 4.214039804344647e-47 3.8727421893177857e-25 8.752333660812696e-15 6.506140113652145e-57 3.545247355456655e-40 3.36178360696522e-56 9.68212561440061e-20 6.704112010797055e-08 1.818320462868886e-55 0.00038040198938439775 5.238789128954452e-58 0.9 1.8008169770583498e-37 6.14604072514225e-39 55
2.1108288547553322e-68 6.076370185133547e-65 9.513625750304376e-34 1.1140012006078169e-64 4.214039804344647e-47 3.8727421893177857e-25 8.776667606120756e-59 1.505779429725322e-11 6.199563830514294e-48 6.704112010797055e-08 1.818320462868886e-55 0.00038040198938439775 6.947891780939063e-45 5.238789128954452e-58 6.147297565432544e-59 1.8008169770583498e-37 1.315100092424327e-33 55
2.1108288547553322e-68 6.076370185133547e-65 2.13732736360427e-40 1.1140012006078169e-64 4.214039804344647e-47 3.8727421893177857e-25 8.752333660812696e-15 6.506140113652145e-57 3.545247355456655e-40 1.505779429725322e-11 6.199563830514294e-48 1.0475540702167525e-59 1.818320462868886e-55 1.0088814627384617e-58 0.4857534780915358 0.8 6.147297565432544e-59 1.8008169770583498e-37 6.14604072514225e-39 56
2.1108288547553322e-68 6.076370185133547e-65 2.13732736360427e-40 1.1140012006078169e-64 4.214039804344647e-47 3.8727421893177857e-25 8.776667606120756e-59 6.506140113652145e-57 2.624372411766647e-25 3.36178360696522e-56 9.68212561440061e-20 6.704112010797055e-08 4.467516871903573e-12 1.0088814627384617e-58 0.4857534780915358 5.238789128954452e-58 0.9 0.007204729087348091 1.315100092424327e-33 55
2.1108288547553322e-68 6.076370185133547e-65 9.513625750304376e-34 1.1140012006078169e-64 4.214039804344647e-47 3.8727421893177857e-25 8.752333660812696e-15 6.506140113652145e-57 3.545247355456655e-40 3.36178360696522e-56 6.199563830514294e-48 6.704112010797055e-08 1.818320462868886e-55 1.0088814627384617e-58 6.947891780939063e-45 5.238789128954452e-58 6.147297565432544e-59 1.8008169770583498e-37 6.14604072514225e-39 56
0.0002709624644557274 1.9520443423436923e-09 9.513625750304376e-34 1.1140012006078169e-64 4.214039804344647e-47 3.8727421893177857e-25 8.776667606120756e-59 6.506140113652145e-57 3.545247355456655e-40 1.0088814627384617e-58 0.4857534780915358 5.238789128954452e-58 6.147297565432544e-59 6.14604072514225e-39 56
2.1108288547553322e-68 6.076370185133547e-65 2.13732736360427e-40 1.1140012006078169e-64 1.0454675981357724e-26 1.5313882853592832e-48 8.776667606120756e-59 3.36178360696522e-56 6.199563830514294e-48 1.0475540702167525e-59 1.818320462868886e-55 1.0088814627384617e-58 5.238789128954452e-58 6.147297565432544e-59 1.315100092424327e-33 56
2.1108288547553322e-68 6.076370185133547e-65 2.13732736360427e-40 1.1140012006078169e-64 1.0454675981357724e-26 1.5313882853592832e-48 8.776667606120756e-59 6.506140113652145e-57 3.545247355456655e-40 3.36178360696522e-56 6.199563830514294e-48 1.0475540702167525e-59 1.818320462868886e-55 1.0088814627384617e-58 6.947891780939063e-45 4.174097029873036e-06 6.147297565432544e-59 1.8008169770583498e-37 6.14604072514225e-39 56
2.1108288547553322e-68 6.076370185133547e-65 9.513625750304376e-34 1.1140012006078169e-64 4.214039804344647e-47 3.8727421893177857e-25 8.752333660812696e-15 6.506140113652145e-57 3.545247355456655e-40 1.505779429725322e-11 6.199563830514294e-48 1.0475540702167525e-59 1.818320462868886e-55 0.00038040198938439775 5.238789128954452e-58 0.006469552649863593 1.315100092424327e-33 55
0.04 6.076370185133547e-65 9.513625750304376e-34 1.1140012006078169e-64 1.0454675981357724e-26 1.5313882853592832e-48 8.776667606120756e-59 6.506140113652145e-57 3.545247355456655e-40 3.36178360696522e-56 6.199563830514294e-48 1.0475540702167525e-59 1.818320462868886e-55 1.0088814627384617e-58 6.947891780939063e-45 5.238789128954452e-58 6.147297565432544e-59 6.14604072514225e-39 56
2.1108288547553322e-68 6.076370185133547e-65 9.513625750304376e-34 1.1140012006078169e-64 4.214039804344647e-47 1.5313882853592832e-48 8.776667606120756e-59 1.1644622372783784e-08 2.624372411766647e-25 3.36178360696522e-56 9.68212561440061e-20 1.0475540702167525e-59 1.818320462868886e-55 1.0088814627384617e-58 6.947891780939063e-45 5.238789128954452e-58 6.147297565432544e-59 1.8008169770583498e-37 6.14604072514225e-39 56
2.1108288547553322e-68 6.076370185133547e-65 9.513625750304376e-34 1.1140012006078169e-64 4.214039804344647e-47 1.5313882853592832e-48 8.776667606120756e-59 6.506140113652145e-57 2.624372411766647e-25 3.36178360696522e-56 6.199563830514294e-48 1.0475540702167525e-59 1.818320462868886e-55 1.0088814627384617e-58 6.947891780939063e-45 4.174097029873036e-06 6.147297565432544e-59 1.8008169770583498e-37 6.14604072514225e-39 56
2.1108288547553322e-68 6.076370185133547e-65 9.513625750304376e-34 1.1140012006078169e-64 4.214039804344647e-47 1.5313882853592832e-48 8.776667606120756e-59 6.506140113652145e-57 2.624372411766647e-25 3.36178360696522e-56 6.199563830514294e-48 1.0475540702167525e-59 1.818320462868886e-55 1.0088814627384617e-58 6.947891780939063e-45 4.174097029873036e-06 6.147297565432544e-59 1.8008169770583498e-37 6.14604072514225e-39 56
2.1108288547553322e-68 6.076370185133547e-65 2.13732736360427e-40 1.1140012006078169e-64 4.214039804344647e-47 3.8727421893177857e-25 8.776667606120756e-59 6.506140113652145e-57 3.545247355456655e-40 3.36178360696522e-56 6.199563830514294e-48 1.0475540702167525e-59 1.818320462868886e-55 1.0088814627384617e-58 6.947891780939063e-45 5.238789128954452e-58 6.147297565432544e-59 6.14604072514225e-39 56
2.1108288547553322e-68 6.076370185133547e-65 2.13732736360427e-40 1.1140012006078169e-64 1.0454675981357724e-26 1.5313882853592832e-48 8.776667606120756e-59 6.506140113652145e-57 3.545247355456655e-40 3.36178360696522e-56 6.199563830514294e-48 1.0475540702167525e-59 1.818320462868886e-55 1.0088814627384617e-58 6.947891780939063e-45 5.238789128954452e-58 6.147297565432544e-59 1.315100092424327e-33 56
2.1108288547553322e-68 6.076370185133547e-65 9.513625750304376e-34 1.1140012006078169e-64 4.214039804344647e-47 3.8727421893177857e-25 8.752333660812696e-15 6.506140113652145e-57 3.545247355456655e-40 3.36178360696522e-56 6.199563830514294e-48 6.704112010797055e-08 1.818320462868886e-55 1.0088814627384617e-58 6.947891780939063e-45 5.238789128954452e-58 6.147297565432544e-59 1.8008169770583498e-37 6.14604072514225e-39 56
2.1108288547553322e-68 6.076370185133547e-65 9.513625750304376e-34 1.1140012006078169e-64 1.0454675981357724e-26 1.5313882853592832e-48 8.776667606120756e-59 6.506140113652145e-57 3.545247355456655e-40 3.36178360696522e-56 6.199563830514294e-48 1.0475540702167525e-59 1.818320462868886e-55 1.0088814627384617e-58 6.947891780939063e-45 5.238789128954452e-58 6.147297565432544e-59 1.8008169770583498e-37 6.14604072514225e-39 56
2.1108288547553322e-68 6.076370185133547e-65 9.513625750304376e-34 2.7886347747767034e-09 4.214039804344647e-47 3.8727421893177857e-25 8.776667606120756e-59 6.506140113652145e-57 2.624372411766647e-25 3.36178360696522e-56 6.199563830514294e-48 1.0475540702167525e-59 1.818320462868886e-55 1.0088814627384617e-58 0.4857534780915358 5.238789128954452e-58 6.147297565432544e-59 1.8008169770583498e-37 6.14604072514225e-39 55
2.1108288547553322e-68 6.076370185133547e-65 9.513625750304376e-34 1.1140012006078169e-64 4.214039804344647e-47 3.8727421893177857e-25 8.776667606120756e-59 6.506140113652145e-57 2.624372411766647e-25 3.36178360696522e-56 9.68212561440061e-20 1.0475540702167525e-59 1.818320462868886e-55 1.0088814627384617e-58 7.52354070843425e-14 5.238789128954452e-58 6.147297565432544e-59 1.8008169770583498e-37 1.315100092424327e-33 56
0.04 6.076370185133547e-65 2.13732736360427e-40 1.1140012006078169e-64 4.214039804344647e-47 3.8727421893177857e-25 8.752333660812696e-15 6.506140113652145e-57 3.545247355456655e-40 3.36178360696522e-56 9.68212561440061e-20 6.704112010797055e-08 1.818320462868886e-55 0.00038040198938439775 5.238789128954452e-58 0.9 1.8008169770583498e-37 6.14604072514225e-39 55
0.0002709624644557274 6.076370185133547e-65 9.513625750304376e-34 1.1140012006078169e-64 4.214039804344647e-47 3.8727421893177857e-25 8.776667606120756e-59 6.506140113652145e-57 2.624372411766647e-25 1.505779429725322e-11 9.68212561440061e-20 1.0475540702167525e-59 1.818320462868886e-55 1.0088814627384617e-58 6.947891780939063e-45 4.174097029873036e-06 6.147297565432544e-59 1.8008169770583498e-37 1.315100092424327e-33 55
2.1108288547553322e-68 6.076370185133547e-65 2.13732736360427e-40 1.1140012006078169e-64 4.214039804344647e-47 1.5313882853592832e-48 8.776667606120756e-59 6.506140113652145e-57 3.545247355456655e-40 3.36178360696522e-56 6.199563830514294e-48 1.0475540702167525e-59 1.818320462868886e-55 1.0088814627384617e-58 6.947891780939063e-45 5.238789128954452e-58 6.147297565432544e-59 1.8008169770583498e-37 6.14604072514225e-39 56
2.1108288547553322e-68 6.076370185133547e-65 2.13732736360427e-40 1.1140012006078169e-64 1.0454675981357724e-26 1.5313882853592832e-48 8.776667606120756e-59 6.506140113652145e-57 3.545247355456655e-40 3.36178360696522e-56 6.199563830514294e-48 1.0475540702167525e-59 1.818320462868886e-55 1.0088814627384617e-58 5.238789128954452e-58 6.147297565432544e-59 6.14604072514225e-39 56
0.00014813023482711346 6.076370185133547e-65 2.13732736360427e-40 2.7886347747767034e-09 4.214039804344647e-47 1.5313882853592832e-48 8.776667606120756e-59 6.506140113652145e-57 2.624372411766647e-25 3.36178360696522e-56 6.199563830514294e-48 1.0475540702167525e-59 1.818320462868886e-55 1.0088814627384617e-58 6.947891780939063e-45 5.238789128954452e-58 6.147297565432544e-59 1.8008169770583498e-37 1.315100092424327e-33 56
2.1108288547553322e-68 6.076370185133547e-65 9.513625750304376e-34 1.1140012006078169e-64 4.214039804344647e-47 3.8727421893177857e-25 8.752333660812696e-15 1.1644622372783784e-08 2.624372411766647e-25 3.36178360696522e-56 9.68212561440061e-20 1.0475540702167525e-59 4.467516871903573e-12 1.0088814627384617e-58 0.4857534780915358 5.238789128954452e-58 0.9 1.315100092424327e-33 56
2.1108288547553322e-68 6.076370185133547e-65 9.513625750304376e-34 1.1140012006078169e-64 4.214039804344647e-47 3.8727421893177857e-25 8.776667606120756e-59 6.506140113652145e-57 3.545247355456655e-40 3.36178360696522e-56 6.199563830514294e-48 6.704112010797055e-08 1.818320462868886e-55 1.0088814627384617e-58 6.947891780939063e-45 5.238789128954452e-58 6.147297565432544e-59 0.007204729087348091 1.315100092424327e-33 55
2.1108288547553322e-68 6.076370185133547e-65 2.13732736360427e-40 1.1140012006078169e-64 1.0454675981357724e-26 1.5313882853592832e-48 8.776667606120756e-59 1.1644622372783784e-08 2.624372411766647e-25 3.36178360696522e-56 9.68212561440061e-20 1.0475540702167525e-59 1.818320462868886e-55 1.0088814627384617e-58 5.238789128954452e-58 6.147297565432544e-59 1.315100092424327e-33 56
2.1108288547553322e-68 6.076370185133547e-65 9.513625750304376e-34 1.1140012006078169e-64 1.0454675981357724e-26 1.5313882853592832e-48 8.776667606120756e-59 6.506140113652145e-57 3.545247355456655e-40 3.36178360696522e-56 6.199563830514294e-48 1.0475540702167525e-59 1.818320462868886e-55 1.0088814627384617e-58 6.947891780939063e-45 5.238789128954452e-58 6.147297565432544e-59 6.14604072514225e-39 56
2.1108288547553322e-68 6.076370185133547e-65 9.513625750304376e-34 1.1140012006078169e-64 4.214039804344647e-47 3.8727421893177857e-25 8.752333660812696e-15 1.1644622372783784e-08 2.624372411766647e-25 3.36178360696522e-56 6.199563830514294e-48 1.0475540702167525e-59 1.818320462868886e-55 1.0088814627384617e-58 6.947891780939063e-45 5.238789128954452e-58 6.147297565432544e-59 1.8008169770583498e-37 1.315100092424327e-33 56
2.1108288547553322e-68 6.076370185133547e-65 9.513625750304376e-34 1.1140012006078169e-64 1.0454675981357724e-26 1.5313882853592832e-48 8.776667606120756e-59 1.1644622372783784e-08 2.624372411766647e-25 1.505779429725322e-11 6.199563830514294e-48 1.0475540702167525e-59 1.818320462868886e-55 1.0088814627384617e-58 0.4857534780915358 5.238789128954452e-58 6.147297565432544e-59 1.8008169770583498e-37 6.14604072514225e-39 56
2.1108288547553322e-68 6.076370185133547e-65 9.513625750304376e-34 1.1140012006078169e-64 4.214039804344647e-47 3.8727421893177857e-25 8.776667606120756e-59 6.506140113652145e-57 3.545247355456655e-40 3.36178360696522e-56 6.199563830514294e-48 6.704112010797055e-08 1.818320462868886e-55 1.0088814627384617e-58 6.947891780939063e-45 5.238789128954452e-58 6.147297565432544e-59 0.007204729087348091 1.315100092424327e-33 55
2.1108288547553322e-68 6.076370185133547e-65 2.13732736360427e-40 1.1140012006078169e-64 4.214039804344647e-47 1.5313882853592832e-48 8.776667606120756e-59 6.506140113652145e-57 3.545247355456655e-40 3.36178360696522e-56 6.199563830514294e-48 1.0475540702167525e-59 1.818320462868886e-55 1.0088814627384617e-58 6.947891780939063e-45 5.238789128954452e-58 6.147297565432544e-59 1.8008169770583498e-37 6.14604072514225e-39 56
2.1108288547553322e-68 6.076370185133547e-65 2.13732736360427e-40 1.1140012006078169e-64 1.0454675981357724e-26 1.5313882853592832e-48 8.776667606120756e-59 1.1644622372783784e-08 2.624372411766647e-25 3.36178360696522e-56 9.68212561440061e-20 1.0475540702167525e-59 1.818320462868886e-55 1.0088814627384617e-58 5.238789128954452e-58 6.147297565432544e-59 1.315100092424327e-33 56
2.1108288547553322e-68 6.076370185133547e-65 9.513625750304376e-34 1.1140012006078169e-64 4.214039804344647e-47 3.8727421893177857e-25 8.776667606120756e-59 6.506140113652145e-57 3.545247355456655e-40 1.505779429725322e-11 6.199563830514294e-48 1.0475540702167525e-59 4.467516871903573e-12 1.0088814627384617e-58 7.52354070843425e-14 5.238789128954452e-58 1.8008169770583498e-37 1.315100092424327e-33 55
2.1108288547553322e-68 6.076370185133547e-65 2.13732736360427e-40 1.1140012006078169e-64 4.214039804344647e-47 1.5313882853592832e-48 8.776667606120756e-59 6.506140113652145e-57 3.545247355456655e-40 3.36178360696522e-56 6.199563830514294e-48 1.0475540702167525e-59 1.818320462868886e-55 1.0088814627384617e-58 6.947891780939063e-45 5.238789128954452e-58 6.147297565432544e-59 1.8008169770583498e-37 6.14604072514225e-39 56
2.1108288547553322e-68 6.076370185133547e-65 2.13732736360427e-40 1.1140012006078169e-64 1.0454675981357724e-26 1.5313882853592832e-48 8.776667606120756e-59 3.36178360696522e-56 6.199563830514294e-48 1.0475540702167525e-59 1.818320462868886e-55 1.0088814627384617e-58 5.238789128954452e-58 6.147297565432544e-59 1.315100092424327e-33 56
0.04 6.076370185133547e-65 9.513625750304376e-34 1.1140012006078169e-64 4.214039804344647e-47 1.5313882853592832e-48 8.776667606120756e-59 6.506140113652145e-57 3.545247355456655e-40 3.36178360696522e-56 6.199563830514294e-48 1.0475540702167525e-59 1.818320462868886e-55 1.0088814627384617e-58 6.947891780939063e-45 5.238789128954452e-58 6.147297565432544e-59 1.8008169770583498e-37 6.14604072514225e-39 56
2.1108288547553322e-68 6.076370185133547e-65 2.13732736360427e-40 1.1140012006078169e-64 4.214039804344647e-47 1.5313882853592832e-48 8.776667606120756e-59 6.506140113652145e-57 3.545247355456655e-40 3.36178360696522e-56 6.199563830514294e-48 1.0475540702167525e-59 1.818320462868886e-55 1.0088814627384617e-58 6.947891780939063e-45 5.238789128954452e-58 6.147297565432544e-59 1.8008169770583498e-37 6.14604072514225e-39 56
0.0002709624644557274 6.076370185133547e-65 2.13732736360427e-40 2.7886347747767034e-09 4.214039804344647e-47 3.8727421893177857e-25 8.776667606120756e-59 1.1644622372783784e-08 2.624372411766647e-25 3.36178360696522e-56 6.199563830514294e-48 1.0475540702167525e-59 1.818320462868886e-55 1.0088814627384617e-58 6.947891780939063e-45 5.238789128954452e-58 6.147297565432544e-59 1.8008169770583498e-37 6.14604072514225e-39 56
2.1108288547553322e-68 6.076370185133547e-65 9.513625750304376e-34 2.7886347747767034e-09 1.0454675981357724e-26 1.5313882853592832e-48 8.776667606120756e-59 1.1644622372783784e-08 2.624372411766647e-25 3.36178360696522e-56 6.199563830514294e-48 1.0475540702167525e-59 1.818320462868886e-55 1.0088814627384617e-58 6.947891780939063e-45 5.238789128954452e-58 6.147297565432544e-59 1.8008169770583498e-37 6.14604072514225e-39 56
2.1108288547553322e-68 6.076370185133547e-65 2.13732736360427e-40 1.1140012006078169e-64 4.214039804344647e-47 3.8727421893177857e-25 8.776667606120756e-59 6.506140113652145e-57 2.624372411766647e-25 3.36178360696522e-56 9.68212561440061e-20 6.704112010797055e-08 4.467516871903573e-12 1.0088814627384617e-58 0.4857534780915358 5.238789128954452e-58 0.9 0.007204729087348091 1.315100092424327e-33 55
2.1108288547553322e-68 6.076370185133547e-65 2.13732736360427e-40 2.7886347747767034e-09 4.214039804344647e-47 1.5313882853592832e-48 8.776667606120756e-59 6.506140113652145e-57 2.624372411766647e-25 1.505779429725322e-11 6.199563830514294e-48 1.0475540702167525e-59 1.818320462868886e-55 1.0088814627384617e-58 6.947891780939063e-45 5.238789128954452e-58 6.147297565432544e-59 1.8008169770583498e-37 6.14604072514225e-39 56
2.1108288547553322e-68 1.9520443423436923e-09 2.13732736360427e-40 2.7886347747767034e-09 4.214039804344647e-47 3.8727421893177857e-25 8.752333660812696e-15 6.506140113652145e-57 3.545247355456655e-40 3.36178360696522e-56 6.199563830514294e-48 1.0475540702167525e-59 1.818320462868886e-55 1.0088814627384617e-58 6.947891780939063e-45 5.238789128954452e-58 6.147297565432544e-59 1.8008169770583498e-37 6.14604072514225e-39 56
2.1108288547553322e-68 6.076370185133547e-65 2.13732736360427e-40 1.1140012006078169e-64 4.214039804344647e-47 3.8727421893177857e-25 8.776667606120756e-59 6.506140113652145e-57 3.545247355456655e-40 3.36178360696522e-56 6.199563830514294e-48 1.0475540702167525e-59 1.818320462868886e-55 1.0088814627384617e-58 6.947891780939063e-45 5.238789128954452e-58 6.147297565432544e-59 6.14604072514225e-39 56
2.1108288547553322e-68 6.076370185133547e-65 9.513625750304376e-34 1.1140012006078169e-64 4.214039804344647e-47 1.5313882853592832e-48 8.776667606120756e-59 6.506140113652145e-57 3.545247355456655e-40 3.36178360696522e-56 6.199563830514294e-48 1.0475540702167525e-59 1.818320462868886e-55 1.0088814627384617e-58 6.947891780939063e-45 5.238789128954452e-58 6.147297565432544e-59 1.315100092424327e-33 56
2.1108288547553322e-68 6.076370185133547e-65 2.13732736360427e-40 1.1140012006078169e-64 1.0454675981357724e-26 1.5313882853592832e-48 8.776667606120756e-59 6.506140113652145e-57 3.545247355456655e-40 3.36178360696522e-56 6.199563830514294e-48 1.0475540702167525e-59 1.818320462868886e-55 1.0088814627384617e-58 6.947891780939063e-45 5.238789128954452e-58 6.147297565432544e-59 6.14604072514225e-39 56
2.1108288547553322e-68 6.076370185133547e-65 2.13732736360427e-40 1.1140012006078169e-64 1.0454675981357724e-26 1.5313882853592832e-48 8.776667606120756e-59 6.506140113652145e-57 3.545247355456655e-40 3.36178360696522e-56 6.199563830514294e-48 1.0475540702167525e-59 1.818320462868886e-55 1.0088814627384617e-58 4.174097029873036e-06 6.147297565432544e-59 6.14604072514225e-39 56
2.1108288547553322e-68 6.076370185133547e-65 2.13732736360427e-40 1.1140012006078169e-64 4.214039804344647e-47 3.8727421893177857e-25 8.752333660812696e-15 6.506140113652145e-57 3.545247355456655e-40 3.36178360696522e-56 9.68212561440061e-20 1.0475540702167525e-59 4.467516871903573e-12 0.0009480335028935261 0.4857534780915358 5.238789128954452e-58 6.147297565432544e-59 0.007204729087348091 6.14604072514225e-39 56
2.1108288547553322e-68 6.076370185133547e-65 9.513625750304376e-34 1.1140012006078169e-64 1.0454675981357724e-26 1.5313882853592832e-48 8.776667606120756e-59 1.1644622372783784e-08 2.624372411766647e-25 1.505779429725322e-11 6.199563830514294e-48 1.0475540702167525e-59 1.818320462868886e-55 1.0088814627384617e-58 0.4857534780915358 5.238789128954452e-58 6.147297565432544e-59 1.8008169770583498e-37 6.14604072514225e-39 56
2.1108288547553322e-68 6.076370185133547e-65 9.513625750304376e-34 1.1140012006078169e-64 4.214039804344647e-47 3.8727421893177857e-25 8.776667606120756e-59 6.506140113652145e-57 3.545247355456655e-40 3.36178360696522e-56 6.199563830514294e-48 6.704112010797055e-08 1.818320462868886e-55 1.0088814627384617e-58 6.947891780939063e-45 5.238789128954452e-58 6.147297565432544e-59 0.007204729087348091 1.315100092424327e-33 55
2.1108288547553322e-68 6.076370185133547e-65 2.13732736360427e-40 2.7886347747767034e-09 1.0454675981357724e-26 1.5313882853592832e-48 8.776667606120756e-59 6.506140113652145e-57 3.545247355456655e-40 3.36178360696522e-56 6.199563830514294e-48 1.0475540702167525e-59 1.818320462868886e-55 1.0088814627384617e-58 6.947891780939063e-45 5.238789128954452e-58 6.147297565432544e-59 1.8008169770583498e-37 1.315100092424327e-33 56
2.1108288547553322e-68 6.076370185133547e-65 2.13732736360427e-40 1.1140012006078169e-64 4.214039804344647e-47 3.8727421893177857e-25 8.776667606120756e-59 6.506140113652145e-57 3.545247355456655e-40 3.36178360696522e-56 6.199563830514294e-48 1.0475540702167525e-59 1.818320462868886e-55 1.0088814627384617e-58 6.947891780939063e-45 5.238789128954452e-58 6.147297565432544e-59 6.14604072514225e-39 56
2.1108288547553322e-68 6.076370185133547e-65 2.13732736360427e-40 1.1140012006078169e-64 1.0454675981357724e-26 1.5313882853592832e-48 8.776667606120756e-59 6.506140113652145e-57 3.545247355456655e-40 3.36178360696522e-56 6.199563830514294e-48 1.0475540702167525e-59 1.818320462868886e-55 1.0088814627384617e-58 6.947891780939063e-45 4.174097029873036e-06 6.147297565432544e-59 1.8008169770583498e-37 6.14604072514225e-39 56
2.1108288547553322e-68 6.076370185133547e-65 2.13732736360427e-40 1.1140012006078169e-64 4.214039804344647e-47 3.8727421893177857e-25 8.752333660812696e-15 6.506140113652145e-57 2.624372411766647e-25 3.36178360696522e-56 9.68212561440061e-20 6.704112010797055e-08 4.467516871903573e-12 6.751915216084254e-06 0.4857534780915358 5.238789128954452e-58 6.147297565432544e-59 1.315100092424327e-33 55
2.1108288547553322e-68 6.076370185133547e-65 2.13732736360427e-40 1.1140012006078169e-64 1.0454675981357724e-26 1.5313882853592832e-48 8.776667606120756e-59 6.506140113652145e-57 3.545247355456655e-40 3.36178360696522e-56 6.199563830514294e-48 1.0475540702167525e-59 1.818320462868886e-55 1.0088814627384617e-58 6.947891780939063e-45 5.238789128954452e-58 6.147297565432544e-59 1.8008169770583498e-37 6.14604072514225e-39 56
0.0002709624644557274 6.076370185133547e-65 9.513625750304376e-34 1.1140012006078169e-64 4.214039804344647e-47 1.5313882853592832e-48 8.776667606120756e-59 1.1644622372783784e-08 2.624372411766647e-25 3.36178360696522e-56 6.199563830514294e-48 1.0475540702167525e-59 1.818320462868886e-55 1.0088814627384617e-58 6.947891780939063e-45 5.238789128954452e-58 6.147297565432544e-59 1.8008169770583498e-37 6.14604072514225e-39 56
2.1108288547553322e-68 6.076370185133547e-65 9.513625750304376e-34 1.1140012006078169e-64 1.0454675981357724e-26 1.5313882853592832e-48 8.776667606120756e-59 6.506140113652145e-57 3.36178360696522e-56 6.199563830514294e-48 1.0475540702167525e-59 1.818320462868886e-55 1.0088814627384617e-58 6.947891780939063e-45 0.8 6.147297565432544e-59 1.315100092424327e-33 56
2.1108288547553322e-68 6.076370185133547e-65 2.13732736360427e-40 2.7886347747767034e-09 1.0454675981357724e-26 1.5313882853592832e-48 8.776667606120756e-59 6.506140113652145e-57 3.545247355456655e-40 3.36178360696522e-56 6.199563830514294e-48 1.0475540702167525e-59 1.818320462868886e-55 1.0088814627384617e-58 6.947891780939063e-45 5.238789128954452e-58 6.147297565432544e-59 1.8008169770583498e-37 6.14604072514225e-39 56
2.1108288547553322e-68 6.076370185133547e-65 9.513625750304376e-34 1.1140012006078169e-64 4.214039804344647e-47 1.5313882853592832e-48 8.776667606120756e-59 1.1644622372783784e-08 2.624372411766647e-25 3.36178360696522e-56 9.68212561440061e-20 1.0475540702167525e-59 1.818320462868886e-55 1.0088814627384617e-58 6.947891780939063e-45 5.238789128954452e-58 6.147297565432544e-59 1.8008169770583498e-37 6.14604072514225e-39 56
2.1108288547553322e-68 6.076370185133547e-65 9.513625750304376e-34 1.1140012006078169e-64 4.214039804344647e-47 3.8727421893177857e-25 8.776667606120756e-59 6.506140113652145e-57 3.545247355456655e-40 1.505779429725322e-11 6.199563830514294e-48 1.0475540702167525e-59 4.467516871903573e-12 1.0088814627384617e-58 7.52354070843425e-14 5.238789128954452e-58 1.8008169770583498e-37 1.315100092424327e-33 55
2.1108288547553322e-68 6.076370185133547e-65 9.513625750304376e-34 1.1140012006078169e-64 4.214039804344647e-47 1.5313882853592832e-48 8.752333660812696e-15 6.506140113652145e-57 3.545247355456655e-40 1.505779429725322e-11 9.68212561440061e-20 1.0475540702167525e-59 1.818320462868886e-55 6.14604072514225e-39 55
2.1108288547553322e-68 6.076370185133547e-65 9.513625750304376e-34 1.1140012006078169e-64 4.214039804344647e-47 3.8727421893177857e-25 8.776667606120756e-59 6.506140113652145e-57 2.624372411766647e-25 3.36178360696522e-56 9.68212561440061e-20 1.0475540702167525e-59 1.818320462868886e-55 1.0088814627384617e-58 7.52354070843425e-14 5.238789128954452e-58 6.147297565432544e-59 1.8008169770583498e-37 1.315100092424327e-33 56
2.1108288547553322e-68 6.076370185133547e-65 2.13732736360427e-40 1.1140012006078169e-64 1.0454675981357724e-26 1.5313882853592832e-48 8.776667606120756e-59 6.506140113652145e-57 3.545247355456655e-40 3.36178360696522e-56 6.199563830514294e-48 1.0475540702167525e-59 1.818320462868886e-55 1.0088814627384617e-58 4.174097029873036e-06 6.147297565432544e-59 6.14604072514225e-39 56
2.1108288547553322e-68 6.076370185133547e-65 2.13732736360427e-40 1.1140012006078169e-64 1.0454675981357724e-26 1.5313882853592832e-48 8.776667606120756e-59 1.1644622372783784e-08 2.624372411766647e-25 3.36178360696522e-56 9.68212561440061e-20 1.0475540702167525e-59 1.818320462868886e-55 1.0088814627384617e-58 5.238789128954452e-58 6.147297565432544e-59 1.315100092424327e-33 56
2.1108288547553322e-68 6.076370185133547e-65 2.13732736360427e-40 1.1140012006078169e-64 1.0454675981357724e-26 1.5313882853592832e-48 8.776667606120756e-59 6.506140113652145e-57 3.545247355456655e-40 3.36178360696522e-56 6.199563830514294e-48 1.0475540702167525e-59 1.818320462868886e-55 1.0088814627384617e-58 6.14604072514225e-39 56
0.0002709624644557274 6.076370185133547e-65 9.513625750304376e-34 1.1140012006078169e-64 4.214039804344647e-47 3.8727421893177857e-25 8.776667606120756e-59 1.1644622372783784e-08 2.624372411766647e-25 3.36178360696522e-56 9.68212561440061e-20 1.0475540702167525e-59 1.818320462868886e-55 1.0088814627384617e-58 6.947891780939063e-45 5.238789128954452e-58 6.147297565432544e-59 1.315100092424327e-33 56
2.1108288547553322e-68 6.076370185133547e-65 9.513625750304376e-34 2.7886347747767034e-09 4.214039804344647e-47 3.8727421893177857e-25 8.776667606120756e-59 6.506140113652145e-57 3.545247355456655e-40 3.36178360696522e-56 6.199563830514294e-48 1.0475540702167525e-59 1.818320462868886e-55 1.0088814627384617e-58 6.947891780939063e-45 5.238789128954452e-58 6.147297565432544e-59 1.8008169770583498e-37 6.14604072514225e-39 56
2.1108288547553322e-68 6.076370185133547e-65 9.513625750304376e-34 1.1140012006078169e-64 4.214039804344647e-47 1.5313882853592832e-48 8.776667606120756e-59 6.506140113652145e-57 2.624372411766647e-25 3.36178360696522e-56 6.199563830514294e-48 1.0475540702167525e-59 1.818320462868886e-55 1.0088814627384617e-58 6.947891780939063e-45 4.174097029873036e-06 6.147297565432544e-59 1.8008169770583498e-37 6.14604072514225e-39 56
2.1108288547553322e-68 6.076370185133547e-65 9.513625750304376e-34 1.1140012006078169e-64 4.214039804344647e-47 3.8727421893177857e-25 8.776667606120756e-59 6.506140113652145e-57 2.624372411766647e-25 3.36178360696522e-56 9.68212561440061e-20 1.0475540702167525e-59 1.818320462868886e-55 1.0088814627384617e-58 7.52354070843425e-14 5.238789128954452e-58 6.147297565432544e-59 1.8008169770583498e-37 1.315100092424327e-33 56
2.1108288547553322e-68 6.076370185133547e-65 9.513625750304376e-34 1.1140012006078169e-64 4.214039804344647e-47 3.8727421893177857e-25 8.776667606120756e-59 6.506140113652145e-57 2.624372411766647e-25 3.36178360696522e-56 9.68212561440061e-20 1.0475540702167525e-59 1.818320462868886e-55 1.0088814627384617e-58 7.52354070843425e-14 5.238789128954452e-58 6.147297565432544e-59 1.8008169770583498e-37 1.315100092424327e-33 56
2.1108288547553322e-68 1.9520443423436923e-09 2.13732736360427e-40 2.7886347747767034e-09 4.214039804344647e-47 1.5313882853592832e-48 8.776667606120756e-59 6.506140113652145e-57 3.545247355456655e-40 3.36178360696522e-56 6.199563830514294e-48 1.0475540702167525e-59 1.818320462868886e-55 1.0088814627384617e-58 6.947891780939063e-45 5.238789128954452e-58 6.147297565432544e-59 1.8008169770583498e-37 6.14604072514225e-39 56
0.00014813023482711346 6.076370185133547e-65 9.513625750304376e-34 1.1140012006078169e-64 4.214039804344647e-47 3.8727421893177857e-25 8.752333660812696e-15 1.0088814627384617e-58 6.947891780939063e-45 0.00026548285230175244 6.147297565432544e-59 1.02 1.315100092424327e-33 55
2.1108288547553322e-68 6.076370185133547e-65 9.513625750304376e-34 1.1140012006078169e-64 1.0454675981357724e-26 1.5313882853592832e-48 8.776667606120756e-59 6.506140113652145e-57 3.545247355456655e-40 1.505779429725322e-11 6.199563830514294e-48 1.0475540702167525e-59 1.818320462868886e-55 1.0088814627384617e-58 6.947891780939063e-45 5.238789128954452e-58 6.147297565432544e-59 1.8008169770583498e-37 6.14604072514225e-39 56
2.1108288547553322e-68 6.076370185133547e-65 2.13732736360427e-40 1.1140012006078169e-64 4.214039804344647e-47 3.8727421893177857e-25 8.776667606120756e-59 6.506140113652145e-57 2.624372411766647e-25 3.36178360696522e-56 9.68212561440061e-20 6.704112010797055e-08 4.467516871903573e-12 1.0088814627384617e-58 0.4857534780915358 5.238789128954452e-58 0.9 0.007204729087348091 1.315100092424327e-33 55
0.0002709624644557274 1.9520443423436923e-09 2.13732736360427e-40 1.1140012006078169e-64 4.214039804344647e-47 3.8727421893177857e-25 8.776667606120756e-59 6.506140113652145e-57 2.624372411766647e-25 3.36178360696522e-56 9.68212561440061e-20 1.0475540702167525e-59 1.818320462868886e-55 1.0088814627384617e-58 7.52354070843425e-14 4.174097029873036e-06 6.147297565432544e-59 1.8008169770583498e-37 6.14604072514225e-39 56
2.1108288547553322e-68 6.076370185133547e-65 2.13732736360427e-40 1.1140012006078169e-64 4.214039804344647e-47 1.5313882853592832e-48 8.776667606120756e-59 6.506140113652145e-57 3.545247355456655e-40 3.36178360696522e-56 6.199563830514294e-48 1.0475540702167525e-59 1.818320462868886e-55 1.0088814627384617e-58 6.947891780939063e-45 5.238789128954452e-58 6.147297565432544e-59 1.8008169770583498e-37 6.14604072514225e-39 56
2.1108288547553322e-68 1.9520443423436923e-09 9.513625750304376e-34 1.1140012006078169e-64 4.214039804344647e-47 1.5313882853592832e-48 8.776667606120756e-59 1.1644622372783784e-08 2.624372411766647e-25 1.505779429725322e-11 9.68212561440061e-20 1.0475540702167525e-59 1.818320462868886e-55 1.0088814627384617e-58 0.4857534780915358 5.238789128954452e-58 6.147297565432544e-59 1.8008169770583498e-37 1.315100092424327e-33 56
2.1108288547553322e-68 6.076370185133547e-65 9.513625750304376e-34 1.1140012006078169e-64 4.214039804344647e-47 1.5313882853592832e-48 8.776667606120756e-59 6.506140113652145e-57 3.545247355456655e-40 3.36178360696522e-56 9.68212561440061e-20 1.0475540702167525e-59 1.818320462868886e-55 1.0088814627384617e-58 0.001244293972547753 6.147297565432544e-59 1.315100092424327e-33 56
2.1108288547553322e-68 6.076370185133547e-65 2.13732736360427e-40 1.1140012006078169e-64 1.0454675981357724e-26 1.5313882853592832e-48 8.776667606120756e-59 6.506140113652145e-57 3.545247355456655e-40 3.36178360696522e-56 6.199563830514294e-48 1.0475540702167525e-59 1.818320462868886e-55 1.0088814627384617e-58 6.947891780939063e-45 5.238789128954452e-58 6.147297565432544e-59 6.14604072514225e-39 56
