1.2477671117625761e-14 0.0012546246181756383 2.1035260634077205e-11 6.945674065892954e-12 5.679294094400121e-11 0.0005514992864629366 0.0160018697400005 3.1988809918262684e-05 0.008730680748768429 1.3986999151662905e-09 0.00038377776673872294 3.703492190264424e-09 7.72105990147043e-10 9.058211644179229e-14 1.1110616572998812e-11 6.730914644348486e-11 1.2557993905110511e-11 5.329451298028592e-07 0.0014499050270023444 56
1.2477671117625761e-14 5.175942106669648e-12 2.1035260634077205e-11 0.0024486809927747938 5.679294094400121e-11 0.0005514992864629366 0.0160018697400005 1.301199797588116e-08 5.854868521055615e-11 1.3986999151662905e-09 0.00038377776673872294 3.703492190264424e-09 7.72105990147043e-10 9.058211644179229e-14 0.7000000000000001 6.730914644348486e-11 1.2557993905110511e-11 5.329451298028592e-07 3.0519962697050136e-10 56
1.2477671117625761e-14 5.175942106669648e-12 2.1035260634077205e-11 6.945674065892954e-12 0.00042470186137028487 5.887463999208677e-11 2.628161795767999e-12 1.301199797588116e-08 0.008730680748768429 0.0013639924237505668 0.00038377776673872294 3.703492190264424e-09 7.72105990147043e-10 9.058211644179229e-14 1.1110616572998812e-11 6.730914644348486e-11 1.2557993905110511e-11 5.329451298028592e-07 0.0014499050270023444 56
1.2477671117625761e-14 5.175942106669648e-12 2.1035260634077205e-11 6.945674065892954e-12 5.679294094400121e-11 0.0005514992864629366 0.0160018697400005 1.301199797588116e-08 5.854868521055615e-11 1.3986999151662905e-09 5.894641927573486e-09 3.703492190264424e-09 7.72105990147043e-10 9.058211644179229e-14 6.730914644348486e-11 1.2557993905110511e-11 3.0519962697050136e-10 56
1.2477671117625761e-14 5.175942106669648e-12 2.1035260634077205e-11 6.945674065892954e-12 5.679294094400121e-11 0.0005514992864629366 0.0160018697400005 1.301199797588116e-08 5.854868521055615e-11 1.3986999151662905e-09 5.894641927573486e-09 3.703492190264424e-09 7.72105990147043e-10 9.058211644179229e-14 6.730914644348486e-11 1.2557993905110511e-11 3.0519962697050136e-10 56
1.2477671117625761e-14 5.175942106669648e-12 0.0005292227725011573 0.0024486809927747938 0.00042470186137028487 5.887463999208677e-11 2.628161795767999e-12 1.301199797588116e-08 5.854868521055615e-11 1.3986999151662905e-09 5.894641927573486e-09 3.703492190264424e-09 7.72105990147043e-10 9.058211644179229e-14 1.1110616572998812e-11 6.730914644348486e-11 1.2557993905110511e-11 0.96 3.0519962697050136e-10 56
1.2477671117625761e-14 5.175942106669648e-12 0.0005292227725011573 0.0024486809927747938 5.679294094400121e-11 0.0005514992864629366 0.0160018697400005 3.1988809918262684e-05 0.008730680748768429 1.3986999151662905e-09 5.894641927573486e-09 3.703492190264424e-09 7.72105990147043e-10 9.058211644179229e-14 1.1110616572998812e-11 6.730914644348486e-11 1.2557993905110511e-11 5.329451298028592e-07 0.0014499050270023444 56
1.2477671117625761e-14 0.0012546246181756383 2.1035260634077205e-11 0.0024486809927747938 5.679294094400121e-11 5.887463999208677e-11 2.628161795767999e-12 1.301199797588116e-08 5.854868521055615e-11 1.3986999151662905e-09 5.894641927573486e-09 3.703492190264424e-09 7.72105990147043e-10 9.058211644179229e-14 1.1110616572998812e-11 6.730914644348486e-11 1.2557993905110511e-11 5.329451298028592e-07 3.0519962697050136e-10 56
1.2477671117625761e-14 5.175942106669648e-12 2.1035260634077205e-11 6.945674065892954e-12 0.00042470186137028487 5.887463999208677e-11 2.628161795767999e-12 1.301199797588116e-08 0.008730680748768429 0.0013639924237505668 5.894641927573486e-09 3.703492190264424e-09 7.72105990147043e-10 9.058211644179229e-14 269.2770882436879 6.730914644348486e-11 1.2557993905110511e-11 0.0014499050270023444 56
1.2477671117625761e-14 5.175942106669648e-12 2.1035260634077205e-11 6.945674065892954e-12 0.00042470186137028487 5.887463999208677e-11 2.628161795767999e-12 1.301199797588116e-08 5.854868521055615e-11 1.3986999151662905e-09 5.894641927573486e-09 3.703492190264424e-09 7.72105990147043e-10 9.058211644179229e-14 1.1110616572998812e-11 6.730914644348486e-11 1.2557993905110511e-11 5.329451298028592e-07 3.0519962697050136e-10 56
0.18587512596349223 5.175942106669648e-12 2.1035260634077205e-11 6.945674065892954e-12 5.679294094400121e-11 5.887463999208677e-11 2.628161795767999e-12 3.1988809918262684e-05 0.008730680748768429 0.0013639924237505668 0.00038377776673872294 3.703492190264424e-09 7.72105990147043e-10 9.058211644179229e-14 269.2770882436879 15.67732487293536 1.2557993905110511e-11 3.0519962697050136e-10 55
1.2477671117625761e-14 5.175942106669648e-12 0.0005292227725011573 6.945674065892954e-12 5.679294094400121e-11 0.0005514992864629366 0.0160018697400005 1.301199797588116e-08 5.854868521055615e-11 1.3986999151662905e-09 5.894641927573486e-09 0.0007146800657885728 7.72105990147043e-10 9.058211644179229e-14 1.1110616572998812e-11 6.730914644348486e-11 1.2557993905110511e-11 5.329451298028592e-07 3.0519962697050136e-10 56
1.2477671117625761e-14 5.175942106669648e-12 2.1035260634077205e-11 6.945674065892954e-12 5.679294094400121e-11 5.887463999208677e-11 2.628161795767999e-12 1.301199797588116e-08 5.854868521055615e-11 1.3986999151662905e-09 5.894641927573486e-09 3.703492190264424e-09 7.72105990147043e-10 9.058211644179229e-14 1.1110616572998812e-11 6.730914644348486e-11 1.2557993905110511e-11 5.329451298028592e-07 3.0519962697050136e-10 56
1.2477671117625761e-14 5.175942106669648e-12 0.0005292227725011573 6.945674065892954e-12 0.00042470186137028487 5.887463999208677e-11 2.628161795767999e-12 1.301199797588116e-08 5.854868521055615e-11 0.0013639924237505668 5.894641927573486e-09 3.703492190264424e-09 7.72105990147043e-10 9.058211644179229e-14 1.1110616572998812e-11 6.730914644348486e-11 1.2557993905110511e-11 5.329451298028592e-07 3.0519962697050136e-10 56
1.2477671117625761e-14 5.175942106669648e-12 2.1035260634077205e-11 6.945674065892954e-12 0.00042470186137028487 5.887463999208677e-11 2.628161795767999e-12 1.301199797588116e-08 5.854868521055615e-11 1.3986999151662905e-09 5.894641927573486e-09 3.703492190264424e-09 7.72105990147043e-10 9.058211644179229e-14 1.1110616572998812e-11 6.730914644348486e-11 1.2557993905110511e-11 0.96 0.0014499050270023444 56
1.2477671117625761e-14 0.0012546246181756383 0.0005292227725011573 6.945674065892954e-12 5.679294094400121e-11 5.887463999208677e-11 2.628161795767999e-12 1.301199797588116e-08 5.854868521055615e-11 0.0013639924237505668 0.00038377776673872294 3.703492190264424e-09 0.0039651999970826595 9.058211644179229e-14 1.1110616572998812e-11 6.730914644348486e-11 1.2557993905110511e-11 5.329451298028592e-07 0.0014499050270023444 56
1.2477671117625761e-14 0.0012546246181756383 0.0005292227725011573 6.945674065892954e-12 5.679294094400121e-11 0.0005514992864629366 2.628161795767999e-12 1.301199797588116e-08 5.854868521055615e-11 0.0013639924237505668 5.894641927573486e-09 3.703492190264424e-09 7.72105990147043e-10 9.058211644179229e-14 1.1110616572998812e-11 6.730914644348486e-11 3.0519962697050136e-10 56
1.2477671117625761e-14 5.175942106669648e-12 2.1035260634077205e-11 6.945674065892954e-12 5.679294094400121e-11 5.887463999208677e-11 2.628161795767999e-12 1.301199797588116e-08 0.008730680748768429 1.3986999151662905e-09 5.894641927573486e-09 3.703492190264424e-09 7.72105990147043e-10 9.058211644179229e-14 0.04171489530215861 6.730914644348486e-11 1.2557993905110511e-11 0.0014499050270023444 56
0.18587512596349223 0.0012546246181756383 2.1035260634077205e-11 6.945674065892954e-12 5.679294094400121e-11 0.0005514992864629366 2.628161795767999e-12 1.301199797588116e-08 0.008730680748768429 1.3986999151662905e-09 0.00038377776673872294 3.703492190264424e-09 7.72105990147043e-10 9.058211644179229e-14 0.04171489530215861 0.00032521038367269755 1.2557993905110511e-11 5.329451298028592e-07 3.0519962697050136e-10 56
1.2477671117625761e-14 5.175942106669648e-12 0.0005292227725011573 6.945674065892954e-12 5.679294094400121e-11 5.887463999208677e-11 2.628161795767999e-12 3.1988809918262684e-05 5.854868521055615e-11 1.3986999151662905e-09 5.894641927573486e-09 3.703492190264424e-09 7.72105990147043e-10 9.058211644179229e-14 0.04171489530215861 6.730914644348486e-11 1.2557993905110511e-11 3.0519962697050136e-10 56
1.2477671117625761e-14 5.175942106669648e-12 2.1035260634077205e-11 6.945674065892954e-12 5.679294094400121e-11 0.0005514992864629366 2.628161795767999e-12 1.301199797588116e-08 0.008730680748768429 1.3986999151662905e-09 5.894641927573486e-09 0.0007146800657885728 0.0039651999970826595 9.058211644179229e-14 1.1110616572998812e-11 6.730914644348486e-11 1.918692630555557 5.329451298028592e-07 0.0014499050270023444 55
1.2477671117625761e-14 5.175942106669648e-12 0.0005292227725011573 6.945674065892954e-12 5.679294094400121e-11 0.0005514992864629366 2.628161795767999e-12 1.301199797588116e-08 0.008730680748768429 1.3986999151662905e-09 0.00038377776673872294 0.0007146800657885728 0.0039651999970826595 6.254796098275943 0.7000000000000001 0.00032521038367269755 0.9 2.1367258840277796 0.0014499050270023444 55
1.2477671117625761e-14 5.175942106669648e-12 2.1035260634077205e-11 6.945674065892954e-12 5.679294094400121e-11 0.0005514992864629366 2.628161795767999e-12 1.301199797588116e-08 5.854868521055615e-11 1.3986999151662905e-09 5.894641927573486e-09 3.703492190264424e-09 7.72105990147043e-10 9.058211644179229e-14 1.1110616572998812e-11 6.730914644348486e-11 1.2557993905110511e-11 3.0519962697050136e-10 56
1.2477671117625761e-14 5.175942106669648e-12 0.0005292227725011573 6.945674065892954e-12 5.679294094400121e-11 0.0005514992864629366 2.628161795767999e-12 1.301199797588116e-08 5.854868521055615e-11 0.0013639924237505668 0.00038377776673872294 3.703492190264424e-09 7.72105990147043e-10 9.058211644179229e-14 1.1110616572998812e-11 6.730914644348486e-11 1.2557993905110511e-11 1.02 0.0014499050270023444 55
1.2477671117625761e-14 5.175942106669648e-12 2.1035260634077205e-11 6.945674065892954e-12 5.679294094400121e-11 5.887463999208677e-11 2.628161795767999e-12 1.301199797588116e-08 0.008730680748768429 0.0013639924237505668 0.00038377776673872294 3.703492190264424e-09 0.0039651999970826595 6.254796098275943 1.1110616572998812e-11 6.730914644348486e-11 1.2557993905110511e-11 0.0014499050270023444 55
1.2477671117625761e-14 5.175942106669648e-12 2.1035260634077205e-11 6.945674065892954e-12 5.679294094400121e-11 0.0005514992864629366 0.0160018697400005 1.301199797588116e-08 5.854868521055615e-11 0.0013639924237505668 5.894641927573486e-09 3.703492190264424e-09 7.72105990147043e-10 9.058211644179229e-14 269.2770882436879 0.8 1.2557993905110511e-11 5.329451298028592e-07 3.0519962697050136e-10 56
0.019999556684475412 0.0012546246181756383 2.1035260634077205e-11 6.945674065892954e-12 5.679294094400121e-11 5.887463999208677e-11 2.628161795767999e-12 1.301199797588116e-08 5.854868521055615e-11 1.3986999151662905e-09 5.894641927573486e-09 3.703492190264424e-09 7.72105990147043e-10 0.12799716278064263 1.1110616572998812e-11 6.730914644348486e-11 0.0014499050270023444 56
1.2477671117625761e-14 5.175942106669648e-12 2.1035260634077205e-11 6.945674065892954e-12 0.00042470186137028487 5.887463999208677e-11 2.628161795767999e-12 1.301199797588116e-08 5.854868521055615e-11 1.3986999151662905e-09 5.894641927573486e-09 3.703492190264424e-09 7.72105990147043e-10 9.058211644179229e-14 1.1110616572998812e-11 6.730914644348486e-11 1.2557993905110511e-11 3.0519962697050136e-10 56
1.2477671117625761e-14 5.175942106669648e-12 2.1035260634077205e-11 6.945674065892954e-12 0.00042470186137028487 5.887463999208677e-11 2.628161795767999e-12 1.301199797588116e-08 0.008730680748768429 0.0013639924237505668 0.00038377776673872294 3.703492190264424e-09 7.72105990147043e-10 9.058211644179229e-14 1.1110616572998812e-11 6.730914644348486e-11 1.2557993905110511e-11 5.329451298028592e-07 0.0014499050270023444 56
1.2477671117625761e-14 5.175942106669648e-12 0.0005292227725011573 6.945674065892954e-12 5.679294094400121e-11 5.887463999208677e-11 0.0160018697400005 1.301199797588116e-08 5.854868521055615e-11 0.0013639924237505668 0.00038377776673872294 3.703492190264424e-09 7.72105990147043e-10 3.0519962697050136e-10 55
1.2477671117625761e-14 5.175942106669648e-12 0.0005292227725011573 6.945674065892954e-12 5.679294094400121e-11 5.887463999208677e-11 2.628161795767999e-12 1.301199797588116e-08 5.854868521055615e-11 1.3986999151662905e-09 0.00038377776673872294 3.703492190264424e-09 7.72105990147043e-10 9.058211644179229e-14 0.16799627614959345 1.2557993905110511e-11 0.0014499050270023444 56
1.2477671117625761e-14 5.175942106669648e-12 0.0005292227725011573 6.945674065892954e-12 0.00042470186137028487 5.887463999208677e-11 2.628161795767999e-12 3.1988809918262684e-05 0.008730680748768429 0.0013639924237505668 5.894641927573486e-09 3.703492190264424e-09 7.72105990147043e-10 9.058211644179229e-14 269.2770882436879 6.730914644348486e-11 1.2557993905110511e-11 5.329451298028592e-07 3.0519962697050136e-10 56
1.2477671117625761e-14 5.175942106669648e-12 0.0005292227725011573 6.945674065892954e-12 5.679294094400121e-11 0.0005514992864629366 2.628161795767999e-12 1.301199797588116e-08 5.854868521055615e-11 0.0013639924237505668 0.00038377776673872294 3.703492190264424e-09 7.72105990147043e-10 9.058211644179229e-14 1.1110616572998812e-11 6.730914644348486e-11 1.2557993905110511e-11 1.02 0.0014499050270023444 55
1.2477671117625761e-14 5.175942106669648e-12 0.0005292227725011573 0.0024486809927747938 5.679294094400121e-11 0.0005514992864629366 0.0160018697400005 3.1988809918262684e-05 0.008730680748768429 1.3986999151662905e-09 5.894641927573486e-09 3.703492190264424e-09 7.72105990147043e-10 9.058211644179229e-14 1.1110616572998812e-11 6.730914644348486e-11 1.2557993905110511e-11 5.329451298028592e-07 0.0014499050270023444 56
1.2477671117625761e-14 5.175942106669648e-12 0.0005292227725011573 6.945674065892954e-12 5.679294094400121e-11 5.887463999208677e-11 2.628161795767999e-12 1.301199797588116e-08 5.854868521055615e-11 1.3986999151662905e-09 0.00038377776673872294 3.703492190264424e-09 7.72105990147043e-10 9.058211644179229e-14 0.16799627614959345 1.2557993905110511e-11 0.0014499050270023444 56
1.2477671117625761e-14 5.175942106669648e-12 2.1035260634077205e-11 6.945674065892954e-12 5.679294094400121e-11 0.0005514992864629366 0.0160018697400005 3.1988809918262684e-05 0.008730680748768429 0.0013639924237505668 0.00038377776673872294 3.703492190264424e-09 7.72105990147043e-10 9.058211644179229e-14 0.04171489530215861 6.730914644348486e-11 1.2557993905110511e-11 5.329451298028592e-07 3.0519962697050136e-10 56
1.2477671117625761e-14 5.175942106669648e-12 0.0005292227725011573 6.945674065892954e-12 5.679294094400121e-11 0.0005514992864629366 2.628161795767999e-12 1.301199797588116e-08 5.854868521055615e-11 1.3986999151662905e-09 5.894641927573486e-09 3.703492190264424e-09 7.72105990147043e-10 9.058211644179229e-14 1.1110616572998812e-11 6.730914644348486e-11 1.2557993905110511e-11 3.0519962697050136e-10 56
1.2477671117625761e-14 5.175942106669648e-12 2.1035260634077205e-11 6.945674065892954e-12 0.00042470186137028487 5.887463999208677e-11 2.628161795767999e-12 1.301199797588116e-08 5.854868521055615e-11 1.3986999151662905e-09 5.894641927573486e-09 3.703492190264424e-09 7.72105990147043e-10 9.058211644179229e-14 1.1110616572998812e-11 6.730914644348486e-11 1.2557993905110511e-11 3.0519962697050136e-10 56
1.2477671117625761e-14 0.0012546246181756383 0.0005292227725011573 6.945674065892954e-12 0.00042470186137028487 5.887463999208677e-11 2.628161795767999e-12 3.1988809918262684e-05 5.854868521055615e-11 1.3986999151662905e-09 5.894641927573486e-09 3.703492190264424e-09 7.72105990147043e-10 9.058211644179229e-14 1.1110616572998812e-11 6.730914644348486e-11 1.2557993905110511e-11 3.0519962697050136e-10 56
1.2477671117625761e-14 5.175942106669648e-12 0.0005292227725011573 0.0024486809927747938 0.00042470186137028487 5.887463999208677e-11 2.628161795767999e-12 3.1988809918262684e-05 0.008730680748768429 1.3986999151662905e-09 5.894641927573486e-09 3.703492190264424e-09 7.72105990147043e-10 9.058211644179229e-14 1.1110616572998812e-11 6.730914644348486e-11 1.2557993905110511e-11 5.329451298028592e-07 3.0519962697050136e-10 56
0.019999556684475412 5.175942106669648e-12 0.0005292227725011573 6.945674065892954e-12 5.679294094400121e-11 0.0005514992864629366 0.0160018697400005 9.058211644179229e-14 1.1110616572998812e-11 15.67732487293536 1.2557993905110511e-11 1.02 0.0014499050270023444 55
1.2477671117625761e-14 5.175942106669648e-12 0.0005292227725011573 6.945674065892954e-12 5.679294094400121e-11 0.0005514992864629366 2.628161795767999e-12 1.301199797588116e-08 0.008730680748768429 1.3986999151662905e-09 0.00038377776673872294 0.0007146800657885728 0.0039651999970826595 6.254796098275943 0.7000000000000001 0.00032521038367269755 0.9 2.1367258840277796 0.0014499050270023444 55
1.2477671117625761e-14 5.175942106669648e-12 2.1035260634077205e-11 6.945674065892954e-12 0.00042470186137028487 5.887463999208677e-11 2.628161795767999e-12 1.301199797588116e-08 5.854868521055615e-11 0.0013639924237505668 5.894641927573486e-09 3.703492190264424e-09 7.72105990147043e-10 9.058211644179229e-14 1.1110616572998812e-11 6.730914644348486e-11 0.0014499050270023444 56
1.2477671117625761e-14 5.175942106669648e-12 0.0005292227725011573 0.0024486809927747938 0.00042470186137028487 5.887463999208677e-11 2.628161795767999e-12 1.301199797588116e-08 5.854868521055615e-11 1.3986999151662905e-09 5.894641927573486e-09 3.703492190264424e-09 7.72105990147043e-10 9.058211644179229e-14 1.1110616572998812e-11 6.730914644348486e-11 1.2557993905110511e-11 0.96 3.0519962697050136e-10 56
1.2477671117625761e-14 5.175942106669648e-12 2.1035260634077205e-11 6.945674065892954e-12 0.00042470186137028487 5.887463999208677e-11 2.628161795767999e-12 1.301199797588116e-08 5.854868521055615e-11 1.3986999151662905e-09 5.894641927573486e-09 3.703492190264424e-09 7.72105990147043e-10 9.058211644179229e-14 1.1110616572998812e-11 6.730914644348486e-11 1.2557993905110511e-11 0.0014499050270023444 56
1.2477671117625761e-14 5.175942106669648e-12 0.0005292227725011573 6.945674065892954e-12 5.679294094400121e-11 0.0005514992864629366 0.0160018697400005 1.301199797588116e-08 0.008730680748768429 1.3986999151662905e-09 0.00038377776673872294 0.0007146800657885728 0.0039651999970826595 9.058211644179229e-14 1.1110616572998812e-11 6.730914644348486e-11 1.2557993905110511e-11 0.0014499050270023444 55
1.2477671117625761e-14 5.175942106669648e-12 2.1035260634077205e-11 6.945674065892954e-12 0.00042470186137028487 5.887463999208677e-11 2.628161795767999e-12 1.301199797588116e-08 5.854868521055615e-11 1.3986999151662905e-09 5.894641927573486e-09 3.703492190264424e-09 7.72105990147043e-10 9.058211644179229e-14 1.1110616572998812e-11 6.730914644348486e-11 1.2557993905110511e-11 5.329451298028592e-07 3.0519962697050136e-10 56
1.2477671117625761e-14 5.175942106669648e-12 2.1035260634077205e-11 6.945674065892954e-12 0.00042470186137028487 5.887463999208677e-11 2.628161795767999e-12 1.301199797588116e-08 5.854868521055615e-11 1.3986999151662905e-09 5.894641927573486e-09 3.703492190264424e-09 7.72105990147043e-10 9.058211644179229e-14 3.0519962697050136e-10 56
1.2477671117625761e-14 5.175942106669648e-12 2.1035260634077205e-11 6.945674065892954e-12 5.679294094400121e-11 5.887463999208677e-11 2.628161795767999e-12 1.301199797588116e-08 5.854868521055615e-11 1.3986999151662905e-09 5.894641927573486e-09 3.703492190264424e-09 7.72105990147043e-10 9.058211644179229e-14 1.1110616572998812e-11 6.730914644348486e-11 1.2557993905110511e-11 5.329451298028592e-07 3.0519962697050136e-10 56
1.2477671117625761e-14 5.175942106669648e-12 2.1035260634077205e-11 6.945674065892954e-12 5.679294094400121e-11 5.887463999208677e-11 2.628161795767999e-12 1.301199797588116e-08 0.008730680748768429 0.0013639924237505668 0.00038377776673872294 3.703492190264424e-09 0.0039651999970826595 6.254796098275943 1.1110616572998812e-11 6.730914644348486e-11 1.2557993905110511e-11 0.0014499050270023444 55
1.2477671117625761e-14 5.175942106669648e-12 0.0005292227725011573 6.945674065892954e-12 5.679294094400121e-11 0.0005514992864629366 2.628161795767999e-12 3.1988809918262684e-05 0.008730680748768429 1.3986999151662905e-09 0.00038377776673872294 3.703492190264424e-09 7.72105990147043e-10 0.12799716278064263 1.1110616572998812e-11 6.730914644348486e-11 1.2557993905110511e-11 0.0014499050270023444 56
1.2477671117625761e-14 5.175942106669648e-12 2.1035260634077205e-11 6.945674065892954e-12 5.679294094400121e-11 0.0005514992864629366 0.0160018697400005 1.301199797588116e-08 0.008730680748768429 1.3986999151662905e-09 0.00038377776673872294 0.0007146800657885728 0.0039651999970826595 0.2703552415389353 269.2770882436879 6.730914644348486e-11 1.2557993905110511e-11 0.0014499050270023444 55
1.2477671117625761e-14 5.175942106669648e-12 2.1035260634077205e-11 6.945674065892954e-12 0.00042470186137028487 5.887463999208677e-11 2.628161795767999e-12 1.301199797588116e-08 5.854868521055615e-11 1.3986999151662905e-09 5.894641927573486e-09 3.703492190264424e-09 7.72105990147043e-10 9.058211644179229e-14 1.1110616572998812e-11 6.730914644348486e-11 1.2557993905110511e-11 5.329451298028592e-07 3.0519962697050136e-10 56
0.18587512596349223 5.175942106669648e-12 0.0005292227725011573 6.945674065892954e-12 5.679294094400121e-11 5.887463999208677e-11 2.628161795767999e-12 3.1988809918262684e-05 0.008730680748768429 1.3986999151662905e-09 5.894641927573486e-09 3.703492190264424e-09 7.72105990147043e-10 9.058211644179229e-14 1.1110616572998812e-11 6.730914644348486e-11 1.2557993905110511e-11 5.329451298028592e-07 3.0519962697050136e-10 56
1.2477671117625761e-14 5.175942106669648e-12 2.1035260634077205e-11 6.945674065892954e-12 5.679294094400121e-11 0.0005514992864629366 2.628161795767999e-12 1.301199797588116e-08 0.008730680748768429 1.3986999151662905e-09 5.894641927573486e-09 0.0007146800657885728 0.0039651999970826595 9.058211644179229e-14 1.1110616572998812e-11 6.730914644348486e-11 1.918692630555557 5.329451298028592e-07 0.0014499050270023444 55
1.2477671117625761e-14 5.175942106669648e-12 2.1035260634077205e-11 6.945674065892954e-12 0.00042470186137028487 5.887463999208677e-11 2.628161795767999e-12 1.301199797588116e-08 5.854868521055615e-11 1.3986999151662905e-09 0.00038377776673872294 3.703492190264424e-09 0.0039651999970826595 9.058211644179229e-14 1.1110616572998812e-11 6.730914644348486e-11 1.2557993905110511e-11 5.329451298028592e-07 0.0014499050270023444 55
1.2477671117625761e-14 5.175942106669648e-12 0.0005292227725011573 0.0024486809927747938 5.679294094400121e-11 0.0005514992864629366 2.628161795767999e-12 1.301199797588116e-08 5.854868521055615e-11 1.3986999151662905e-09 0.00038377776673872294 3.703492190264424e-09 7.72105990147043e-10 9.058211644179229e-14 1.1110616572998812e-11 6.730914644348486e-11 1.2557993905110511e-11 2.1367258840277796 0.0014499050270023444 55
1.2477671117625761e-14 5.175942106669648e-12 0.0005292227725011573 6.945674065892954e-12 5.679294094400121e-11 0.0005514992864629366 2.628161795767999e-12 1.301199797588116e-08 5.854868521055615e-11 0.0013639924237505668 5.894641927573486e-09 3.703492190264424e-09 0.0039651999970826595 9.058211644179229e-14 0.04171489530215861 6.730914644348486e-11 5.329451298028592e-07 0.0014499050270023444 55
1.2477671117625761e-14 5.175942106669648e-12 2.1035260634077205e-11 6.945674065892954e-12 5.679294094400121e-11 0.0005514992864629366 0.0160018697400005 1.301199797588116e-08 5.854868521055615e-11 1.3986999151662905e-09 0.00038377776673872294 0.0007146800657885728 7.72105990147043e-10 9.058211644179229e-14 6.730914644348486e-11 1.918692630555557 0.0014499050270023444 55
0.019999556684475412 5.175942106669648e-12 2.1035260634077205e-11 0.0024486809927747938 5.679294094400121e-11 5.887463999208677e-11 2.628161795767999e-12 1.301199797588116e-08 0.008730680748768429 1.3986999151662905e-09 5.894641927573486e-09 3.703492190264424e-09 7.72105990147043e-10 9.058211644179229e-14 1.1110616572998812e-11 6.730914644348486e-11 1.2557993905110511e-11 5.329451298028592e-07 0.0014499050270023444 56
0.04 5.175942106669648e-12 0.0005292227725011573 6.945674065892954e-12 5.679294094400121e-11 0.0005514992864629366 2.628161795767999e-12 1.301199797588116e-08 5.854868521055615e-11 1.3986999151662905e-09 0.00038377776673872294 0.0007146800657885728 7.72105990147043e-10 6.254796098275943 1.1110616572998812e-11 6.730914644348486e-11 1.2557993905110511e-11 2.1367258840277796 0.0014499050270023444 55
1.2477671117625761e-14 5.175942106669648e-12 2.1035260634077205e-11 6.945674065892954e-12 5.679294094400121e-11 0.0005514992864629366 0.0160018697400005 1.301199797588116e-08 5.854868521055615e-11 0.0013639924237505668 5.894641927573486e-09 3.703492190264424e-09 7.72105990147043e-10 9.058211644179229e-14 269.2770882436879 0.8 1.2557993905110511e-11 5.329451298028592e-07 3.0519962697050136e-10 56
0.04 5.175942106669648e-12 2.1035260634077205e-11 6.945674065892954e-12 5.679294094400121e-11 0.0005514992864629366 0.0160018697400005 1.301199797588116e-08 5.854868521055615e-11 1.3986999151662905e-09 0.00038377776673872294 0.0007146800657885728 7.72105990147043e-10 6.254796098275943 6.730914644348486e-11 0.9 5.329451298028592e-07 3.0519962697050136e-10 55
1.2477671117625761e-14 0.0012546246181756383 0.0005292227725011573 6.945674065892954e-12 5.679294094400121e-11 0.0005514992864629366 2.628161795767999e-12 1.301199797588116e-08 5.854868521055615e-11 0.0013639924237505668 5.894641927573486e-09 3.703492190264424e-09 7.72105990147043e-10 9.058211644179229e-14 1.1110616572998812e-11 6.730914644348486e-11 3.0519962697050136e-10 56
1.2477671117625761e-14 5.175942106669648e-12 2.1035260634077205e-11 0.0024486809927747938 5.679294094400121e-11 5.887463999208677e-11 2.628161795767999e-12 1.301199797588116e-08 0.008730680748768429 1.3986999151662905e-09 5.894641927573486e-09 3.703492190264424e-09 7.72105990147043e-10 9.058211644179229e-14 1.1110616572998812e-11 6.730914644348486e-11 1.2557993905110511e-11 5.329451298028592e-07 3.0519962697050136e-10 56
1.2477671117625761e-14 5.175942106669648e-12 0.0005292227725011573 6.945674065892954e-12 5.679294094400121e-11 0.0005514992864629366 0.0160018697400005 3.1988809918262684e-05 0.008730680748768429 1.3986999151662905e-09 0.00038377776673872294 3.703492190264424e-09 0.0039651999970826595 9.058211644179229e-14 269.2770882436879 6.730914644348486e-11 0.9 0.0014499050270023444 56
1.2477671117625761e-14 5.175942106669648e-12 0.0005292227725011573 6.945674065892954e-12 0.00042470186137028487 5.887463999208677e-11 2.628161795767999e-12 3.1988809918262684e-05 0.008730680748768429 0.0013639924237505668 5.894641927573486e-09 3.703492190264424e-09 7.72105990147043e-10 9.058211644179229e-14 269.2770882436879 6.730914644348486e-11 1.2557993905110511e-11 5.329451298028592e-07 3.0519962697050136e-10 56
1.2477671117625761e-14 5.175942106669648e-12 0.0005292227725011573 6.945674065892954e-12 5.679294094400121e-11 0.0005514992864629366 0.0160018697400005 3.1988809918262684e-05 0.008730680748768429 1.3986999151662905e-09 5.894641927573486e-09 3.703492190264424e-09 7.72105990147043e-10 9.058211644179229e-14 1.1110616572998812e-11 6.730914644348486e-11 1.2557993905110511e-11 5.329451298028592e-07 0.0014499050270023444 56
1.2477671117625761e-14 5.175942106669648e-12 2.1035260634077205e-11 6.945674065892954e-12 0.00042470186137028487 5.887463999208677e-11 2.628161795767999e-12 1.301199797588116e-08 5.854868521055615e-11 1.3986999151662905e-09 5.894641927573486e-09 3.703492190264424e-09 7.72105990147043e-10 9.058211644179229e-14 1.1110616572998812e-11 6.730914644348486e-11 1.2557993905110511e-11 5.329451298028592e-07 3.0519962697050136e-10 56
1.2477671117625761e-14 5.175942106669648e-12 0.0005292227725011573 6.945674065892954e-12 5.679294094400121e-11 0.0005514992864629366 0.0160018697400005 1.301199797588116e-08 5.854868521055615e-11 1.3986999151662905e-09 5.894641927573486e-09 0.0007146800657885728 7.72105990147043e-10 9.058211644179229e-14 1.1110616572998812e-11 6.730914644348486e-11 1.2557993905110511e-11 5.329451298028592e-07 3.0519962697050136e-10 56
1.2477671117625761e-14 5.175942106669648e-12 2.1035260634077205e-11 6.945674065892954e-12 0.00042470186137028487 5.887463999208677e-11 2.628161795767999e-12 1.301199797588116e-08 5.854868521055615e-11 0.0013639924237505668 5.894641927573486e-09 3.703492190264424e-09 7.72105990147043e-10 9.058211644179229e-14 1.1110616572998812e-11 6.730914644348486e-11 0.0014499050270023444 56
0.019999556684475412 0.0012546246181756383 2.1035260634077205e-11 6.945674065892954e-12 5.679294094400121e-11 5.887463999208677e-11 2.628161795767999e-12 1.301199797588116e-08 5.854868521055615e-11 1.3986999151662905e-09 5.894641927573486e-09 3.703492190264424e-09 7.72105990147043e-10 0.12799716278064263 1.1110616572998812e-11 6.730914644348486e-11 0.0014499050270023444 56
0.18587512596349223 5.175942106669648e-12 0.0005292227725011573 6.945674065892954e-12 5.679294094400121e-11 5.887463999208677e-11 2.628161795767999e-12 3.1988809918262684e-05 0.008730680748768429 0.0013639924237505668 0.00038377776673872294 3.703492190264424e-09 7.72105990147043e-10 6.730914644348486e-11 0.0014499050270023444 56
1.2477671117625761e-14 5.175942106669648e-12 2.1035260634077205e-11 6.945674065892954e-12 0.00042470186137028487 5.887463999208677e-11 2.628161795767999e-12 1.301199797588116e-08 5.854868521055615e-11 1.3986999151662905e-09 5.894641927573486e-09 3.703492190264424e-09 7.72105990147043e-10 6.730914644348486e-11 3.0519962697050136e-10 56
1.2477671117625761e-14 5.175942106669648e-12 2.1035260634077205e-11 6.945674065892954e-12 0.00042470186137028487 5.887463999208677e-11 2.628161795767999e-12 1.301199797588116e-08 5.854868521055615e-11 1.3986999151662905e-09 5.894641927573486e-09 3.703492190264424e-09 7.72105990147043e-10 9.058211644179229e-14 1.1110616572998812e-11 6.730914644348486e-11 1.2557993905110511e-11 5.329451298028592e-07 3.0519962697050136e-10 56
0.019999556684475412 5.175942106669648e-12 0.0005292227725011573 6.945674065892954e-12 5.679294094400121e-11 0.0005514992864629366 0.0160018697400005 9.058211644179229e-14 1.1110616572998812e-11 15.67732487293536 1.2557993905110511e-11 1.02 0.0014499050270023444 55
1.2477671117625761e-14 5.175942106669648e-12 0.0005292227725011573 6.945674065892954e-12 0.00042470186137028487 5.887463999208677e-11 2.628161795767999e-12 1.301199797588116e-08 5.854868521055615e-11 1.3986999151662905e-09 5.894641927573486e-09 3.703492190264424e-09 7.72105990147043e-10 9.058211644179229e-14 1.1110616572998812e-11 6.730914644348486e-11 1.2557993905110511e-11 3.0519962697050136e-10 56
1.2477671117625761e-14 5.175942106669648e-12 2.1035260634077205e-11 6.945674065892954e-12 0.00042470186137028487 5.887463999208677e-11 2.628161795767999e-12 1.301199797588116e-08 0.008730680748768429 0.0013639924237505668 5.894641927573486e-09 3.703492190264424e-09 7.72105990147043e-10 9.058211644179229e-14 269.2770882436879 6.730914644348486e-11 1.2557993905110511e-11 0.0014499050270023444 56
0.18587512596349223 5.175942106669648e-12 2.1035260634077205e-11 6.945674065892954e-12 5.679294094400121e-11 0.0005514992864629366 2.628161795767999e-12 1.301199797588116e-08 0.008730680748768429 0.0013639924237505668 0.00038377776673872294 0.0007146800657885728 7.72105990147043e-10 9.058211644179229e-14 269.2770882436879 6.730914644348486e-11 1.2557993905110511e-11 5.329451298028592e-07 0.0014499050270023444 56
1.2477671117625761e-14 5.175942106669648e-12 2.1035260634077205e-11 6.945674065892954e-12 0.00042470186137028487 5.887463999208677e-11 2.628161795767999e-12 1.301199797588116e-08 5.854868521055615e-11 1.3986999151662905e-09 5.894641927573486e-09 3.703492190264424e-09 7.72105990147043e-10 9.058211644179229e-14 1.1110616572998812e-11 6.730914644348486e-11 1.2557993905110511e-11 5.329451298028592e-07 3.0519962697050136e-10 56
1.2477671117625761e-14 5.175942106669648e-12 2.1035260634077205e-11 6.945674065892954e-12 0.00042470186137028487 5.887463999208677e-11 2.628161795767999e-12 1.301199797588116e-08 5.854868521055615e-11 1.3986999151662905e-09 0.00038377776673872294 3.703492190264424e-09 0.0039651999970826595 9.058211644179229e-14 1.1110616572998812e-11 6.730914644348486e-11 1.2557993905110511e-11 5.329451298028592e-07 0.0014499050270023444 55
1.2477671117625761e-14 5.175942106669648e-12 0.0005292227725011573 6.945674065892954e-12 5.679294094400121e-11 0.0005514992864629366 0.0160018697400005 1.301199797588116e-08 0.008730680748768429 1.3986999151662905e-09 5.894641927573486e-09 3.703492190264424e-09 7.72105990147043e-10 9.058211644179229e-14 1.1110616572998812e-11 6.730914644348486e-11 1.2557993905110511e-11 5.329451298028592e-07 3.0519962697050136e-10 56
1.2477671117625761e-14 5.175942106669648e-12 2.1035260634077205e-11 6.945674065892954e-12 0.00042470186137028487 5.887463999208677e-11 2.628161795767999e-12 1.301199797588116e-08 5.854868521055615e-11 1.3986999151662905e-09 5.894641927573486e-09 3.703492190264424e-09 7.72105990147043e-10 9.058211644179229e-14 1.1110616572998812e-11 6.730914644348486e-11 1.2557993905110511e-11 5.329451298028592e-07 3.0519962697050136e-10 56
0.04 5.175942106669648e-12 0.0005292227725011573 6.945674065892954e-12 5.679294094400121e-11 0.0005514992864629366 2.628161795767999e-12 1.301199797588116e-08 5.854868521055615e-11 1.3986999151662905e-09 0.00038377776673872294 0.0007146800657885728 7.72105990147043e-10 6.254796098275943 1.1110616572998812e-11 6.730914644348486e-11 1.2557993905110511e-11 2.1367258840277796 0.0014499050270023444 55
1.2477671117625761e-14 5.175942106669648e-12 0.0005292227725011573 6.945674065892954e-12 5.679294094400121e-11 0.0005514992864629366 2.628161795767999e-12 0.0013639924237505668 5.894641927573486e-09 0.0007146800657885728 7.72105990147043e-10 6.254796098275943 1.1110616572998812e-11 6.730914644348486e-11 1.2557993905110511e-11 5.329451298028592e-07 0.0014499050270023444 55
0.18587512596349223 5.175942106669648e-12 2.1035260634077205e-11 6.945674065892954e-12 5.679294094400121e-11 0.0005514992864629366 2.628161795767999e-12 1.301199797588116e-08 0.008730680748768429 0.0013639924237505668 0.00038377776673872294 0.0007146800657885728 7.72105990147043e-10 9.058211644179229e-14 269.2770882436879 6.730914644348486e-11 1.2557993905110511e-11 5.329451298028592e-07 0.0014499050270023444 56
0.019999556684475412 5.175942106669648e-12 0.0005292227725011573 6.945674065892954e-12 5.679294094400121e-11 0.0005514992864629366 0.0160018697400005 9.058211644179229e-14 1.1110616572998812e-11 15.67732487293536 1.2557993905110511e-11 1.02 0.0014499050270023444 55
1.2477671117625761e-14 5.175942106669648e-12 2.1035260634077205e-11 6.945674065892954e-12 0.00042470186137028487 5.887463999208677e-11 2.628161795767999e-12 1.301199797588116e-08 5.854868521055615e-11 1.3986999151662905e-09 5.894641927573486e-09 3.703492190264424e-09 7.72105990147043e-10 9.058211644179229e-14 1.1110616572998812e-11 6.730914644348486e-11 1.2557993905110511e-11 3.0519962697050136e-10 56
1.2477671117625761e-14 5.175942106669648e-12 2.1035260634077205e-11 6.945674065892954e-12 0.00042470186137028487 5.887463999208677e-11 2.628161795767999e-12 1.301199797588116e-08 5.854868521055615e-11 1.3986999151662905e-09 5.894641927573486e-09 3.703492190264424e-09 7.72105990147043e-10 9.058211644179229e-14 1.1110616572998812e-11 6.730914644348486e-11 1.2557993905110511e-11 3.0519962697050136e-10 56
1.2477671117625761e-14 5.175942106669648e-12 0.0005292227725011573 6.945674065892954e-12 3.0519962697050136e-10 56
1.2477671117625761e-14 5.175942106669648e-12 2.1035260634077205e-11 6.945674065892954e-12 0.00042470186137028487 5.887463999208677e-11 2.628161795767999e-12 1.301199797588116e-08 5.854868521055615e-11 1.3986999151662905e-09 5.894641927573486e-09 3.703492190264424e-09 7.72105990147043e-10 9.058211644179229e-14 1.1110616572998812e-11 6.730914644348486e-11 1.2557993905110511e-11 5.329451298028592e-07 3.0519962697050136e-10 56
0.18587512596349223 5.175942106669648e-12 0.0005292227725011573 6.945674065892954e-12 5.679294094400121e-11 5.887463999208677e-11 2.628161795767999e-12 3.1988809918262684e-05 0.008730680748768429 0.0013639924237505668 0.00038377776673872294 3.703492190264424e-09 7.72105990147043e-10 6.730914644348486e-11 0.0014499050270023444 56
1.2477671117625761e-14 5.175942106669648e-12 0.0005292227725011573 6.945674065892954e-12 5.679294094400121e-11 5.887463999208677e-11 2.628161795767999e-12 1.301199797588116e-08 5.854868521055615e-11 1.3986999151662905e-09 0.00038377776673872294 3.703492190264424e-09 7.72105990147043e-10 9.058211644179229e-14 0.16799627614959345 1.2557993905110511e-11 0.0014499050270023444 56
1.2477671117625761e-14 5.175942106669648e-12 2.1035260634077205e-11 6.945674065892954e-12 5.679294094400121e-11 0.0005514992864629366 2.628161795767999e-12 1.301199797588116e-08 0.008730680748768429 1.3986999151662905e-09 0.00038377776673872294 0.0007146800657885728 0.0039651999970826595 9.058211644179229e-14 269.2770882436879 6.730914644348486e-11 0.9 2.1367258840277796 0.0014499050270023444 55
1.2477671117625761e-14 5.175942106669648e-12 2.1035260634077205e-11 6.945674065892954e-12 0.00042470186137028487 5.887463999208677e-11 2.628161795767999e-12 1.301199797588116e-08 5.854868521055615e-11 1.3986999151662905e-09 5.894641927573486e-09 3.703492190264424e-09 7.72105990147043e-10 9.058211644179229e-14 1.1110616572998812e-11 6.730914644348486e-11 1.2557993905110511e-11 5.329451298028592e-07 3.0519962697050136e-10 56
1.2477671117625761e-14 5.175942106669648e-12 0.0005292227725011573 0.0024486809927747938 0.00042470186137028487 5.887463999208677e-11 2.628161795767999e-12 3.1988809918262684e-05 0.008730680748768429 1.3986999151662905e-09 5.894641927573486e-09 3.703492190264424e-09 7.72105990147043e-10 9.058211644179229e-14 1.1110616572998812e-11 6.730914644348486e-11 1.2557993905110511e-11 5.329451298028592e-07 3.0519962697050136e-10 56
1.2477671117625761e-14 0.0012546246181756383 0.0005292227725011573 6.945674065892954e-12 5.679294094400121e-11 5.887463999208677e-11 2.628161795767999e-12 3.1988809918262684e-05 0.008730680748768429 0.0013639924237505668 0.00038377776673872294 3.703492190264424e-09 7.72105990147043e-10 9.058211644179229e-14 269.2770882436879 6.730914644348486e-11 1.2557993905110511e-11 5.329451298028592e-07 0.0014499050270023444 56
1.2477671117625761e-14 5.175942106669648e-12 2.1035260634077205e-11 6.945674065892954e-12 0.00042470186137028487 5.887463999208677e-11 2.628161795767999e-12 1.301199797588116e-08 5.854868521055615e-11 1.3986999151662905e-09 5.894641927573486e-09 3.703492190264424e-09 7.72105990147043e-10 9.058211644179229e-14 1.1110616572998812e-11 6.730914644348486e-11 1.2557993905110511e-11 3.0519962697050136e-10 56
1.2477671117625761e-14 5.175942106669648e-12 0.0005292227725011573 0.0024486809927747938 0.00042470186137028487 5.887463999208677e-11 2.628161795767999e-12 3.1988809918262684e-05 0.008730680748768429 1.3986999151662905e-09 5.894641927573486e-09 3.703492190264424e-09 7.72105990147043e-10 9.058211644179229e-14 0.04171489530215861 0.16799627614959345 1.2557993905110511e-11 5.329451298028592e-07 0.0014499050270023444 56
