1.494140144581476e-37 2.6172044411481016e-34 2.541726020578313e-23 3.512065752937615e-34 7.009470075173406e-27 1.661415933398698e-13 2.4053472386292607e-08 1.0856019457445646e-28 6.127084639012785e-11 2.7411596491560478e-06 5.992706199063518e-29 8.596745223352426e-33 2.2771047173174132e-30 2.024376898894737e-31 9.766074851358315e-17 56
1.494140144581476e-37 2.6172044411481016e-34 2.541726020578313e-23 3.512065752937615e-34 7.009470075173406e-27 1.661415933398698e-13 2.870678059821719e-31 6.275922180237024e-29 6.34128502781259e-23 1.0856019457445646e-28 2.7645768483632754e-25 7.229929758029514e-30 5.992706199063518e-29 8.596745223352426e-33 3.958601948312074e-25 2.2771047173174132e-30 2.024376898894737e-31 7.43948628296322e-22 56
0.04 2.6172044411481016e-34 2.541726020578313e-23 3.512065752937615e-34 7.009470075173406e-27 1.661415933398698e-13 2.4053472386292607e-08 6.275922180237024e-29 6.34128502781259e-23 1.0856019457445646e-28 6.127084639012785e-11 2.7411596491560478e-06 5.992706199063518e-29 0.10486735787525733 2.2771047173174132e-30 0.9 1.3284219429383184e-19 7.43948628296322e-22 55
1.494140144581476e-37 2.6172044411481016e-34 2.541726020578313e-23 3.512065752937615e-34 7.009470075173406e-27 1.661415933398698e-13 2.4053472386292607e-08 6.275922180237024e-29 6.34128502781259e-23 1.0856019457445646e-28 6.127084639012785e-11 2.7411596491560478e-06 5.992706199063518e-29 8.596745223352426e-33 2.2771047173174132e-30 0.09750960068796995 9.766074851358315e-17 55
1.494140144581476e-37 2.6172044411481016e-34 2.541726020578313e-23 3.512065752937615e-34 7.009470075173406e-27 3.208738240733935e-26 2.870678059821719e-31 6.275922180237024e-29 6.34128502781259e-23 1.0856019457445646e-28 2.7645768483632754e-25 7.229929758029514e-30 5.992706199063518e-29 8.596745223352426e-33 3.958601948312074e-25 2.2771047173174132e-30 2.024376898894737e-31 1.3284219429383184e-19 7.43948628296322e-22 56
1.494140144581476e-37 2.6172044411481016e-34 2.541726020578313e-23 3.512065752937615e-34 7.009470075173406e-27 3.208738240733935e-26 2.870678059821719e-31 6.275922180237024e-29 6.34128502781259e-23 1.0856019457445646e-28 2.7645768483632754e-25 7.229929758029514e-30 5.992706199063518e-29 8.596745223352426e-33 3.958601948312074e-25 2.2771047173174132e-30 2.024376898894737e-31 1.3284219429383184e-19 7.43948628296322e-22 56
1.494140144581476e-37 2.6172044411481016e-34 2.541726020578313e-23 3.512065752937615e-34 7.009470075173406e-27 3.208738240733935e-26 2.870678059821719e-31 6.275922180237024e-29 6.34128502781259e-23 1.0856019457445646e-28 2.7645768483632754e-25 7.229929758029514e-30 5.992706199063518e-29 8.596745223352426e-33 3.958601948312074e-25 2.2771047173174132e-30 2.024376898894737e-31 1.3284219429383184e-19 7.43948628296322e-22 56
0.04 2.6172044411481016e-34 7.19112980180714e-17 3.512065752937615e-34 5.649796156762084e-13 3.208738240733935e-26 2.870678059821719e-31 6.275922180237024e-29 6.34128502781259e-23 1.0856019457445646e-28 2.7645768483632754e-25 7.229929758029514e-30 5.992706199063518e-29 8.596745223352426e-33 3.958601948312074e-25 2.2771047173174132e-30 2.024376898894737e-31 7.43948628296322e-22 56
0.04 2.6172044411481016e-34 7.19112980180714e-17 3.512065752937615e-34 5.649796156762084e-13 3.208738240733935e-26 2.870678059821719e-31 6.275922180237024e-29 6.34128502781259e-23 1.0856019457445646e-28 2.7645768483632754e-25 7.229929758029514e-30 5.992706199063518e-29 8.596745223352426e-33 3.958601948312074e-25 2.2771047173174132e-30 2.024376898894737e-31 7.43948628296322e-22 56
1.494140144581476e-37 2.6172044411481016e-34 7.19112980180714e-17 3.512065752937615e-34 7.009470075173406e-27 1.661415933398698e-13 2.4053472386292607e-08 6.275922180237024e-29 6.34128502781259e-23 1.0856019457445646e-28 6.127084639012785e-11 2.7411596491560478e-06 5.992706199063518e-29 8.596745223352426e-33 2.8514280612849753e-07 2.2771047173174132e-30 2.024376898894737e-31 0.96 9.766074851358315e-17 56
1.494140144581476e-37 2.6172044411481016e-34 2.541726020578313e-23 3.512065752937615e-34 5.649796156762084e-13 3.208738240733935e-26 2.870678059821719e-31 6.275922180237024e-29 6.34128502781259e-23 1.0856019457445646e-28 2.7645768483632754e-25 7.229929758029514e-30 5.992706199063518e-29 8.596745223352426e-33 3.958601948312074e-25 2.2771047173174132e-30 2.024376898894737e-31 1.3284219429383184e-19 7.43948628296322e-22 56
1.494140144581476e-37 2.6172044411481016e-34 7.19112980180714e-17 7.951030391623336e-06 7.009470075173406e-27 1.661415933398698e-13 2.870678059821719e-31 6.275922180237024e-29 6.34128502781259e-23 1.0856019457445646e-28 6.127084639012785e-11 7.229929758029514e-30 5.992706199063518e-29 8.596745223352426e-33 3.958601948312074e-25 2.2771047173174132e-30 2.024376898894737e-31 0.10859023712978472 9.766074851358315e-17 55
1.494140144581476e-37 2.6172044411481016e-34 7.951030391623336e-06 5.649796156762084e-13 3.208738240733935e-26 2.870678059821719e-31 6.275922180237024e-29 6.34128502781259e-23 1.0856019457445646e-28 2.7645768483632754e-25 7.229929758029514e-30 5.992706199063518e-29 8.596745223352426e-33 3.958601948312074e-25 2.2771047173174132e-30 2.024376898894737e-31 1.3284219429383184e-19 7.43948628296322e-22 56
1.494140144581476e-37 2.6172044411481016e-34 7.19112980180714e-17 3.512065752937615e-34 7.009470075173406e-27 3.208738240733935e-26 2.870678059821719e-31 6.275922180237024e-29 6.34128502781259e-23 1.0856019457445646e-28 2.7645768483632754e-25 7.229929758029514e-30 5.992706199063518e-29 8.596745223352426e-33 2.2771047173174132e-30 2.024376898894737e-31 9.766074851358315e-17 56
1.494140144581476e-37 2.6172044411481016e-34 2.541726020578313e-23 3.512065752937615e-34 5.649796156762084e-13 3.208738240733935e-26 2.870678059821719e-31 6.275922180237024e-29 6.34128502781259e-23 1.0856019457445646e-28 2.7645768483632754e-25 7.229929758029514e-30 5.992706199063518e-29 8.596745223352426e-33 3.958601948312074e-25 2.2771047173174132e-30 2.024376898894737e-31 1.3284219429383184e-19 7.43948628296322e-22 56
1.494140144581476e-37 2.6172044411481016e-34 2.541726020578313e-23 3.512065752937615e-34 5.649796156762084e-13 3.208738240733935e-26 2.870678059821719e-31 6.275922180237024e-29 6.34128502781259e-23 1.3158645889394708e-07 2.7645768483632754e-25 7.229929758029514e-30 5.992706199063518e-29 8.596745223352426e-33 3.958601948312074e-25 2.2771047173174132e-30 9.766074851358315e-17 56
0.04 2.6172044411481016e-34 7.19112980180714e-17 3.512065752937615e-34 7.009470075173406e-27 1.661415933398698e-13 2.870678059821719e-31 6.275922180237024e-29 6.34128502781259e-23 1.0856019457445646e-28 6.127084639012785e-11 2.7411596491560478e-06 5.992706199063518e-29 0.10486735787525733 3.958601948312074e-25 2.2771047173174132e-30 2.024376898894737e-31 0.10859023712978472 9.766074851358315e-17 55
1.494140144581476e-37 2.6172044411481016e-34 2.541726020578313e-23 3.512065752937615e-34 5.649796156762084e-13 3.208738240733935e-26 2.870678059821719e-31 6.275922180237024e-29 6.34128502781259e-23 1.0856019457445646e-28 2.7645768483632754e-25 7.229929758029514e-30 5.992706199063518e-29 8.596745223352426e-33 3.958601948312074e-25 2.2771047173174132e-30 2.024376898894737e-31 1.3284219429383184e-19 7.43948628296322e-22 56
1.494140144581476e-37 2.6172044411481016e-34 2.541726020578313e-23 3.512065752937615e-34 5.649796156762084e-13 3.208738240733935e-26 2.870678059821719e-31 6.275922180237024e-29 6.34128502781259e-23 1.0856019457445646e-28 2.7645768483632754e-25 7.229929758029514e-30 5.992706199063518e-29 8.596745223352426e-33 3.958601948312074e-25 2.2771047173174132e-30 2.024376898894737e-31 1.3284219429383184e-19 7.43948628296322e-22 56
1.494140144581476e-37 2.6172044411481016e-34 2.541726020578313e-23 7.951030391623336e-06 7.009470075173406e-27 1.661415933398698e-13 2.4053472386292607e-08 6.275922180237024e-29 6.34128502781259e-23 1.0856019457445646e-28 6.127084639012785e-11 7.229929758029514e-30 5.992706199063518e-29 8.596745223352426e-33 0.7000000000000001 2.2771047173174132e-30 2.024376898894737e-31 1.3284219429383184e-19 7.43948628296322e-22 56
1.494140144581476e-37 2.6172044411481016e-34 2.541726020578313e-23 3.512065752937615e-34 5.649796156762084e-13 3.208738240733935e-26 2.870678059821719e-31 5.363215562896899e-07 6.518515652740892e-13 1.0856019457445646e-28 6.127084639012785e-11 7.229929758029514e-30 5.992706199063518e-29 8.596745223352426e-33 2.2771047173174132e-30 2.024376898894737e-31 9.766074851358315e-17 56
1.494140144581476e-37 2.6172044411481016e-34 7.19112980180714e-17 7.951030391623336e-06 5.649796156762084e-13 3.208738240733935e-26 2.870678059821719e-31 6.275922180237024e-29 6.34128502781259e-23 1.0856019457445646e-28 2.7645768483632754e-25 7.229929758029514e-30 5.992706199063518e-29 2.2771047173174132e-30 7.43948628296322e-22 56
0.002961538868362247 2.6172044411481016e-34 7.19112980180714e-17 3.512065752937615e-34 7.009470075173406e-27 1.661415933398698e-13 2.4053472386292607e-08 8.596745223352426e-33 3.958601948312074e-25 0.049010680955906286 2.024376898894737e-31 1.02 9.766074851358315e-17 55
1.494140144581476e-37 2.6172044411481016e-34 7.19112980180714e-17 3.512065752937615e-34 7.009470075173406e-27 1.661415933398698e-13 2.4053472386292607e-08 6.275922180237024e-29 6.518515652740892e-13 1.0856019457445646e-28 2.7645768483632754e-25 7.229929758029514e-30 5.992706199063518e-29 8.596745223352426e-33 2.2771047173174132e-30 2.024376898894737e-31 1.3284219429383184e-19 7.43948628296322e-22 56
1.494140144581476e-37 2.6172044411481016e-34 2.541726020578313e-23 3.512065752937615e-34 5.649796156762084e-13 3.208738240733935e-26 2.870678059821719e-31 6.275922180237024e-29 6.34128502781259e-23 1.0856019457445646e-28 6.127084639012785e-11 7.229929758029514e-30 3.825289769481974e-07 8.596745223352426e-33 3.958601948312074e-25 2.2771047173174132e-30 2.024376898894737e-31 1.3284219429383184e-19 9.766074851358315e-17 55
1.494140144581476e-37 2.6172044411481016e-34 7.19112980180714e-17 3.512065752937615e-34 7.009470075173406e-27 1.661415933398698e-13 2.870678059821719e-31 6.275922180237024e-29 6.34128502781259e-23 1.0856019457445646e-28 2.7645768483632754e-25 7.229929758029514e-30 5.992706199063518e-29 8.596745223352426e-33 3.958601948312074e-25 2.2771047173174132e-30 2.024376898894737e-31 1.3284219429383184e-19 7.43948628296322e-22 56
1.494140144581476e-37 4.073849757738035e-06 7.19112980180714e-17 7.951030391623336e-06 5.649796156762084e-13 3.208738240733935e-26 2.870678059821719e-31 6.275922180237024e-29 6.518515652740892e-13 1.0856019457445646e-28 2.7645768483632754e-25 7.229929758029514e-30 5.992706199063518e-29 8.596745223352426e-33 3.958601948312074e-25 2.2771047173174132e-30 2.024376898894737e-31 1.3284219429383184e-19 7.43948628296322e-22 56
1.494140144581476e-37 2.6172044411481016e-34 2.541726020578313e-23 3.512065752937615e-34 5.649796156762084e-13 3.208738240733935e-26 2.870678059821719e-31 6.275922180237024e-29 6.34128502781259e-23 1.0856019457445646e-28 2.7645768483632754e-25 7.229929758029514e-30 5.992706199063518e-29 8.596745223352426e-33 3.958601948312074e-25 2.2771047173174132e-30 2.024376898894737e-31 1.3284219429383184e-19 7.43948628296322e-22 56
1.494140144581476e-37 2.6172044411481016e-34 7.19112980180714e-17 3.512065752937615e-34 7.009470075173406e-27 1.661415933398698e-13 2.4053472386292607e-08 5.363215562896899e-07 6.518515652740892e-13 1.0856019457445646e-28 6.127084639012785e-11 7.229929758029514e-30 3.825289769481974e-07 8.596745223352426e-33 6.117028092083339 2.2771047173174132e-30 0.9 9.766074851358315e-17 56
0.04 2.6172044411481016e-34 7.19112980180714e-17 3.512065752937615e-34 7.009470075173406e-27 1.661415933398698e-13 2.4053472386292607e-08 5.363215562896899e-07 6.518515652740892e-13 1.0856019457445646e-28 6.127084639012785e-11 7.229929758029514e-30 5.992706199063518e-29 0.01895384875751838 3.958601948312074e-25 0.8 2.024376898894737e-31 9.766074851358315e-17 55
1.494140144581476e-37 2.6172044411481016e-34 7.19112980180714e-17 3.512065752937615e-34 7.009470075173406e-27 1.661415933398698e-13 2.870678059821719e-31 6.275922180237024e-29 6.34128502781259e-23 1.0856019457445646e-28 2.7645768483632754e-25 7.229929758029514e-30 5.992706199063518e-29 8.596745223352426e-33 3.958601948312074e-25 2.2771047173174132e-30 2.024376898894737e-31 1.3284219429383184e-19 7.43948628296322e-22 56
0.017210989903340516 2.6172044411481016e-34 2.541726020578313e-23 3.512065752937615e-34 7.009470075173406e-27 3.208738240733935e-26 2.870678059821719e-31 5.363215562896899e-07 6.518515652740892e-13 1.3158645889394708e-07 6.127084639012785e-11 7.229929758029514e-30 5.992706199063518e-29 8.596745223352426e-33 6.117028092083339 0.049010680955906286 2.024376898894737e-31 7.43948628296322e-22 55
1.494140144581476e-37 2.6172044411481016e-34 2.541726020578313e-23 3.512065752937615e-34 5.649796156762084e-13 3.208738240733935e-26 2.870678059821719e-31 6.275922180237024e-29 6.34128502781259e-23 1.0856019457445646e-28 2.7645768483632754e-25 7.229929758029514e-30 5.992706199063518e-29 8.596745223352426e-33 3.958601948312074e-25 2.2771047173174132e-30 2.024376898894737e-31 9.766074851358315e-17 56
1.494140144581476e-37 2.6172044411481016e-34 2.541726020578313e-23 3.512065752937615e-34 7.009470075173406e-27 3.208738240733935e-26 2.870678059821719e-31 6.275922180237024e-29 6.34128502781259e-23 1.0856019457445646e-28 2.7645768483632754e-25 7.229929758029514e-30 5.992706199063518e-29 8.596745223352426e-33 3.958601948312074e-25 2.2771047173174132e-30 2.024376898894737e-31 1.3284219429383184e-19 7.43948628296322e-22 56
1.494140144581476e-37 2.6172044411481016e-34 7.19112980180714e-17 3.512065752937615e-34 7.009470075173406e-27 1.661415933398698e-13 2.4053472386292607e-08 6.275922180237024e-29 6.34128502781259e-23 1.0856019457445646e-28 2.7645768483632754e-25 2.7411596491560478e-06 5.992706199063518e-29 8.596745223352426e-33 3.958601948312074e-25 2.2771047173174132e-30 2.024376898894737e-31 1.3284219429383184e-19 7.43948628296322e-22 56
1.494140144581476e-37 2.6172044411481016e-34 2.541726020578313e-23 3.512065752937615e-34 5.649796156762084e-13 3.208738240733935e-26 2.870678059821719e-31 6.275922180237024e-29 6.34128502781259e-23 1.0856019457445646e-28 2.7645768483632754e-25 7.229929758029514e-30 5.992706199063518e-29 8.596745223352426e-33 3.958601948312074e-25 2.2771047173174132e-30 2.024376898894737e-31 1.3284219429383184e-19 7.43948628296322e-22 56
1.494140144581476e-37 2.6172044411481016e-34 7.19112980180714e-17 3.512065752937615e-34 7.009470075173406e-27 3.208738240733935e-26 2.870678059821719e-31 5.363215562896899e-07 6.34128502781259e-23 1.0856019457445646e-28 2.7645768483632754e-25 7.229929758029514e-30 5.992706199063518e-29 8.596745223352426e-33 2.8514280612849753e-07 2.2771047173174132e-30 2.024376898894737e-31 7.43948628296322e-22 56
1.494140144581476e-37 2.6172044411481016e-34 2.541726020578313e-23 3.512065752937615e-34 7.009470075173406e-27 3.208738240733935e-26 2.870678059821719e-31 6.275922180237024e-29 6.34128502781259e-23 1.0856019457445646e-28 6.127084639012785e-11 7.229929758029514e-30 5.992706199063518e-29 8.596745223352426e-33 3.958601948312074e-25 2.2771047173174132e-30 2.024376898894737e-31 7.43948628296322e-22 55
1.494140144581476e-37 2.6172044411481016e-34 2.541726020578313e-23 3.512065752937615e-34 5.649796156762084e-13 3.208738240733935e-26 2.870678059821719e-31 6.275922180237024e-29 6.34128502781259e-23 1.0856019457445646e-28 2.7645768483632754e-25 7.229929758029514e-30 5.992706199063518e-29 8.596745223352426e-33 3.958601948312074e-25 2.2771047173174132e-30 2.024376898894737e-31 7.43948628296322e-22 56
1.494140144581476e-37 2.6172044411481016e-34 2.541726020578313e-23 3.512065752937615e-34 5.649796156762084e-13 3.208738240733935e-26 2.870678059821719e-31 6.275922180237024e-29 6.34128502781259e-23 1.0856019457445646e-28 2.7645768483632754e-25 7.229929758029514e-30 5.992706199063518e-29 8.596745223352426e-33 3.958601948312074e-25 3.682090898190149e-05 2.024376898894737e-31 1.3284219429383184e-19 7.43948628296322e-22 56
1.494140144581476e-37 2.6172044411481016e-34 2.541726020578313e-23 3.512065752937615e-34 5.649796156762084e-13 3.208738240733935e-26 2.870678059821719e-31 6.275922180237024e-29 6.34128502781259e-23 1.0856019457445646e-28 2.7645768483632754e-25 7.229929758029514e-30 5.992706199063518e-29 8.596745223352426e-33 3.958601948312074e-25 2.2771047173174132e-30 2.024376898894737e-31 1.3284219429383184e-19 7.43948628296322e-22 56
1.494140144581476e-37 2.6172044411481016e-34 2.541726020578313e-23 3.512065752937615e-34 7.009470075173406e-27 3.208738240733935e-26 2.870678059821719e-31 6.275922180237024e-29 6.518515652740892e-13 1.3158645889394708e-07 6.127084639012785e-11 7.229929758029514e-30 3.825289769481974e-07 0.10486735787525733 3.958601948312074e-25 2.2771047173174132e-30 2.024376898894737e-31 9.766074851358315e-17 55
0.017210989903340516 4.073849757738035e-06 2.541726020578313e-23 3.512065752937615e-34 7.009470075173406e-27 3.208738240733935e-26 2.870678059821719e-31 6.275922180237024e-29 6.518515652740892e-13 1.0856019457445646e-28 6.127084639012785e-11 7.229929758029514e-30 5.992706199063518e-29 8.596745223352426e-33 6.117028092083339 2.2771047173174132e-30 0.9 1.02 7.43948628296322e-22 56
0.017210989903340516 4.073849757738035e-06 2.541726020578313e-23 3.512065752937615e-34 7.009470075173406e-27 1.661415933398698e-13 2.870678059821719e-31 6.275922180237024e-29 6.518515652740892e-13 1.0856019457445646e-28 6.127084639012785e-11 7.229929758029514e-30 5.992706199063518e-29 8.596745223352426e-33 2.8514280612849753e-07 3.682090898190149e-05 2.024376898894737e-31 1.3284219429383184e-19 7.43948628296322e-22 56
0.002961538868362247 4.073849757738035e-06 2.541726020578313e-23 3.512065752937615e-34 7.009470075173406e-27 3.208738240733935e-26 2.870678059821719e-31 6.275922180237024e-29 6.34128502781259e-23 1.0856019457445646e-28 2.7645768483632754e-25 7.229929758029514e-30 5.992706199063518e-29 0.01895384875751838 3.958601948312074e-25 2.2771047173174132e-30 9.766074851358315e-17 56
1.494140144581476e-37 2.6172044411481016e-34 2.541726020578313e-23 7.951030391623336e-06 7.009470075173406e-27 3.208738240733935e-26 2.870678059821719e-31 6.275922180237024e-29 6.518515652740892e-13 1.0856019457445646e-28 2.7645768483632754e-25 7.229929758029514e-30 5.992706199063518e-29 8.596745223352426e-33 3.958601948312074e-25 2.2771047173174132e-30 2.024376898894737e-31 1.3284219429383184e-19 7.43948628296322e-22 56
1.494140144581476e-37 2.6172044411481016e-34 7.19112980180714e-17 3.512065752937615e-34 5.649796156762084e-13 3.208738240733935e-26 2.870678059821719e-31 5.363215562896899e-07 6.518515652740892e-13 1.3158645889394708e-07 2.7645768483632754e-25 7.229929758029514e-30 5.992706199063518e-29 8.596745223352426e-33 6.117028092083339 2.2771047173174132e-30 2.024376898894737e-31 1.3284219429383184e-19 7.43948628296322e-22 56
1.494140144581476e-37 2.6172044411481016e-34 2.541726020578313e-23 7.951030391623336e-06 7.009470075173406e-27 3.208738240733935e-26 2.870678059821719e-31 6.275922180237024e-29 6.518515652740892e-13 1.0856019457445646e-28 6.127084639012785e-11 7.229929758029514e-30 5.992706199063518e-29 8.596745223352426e-33 3.958601948312074e-25 0.049010680955906286 2.024376898894737e-31 1.3284219429383184e-19 7.43948628296322e-22 56
1.494140144581476e-37 2.6172044411481016e-34 7.19112980180714e-17 3.512065752937615e-34 7.009470075173406e-27 3.208738240733935e-26 2.870678059821719e-31 5.363215562896899e-07 6.518515652740892e-13 1.0856019457445646e-28 6.127084639012785e-11 7.229929758029514e-30 5.992706199063518e-29 8.596745223352426e-33 3.958601948312074e-25 2.2771047173174132e-30 2.024376898894737e-31 1.3284219429383184e-19 7.43948628296322e-22 56
1.494140144581476e-37 2.6172044411481016e-34 7.19112980180714e-17 3.512065752937615e-34 7.009470075173406e-27 3.208738240733935e-26 2.870678059821719e-31 6.275922180237024e-29 6.518515652740892e-13 1.0856019457445646e-28 2.7645768483632754e-25 7.229929758029514e-30 5.992706199063518e-29 8.596745223352426e-33 3.958601948312074e-25 3.682090898190149e-05 2.024376898894737e-31 1.3284219429383184e-19 7.43948628296322e-22 56
1.494140144581476e-37 2.6172044411481016e-34 2.541726020578313e-23 3.512065752937615e-34 7.009470075173406e-27 1.661415933398698e-13 2.870678059821719e-31 6.275922180237024e-29 6.518515652740892e-13 1.0856019457445646e-28 6.127084639012785e-11 2.7411596491560478e-06 3.825289769481974e-07 8.596745223352426e-33 6.117028092083339 2.2771047173174132e-30 0.9 0.10859023712978472 9.766074851358315e-17 55
1.494140144581476e-37 2.6172044411481016e-34 2.541726020578313e-23 3.512065752937615e-34 7.009470075173406e-27 1.661415933398698e-13 2.4053472386292607e-08 6.275922180237024e-29 6.34128502781259e-23 1.0856019457445646e-28 6.127084639012785e-11 2.7411596491560478e-06 5.992706199063518e-29 8.596745223352426e-33 2.2771047173174132e-30 0.09750960068796995 9.766074851358315e-17 55
1.494140144581476e-37 2.6172044411481016e-34 7.19112980180714e-17 7.951030391623336e-06 5.649796156762084e-13 3.208738240733935e-26 2.870678059821719e-31 6.275922180237024e-29 6.34128502781259e-23 1.0856019457445646e-28 2.7645768483632754e-25 7.229929758029514e-30 5.992706199063518e-29 2.2771047173174132e-30 7.43948628296322e-22 56
1.494140144581476e-37 4.073849757738035e-06 7.19112980180714e-17 3.512065752937615e-34 7.009470075173406e-27 3.208738240733935e-26 2.870678059821719e-31 6.275922180237024e-29 6.34128502781259e-23 1.3158645889394708e-07 6.127084639012785e-11 7.229929758029514e-30 3.825289769481974e-07 8.596745223352426e-33 3.958601948312074e-25 2.2771047173174132e-30 2.024376898894737e-31 1.3284219429383184e-19 9.766074851358315e-17 56
1.494140144581476e-37 2.6172044411481016e-34 7.19112980180714e-17 3.512065752937615e-34 7.009470075173406e-27 3.208738240733935e-26 2.870678059821719e-31 6.275922180237024e-29 6.518515652740892e-13 1.0856019457445646e-28 2.7645768483632754e-25 7.229929758029514e-30 5.992706199063518e-29 8.596745223352426e-33 3.958601948312074e-25 3.682090898190149e-05 2.024376898894737e-31 1.3284219429383184e-19 7.43948628296322e-22 56
1.494140144581476e-37 2.6172044411481016e-34 2.541726020578313e-23 3.512065752937615e-34 5.649796156762084e-13 3.208738240733935e-26 2.870678059821719e-31 6.275922180237024e-29 6.34128502781259e-23 1.0856019457445646e-28 2.7645768483632754e-25 7.229929758029514e-30 5.992706199063518e-29 8.596745223352426e-33 3.958601948312074e-25 2.2771047173174132e-30 2.024376898894737e-31 1.3284219429383184e-19 7.43948628296322e-22 56
1.494140144581476e-37 2.6172044411481016e-34 2.541726020578313e-23 3.512065752937615e-34 5.649796156762084e-13 3.208738240733935e-26 2.870678059821719e-31 6.275922180237024e-29 6.34128502781259e-23 1.0856019457445646e-28 2.7645768483632754e-25 7.229929758029514e-30 5.992706199063518e-29 8.596745223352426e-33 3.958601948312074e-25 3.682090898190149e-05 2.024376898894737e-31 1.3284219429383184e-19 7.43948628296322e-22 56
1.494140144581476e-37 2.6172044411481016e-34 7.19112980180714e-17 3.512065752937615e-34 7.009470075173406e-27 1.661415933398698e-13 2.4053472386292607e-08 6.275922180237024e-29 6.518515652740892e-13 1.0856019457445646e-28 2.7645768483632754e-25 7.229929758029514e-30 5.992706199063518e-29 8.596745223352426e-33 3.958601948312074e-25 2.2771047173174132e-30 2.024376898894737e-31 1.3284219429383184e-19 7.43948628296322e-22 56
1.494140144581476e-37 2.6172044411481016e-34 7.19112980180714e-17 3.512065752937615e-34 7.009470075173406e-27 1.661415933398698e-13 2.4053472386292607e-08 6.275922180237024e-29 6.34128502781259e-23 1.0856019457445646e-28 6.127084639012785e-11 2.7411596491560478e-06 5.992706199063518e-29 8.596745223352426e-33 2.8514280612849753e-07 2.2771047173174132e-30 2.024376898894737e-31 0.96 9.766074851358315e-17 56
1.494140144581476e-37 2.6172044411481016e-34 7.19112980180714e-17 3.512065752937615e-34 7.009470075173406e-27 1.661415933398698e-13 2.870678059821719e-31 5.363215562896899e-07 6.518515652740892e-13 1.0856019457445646e-28 6.127084639012785e-11 7.229929758029514e-30 5.992706199063518e-29 0.0020345756015347875 2.8514280612849753e-07 3.682090898190149e-05 7.43948628296322e-22 55
1.494140144581476e-37 2.6172044411481016e-34 2.541726020578313e-23 3.512065752937615e-34 5.649796156762084e-13 3.208738240733935e-26 2.870678059821719e-31 6.275922180237024e-29 6.34128502781259e-23 1.0856019457445646e-28 2.7645768483632754e-25 7.229929758029514e-30 5.992706199063518e-29 8.596745223352426e-33 3.958601948312074e-25 2.2771047173174132e-30 2.024376898894737e-31 0.96 9.766074851358315e-17 56
1.494140144581476e-37 4.073849757738035e-06 2.541726020578313e-23 7.951030391623336e-06 7.009470075173406e-27 3.208738240733935e-26 2.870678059821719e-31 6.275922180237024e-29 6.34128502781259e-23 1.0856019457445646e-28 2.7645768483632754e-25 7.229929758029514e-30 5.992706199063518e-29 8.596745223352426e-33 3.958601948312074e-25 2.2771047173174132e-30 2.024376898894737e-31 1.3284219429383184e-19 7.43948628296322e-22 56
0.002961538868362247 2.6172044411481016e-34 7.19112980180714e-17 3.512065752937615e-34 7.009470075173406e-27 1.661415933398698e-13 2.4053472386292607e-08 8.596745223352426e-33 3.958601948312074e-25 0.049010680955906286 2.024376898894737e-31 1.02 9.766074851358315e-17 55
1.494140144581476e-37 2.6172044411481016e-34 2.541726020578313e-23 3.512065752937615e-34 7.009470075173406e-27 1.661415933398698e-13 2.870678059821719e-31 6.275922180237024e-29 6.518515652740892e-13 1.0856019457445646e-28 6.127084639012785e-11 2.7411596491560478e-06 3.825289769481974e-07 8.596745223352426e-33 6.117028092083339 2.2771047173174132e-30 0.9 0.10859023712978472 9.766074851358315e-17 55
1.494140144581476e-37 2.6172044411481016e-34 2.541726020578313e-23 7.951030391623336e-06 5.649796156762084e-13 3.208738240733935e-26 2.870678059821719e-31 6.275922180237024e-29 6.34128502781259e-23 1.0856019457445646e-28 2.7645768483632754e-25 7.229929758029514e-30 5.992706199063518e-29 8.596745223352426e-33 3.958601948312074e-25 2.2771047173174132e-30 2.024376898894737e-31 1.3284219429383184e-19 7.43948628296322e-22 56
1.494140144581476e-37 2.6172044411481016e-34 2.541726020578313e-23 3.512065752937615e-34 7.009470075173406e-27 3.208738240733935e-26 2.870678059821719e-31 6.275922180237024e-29 6.34128502781259e-23 1.0856019457445646e-28 2.7645768483632754e-25 7.229929758029514e-30 5.992706199063518e-29 8.596745223352426e-33 3.958601948312074e-25 2.2771047173174132e-30 2.024376898894737e-31 1.3284219429383184e-19 7.43948628296322e-22 56
1.494140144581476e-37 2.6172044411481016e-34 2.541726020578313e-23 3.512065752937615e-34 5.649796156762084e-13 3.208738240733935e-26 2.870678059821719e-31 6.275922180237024e-29 6.34128502781259e-23 1.3158645889394708e-07 2.7645768483632754e-25 7.229929758029514e-30 5.992706199063518e-29 8.596745223352426e-33 3.958601948312074e-25 2.2771047173174132e-30 9.766074851358315e-17 56
1.494140144581476e-37 2.6172044411481016e-34 7.19112980180714e-17 3.512065752937615e-34 5.649796156762084e-13 3.208738240733935e-26 2.870678059821719e-31 6.275922180237024e-29 6.34128502781259e-23 1.0856019457445646e-28 2.7645768483632754e-25 7.229929758029514e-30 5.992706199063518e-29 8.596745223352426e-33 2.2771047173174132e-30 2.024376898894737e-31 9.766074851358315e-17 56
1.494140144581476e-37 2.6172044411481016e-34 2.541726020578313e-23 3.512065752937615e-34 5.649796156762084e-13 3.208738240733935e-26 2.870678059821719e-31 6.275922180237024e-29 6.34128502781259e-23 1.0856019457445646e-28 2.7645768483632754e-25 7.229929758029514e-30 5.992706199063518e-29 8.596745223352426e-33 3.958601948312074e-25 2.2771047173174132e-30 2.024376898894737e-31 1.3284219429383184e-19 7.43948628296322e-22 56
1.494140144581476e-37 2.6172044411481016e-34 2.541726020578313e-23 3.512065752937615e-34 7.009470075173406e-27 3.208738240733935e-26 2.870678059821719e-31 6.275922180237024e-29 6.34128502781259e-23 1.0856019457445646e-28 2.7645768483632754e-25 7.229929758029514e-30 5.992706199063518e-29 8.596745223352426e-33 3.958601948312074e-25 2.2771047173174132e-30 2.024376898894737e-31 1.3284219429383184e-19 7.43948628296322e-22 56
0.002961538868362247 2.6172044411481016e-34 2.541726020578313e-23 7.951030391623336e-06 7.009470075173406e-27 3.208738240733935e-26 2.870678059821719e-31 6.275922180237024e-29 6.518515652740892e-13 1.0856019457445646e-28 2.7645768483632754e-25 7.229929758029514e-30 5.992706199063518e-29 8.596745223352426e-33 3.958601948312074e-25 2.2771047173174132e-30 2.024376898894737e-31 1.3284219429383184e-19 9.766074851358315e-17 56
1.494140144581476e-37 2.6172044411481016e-34 2.541726020578313e-23 7.951030391623336e-06 5.649796156762084e-13 3.208738240733935e-26 2.870678059821719e-31 6.275922180237024e-29 6.34128502781259e-23 1.0856019457445646e-28 2.7645768483632754e-25 7.229929758029514e-30 5.992706199063518e-29 8.596745223352426e-33 3.958601948312074e-25 2.2771047173174132e-30 2.024376898894737e-31 1.3284219429383184e-19 9.766074851358315e-17 56
1.494140144581476e-37 2.6172044411481016e-34 7.19112980180714e-17 3.512065752937615e-34 7.009470075173406e-27 3.208738240733935e-26 2.870678059821719e-31 6.275922180237024e-29 6.34128502781259e-23 1.0856019457445646e-28 2.7645768483632754e-25 7.229929758029514e-30 5.992706199063518e-29 8.596745223352426e-33 3.958601948312074e-25 2.2771047173174132e-30 2.024376898894737e-31 9.766074851358315e-17 56
1.494140144581476e-37 2.6172044411481016e-34 2.541726020578313e-23 3.512065752937615e-34 5.649796156762084e-13 3.208738240733935e-26 2.870678059821719e-31 6.275922180237024e-29 6.518515652740892e-13 1.3158645889394708e-07 6.127084639012785e-11 7.229929758029514e-30 5.992706199063518e-29 8.596745223352426e-33 3.958601948312074e-25 2.2771047173174132e-30 2.024376898894737e-31 1.3284219429383184e-19 9.766074851358315e-17 56
1.494140144581476e-37 4.073849757738035e-06 7.19112980180714e-17 3.512065752937615e-34 7.009470075173406e-27 3.208738240733935e-26 2.870678059821719e-31 6.275922180237024e-29 6.34128502781259e-23 1.3158645889394708e-07 6.127084639012785e-11 7.229929758029514e-30 3.825289769481974e-07 8.596745223352426e-33 3.958601948312074e-25 2.2771047173174132e-30 2.024376898894737e-31 1.3284219429383184e-19 9.766074851358315e-17 56
1.494140144581476e-37 2.6172044411481016e-34 2.541726020578313e-23 3.512065752937615e-34 5.649796156762084e-13 3.208738240733935e-26 2.870678059821719e-31 6.275922180237024e-29 6.34128502781259e-23 1.0856019457445646e-28 2.7645768483632754e-25 7.229929758029514e-30 5.992706199063518e-29 8.596745223352426e-33 3.958601948312074e-25 2.2771047173174132e-30 2.024376898894737e-31 1.3284219429383184e-19 7.43948628296322e-22 56
1.494140144581476e-37 2.6172044411481016e-34 2.541726020578313e-23 7.951030391623336e-06 7.009470075173406e-27 3.208738240733935e-26 2.870678059821719e-31 6.275922180237024e-29 6.518515652740892e-13 1.3158645889394708e-07 2.7645768483632754e-25 7.229929758029514e-30 5.992706199063518e-29 8.596745223352426e-33 3.958601948312074e-25 2.2771047173174132e-30 2.024376898894737e-31 1.3284219429383184e-19 7.43948628296322e-22 56
1.494140144581476e-37 2.6172044411481016e-34 7.19112980180714e-17 7.951030391623336e-06 5.649796156762084e-13 3.208738240733935e-26 2.870678059821719e-31 5.363215562896899e-07 6.518515652740892e-13 1.0856019457445646e-28 2.7645768483632754e-25 7.229929758029514e-30 5.992706199063518e-29 8.596745223352426e-33 3.958601948312074e-25 2.2771047173174132e-30 2.024376898894737e-31 1.3284219429383184e-19 7.43948628296322e-22 56
1.494140144581476e-37 2.6172044411481016e-34 7.19112980180714e-17 7.951030391623336e-06 7.009470075173406e-27 1.661415933398698e-13 2.870678059821719e-31 6.275922180237024e-29 6.34128502781259e-23 1.0856019457445646e-28 2.7645768483632754e-25 7.229929758029514e-30 5.992706199063518e-29 8.596745223352426e-33 3.958601948312074e-25 2.2771047173174132e-30 2.024376898894737e-31 1.3284219429383184e-19 7.43948628296322e-22 56
1.494140144581476e-37 2.6172044411481016e-34 2.541726020578313e-23 3.512065752937615e-34 5.649796156762084e-13 3.208738240733935e-26 2.870678059821719e-31 6.275922180237024e-29 6.34128502781259e-23 1.0856019457445646e-28 2.7645768483632754e-25 7.229929758029514e-30 5.992706199063518e-29 8.596745223352426e-33 3.958601948312074e-25 2.2771047173174132e-30 2.024376898894737e-31 9.766074851358315e-17 56
1.494140144581476e-37 2.6172044411481016e-34 2.541726020578313e-23 3.512065752937615e-34 7.009470075173406e-27 1.661415933398698e-13 2.870678059821719e-31 6.275922180237024e-29 6.34128502781259e-23 1.0856019457445646e-28 2.7645768483632754e-25 7.229929758029514e-30 5.992706199063518e-29 8.596745223352426e-33 3.958601948312074e-25 2.2771047173174132e-30 2.024376898894737e-31 7.43948628296322e-22 56
1.494140144581476e-37 2.6172044411481016e-34 2.541726020578313e-23 3.512065752937615e-34 7.009470075173406e-27 1.661415933398698e-13 2.4053472386292607e-08 6.275922180237024e-29 6.34128502781259e-23 1.0856019457445646e-28 6.127084639012785e-11 7.229929758029514e-30 3.825289769481974e-07 0.01895384875751838 6.117028092083339 2.2771047173174132e-30 2.024376898894737e-31 0.10859023712978472 7.43948628296322e-22 56
1.494140144581476e-37 2.6172044411481016e-34 2.541726020578313e-23 7.951030391623336e-06 7.009470075173406e-27 3.208738240733935e-26 2.870678059821719e-31 6.275922180237024e-29 6.518515652740892e-13 1.3158645889394708e-07 2.7645768483632754e-25 7.229929758029514e-30 5.992706199063518e-29 8.596745223352426e-33 3.958601948312074e-25 2.2771047173174132e-30 2.024376898894737e-31 1.3284219429383184e-19 7.43948628296322e-22 56
1.494140144581476e-37 2.6172044411481016e-34 7.19112980180714e-17 3.512065752937615e-34 7.009470075173406e-27 1.661415933398698e-13 2.870678059821719e-31 1.3158645889394708e-07 2.7645768483632754e-25 2.7411596491560478e-06 5.992706199063518e-29 0.10486735787525733 3.958601948312074e-25 2.2771047173174132e-30 2.024376898894737e-31 1.3284219429383184e-19 9.766074851358315e-17 55
1.494140144581476e-37 4.073849757738035e-06 2.541726020578313e-23 3.512065752937615e-34 7.009470075173406e-27 1.661415933398698e-13 2.870678059821719e-31 6.275922180237024e-29 6.518515652740892e-13 1.0856019457445646e-28 2.7645768483632754e-25 7.229929758029514e-30 5.992706199063518e-29 8.596745223352426e-33 6.117028092083339 0.049010680955906286 2.024376898894737e-31 1.3284219429383184e-19 7.43948628296322e-22 56
1.494140144581476e-37 2.6172044411481016e-34 2.541726020578313e-23 3.512065752937615e-34 5.649796156762084e-13 3.208738240733935e-26 2.870678059821719e-31 6.275922180237024e-29 6.34128502781259e-23 1.0856019457445646e-28 2.7645768483632754e-25 7.229929758029514e-30 5.992706199063518e-29 8.596745223352426e-33 3.682090898190149e-05 2.024376898894737e-31 7.43948628296322e-22 56
1.494140144581476e-37 4.073849757738035e-06 2.541726020578313e-23 3.512065752937615e-34 7.009470075173406e-27 1.661415933398698e-13 2.4053472386292607e-08 5.363215562896899e-07 6.518515652740892e-13 1.0856019457445646e-28 6.127084639012785e-11 7.229929758029514e-30 5.992706199063518e-29 8.596745223352426e-33 3.958601948312074e-25 2.2771047173174132e-30 2.024376898894737e-31 1.3284219429383184e-19 9.766074851358315e-17 56
1.494140144581476e-37 2.6172044411481016e-34 2.541726020578313e-23 3.512065752937615e-34 7.009470075173406e-27 1.661415933398698e-13 2.4053472386292607e-08 6.275922180237024e-29 6.518515652740892e-13 1.0856019457445646e-28 6.127084639012785e-11 2.7411596491560478e-06 3.825289769481974e-07 0.0020345756015347875 6.117028092083339 2.2771047173174132e-30 2.024376898894737e-31 9.766074851358315e-17 55
0.017210989903340516 2.6172044411481016e-34 2.541726020578313e-23 7.951030391623336e-06 7.009470075173406e-27 1.661415933398698e-13 2.870678059821719e-31 5.363215562896899e-07 6.518515652740892e-13 1.0856019457445646e-28 2.7645768483632754e-25 7.229929758029514e-30 5.992706199063518e-29 8.596745223352426e-33 3.958601948312074e-25 2.2771047173174132e-30 2.024376898894737e-31 1.3284219429383184e-19 7.43948628296322e-22 56
1.494140144581476e-37 2.6172044411481016e-34 2.541726020578313e-23 3.512065752937615e-34 7.009470075173406e-27 1.661415933398698e-13 2.4053472386292607e-08 1.0856019457445646e-28 6.127084639012785e-11 2.7411596491560478e-06 5.992706199063518e-29 8.596745223352426e-33 2.2771047173174132e-30 2.024376898894737e-31 9.766074851358315e-17 56
0.002961538868362247 2.6172044411481016e-34 7.19112980180714e-17 3.512065752937615e-34 7.009470075173406e-27 1.661415933398698e-13 2.4053472386292607e-08 8.596745223352426e-33 3.958601948312074e-25 0.049010680955906286 2.024376898894737e-31 1.02 9.766074851358315e-17 55
1.494140144581476e-37 2.6172044411481016e-34 7.19112980180714e-17 3.512065752937615e-34 7.009470075173406e-27 1.661415933398698e-13 2.4053472386292607e-08 6.275922180237024e-29 6.518515652740892e-13 1.0856019457445646e-28 2.7645768483632754e-25 7.229929758029514e-30 5.992706199063518e-29 8.596745223352426e-33 3.958601948312074e-25 2.2771047173174132e-30 2.024376898894737e-31 1.3284219429383184e-19 7.43948628296322e-22 56
1.494140144581476e-37 4.073849757738035e-06 2.541726020578313e-23 7.951030391623336e-06 7.009470075173406e-27 3.208738240733935e-26 2.870678059821719e-31 6.275922180237024e-29 6.34128502781259e-23 1.0856019457445646e-28 2.7645768483632754e-25 7.229929758029514e-30 5.992706199063518e-29 8.596745223352426e-33 3.958601948312074e-25 2.2771047173174132e-30 2.024376898894737e-31 1.3284219429383184e-19 7.43948628296322e-22 56
1.494140144581476e-37 2.6172044411481016e-34 2.541726020578313e-23 7.951030391623336e-06 7.009470075173406e-27 1.661415933398698e-13 2.4053472386292607e-08 6.275922180237024e-29 6.34128502781259e-23 1.0856019457445646e-28 6.127084639012785e-11 7.229929758029514e-30 5.992706199063518e-29 8.596745223352426e-33 0.7000000000000001 2.2771047173174132e-30 2.024376898894737e-31 1.3284219429383184e-19 7.43948628296322e-22 56
1.494140144581476e-37 2.6172044411481016e-34 2.541726020578313e-23 3.512065752937615e-34 7.009470075173406e-27 3.208738240733935e-26 2.870678059821719e-31 6.275922180237024e-29 6.34128502781259e-23 1.0856019457445646e-28 2.7645768483632754e-25 7.229929758029514e-30 5.992706199063518e-29 8.596745223352426e-33 3.958601948312074e-25 2.2771047173174132e-30 2.024376898894737e-31 1.3284219429383184e-19 7.43948628296322e-22 56
0.002961538868362247 4.073849757738035e-06 2.541726020578313e-23 3.512065752937615e-34 7.009470075173406e-27 3.208738240733935e-26 2.870678059821719e-31 6.275922180237024e-29 6.34128502781259e-23 1.0856019457445646e-28 2.7645768483632754e-25 7.229929758029514e-30 5.992706199063518e-29 0.01895384875751838 3.958601948312074e-25 2.2771047173174132e-30 9.766074851358315e-17 56
1.494140144581476e-37 2.6172044411481016e-34 7.19112980180714e-17 3.512065752937615e-34 7.43948628296322e-22 56
0.017210989903340516 4.073849757738035e-06 2.541726020578313e-23 3.512065752937615e-34 7.009470075173406e-27 1.661415933398698e-13 2.870678059821719e-31 6.275922180237024e-29 6.518515652740892e-13 1.0856019457445646e-28 6.127084639012785e-11 7.229929758029514e-30 5.992706199063518e-29 8.596745223352426e-33 2.8514280612849753e-07 3.682090898190149e-05 2.024376898894737e-31 1.3284219429383184e-19 7.43948628296322e-22 56
1.494140144581476e-37 2.6172044411481016e-34 7.19112980180714e-17 3.512065752937615e-34 7.009470075173406e-27 1.661415933398698e-13 2.870678059821719e-31 6.275922180237024e-29 6.34128502781259e-23 1.0856019457445646e-28 2.7645768483632754e-25 2.7411596491560478e-06 5.992706199063518e-29 8.596745223352426e-33 3.958601948312074e-25 2.2771047173174132e-30 2.024376898894737e-31 0.10859023712978472 9.766074851358315e-17 55
