0.0005764020850286401 1.1679114600976194e-56 3.3046310332683997e-35 5.862025891166858e-08 9.946665395960554e-43 2.3394755269534743e-41 1.1737042597786709e-49 2.4871982515915378e-48 6.650433376094181e-25 2.90622815030562e-46 3.3770713399119025e-39 2.179378125097893e-50 4.1051074492918834e-46 1.7504866527294714e-51 1.678307496001624e-36 6.095959809765035e-48 6.102248400829742e-52 9.992210944769237e-34 2.870801411164284e-31 56
3.320581644275434e-60 1.1679114600976194e-56 1.8196986637707433e-29 1.5672378424028907e-56 9.946665395960554e-43 7.497055829302476e-23 1.1737042597786709e-49 1.545279776712728e-09 6.650433376094181e-25 2.90622815030562e-46 4.3563492394161045e-20 2.179378125097893e-50 4.1051074492918834e-46 0.0036889733441832964 1.678307496001624e-36 6.095959809765035e-48 6.102248400829742e-52 2.870801411164284e-31 56
0.001309096028822919 1.1679114600976194e-56 1.8196986637707433e-29 1.5672378424028907e-56 9.946665395960554e-43 2.3394755269534743e-41 1.1737042597786709e-49 1.545279776712728e-09 6.650433376094181e-25 4.2690622286113514e-13 4.3563492394161045e-20 2.179378125097893e-50 4.1051074492918834e-46 6.095959809765035e-48 2.870801411164284e-31 56
3.320581644275434e-60 1.1679114600976194e-56 1.8196986637707433e-29 1.5672378424028907e-56 9.946665395960554e-43 7.497055829302476e-23 1.1737042597786709e-49 2.4871982515915378e-48 7.097260761277761e-33 2.90622815030562e-46 3.3770713399119025e-39 7.897983068004507e-09 4.1051074492918834e-46 1.7504866527294714e-51 1.678307496001624e-36 6.095959809765035e-48 6.102248400829742e-52 0.021134836271784606 2.870801411164284e-31 55
3.320581644275434e-60 1.1679114600976194e-56 3.3046310332683997e-35 1.5672378424028907e-56 9.946665395960554e-43 2.3394755269534743e-41 1.1737042597786709e-49 2.4871982515915378e-48 6.650433376094181e-25 2.90622815030562e-46 3.3770713399119025e-39 2.179378125097893e-50 4.1051074492918834e-46 1.7504866527294714e-51 6.095959809765035e-48 6.102248400829742e-52 8.326383981883908e-32 56
3.320581644275434e-60 1.1679114600976194e-56 3.3046310332683997e-35 1.5672378424028907e-56 1.3098966951806652e-21 2.3394755269534743e-41 1.1737042597786709e-49 2.4871982515915378e-48 7.097260761277761e-33 4.2690622286113514e-13 3.3770713399119025e-39 2.179378125097893e-50 4.1051074492918834e-46 1.7504866527294714e-51 1.678307496001624e-36 6.095959809765035e-48 2.870801411164284e-31 56
3.320581644275434e-60 1.1679114600976194e-56 1.8196986637707433e-29 1.5672378424028907e-56 1.3098966951806652e-21 2.3394755269534743e-41 1.1737042597786709e-49 2.4871982515915378e-48 7.097260761277761e-33 2.90622815030562e-46 3.3770713399119025e-39 2.179378125097893e-50 4.1051074492918834e-46 1.7504866527294714e-51 6.095959809765035e-48 6.102248400829742e-52 2.870801411164284e-31 56
3.320581644275434e-60 1.1679114600976194e-56 3.3046310332683997e-35 5.862025891166858e-08 1.3098966951806652e-21 2.3394755269534743e-41 1.1737042597786709e-49 2.4871982515915378e-48 7.097260761277761e-33 2.90622815030562e-46 3.3770713399119025e-39 2.179378125097893e-50 4.1051074492918834e-46 1.7504866527294714e-51 1.678307496001624e-36 6.095959809765035e-48 6.102248400829742e-52 9.992210944769237e-34 2.870801411164284e-31 56
0.001309096028822919 3.0035116934961784e-08 3.3046310332683997e-35 1.5672378424028907e-56 9.946665395960554e-43 7.497055829302476e-23 1.1737042597786709e-49 2.4871982515915378e-48 6.650433376094181e-25 2.90622815030562e-46 4.3563492394161045e-20 2.179378125097893e-50 4.1051074492918834e-46 1.7504866527294714e-51 6.057153869438424e-12 5.450900661279749e-07 6.102248400829742e-52 9.992210944769237e-34 8.326383981883908e-32 56
3.320581644275434e-60 1.1679114600976194e-56 1.8196986637707433e-29 1.5672378424028907e-56 1.3098966951806652e-21 2.3394755269534743e-41 1.1737042597786709e-49 1.545279776712728e-09 6.650433376094181e-25 4.2690622286113514e-13 3.3770713399119025e-39 2.179378125097893e-50 4.1051074492918834e-46 1.7504866527294714e-51 0.0005238965614614152 6.095959809765035e-48 6.102248400829742e-52 9.992210944769237e-34 8.326383981883908e-32 56
3.320581644275434e-60 1.1679114600976194e-56 1.8196986637707433e-29 5.862025891166858e-08 1.3098966951806652e-21 2.3394755269534743e-41 1.1737042597786709e-49 2.4871982515915378e-48 7.097260761277761e-33 2.90622815030562e-46 3.3770713399119025e-39 2.179378125097893e-50 4.1051074492918834e-46 1.7504866527294714e-51 1.678307496001624e-36 6.095959809765035e-48 6.102248400829742e-52 0.96 8.326383981883908e-32 56
3.320581644275434e-60 3.0035116934961784e-08 1.8196986637707433e-29 1.5672378424028907e-56 9.946665395960554e-43 2.3394755269534743e-41 1.1737042597786709e-49 1.545279776712728e-09 6.650433376094181e-25 4.2690622286113514e-13 4.3563492394161045e-20 2.179378125097893e-50 4.1051074492918834e-46 1.7504866527294714e-51 0.0005238965614614152 6.095959809765035e-48 6.102248400829742e-52 9.992210944769237e-34 2.870801411164284e-31 56
3.320581644275434e-60 1.1679114600976194e-56 3.3046310332683997e-35 1.5672378424028907e-56 1.3098966951806652e-21 2.3394755269534743e-41 1.1737042597786709e-49 2.4871982515915378e-48 7.097260761277761e-33 2.90622815030562e-46 3.3770713399119025e-39 2.179378125097893e-50 4.1051074492918834e-46 6.095959809765035e-48 8.326383981883908e-32 56
3.320581644275434e-60 1.1679114600976194e-56 1.8196986637707433e-29 1.5672378424028907e-56 9.946665395960554e-43 2.3394755269534743e-41 1.1737042597786709e-49 1.545279776712728e-09 7.097260761277761e-33 2.90622815030562e-46 3.3770713399119025e-39 2.179378125097893e-50 4.1051074492918834e-46 1.7504866527294714e-51 6.057153869438424e-12 6.095959809765035e-48 6.102248400829742e-52 8.326383981883908e-32 56
3.320581644275434e-60 1.1679114600976194e-56 1.8196986637707433e-29 1.5672378424028907e-56 9.946665395960554e-43 7.497055829302476e-23 1.9355312158385896e-14 2.4871982515915378e-48 7.097260761277761e-33 2.90622815030562e-46 4.3563492394161045e-20 7.897983068004507e-09 4.1051074492918834e-46 1.7504866527294714e-51 6.057153869438424e-12 6.095959809765035e-48 6.102248400829742e-52 0.96 2.870801411164284e-31 56
3.320581644275434e-60 1.1679114600976194e-56 1.8196986637707433e-29 1.5672378424028907e-56 9.946665395960554e-43 7.497055829302476e-23 1.1737042597786709e-49 2.4871982515915378e-48 7.097260761277761e-33 2.90622815030562e-46 3.3770713399119025e-39 2.179378125097893e-50 4.1051074492918834e-46 1.7504866527294714e-51 1.678307496001624e-36 6.095959809765035e-48 6.102248400829742e-52 9.992210944769237e-34 8.326383981883908e-32 56
3.320581644275434e-60 1.1679114600976194e-56 3.3046310332683997e-35 1.5672378424028907e-56 9.946665395960554e-43 7.497055829302476e-23 1.9355312158385896e-14 2.90622815030562e-46 4.3563492394161045e-20 7.897983068004507e-09 4.1051074492918834e-46 1.7504866527294714e-51 6.095959809765035e-48 6.102248400829742e-52 2.870801411164284e-31 56
3.320581644275434e-60 1.1679114600976194e-56 1.8196986637707433e-29 1.5672378424028907e-56 9.946665395960554e-43 2.3394755269534743e-41 1.1737042597786709e-49 2.4871982515915378e-48 6.650433376094181e-25 4.2690622286113514e-13 3.3770713399119025e-39 2.179378125097893e-50 4.1051074492918834e-46 1.7504866527294714e-51 1.678307496001624e-36 6.095959809765035e-48 6.102248400829742e-52 8.326383981883908e-32 56
3.320581644275434e-60 1.1679114600976194e-56 1.8196986637707433e-29 1.5672378424028907e-56 9.946665395960554e-43 7.497055829302476e-23 1.9355312158385896e-14 2.4871982515915378e-48 6.650433376094181e-25 2.90622815030562e-46 4.3563492394161045e-20 7.897983068004507e-09 4.850016028399325e-13 1.7504866527294714e-51 1.678307496001624e-36 6.095959809765035e-48 6.102248400829742e-52 2.870801411164284e-31 55
3.320581644275434e-60 1.1679114600976194e-56 3.3046310332683997e-35 1.5672378424028907e-56 1.3098966951806652e-21 2.3394755269534743e-41 1.1737042597786709e-49 2.90622815030562e-46 3.3770713399119025e-39 2.179378125097893e-50 4.1051074492918834e-46 1.7504866527294714e-51 6.095959809765035e-48 6.102248400829742e-52 2.870801411164284e-31 56
3.320581644275434e-60 1.1679114600976194e-56 3.3046310332683997e-35 5.862025891166858e-08 9.946665395960554e-43 2.3394755269534743e-41 1.1737042597786709e-49 2.4871982515915378e-48 6.650433376094181e-25 2.90622815030562e-46 4.3563492394161045e-20 2.179378125097893e-50 4.1051074492918834e-46 1.7504866527294714e-51 1.678307496001624e-36 2.7484048803132176e-05 6.102248400829742e-52 9.992210944769237e-34 8.326383981883908e-32 56
3.320581644275434e-60 1.1679114600976194e-56 3.3046310332683997e-35 1.5672378424028907e-56 9.946665395960554e-43 2.3394755269534743e-41 1.1737042597786709e-49 2.4871982515915378e-48 6.650433376094181e-25 2.90622815030562e-46 3.3770713399119025e-39 2.179378125097893e-50 4.1051074492918834e-46 1.7504866527294714e-51 6.057153869438424e-12 6.095959809765035e-48 6.102248400829742e-52 2.870801411164284e-31 56
3.320581644275434e-60 1.1679114600976194e-56 1.8196986637707433e-29 1.5672378424028907e-56 9.946665395960554e-43 2.3394755269534743e-41 1.1737042597786709e-49 1.545279776712728e-09 6.650433376094181e-25 2.90622815030562e-46 4.3563492394161045e-20 2.179378125097893e-50 4.1051074492918834e-46 1.7504866527294714e-51 1.678307496001624e-36 6.095959809765035e-48 6.102248400829742e-52 9.992210944769237e-34 8.326383981883908e-32 56
3.320581644275434e-60 1.1679114600976194e-56 3.3046310332683997e-35 1.5672378424028907e-56 1.3098966951806652e-21 2.3394755269534743e-41 1.1737042597786709e-49 2.4871982515915378e-48 7.097260761277761e-33 2.90622815030562e-46 3.3770713399119025e-39 2.179378125097893e-50 4.1051074492918834e-46 1.7504866527294714e-51 1.678307496001624e-36 6.095959809765035e-48 6.102248400829742e-52 9.992210944769237e-34 8.326383981883908e-32 56
3.320581644275434e-60 1.1679114600976194e-56 3.3046310332683997e-35 1.5672378424028907e-56 1.3098966951806652e-21 2.3394755269534743e-41 1.1737042597786709e-49 2.4871982515915378e-48 7.097260761277761e-33 2.90622815030562e-46 3.3770713399119025e-39 2.179378125097893e-50 4.1051074492918834e-46 6.095959809765035e-48 8.326383981883908e-32 56
3.320581644275434e-60 1.1679114600976194e-56 3.3046310332683997e-35 1.5672378424028907e-56 9.946665395960554e-43 2.3394755269534743e-41 1.1737042597786709e-49 2.4871982515915378e-48 7.097260761277761e-33 2.90622815030562e-46 3.3770713399119025e-39 2.179378125097893e-50 4.1051074492918834e-46 1.7504866527294714e-51 1.678307496001624e-36 6.095959809765035e-48 6.102248400829742e-52 9.992210944769237e-34 8.326383981883908e-32 56
3.320581644275434e-60 1.1679114600976194e-56 1.8196986637707433e-29 1.5672378424028907e-56 1.3098966951806652e-21 2.3394755269534743e-41 1.1737042597786709e-49 2.4871982515915378e-48 7.097260761277761e-33 4.2690622286113514e-13 3.3770713399119025e-39 2.179378125097893e-50 4.1051074492918834e-46 1.7504866527294714e-51 1.678307496001624e-36 6.095959809765035e-48 6.102248400829742e-52 9.992210944769237e-34 8.326383981883908e-32 56
3.320581644275434e-60 1.1679114600976194e-56 3.3046310332683997e-35 5.862025891166858e-08 9.946665395960554e-43 2.3394755269534743e-41 1.1737042597786709e-49 2.4871982515915378e-48 6.650433376094181e-25 2.90622815030562e-46 4.3563492394161045e-20 2.179378125097893e-50 4.1051074492918834e-46 1.7504866527294714e-51 1.678307496001624e-36 2.7484048803132176e-05 6.102248400829742e-52 9.992210944769237e-34 8.326383981883908e-32 56
3.320581644275434e-60 1.1679114600976194e-56 3.3046310332683997e-35 1.5672378424028907e-56 9.946665395960554e-43 7.497055829302476e-23 1.1737042597786709e-49 2.4871982515915378e-48 6.650433376094181e-25 2.90622815030562e-46 4.3563492394161045e-20 7.897983068004507e-09 4.850016028399325e-13 1.7504866527294714e-51 0.0005238965614614152 6.095959809765035e-48 0.9 0.021134836271784606 2.870801411164284e-31 55
0.04 1.1679114600976194e-56 1.8196986637707433e-29 1.5672378424028907e-56 1.3098966951806652e-21 2.3394755269534743e-41 1.1737042597786709e-49 2.4871982515915378e-48 7.097260761277761e-33 2.90622815030562e-46 3.3770713399119025e-39 2.179378125097893e-50 4.1051074492918834e-46 1.7504866527294714e-51 1.678307496001624e-36 6.095959809765035e-48 6.102248400829742e-52 8.326383981883908e-32 56
3.320581644275434e-60 1.1679114600976194e-56 1.8196986637707433e-29 1.5672378424028907e-56 9.946665395960554e-43 7.497055829302476e-23 1.9355312158385896e-14 2.4871982515915378e-48 6.650433376094181e-25 2.90622815030562e-46 3.3770713399119025e-39 2.179378125097893e-50 4.1051074492918834e-46 1.7504866527294714e-51 6.095959809765035e-48 6.102248400829742e-52 9.992210944769237e-34 8.326383981883908e-32 56
0.001309096028822919 1.1679114600976194e-56 3.3046310332683997e-35 1.5672378424028907e-56 9.946665395960554e-43 7.497055829302476e-23 1.1737042597786709e-49 2.4871982515915378e-48 6.650433376094181e-25 4.2690622286113514e-13 4.3563492394161045e-20 7.897983068004507e-09 4.1051074492918834e-46 1.7504866527294714e-51 0.0005238965614614152 6.095959809765035e-48 6.102248400829742e-52 9.992210944769237e-34 2.870801411164284e-31 56
3.320581644275434e-60 1.1679114600976194e-56 1.8196986637707433e-29 1.5672378424028907e-56 9.946665395960554e-43 7.497055829302476e-23 1.1737042597786709e-49 2.4871982515915378e-48 7.097260761277761e-33 2.90622815030562e-46 3.3770713399119025e-39 2.179378125097893e-50 4.1051074492918834e-46 1.7504866527294714e-51 1.678307496001624e-36 6.095959809765035e-48 6.102248400829742e-52 9.992210944769237e-34 8.326383981883908e-32 56
3.320581644275434e-60 1.1679114600976194e-56 3.3046310332683997e-35 1.5672378424028907e-56 9.946665395960554e-43 2.3394755269534743e-41 1.1737042597786709e-49 2.4871982515915378e-48 6.650433376094181e-25 2.90622815030562e-46 3.3770713399119025e-39 2.179378125097893e-50 4.1051074492918834e-46 1.7504866527294714e-51 6.095959809765035e-48 6.102248400829742e-52 8.326383981883908e-32 56
3.320581644275434e-60 1.1679114600976194e-56 1.8196986637707433e-29 1.5672378424028907e-56 9.946665395960554e-43 7.497055829302476e-23 1.1737042597786709e-49 4.2690622286113514e-13 3.3770713399119025e-39 7.897983068004507e-09 4.1051074492918834e-46 0.0003021497186930179 1.678307496001624e-36 6.095959809765035e-48 6.102248400829742e-52 9.992210944769237e-34 2.870801411164284e-31 55
0.001309096028822919 1.1679114600976194e-56 3.3046310332683997e-35 1.5672378424028907e-56 9.946665395960554e-43 7.497055829302476e-23 1.1737042597786709e-49 2.4871982515915378e-48 6.650433376094181e-25 4.2690622286113514e-13 4.3563492394161045e-20 7.897983068004507e-09 4.1051074492918834e-46 1.7504866527294714e-51 0.0005238965614614152 6.095959809765035e-48 6.102248400829742e-52 9.992210944769237e-34 2.870801411164284e-31 56
3.320581644275434e-60 1.1679114600976194e-56 3.3046310332683997e-35 1.5672378424028907e-56 1.3098966951806652e-21 2.3394755269534743e-41 1.1737042597786709e-49 2.4871982515915378e-48 7.097260761277761e-33 2.90622815030562e-46 4.3563492394161045e-20 2.179378125097893e-50 4.850016028399325e-13 1.7504866527294714e-51 1.678307496001624e-36 6.095959809765035e-48 6.102248400829742e-52 9.992210944769237e-34 2.870801411164284e-31 55
0.001309096028822919 1.1679114600976194e-56 3.3046310332683997e-35 5.862025891166858e-08 9.946665395960554e-43 7.497055829302476e-23 1.1737042597786709e-49 1.545279776712728e-09 6.650433376094181e-25 2.90622815030562e-46 3.3770713399119025e-39 2.179378125097893e-50 4.1051074492918834e-46 1.7504866527294714e-51 1.678307496001624e-36 6.095959809765035e-48 6.102248400829742e-52 9.992210944769237e-34 8.326383981883908e-32 56
3.320581644275434e-60 1.1679114600976194e-56 1.8196986637707433e-29 1.5672378424028907e-56 9.946665395960554e-43 7.497055829302476e-23 1.1737042597786709e-49 2.4871982515915378e-48 7.097260761277761e-33 4.2690622286113514e-13 3.3770713399119025e-39 2.179378125097893e-50 4.850016028399325e-13 1.7504866527294714e-51 6.057153869438424e-12 6.095959809765035e-48 9.992210944769237e-34 2.870801411164284e-31 55
0.04 1.1679114600976194e-56 1.8196986637707433e-29 1.5672378424028907e-56 9.946665395960554e-43 2.3394755269534743e-41 1.1737042597786709e-49 2.4871982515915378e-48 7.097260761277761e-33 2.90622815030562e-46 3.3770713399119025e-39 2.179378125097893e-50 4.1051074492918834e-46 1.7504866527294714e-51 1.678307496001624e-36 6.095959809765035e-48 6.102248400829742e-52 9.992210944769237e-34 8.326383981883908e-32 56
3.320581644275434e-60 1.1679114600976194e-56 3.3046310332683997e-35 1.5672378424028907e-56 9.946665395960554e-43 2.3394755269534743e-41 1.1737042597786709e-49 2.4871982515915378e-48 7.097260761277761e-33 2.90622815030562e-46 3.3770713399119025e-39 2.179378125097893e-50 4.1051074492918834e-46 1.7504866527294714e-51 1.678307496001624e-36 6.095959809765035e-48 6.102248400829742e-52 9.992210944769237e-34 8.326383981883908e-32 56
3.320581644275434e-60 1.1679114600976194e-56 1.8196986637707433e-29 1.5672378424028907e-56 9.946665395960554e-43 7.497055829302476e-23 1.9355312158385896e-14 2.4871982515915378e-48 6.650433376094181e-25 2.90622815030562e-46 3.3770713399119025e-39 2.179378125097893e-50 4.1051074492918834e-46 1.7504866527294714e-51 6.095959809765035e-48 6.102248400829742e-52 9.992210944769237e-34 8.326383981883908e-32 56
3.320581644275434e-60 1.1679114600976194e-56 1.8196986637707433e-29 1.5672378424028907e-56 9.946665395960554e-43 7.497055829302476e-23 1.9355312158385896e-14 1.545279776712728e-09 6.650433376094181e-25 2.90622815030562e-46 3.3770713399119025e-39 2.179378125097893e-50 4.1051074492918834e-46 1.7504866527294714e-51 1.678307496001624e-36 6.095959809765035e-48 6.102248400829742e-52 9.992210944769237e-34 2.870801411164284e-31 56
3.320581644275434e-60 1.1679114600976194e-56 3.3046310332683997e-35 1.5672378424028907e-56 9.946665395960554e-43 2.3394755269534743e-41 1.1737042597786709e-49 2.4871982515915378e-48 7.097260761277761e-33 2.90622815030562e-46 4.3563492394161045e-20 2.179378125097893e-50 4.1051074492918834e-46 1.7504866527294714e-51 1.678307496001624e-36 6.095959809765035e-48 6.102248400829742e-52 8.326383981883908e-32 55
3.320581644275434e-60 1.1679114600976194e-56 1.8196986637707433e-29 1.5672378424028907e-56 9.946665395960554e-43 7.497055829302476e-23 1.9355312158385896e-14 1.545279776712728e-09 6.650433376094181e-25 2.90622815030562e-46 3.3770713399119025e-39 2.179378125097893e-50 4.1051074492918834e-46 1.7504866527294714e-51 1.678307496001624e-36 6.095959809765035e-48 6.102248400829742e-52 9.992210944769237e-34 2.870801411164284e-31 56
0.001309096028822919 1.1679114600976194e-56 1.8196986637707433e-29 1.5672378424028907e-56 9.946665395960554e-43 7.497055829302476e-23 1.1737042597786709e-49 1.545279776712728e-09 6.650433376094181e-25 2.90622815030562e-46 4.3563492394161045e-20 2.179378125097893e-50 4.1051074492918834e-46 1.7504866527294714e-51 1.678307496001624e-36 6.095959809765035e-48 6.102248400829742e-52 2.870801411164284e-31 56
3.320581644275434e-60 1.1679114600976194e-56 3.3046310332683997e-35 1.5672378424028907e-56 1.3098966951806652e-21 2.3394755269534743e-41 1.1737042597786709e-49 2.4871982515915378e-48 7.097260761277761e-33 4.2690622286113514e-13 3.3770713399119025e-39 2.179378125097893e-50 4.1051074492918834e-46 1.7504866527294714e-51 1.678307496001624e-36 6.095959809765035e-48 2.870801411164284e-31 56
0.001309096028822919 3.0035116934961784e-08 3.3046310332683997e-35 1.5672378424028907e-56 9.946665395960554e-43 7.497055829302476e-23 1.1737042597786709e-49 2.4871982515915378e-48 6.650433376094181e-25 2.90622815030562e-46 4.3563492394161045e-20 2.179378125097893e-50 4.1051074492918834e-46 1.7504866527294714e-51 6.057153869438424e-12 5.450900661279749e-07 6.102248400829742e-52 9.992210944769237e-34 8.326383981883908e-32 56
3.320581644275434e-60 1.1679114600976194e-56 3.3046310332683997e-35 5.862025891166858e-08 1.3098966951806652e-21 2.3394755269534743e-41 1.1737042597786709e-49 2.4871982515915378e-48 7.097260761277761e-33 2.90622815030562e-46 3.3770713399119025e-39 2.179378125097893e-50 4.1051074492918834e-46 1.7504866527294714e-51 1.678307496001624e-36 6.095959809765035e-48 6.102248400829742e-52 9.992210944769237e-34 8.326383981883908e-32 56
3.320581644275434e-60 1.1679114600976194e-56 1.8196986637707433e-29 1.5672378424028907e-56 9.946665395960554e-43 7.497055829302476e-23 1.1737042597786709e-49 2.4871982515915378e-48 6.650433376094181e-25 2.90622815030562e-46 4.3563492394161045e-20 7.897983068004507e-09 4.850016028399325e-13 0.0003021497186930179 0.7000000000000001 5.450900661279749e-07 0.9 0.021134836271784606 2.870801411164284e-31 55
3.320581644275434e-60 1.1679114600976194e-56 3.3046310332683997e-35 1.5672378424028907e-56 9.946665395960554e-43 2.3394755269534743e-41 1.1737042597786709e-49 2.4871982515915378e-48 7.097260761277761e-33 2.90622815030562e-46 3.3770713399119025e-39 2.179378125097893e-50 4.1051074492918834e-46 1.7504866527294714e-51 1.678307496001624e-36 6.095959809765035e-48 6.102248400829742e-52 9.992210944769237e-34 8.326383981883908e-32 56
3.320581644275434e-60 3.0035116934961784e-08 1.8196986637707433e-29 1.5672378424028907e-56 9.946665395960554e-43 7.497055829302476e-23 1.1737042597786709e-49 2.4871982515915378e-48 7.097260761277761e-33 4.2690622286113514e-13 3.3770713399119025e-39 2.179378125097893e-50 4.1051074492918834e-46 1.7504866527294714e-51 1.678307496001624e-36 6.095959809765035e-48 8.326383981883908e-32 56
0.001309096028822919 1.1679114600976194e-56 3.3046310332683997e-35 1.5672378424028907e-56 9.946665395960554e-43 7.497055829302476e-23 1.1737042597786709e-49 2.4871982515915378e-48 6.650433376094181e-25 4.2690622286113514e-13 4.3563492394161045e-20 7.897983068004507e-09 4.1051074492918834e-46 1.7504866527294714e-51 0.0005238965614614152 6.095959809765035e-48 6.102248400829742e-52 9.992210944769237e-34 2.870801411164284e-31 56
3.320581644275434e-60 1.1679114600976194e-56 3.3046310332683997e-35 1.5672378424028907e-56 1.3098966951806652e-21 2.3394755269534743e-41 1.1737042597786709e-49 2.4871982515915378e-48 7.097260761277761e-33 2.90622815030562e-46 3.3770713399119025e-39 2.179378125097893e-50 4.1051074492918834e-46 6.095959809765035e-48 8.326383981883908e-32 56
3.320581644275434e-60 1.1679114600976194e-56 1.8196986637707433e-29 1.5672378424028907e-56 9.946665395960554e-43 7.497055829302476e-23 1.1737042597786709e-49 2.4871982515915378e-48 7.097260761277761e-33 2.90622815030562e-46 3.3770713399119025e-39 2.179378125097893e-50 4.1051074492918834e-46 1.7504866527294714e-51 1.678307496001624e-36 6.095959809765035e-48 6.102248400829742e-52 9.992210944769237e-34 8.326383981883908e-32 56
3.320581644275434e-60 3.0035116934961784e-08 1.8196986637707433e-29 1.5672378424028907e-56 9.946665395960554e-43 2.3394755269534743e-41 1.1737042597786709e-49 2.4871982515915378e-48 7.097260761277761e-33 4.2690622286113514e-13 4.3563492394161045e-20 2.179378125097893e-50 4.850016028399325e-13 1.7504866527294714e-51 1.678307496001624e-36 6.095959809765035e-48 6.102248400829742e-52 9.992210944769237e-34 2.870801411164284e-31 56
3.320581644275434e-60 1.1679114600976194e-56 1.8196986637707433e-29 1.5672378424028907e-56 9.946665395960554e-43 2.3394755269534743e-41 1.1737042597786709e-49 2.4871982515915378e-48 6.650433376094181e-25 4.2690622286113514e-13 3.3770713399119025e-39 2.179378125097893e-50 4.1051074492918834e-46 1.7504866527294714e-51 1.678307496001624e-36 6.095959809765035e-48 6.102248400829742e-52 8.326383981883908e-32 56
3.320581644275434e-60 1.1679114600976194e-56 1.8196986637707433e-29 1.5672378424028907e-56 9.946665395960554e-43 7.497055829302476e-23 1.9355312158385896e-14 2.4871982515915378e-48 7.097260761277761e-33 2.90622815030562e-46 3.3770713399119025e-39 7.897983068004507e-09 4.1051074492918834e-46 1.7504866527294714e-51 1.678307496001624e-36 6.095959809765035e-48 6.102248400829742e-52 9.992210944769237e-34 8.326383981883908e-32 56
3.320581644275434e-60 3.0035116934961784e-08 1.8196986637707433e-29 1.5672378424028907e-56 9.946665395960554e-43 7.497055829302476e-23 1.1737042597786709e-49 2.4871982515915378e-48 7.097260761277761e-33 4.2690622286113514e-13 3.3770713399119025e-39 2.179378125097893e-50 4.1051074492918834e-46 1.7504866527294714e-51 1.678307496001624e-36 6.095959809765035e-48 8.326383981883908e-32 56
3.320581644275434e-60 1.1679114600976194e-56 3.3046310332683997e-35 1.5672378424028907e-56 1.3098966951806652e-21 2.3394755269534743e-41 1.1737042597786709e-49 2.4871982515915378e-48 7.097260761277761e-33 2.90622815030562e-46 3.3770713399119025e-39 2.179378125097893e-50 4.1051074492918834e-46 1.7504866527294714e-51 6.095959809765035e-48 6.102248400829742e-52 2.870801411164284e-31 56
3.320581644275434e-60 1.1679114600976194e-56 3.3046310332683997e-35 1.5672378424028907e-56 1.3098966951806652e-21 2.3394755269534743e-41 1.1737042597786709e-49 2.4871982515915378e-48 7.097260761277761e-33 2.90622815030562e-46 3.3770713399119025e-39 2.179378125097893e-50 4.1051074492918834e-46 1.7504866527294714e-51 6.095959809765035e-48 6.102248400829742e-52 8.326383981883908e-32 56
0.001309096028822919 1.1679114600976194e-56 1.8196986637707433e-29 1.5672378424028907e-56 9.946665395960554e-43 7.497055829302476e-23 1.1737042597786709e-49 1.545279776712728e-09 6.650433376094181e-25 2.90622815030562e-46 4.3563492394161045e-20 2.179378125097893e-50 4.1051074492918834e-46 1.7504866527294714e-51 1.678307496001624e-36 6.095959809765035e-48 6.102248400829742e-52 2.870801411164284e-31 56
3.320581644275434e-60 1.1679114600976194e-56 3.3046310332683997e-35 1.5672378424028907e-56 9.946665395960554e-43 7.497055829302476e-23 1.9355312158385896e-14 1.545279776712728e-09 6.650433376094181e-25 4.2690622286113514e-13 4.3563492394161045e-20 2.179378125097893e-50 4.1051074492918834e-46 1.7504866527294714e-51 6.057153869438424e-12 6.095959809765035e-48 6.102248400829742e-52 9.992210944769237e-34 8.326383981883908e-32 56
3.320581644275434e-60 1.1679114600976194e-56 3.3046310332683997e-35 1.5672378424028907e-56 1.3098966951806652e-21 2.3394755269534743e-41 1.1737042597786709e-49 2.4871982515915378e-48 7.097260761277761e-33 2.90622815030562e-46 3.3770713399119025e-39 2.179378125097893e-50 4.1051074492918834e-46 1.7504866527294714e-51 6.095959809765035e-48 6.102248400829742e-52 8.326383981883908e-32 56
3.320581644275434e-60 1.1679114600976194e-56 1.8196986637707433e-29 1.5672378424028907e-56 9.946665395960554e-43 7.497055829302476e-23 1.1737042597786709e-49 2.4871982515915378e-48 7.097260761277761e-33 4.2690622286113514e-13 3.3770713399119025e-39 2.179378125097893e-50 4.850016028399325e-13 1.7504866527294714e-51 6.057153869438424e-12 6.095959809765035e-48 9.992210944769237e-34 2.870801411164284e-31 55
3.320581644275434e-60 1.1679114600976194e-56 3.3046310332683997e-35 1.5672378424028907e-56 1.3098966951806652e-21 2.3394755269534743e-41 1.1737042597786709e-49 2.4871982515915378e-48 7.097260761277761e-33 2.90622815030562e-46 3.3770713399119025e-39 2.179378125097893e-50 4.1051074492918834e-46 1.7504866527294714e-51 1.678307496001624e-36 6.095959809765035e-48 6.102248400829742e-52 9.992210944769237e-34 8.326383981883908e-32 56
3.320581644275434e-60 1.1679114600976194e-56 3.3046310332683997e-35 5.862025891166858e-08 1.3098966951806652e-21 2.3394755269534743e-41 1.1737042597786709e-49 2.4871982515915378e-48 7.097260761277761e-33 2.90622815030562e-46 3.3770713399119025e-39 2.179378125097893e-50 4.1051074492918834e-46 1.7504866527294714e-51 1.678307496001624e-36 6.095959809765035e-48 6.102248400829742e-52 9.992210944769237e-34 8.326383981883908e-32 56
3.320581644275434e-60 1.1679114600976194e-56 1.8196986637707433e-29 1.5672378424028907e-56 9.946665395960554e-43 2.3394755269534743e-41 1.1737042597786709e-49 4.2690622286113514e-13 4.3563492394161045e-20 7.897983068004507e-09 4.1051074492918834e-46 1.7504866527294714e-51 6.057153869438424e-12 6.095959809765035e-48 0.9 2.870801411164284e-31 55
3.320581644275434e-60 1.1679114600976194e-56 1.8196986637707433e-29 1.5672378424028907e-56 9.946665395960554e-43 2.3394755269534743e-41 1.1737042597786709e-49 2.4871982515915378e-48 7.097260761277761e-33 2.90622815030562e-46 4.3563492394161045e-20 2.179378125097893e-50 4.1051074492918834e-46 1.7504866527294714e-51 0.004841777514240577 6.102248400829742e-52 2.870801411164284e-31 56
3.320581644275434e-60 1.1679114600976194e-56 1.8196986637707433e-29 1.5672378424028907e-56 8.326383981883908e-32 56
0.0005764020850286401 3.0035116934961784e-08 3.3046310332683997e-35 1.5672378424028907e-56 9.946665395960554e-43 2.3394755269534743e-41 1.1737042597786709e-49 2.4871982515915378e-48 7.097260761277761e-33 2.90622815030562e-46 3.3770713399119025e-39 2.179378125097893e-50 4.1051074492918834e-46 0.0036889733441832964 1.678307496001624e-36 6.095959809765035e-48 2.870801411164284e-31 56
0.001309096028822919 1.1679114600976194e-56 3.3046310332683997e-35 1.5672378424028907e-56 9.946665395960554e-43 7.497055829302476e-23 1.1737042597786709e-49 2.4871982515915378e-48 6.650433376094181e-25 4.2690622286113514e-13 4.3563492394161045e-20 7.897983068004507e-09 4.1051074492918834e-46 1.7504866527294714e-51 0.0005238965614614152 6.095959809765035e-48 6.102248400829742e-52 9.992210944769237e-34 2.870801411164284e-31 56
3.320581644275434e-60 1.1679114600976194e-56 1.8196986637707433e-29 1.5672378424028907e-56 9.946665395960554e-43 2.3394755269534743e-41 1.1737042597786709e-49 2.4871982515915378e-48 6.650433376094181e-25 2.90622815030562e-46 3.3770713399119025e-39 2.179378125097893e-50 4.1051074492918834e-46 1.7504866527294714e-51 1.678307496001624e-36 5.450900661279749e-07 6.102248400829742e-52 9.992210944769237e-34 8.326383981883908e-32 56
0.001309096028822919 1.1679114600976194e-56 1.8196986637707433e-29 1.5672378424028907e-56 9.946665395960554e-43 2.3394755269534743e-41 1.1737042597786709e-49 1.545279776712728e-09 6.650433376094181e-25 4.2690622286113514e-13 4.3563492394161045e-20 2.179378125097893e-50 4.1051074492918834e-46 6.095959809765035e-48 2.870801411164284e-31 56
0.001309096028822919 3.0035116934961784e-08 3.3046310332683997e-35 1.5672378424028907e-56 9.946665395960554e-43 2.3394755269534743e-41 1.1737042597786709e-49 2.4871982515915378e-48 6.650433376094181e-25 2.90622815030562e-46 4.3563492394161045e-20 2.179378125097893e-50 4.1051074492918834e-46 1.7504866527294714e-51 0.0005238965614614152 6.095959809765035e-48 0.9 1.02 8.326383981883908e-32 56
3.320581644275434e-60 1.1679114600976194e-56 3.3046310332683997e-35 1.5672378424028907e-56 1.3098966951806652e-21 2.3394755269534743e-41 1.1737042597786709e-49 2.4871982515915378e-48 7.097260761277761e-33 2.90622815030562e-46 3.3770713399119025e-39 2.179378125097893e-50 4.1051074492918834e-46 1.7504866527294714e-51 1.678307496001624e-36 6.095959809765035e-48 6.102248400829742e-52 9.992210944769237e-34 8.326383981883908e-32 56
3.320581644275434e-60 1.1679114600976194e-56 1.8196986637707433e-29 1.5672378424028907e-56 9.946665395960554e-43 7.497055829302476e-23 1.9355312158385896e-14 2.4871982515915378e-48 7.097260761277761e-33 2.90622815030562e-46 3.3770713399119025e-39 7.897983068004507e-09 4.1051074492918834e-46 1.7504866527294714e-51 1.678307496001624e-36 6.095959809765035e-48 6.102248400829742e-52 9.992210944769237e-34 8.326383981883908e-32 56
3.320581644275434e-60 1.1679114600976194e-56 1.8196986637707433e-29 5.862025891166858e-08 1.3098966951806652e-21 2.3394755269534743e-41 1.1737042597786709e-49 2.4871982515915378e-48 7.097260761277761e-33 2.90622815030562e-46 3.3770713399119025e-39 2.179378125097893e-50 4.1051074492918834e-46 1.7504866527294714e-51 1.678307496001624e-36 6.095959809765035e-48 6.102248400829742e-52 0.96 8.326383981883908e-32 56
0.0005764020850286401 1.1679114600976194e-56 3.3046310332683997e-35 5.862025891166858e-08 9.946665395960554e-43 2.3394755269534743e-41 1.1737042597786709e-49 2.4871982515915378e-48 6.650433376094181e-25 2.90622815030562e-46 3.3770713399119025e-39 2.179378125097893e-50 4.1051074492918834e-46 1.7504866527294714e-51 1.678307496001624e-36 6.095959809765035e-48 6.102248400829742e-52 9.992210944769237e-34 2.870801411164284e-31 56
3.320581644275434e-60 1.1679114600976194e-56 1.8196986637707433e-29 1.5672378424028907e-56 1.3098966951806652e-21 2.3394755269534743e-41 1.1737042597786709e-49 2.4871982515915378e-48 7.097260761277761e-33 2.90622815030562e-46 3.3770713399119025e-39 2.179378125097893e-50 4.1051074492918834e-46 1.7504866527294714e-51 6.057153869438424e-12 6.095959809765035e-48 6.102248400829742e-52 2.870801411164284e-31 56
3.320581644275434e-60 1.1679114600976194e-56 3.3046310332683997e-35 1.5672378424028907e-56 1.3098966951806652e-21 2.3394755269534743e-41 1.1737042597786709e-49 2.4871982515915378e-48 7.097260761277761e-33 2.90622815030562e-46 3.3770713399119025e-39 2.179378125097893e-50 4.1051074492918834e-46 1.7504866527294714e-51 1.678307496001624e-36 5.450900661279749e-07 6.102248400829742e-52 9.992210944769237e-34 8.326383981883908e-32 56
3.320581644275434e-60 1.1679114600976194e-56 3.3046310332683997e-35 1.5672378424028907e-56 9.946665395960554e-43 7.497055829302476e-23 1.9355312158385896e-14 2.4871982515915378e-48 6.650433376094181e-25 2.90622815030562e-46 4.3563492394161045e-20 7.897983068004507e-09 4.850016028399325e-13 7.707083153217617e-05 0.0005238965614614152 6.095959809765035e-48 6.102248400829742e-52 2.870801411164284e-31 55
3.320581644275434e-60 1.1679114600976194e-56 1.8196986637707433e-29 1.5672378424028907e-56 9.946665395960554e-43 7.497055829302476e-23 1.9355312158385896e-14 2.4871982515915378e-48 7.097260761277761e-33 2.90622815030562e-46 3.3770713399119025e-39 7.897983068004507e-09 4.1051074492918834e-46 1.7504866527294714e-51 1.678307496001624e-36 6.095959809765035e-48 6.102248400829742e-52 9.992210944769237e-34 8.326383981883908e-32 56
3.320581644275434e-60 1.1679114600976194e-56 3.3046310332683997e-35 1.5672378424028907e-56 9.946665395960554e-43 7.497055829302476e-23 1.9355312158385896e-14 1.545279776712728e-09 6.650433376094181e-25 4.2690622286113514e-13 4.3563492394161045e-20 2.179378125097893e-50 4.1051074492918834e-46 1.7504866527294714e-51 6.057153869438424e-12 6.095959809765035e-48 6.102248400829742e-52 9.992210944769237e-34 8.326383981883908e-32 56
3.320581644275434e-60 1.1679114600976194e-56 3.3046310332683997e-35 1.5672378424028907e-56 1.3098966951806652e-21 2.3394755269534743e-41 1.1737042597786709e-49 2.4871982515915378e-48 7.097260761277761e-33 2.90622815030562e-46 3.3770713399119025e-39 2.179378125097893e-50 4.1051074492918834e-46 1.7504866527294714e-51 1.678307496001624e-36 6.095959809765035e-48 6.102248400829742e-52 9.992210944769237e-34 8.326383981883908e-32 56
3.320581644275434e-60 3.0035116934961784e-08 3.3046310332683997e-35 1.5672378424028907e-56 9.946665395960554e-43 7.497055829302476e-23 1.9355312158385896e-14 1.545279776712728e-09 6.650433376094181e-25 2.90622815030562e-46 4.3563492394161045e-20 2.179378125097893e-50 4.1051074492918834e-46 1.7504866527294714e-51 1.678307496001624e-36 6.095959809765035e-48 6.102248400829742e-52 9.992210944769237e-34 2.870801411164284e-31 56
3.320581644275434e-60 1.1679114600976194e-56 3.3046310332683997e-35 1.5672378424028907e-56 9.946665395960554e-43 7.497055829302476e-23 1.1737042597786709e-49 2.4871982515915378e-48 7.097260761277761e-33 2.90622815030562e-46 3.3770713399119025e-39 2.179378125097893e-50 4.1051074492918834e-46 1.7504866527294714e-51 1.678307496001624e-36 6.095959809765035e-48 6.102248400829742e-52 8.326383981883908e-32 56
3.320581644275434e-60 1.1679114600976194e-56 3.3046310332683997e-35 1.5672378424028907e-56 9.946665395960554e-43 2.3394755269534743e-41 1.1737042597786709e-49 2.4871982515915378e-48 7.097260761277761e-33 2.90622815030562e-46 3.3770713399119025e-39 2.179378125097893e-50 4.1051074492918834e-46 1.7504866527294714e-51 1.678307496001624e-36 6.095959809765035e-48 6.102248400829742e-52 9.992210944769237e-34 8.326383981883908e-32 56
3.320581644275434e-60 1.1679114600976194e-56 1.8196986637707433e-29 1.5672378424028907e-56 9.946665395960554e-43 7.497055829302476e-23 1.9355312158385896e-14 1.545279776712728e-09 6.650433376094181e-25 2.90622815030562e-46 3.3770713399119025e-39 2.179378125097893e-50 4.1051074492918834e-46 1.7504866527294714e-51 1.678307496001624e-36 6.095959809765035e-48 6.102248400829742e-52 9.992210944769237e-34 2.870801411164284e-31 56
3.320581644275434e-60 3.0035116934961784e-08 3.3046310332683997e-35 5.862025891166858e-08 9.946665395960554e-43 7.497055829302476e-23 1.9355312158385896e-14 2.4871982515915378e-48 7.097260761277761e-33 2.90622815030562e-46 3.3770713399119025e-39 2.179378125097893e-50 4.1051074492918834e-46 1.7504866527294714e-51 1.678307496001624e-36 6.095959809765035e-48 6.102248400829742e-52 9.992210944769237e-34 8.326383981883908e-32 56
3.320581644275434e-60 1.1679114600976194e-56 3.3046310332683997e-35 1.5672378424028907e-56 1.3098966951806652e-21 2.3394755269534743e-41 1.1737042597786709e-49 2.4871982515915378e-48 7.097260761277761e-33 2.90622815030562e-46 3.3770713399119025e-39 2.179378125097893e-50 4.1051074492918834e-46 1.7504866527294714e-51 5.450900661279749e-07 6.102248400829742e-52 8.326383981883908e-32 56
3.320581644275434e-60 1.1679114600976194e-56 3.3046310332683997e-35 1.5672378424028907e-56 9.946665395960554e-43 2.3394755269534743e-41 1.1737042597786709e-49 2.4871982515915378e-48 7.097260761277761e-33 2.90622815030562e-46 3.3770713399119025e-39 2.179378125097893e-50 4.1051074492918834e-46 1.7504866527294714e-51 1.678307496001624e-36 6.095959809765035e-48 6.102248400829742e-52 9.992210944769237e-34 8.326383981883908e-32 56
3.320581644275434e-60 1.1679114600976194e-56 3.3046310332683997e-35 1.5672378424028907e-56 9.946665395960554e-43 7.497055829302476e-23 1.9355312158385896e-14 1.545279776712728e-09 6.650433376094181e-25 4.2690622286113514e-13 4.3563492394161045e-20 2.179378125097893e-50 4.1051074492918834e-46 1.7504866527294714e-51 6.057153869438424e-12 6.095959809765035e-48 6.102248400829742e-52 9.992210944769237e-34 8.326383981883908e-32 56
0.04 1.1679114600976194e-56 1.8196986637707433e-29 1.5672378424028907e-56 9.946665395960554e-43 7.497055829302476e-23 1.1737042597786709e-49 2.4871982515915378e-48 7.097260761277761e-33 2.90622815030562e-46 4.3563492394161045e-20 7.897983068004507e-09 4.1051074492918834e-46 0.0003021497186930179 1.678307496001624e-36 6.095959809765035e-48 6.102248400829742e-52 0.021134836271784606 2.870801411164284e-31 55
3.320581644275434e-60 1.1679114600976194e-56 1.8196986637707433e-29 1.5672378424028907e-56 9.946665395960554e-43 2.3394755269534743e-41 1.9355312158385896e-14 2.4871982515915378e-48 7.097260761277761e-33 4.2690622286113514e-13 4.3563492394161045e-20 2.179378125097893e-50 4.1051074492918834e-46 8.326383981883908e-32 55
0.04 1.1679114600976194e-56 1.8196986637707433e-29 1.5672378424028907e-56 9.946665395960554e-43 2.3394755269534743e-41 1.1737042597786709e-49 2.4871982515915378e-48 7.097260761277761e-33 2.90622815030562e-46 3.3770713399119025e-39 2.179378125097893e-50 4.1051074492918834e-46 1.7504866527294714e-51 1.678307496001624e-36 6.095959809765035e-48 6.102248400829742e-52 9.992210944769237e-34 8.326383981883908e-32 56
3.320581644275434e-60 1.1679114600976194e-56 1.8196986637707433e-29 1.5672378424028907e-56 1.3098966951806652e-21 2.3394755269534743e-41 1.1737042597786709e-49 2.4871982515915378e-48 2.90622815030562e-46 3.3770713399119025e-39 2.179378125097893e-50 4.1051074492918834e-46 1.7504866527294714e-51 1.678307496001624e-36 0.8 6.102248400829742e-52 2.870801411164284e-31 56
0.001309096028822919 1.1679114600976194e-56 1.8196986637707433e-29 1.5672378424028907e-56 9.946665395960554e-43 2.3394755269534743e-41 1.1737042597786709e-49 1.545279776712728e-09 6.650433376094181e-25 4.2690622286113514e-13 4.3563492394161045e-20 2.179378125097893e-50 4.1051074492918834e-46 6.095959809765035e-48 2.870801411164284e-31 56
3.320581644275434e-60 1.1679114600976194e-56 1.8196986637707433e-29 1.5672378424028907e-56 9.946665395960554e-43 7.497055829302476e-23 1.9355312158385896e-14 2.4871982515915378e-48 6.650433376094181e-25 2.90622815030562e-46 3.3770713399119025e-39 2.179378125097893e-50 4.1051074492918834e-46 1.7504866527294714e-51 6.095959809765035e-48 6.102248400829742e-52 9.992210944769237e-34 8.326383981883908e-32 56
