6.387983584402041e-57 2.894805501478926e-53 1.489263467745351e-34 5.307143419378027e-53 1.0636446046414093e-22 6.894386101674747e-42 4.065000098087644e-50 9.004088333443717e-48 8.647941114758543e-36 1.5572048743890432e-47 2.967836573344066e-41 3.495852737684128e-50 8.422604840223031e-47 4.669072813110161e-49 3.486786029544733e-50 2.5837967964273996e-48 4.231413327368138e-34 56
6.387983584402041e-57 2.894805501478926e-53 1.489263467745351e-34 2.0078362394383833e-08 1.4207723099654804e-38 6.894386101674747e-42 4.065000098087644e-50 9.004088333443717e-48 2.4541749398528355e-19 4.3526501208951666e-09 2.967836573344066e-41 3.495852737684128e-50 8.422604840223031e-47 4.669072813110161e-49 4.3417283192712246e-39 3.486786029544733e-50 2.5837967964273996e-48 1.2891687086171398e-30 4.231413327368138e-34 56
6.387983584402041e-57 1.4054853676068684e-08 1.489263467745351e-34 5.307143419378027e-53 1.4207723099654804e-38 2.9506664657264935e-19 4.065000098087644e-50 9.004088333443717e-48 2.4541749398528355e-19 1.5572048743890432e-47 2.967836573344066e-41 3.495852737684128e-50 8.422604840223031e-47 4.669072813110161e-49 275.27628548813163 0.1414170740610985 2.5837967964273996e-48 1.2891687086171398e-30 4.231413327368138e-34 56
6.387983584402041e-57 2.894805501478926e-53 4.683358332124623e-27 2.0078362394383833e-08 1.4207723099654804e-38 2.9506664657264935e-19 4.065000098087644e-50 9.004088333443717e-48 8.647941114758543e-36 1.5572048743890432e-47 2.967836573344066e-41 3.495852737684128e-50 8.422604840223031e-47 4.669072813110161e-49 4.3417283192712246e-39 3.486786029544733e-50 2.5837967964273996e-48 1.2891687086171398e-30 4.231413327368138e-34 56
6.387983584402041e-57 2.894805501478926e-53 4.683358332124623e-27 5.307143419378027e-53 1.4207723099654804e-38 2.9506664657264935e-19 6.481936484111392e-11 9.004088333443717e-48 8.647941114758543e-36 1.5572048743890432e-47 2.7080723580463144e-15 2.6898804511918883e-06 8.422604840223031e-47 4.669072813110161e-49 8.929639271875365e-12 3.486786029544733e-50 2.5837967964273996e-48 0.96 6.552101360672401e-26 56
0.0015904912939484692 1.4054853676068684e-08 1.489263467745351e-34 5.307143419378027e-53 1.4207723099654804e-38 2.9506664657264935e-19 4.065000098087644e-50 9.004088333443717e-48 2.4541749398528355e-19 1.5572048743890432e-47 2.7080723580463144e-15 3.495852737684128e-50 8.422604840223031e-47 4.669072813110161e-49 8.929639271875365e-12 3.562981418670527e-05 2.5837967964273996e-48 1.2891687086171398e-30 4.231413327368138e-34 56
6.387983584402041e-57 2.894805501478926e-53 1.489263467745351e-34 5.307143419378027e-53 1.0636446046414093e-22 6.894386101674747e-42 4.065000098087644e-50 9.004088333443717e-48 8.647941114758543e-36 1.5572048743890432e-47 2.967836573344066e-41 3.495852737684128e-50 8.422604840223031e-47 4.669072813110161e-49 4.3417283192712246e-39 3.486786029544733e-50 2.5837967964273996e-48 4.231413327368138e-34 56
6.387983584402041e-57 2.894805501478926e-53 4.683358332124623e-27 5.307143419378027e-53 4.231413327368138e-34 56
6.387983584402041e-57 2.894805501478926e-53 4.683358332124623e-27 5.307143419378027e-53 1.4207723099654804e-38 2.9506664657264935e-19 6.481936484111392e-11 1.9193550053749084e-07 2.4541749398528355e-19 1.5572048743890432e-47 2.967836573344066e-41 3.495852737684128e-50 8.422604840223031e-47 4.669072813110161e-49 4.3417283192712246e-39 3.486786029544733e-50 2.5837967964273996e-48 1.2891687086171398e-30 6.552101360672401e-26 56
6.387983584402041e-57 2.894805501478926e-53 1.489263467745351e-34 5.307143419378027e-53 1.0636446046414093e-22 6.894386101674747e-42 4.065000098087644e-50 9.004088333443717e-48 8.647941114758543e-36 1.5572048743890432e-47 2.967836573344066e-41 3.495852737684128e-50 8.422604840223031e-47 4.669072813110161e-49 4.3417283192712246e-39 3.486786029544733e-50 2.5837967964273996e-48 4.231413327368138e-34 56
6.387983584402041e-57 1.4054853676068684e-08 1.489263467745351e-34 2.0078362394383833e-08 1.4207723099654804e-38 6.894386101674747e-42 4.065000098087644e-50 9.004088333443717e-48 8.647941114758543e-36 1.5572048743890432e-47 2.967836573344066e-41 3.495852737684128e-50 8.422604840223031e-47 4.669072813110161e-49 4.3417283192712246e-39 3.486786029544733e-50 2.5837967964273996e-48 1.2891687086171398e-30 4.231413327368138e-34 56
6.387983584402041e-57 2.894805501478926e-53 4.683358332124623e-27 2.0078362394383833e-08 1.0636446046414093e-22 6.894386101674747e-42 4.065000098087644e-50 1.9193550053749084e-07 2.4541749398528355e-19 1.5572048743890432e-47 2.967836573344066e-41 3.495852737684128e-50 8.422604840223031e-47 4.669072813110161e-49 4.3417283192712246e-39 3.486786029544733e-50 2.5837967964273996e-48 1.2891687086171398e-30 4.231413327368138e-34 56
6.387983584402041e-57 2.894805501478926e-53 1.489263467745351e-34 5.307143419378027e-53 1.0636446046414093e-22 6.894386101674747e-42 4.065000098087644e-50 9.004088333443717e-48 8.647941114758543e-36 1.5572048743890432e-47 2.967836573344066e-41 3.495852737684128e-50 8.422604840223031e-47 4.669072813110161e-49 4.3417283192712246e-39 3.486786029544733e-50 2.5837967964273996e-48 1.2891687086171398e-30 4.231413327368138e-34 56
6.387983584402041e-57 2.894805501478926e-53 4.683358332124623e-27 5.307143419378027e-53 1.4207723099654804e-38 6.894386101674747e-42 4.065000098087644e-50 9.004088333443717e-48 8.647941114758543e-36 1.5572048743890432e-47 2.7080723580463144e-15 3.495852737684128e-50 8.422604840223031e-47 4.669072813110161e-49 0.0024027129029832403 2.5837967964273996e-48 6.552101360672401e-26 56
6.387983584402041e-57 2.894805501478926e-53 4.683358332124623e-27 5.307143419378027e-53 1.4207723099654804e-38 2.9506664657264935e-19 6.481936484111392e-11 9.004088333443717e-48 2.4541749398528355e-19 1.5572048743890432e-47 2.967836573344066e-41 3.495852737684128e-50 8.422604840223031e-47 4.669072813110161e-49 3.486786029544733e-50 2.5837967964273996e-48 1.2891687086171398e-30 4.231413327368138e-34 56
6.387983584402041e-57 1.4054853676068684e-08 1.489263467745351e-34 2.0078362394383833e-08 1.4207723099654804e-38 2.9506664657264935e-19 6.481936484111392e-11 9.004088333443717e-48 8.647941114758543e-36 1.5572048743890432e-47 2.967836573344066e-41 3.495852737684128e-50 8.422604840223031e-47 4.669072813110161e-49 4.3417283192712246e-39 3.486786029544733e-50 2.5837967964273996e-48 1.2891687086171398e-30 4.231413327368138e-34 56
6.387983584402041e-57 2.894805501478926e-53 1.489263467745351e-34 5.307143419378027e-53 1.0636446046414093e-22 6.894386101674747e-42 4.065000098087644e-50 9.004088333443717e-48 8.647941114758543e-36 1.5572048743890432e-47 2.967836573344066e-41 3.495852737684128e-50 8.422604840223031e-47 4.669072813110161e-49 3.562981418670527e-05 2.5837967964273996e-48 4.231413327368138e-34 56
6.387983584402041e-57 2.894805501478926e-53 1.489263467745351e-34 5.307143419378027e-53 1.4207723099654804e-38 2.9506664657264935e-19 4.065000098087644e-50 9.004088333443717e-48 8.647941114758543e-36 1.5572048743890432e-47 2.967836573344066e-41 3.495852737684128e-50 8.422604840223031e-47 4.669072813110161e-49 4.3417283192712246e-39 3.486786029544733e-50 2.5837967964273996e-48 4.231413327368138e-34 56
6.387983584402041e-57 2.894805501478926e-53 1.489263467745351e-34 5.307143419378027e-53 1.4207723099654804e-38 6.894386101674747e-42 4.065000098087644e-50 9.004088333443717e-48 8.647941114758543e-36 4.3526501208951666e-09 2.7080723580463144e-15 2.6898804511918883e-06 8.422604840223031e-47 4.669072813110161e-49 4.3417283192712246e-39 3.486786029544733e-50 2.5837967964273996e-48 1.2891687086171398e-30 6.552101360672401e-26 55
6.387983584402041e-57 2.894805501478926e-53 2.0078362394383833e-08 1.0636446046414093e-22 6.894386101674747e-42 4.065000098087644e-50 9.004088333443717e-48 8.647941114758543e-36 1.5572048743890432e-47 2.967836573344066e-41 3.495852737684128e-50 8.422604840223031e-47 4.669072813110161e-49 4.3417283192712246e-39 3.486786029544733e-50 2.5837967964273996e-48 1.2891687086171398e-30 4.231413327368138e-34 56
6.387983584402041e-57 2.894805501478926e-53 4.683358332124623e-27 5.307143419378027e-53 1.0636446046414093e-22 6.894386101674747e-42 4.065000098087644e-50 9.004088333443717e-48 1.5572048743890432e-47 2.967836573344066e-41 3.495852737684128e-50 8.422604840223031e-47 4.669072813110161e-49 4.3417283192712246e-39 0.8 2.5837967964273996e-48 6.552101360672401e-26 56
6.387983584402041e-57 2.894805501478926e-53 1.489263467745351e-34 5.307143419378027e-53 1.4207723099654804e-38 6.894386101674747e-42 4.065000098087644e-50 9.004088333443717e-48 2.4541749398528355e-19 1.5572048743890432e-47 2.967836573344066e-41 3.495852737684128e-50 8.422604840223031e-47 4.669072813110161e-49 8.929639271875365e-12 3.486786029544733e-50 2.5837967964273996e-48 6.552101360672401e-26 56
0.04 2.894805501478926e-53 4.683358332124623e-27 5.307143419378027e-53 1.4207723099654804e-38 2.9506664657264935e-19 6.481936484111392e-11 1.9193550053749084e-07 2.4541749398528355e-19 1.5572048743890432e-47 2.7080723580463144e-15 3.495852737684128e-50 8.422604840223031e-47 0.001830638402272945 4.3417283192712246e-39 0.8 2.5837967964273996e-48 6.552101360672401e-26 55
6.387983584402041e-57 2.894805501478926e-53 1.489263467745351e-34 2.0078362394383833e-08 1.4207723099654804e-38 6.894386101674747e-42 4.065000098087644e-50 9.004088333443717e-48 2.4541749398528355e-19 4.3526501208951666e-09 2.967836573344066e-41 3.495852737684128e-50 8.422604840223031e-47 4.669072813110161e-49 4.3417283192712246e-39 3.486786029544733e-50 2.5837967964273996e-48 1.2891687086171398e-30 4.231413327368138e-34 56
6.387983584402041e-57 2.894805501478926e-53 4.683358332124623e-27 5.307143419378027e-53 1.0636446046414093e-22 6.894386101674747e-42 4.065000098087644e-50 9.004088333443717e-48 1.5572048743890432e-47 2.967836573344066e-41 3.495852737684128e-50 8.422604840223031e-47 4.669072813110161e-49 4.3417283192712246e-39 0.8 2.5837967964273996e-48 6.552101360672401e-26 56
6.387983584402041e-57 2.894805501478926e-53 4.683358332124623e-27 2.0078362394383833e-08 1.0636446046414093e-22 6.894386101674747e-42 4.065000098087644e-50 9.004088333443717e-48 8.647941114758543e-36 1.5572048743890432e-47 2.967836573344066e-41 3.495852737684128e-50 8.422604840223031e-47 4.669072813110161e-49 4.3417283192712246e-39 3.486786029544733e-50 2.5837967964273996e-48 0.96 4.231413327368138e-34 56
6.387983584402041e-57 2.894805501478926e-53 1.489263467745351e-34 5.307143419378027e-53 1.0636446046414093e-22 6.894386101674747e-42 4.065000098087644e-50 1.9193550053749084e-07 2.4541749398528355e-19 1.5572048743890432e-47 2.7080723580463144e-15 3.495852737684128e-50 8.422604840223031e-47 4.669072813110161e-49 3.486786029544733e-50 2.5837967964273996e-48 6.552101360672401e-26 56
6.387983584402041e-57 2.894805501478926e-53 4.683358332124623e-27 2.0078362394383833e-08 1.0636446046414093e-22 6.894386101674747e-42 4.065000098087644e-50 9.004088333443717e-48 8.647941114758543e-36 1.5572048743890432e-47 2.967836573344066e-41 3.495852737684128e-50 8.422604840223031e-47 4.669072813110161e-49 4.3417283192712246e-39 3.486786029544733e-50 2.5837967964273996e-48 0.96 4.231413327368138e-34 56
0.0002860372503551477 1.4054853676068684e-08 1.489263467745351e-34 5.307143419378027e-53 1.4207723099654804e-38 6.894386101674747e-42 4.065000098087644e-50 9.004088333443717e-48 8.647941114758543e-36 1.5572048743890432e-47 2.967836573344066e-41 3.495852737684128e-50 8.422604840223031e-47 0.001830638402272945 4.3417283192712246e-39 3.486786029544733e-50 6.552101360672401e-26 56
6.387983584402041e-57 2.894805501478926e-53 1.489263467745351e-34 5.307143419378027e-53 1.4207723099654804e-38 6.894386101674747e-42 4.065000098087644e-50 9.004088333443717e-48 2.4541749398528355e-19 4.3526501208951666e-09 2.7080723580463144e-15 3.495852737684128e-50 1.2913935114746152e-09 0.006671220229705837 4.3417283192712246e-39 3.486786029544733e-50 2.5837967964273996e-48 6.552101360672401e-26 55
0.0002860372503551477 2.894805501478926e-53 1.489263467745351e-34 2.0078362394383833e-08 1.4207723099654804e-38 6.894386101674747e-42 4.065000098087644e-50 9.004088333443717e-48 2.4541749398528355e-19 1.5572048743890432e-47 2.967836573344066e-41 3.495852737684128e-50 8.422604840223031e-47 4.669072813110161e-49 4.3417283192712246e-39 3.486786029544733e-50 2.5837967964273996e-48 1.2891687086171398e-30 6.552101360672401e-26 56
6.387983584402041e-57 2.894805501478926e-53 2.0078362394383833e-08 1.0636446046414093e-22 6.894386101674747e-42 4.065000098087644e-50 9.004088333443717e-48 8.647941114758543e-36 1.5572048743890432e-47 2.967836573344066e-41 3.495852737684128e-50 8.422604840223031e-47 4.669072813110161e-49 4.3417283192712246e-39 3.486786029544733e-50 2.5837967964273996e-48 1.2891687086171398e-30 4.231413327368138e-34 56
6.387983584402041e-57 2.894805501478926e-53 1.489263467745351e-34 5.307143419378027e-53 1.4207723099654804e-38 6.894386101674747e-42 4.065000098087644e-50 9.004088333443717e-48 8.647941114758543e-36 1.5572048743890432e-47 2.7080723580463144e-15 3.495852737684128e-50 8.422604840223031e-47 4.669072813110161e-49 4.3417283192712246e-39 3.486786029544733e-50 2.5837967964273996e-48 4.231413327368138e-34 55
6.387983584402041e-57 2.894805501478926e-53 4.683358332124623e-27 2.0078362394383833e-08 1.0636446046414093e-22 6.894386101674747e-42 4.065000098087644e-50 1.9193550053749084e-07 2.4541749398528355e-19 1.5572048743890432e-47 2.967836573344066e-41 3.495852737684128e-50 8.422604840223031e-47 4.669072813110161e-49 8.929639271875365e-12 0.0024027129029832403 2.5837967964273996e-48 1.2891687086171398e-30 6.552101360672401e-26 56
6.387983584402041e-57 1.4054853676068684e-08 4.683358332124623e-27 5.307143419378027e-53 1.4207723099654804e-38 6.894386101674747e-42 4.065000098087644e-50 1.9193550053749084e-07 2.4541749398528355e-19 4.3526501208951666e-09 2.7080723580463144e-15 3.495852737684128e-50 8.422604840223031e-47 4.669072813110161e-49 275.27628548813163 3.486786029544733e-50 2.5837967964273996e-48 1.2891687086171398e-30 6.552101360672401e-26 56
6.387983584402041e-57 2.894805501478926e-53 1.489263467745351e-34 5.307143419378027e-53 1.0636446046414093e-22 6.894386101674747e-42 4.065000098087644e-50 9.004088333443717e-48 8.647941114758543e-36 1.5572048743890432e-47 2.967836573344066e-41 3.495852737684128e-50 8.422604840223031e-47 4.669072813110161e-49 4.3417283192712246e-39 3.486786029544733e-50 2.5837967964273996e-48 1.2891687086171398e-30 4.231413327368138e-34 56
6.387983584402041e-57 2.894805501478926e-53 4.683358332124623e-27 5.307143419378027e-53 1.4207723099654804e-38 6.894386101674747e-42 4.065000098087644e-50 1.9193550053749084e-07 8.647941114758543e-36 1.5572048743890432e-47 2.967836573344066e-41 3.495852737684128e-50 8.422604840223031e-47 4.669072813110161e-49 8.929639271875365e-12 3.486786029544733e-50 2.5837967964273996e-48 4.231413327368138e-34 56
6.387983584402041e-57 2.894805501478926e-53 4.683358332124623e-27 5.307143419378027e-53 1.4207723099654804e-38 2.9506664657264935e-19 6.481936484111392e-11 1.9193550053749084e-07 2.4541749398528355e-19 1.5572048743890432e-47 2.7080723580463144e-15 3.495852737684128e-50 1.2913935114746152e-09 4.669072813110161e-49 275.27628548813163 3.486786029544733e-50 0.9 6.552101360672401e-26 56
6.387983584402041e-57 2.894805501478926e-53 1.489263467745351e-34 5.307143419378027e-53 1.4207723099654804e-38 2.9506664657264935e-19 6.481936484111392e-11 9.004088333443717e-48 8.647941114758543e-36 1.5572048743890432e-47 2.7080723580463144e-15 3.495852737684128e-50 1.2913935114746152e-09 0.001830638402272945 275.27628548813163 3.486786029544733e-50 2.5837967964273996e-48 0.013912223254786821 4.231413327368138e-34 56
0.0015904912939484692 1.4054853676068684e-08 4.683358332124623e-27 5.307143419378027e-53 1.4207723099654804e-38 2.9506664657264935e-19 4.065000098087644e-50 9.004088333443717e-48 8.647941114758543e-36 4.669072813110161e-49 275.27628548813163 3.486786029544733e-50 2.5837967964273996e-48 4.231413327368138e-34 56
6.387983584402041e-57 1.4054853676068684e-08 4.683358332124623e-27 5.307143419378027e-53 1.0636446046414093e-22 6.894386101674747e-42 4.065000098087644e-50 1.9193550053749084e-07 8.647941114758543e-36 1.5572048743890432e-47 2.967836573344066e-41 3.495852737684128e-50 8.422604840223031e-47 4.669072813110161e-49 4.3417283192712246e-39 3.486786029544733e-50 2.5837967964273996e-48 4.231413327368138e-34 56
6.387983584402041e-57 2.894805501478926e-53 1.489263467745351e-34 5.307143419378027e-53 1.0636446046414093e-22 6.894386101674747e-42 4.065000098087644e-50 9.004088333443717e-48 8.647941114758543e-36 1.5572048743890432e-47 2.967836573344066e-41 3.495852737684128e-50 8.422604840223031e-47 4.669072813110161e-49 4.3417283192712246e-39 3.486786029544733e-50 2.5837967964273996e-48 4.231413327368138e-34 56
0.0015904912939484692 2.894805501478926e-53 4.683358332124623e-27 5.307143419378027e-53 1.4207723099654804e-38 2.9506664657264935e-19 4.065000098087644e-50 1.5572048743890432e-47 2.967836573344066e-41 3.495852737684128e-50 8.422604840223031e-47 4.669072813110161e-49 3.486786029544733e-50 4.231413327368138e-34 55
6.387983584402041e-57 2.894805501478926e-53 1.489263467745351e-34 5.307143419378027e-53 1.4207723099654804e-38 2.9506664657264935e-19 6.481936484111392e-11 1.5572048743890432e-47 2.7080723580463144e-15 2.6898804511918883e-06 8.422604840223031e-47 4.669072813110161e-49 3.486786029544733e-50 2.5837967964273996e-48 6.552101360672401e-26 56
6.387983584402041e-57 2.894805501478926e-53 4.683358332124623e-27 5.307143419378027e-53 1.4207723099654804e-38 2.9506664657264935e-19 6.481936484111392e-11 9.004088333443717e-48 8.647941114758543e-36 4.3526501208951666e-09 2.967836573344066e-41 3.495852737684128e-50 8.422604840223031e-47 0.006671220229705837 3.486786029544733e-50 0.012492608636951431 6.552101360672401e-26 55
6.387983584402041e-57 2.894805501478926e-53 1.489263467745351e-34 5.307143419378027e-53 1.0636446046414093e-22 6.894386101674747e-42 4.065000098087644e-50 9.004088333443717e-48 8.647941114758543e-36 1.5572048743890432e-47 2.967836573344066e-41 3.495852737684128e-50 8.422604840223031e-47 4.669072813110161e-49 3.562981418670527e-05 2.5837967964273996e-48 4.231413327368138e-34 56
0.0015904912939484692 2.894805501478926e-53 4.683358332124623e-27 5.307143419378027e-53 1.4207723099654804e-38 2.9506664657264935e-19 4.065000098087644e-50 9.004088333443717e-48 2.4541749398528355e-19 4.3526501208951666e-09 2.7080723580463144e-15 3.495852737684128e-50 8.422604840223031e-47 4.669072813110161e-49 4.3417283192712246e-39 3.562981418670527e-05 2.5837967964273996e-48 1.2891687086171398e-30 6.552101360672401e-26 55
6.387983584402041e-57 2.894805501478926e-53 1.489263467745351e-34 5.307143419378027e-53 1.4207723099654804e-38 2.9506664657264935e-19 6.481936484111392e-11 9.004088333443717e-48 8.647941114758543e-36 1.5572048743890432e-47 2.967836573344066e-41 3.495852737684128e-50 8.422604840223031e-47 4.669072813110161e-49 3.486786029544733e-50 2.5837967964273996e-48 4.231413327368138e-34 56
6.387983584402041e-57 2.894805501478926e-53 4.683358332124623e-27 5.307143419378027e-53 1.4207723099654804e-38 2.9506664657264935e-19 6.481936484111392e-11 9.004088333443717e-48 8.647941114758543e-36 1.5572048743890432e-47 2.7080723580463144e-15 2.6898804511918883e-06 8.422604840223031e-47 4.669072813110161e-49 8.929639271875365e-12 3.486786029544733e-50 2.5837967964273996e-48 0.96 6.552101360672401e-26 56
6.387983584402041e-57 1.4054853676068684e-08 4.683358332124623e-27 5.307143419378027e-53 1.4207723099654804e-38 6.894386101674747e-42 4.065000098087644e-50 1.9193550053749084e-07 2.4541749398528355e-19 4.3526501208951666e-09 2.7080723580463144e-15 3.495852737684128e-50 8.422604840223031e-47 4.669072813110161e-49 275.27628548813163 3.486786029544733e-50 2.5837967964273996e-48 1.2891687086171398e-30 6.552101360672401e-26 56
6.387983584402041e-57 2.894805501478926e-53 4.683358332124623e-27 5.307143419378027e-53 1.4207723099654804e-38 2.9506664657264935e-19 6.481936484111392e-11 9.004088333443717e-48 8.647941114758543e-36 1.5572048743890432e-47 2.967836573344066e-41 2.6898804511918883e-06 8.422604840223031e-47 4.669072813110161e-49 4.3417283192712246e-39 3.486786029544733e-50 2.5837967964273996e-48 1.2891687086171398e-30 4.231413327368138e-34 56
6.387983584402041e-57 2.894805501478926e-53 4.683358332124623e-27 2.0078362394383833e-08 1.4207723099654804e-38 2.9506664657264935e-19 4.065000098087644e-50 9.004088333443717e-48 8.647941114758543e-36 1.5572048743890432e-47 2.7080723580463144e-15 3.495852737684128e-50 8.422604840223031e-47 4.669072813110161e-49 4.3417283192712246e-39 3.486786029544733e-50 2.5837967964273996e-48 0.013912223254786821 6.552101360672401e-26 55
6.387983584402041e-57 2.894805501478926e-53 4.683358332124623e-27 5.307143419378027e-53 1.0636446046414093e-22 6.894386101674747e-42 4.065000098087644e-50 9.004088333443717e-48 8.647941114758543e-36 1.5572048743890432e-47 2.967836573344066e-41 3.495852737684128e-50 8.422604840223031e-47 4.669072813110161e-49 3.486786029544733e-50 2.5837967964273996e-48 6.552101360672401e-26 56
6.387983584402041e-57 2.894805501478926e-53 4.683358332124623e-27 5.307143419378027e-53 1.4207723099654804e-38 6.894386101674747e-42 4.065000098087644e-50 9.004088333443717e-48 8.647941114758543e-36 1.5572048743890432e-47 2.967836573344066e-41 3.495852737684128e-50 8.422604840223031e-47 4.669072813110161e-49 3.486786029544733e-50 2.5837967964273996e-48 6.552101360672401e-26 56
6.387983584402041e-57 2.894805501478926e-53 4.683358332124623e-27 2.0078362394383833e-08 1.0636446046414093e-22 6.894386101674747e-42 4.065000098087644e-50 1.9193550053749084e-07 2.4541749398528355e-19 1.5572048743890432e-47 2.967836573344066e-41 3.495852737684128e-50 8.422604840223031e-47 4.669072813110161e-49 4.3417283192712246e-39 3.486786029544733e-50 2.5837967964273996e-48 1.2891687086171398e-30 4.231413327368138e-34 56
6.387983584402041e-57 2.894805501478926e-53 4.683358332124623e-27 5.307143419378027e-53 1.0636446046414093e-22 6.894386101674747e-42 4.065000098087644e-50 9.004088333443717e-48 8.647941114758543e-36 1.5572048743890432e-47 2.967836573344066e-41 3.495852737684128e-50 8.422604840223031e-47 4.669072813110161e-49 4.3417283192712246e-39 3.486786029544733e-50 2.5837967964273996e-48 1.2891687086171398e-30 4.231413327368138e-34 56
6.387983584402041e-57 2.894805501478926e-53 4.683358332124623e-27 5.307143419378027e-53 4.231413327368138e-34 56
6.387983584402041e-57 2.894805501478926e-53 1.489263467745351e-34 5.307143419378027e-53 1.4207723099654804e-38 2.9506664657264935e-19 4.065000098087644e-50 9.004088333443717e-48 8.647941114758543e-36 1.5572048743890432e-47 2.967836573344066e-41 3.495852737684128e-50 8.422604840223031e-47 4.669072813110161e-49 4.3417283192712246e-39 3.486786029544733e-50 2.5837967964273996e-48 4.231413327368138e-34 56
6.387983584402041e-57 2.894805501478926e-53 1.489263467745351e-34 5.307143419378027e-53 1.0636446046414093e-22 6.894386101674747e-42 4.065000098087644e-50 1.5572048743890432e-47 2.967836573344066e-41 3.495852737684128e-50 8.422604840223031e-47 4.669072813110161e-49 3.486786029544733e-50 2.5837967964273996e-48 6.552101360672401e-26 56
6.387983584402041e-57 2.894805501478926e-53 1.489263467745351e-34 5.307143419378027e-53 1.4207723099654804e-38 6.894386101674747e-42 4.065000098087644e-50 9.004088333443717e-48 8.647941114758543e-36 1.5572048743890432e-47 2.967836573344066e-41 3.495852737684128e-50 8.422604840223031e-47 4.669072813110161e-49 4.3417283192712246e-39 3.486786029544733e-50 2.5837967964273996e-48 1.2891687086171398e-30 4.231413327368138e-34 56
6.387983584402041e-57 2.894805501478926e-53 1.489263467745351e-34 5.307143419378027e-53 1.0636446046414093e-22 6.894386101674747e-42 4.065000098087644e-50 9.004088333443717e-48 2.4541749398528355e-19 4.3526501208951666e-09 2.967836573344066e-41 3.495852737684128e-50 8.422604840223031e-47 4.669072813110161e-49 275.27628548813163 3.486786029544733e-50 2.5837967964273996e-48 6.552101360672401e-26 56
6.387983584402041e-57 2.894805501478926e-53 1.489263467745351e-34 5.307143419378027e-53 1.0636446046414093e-22 6.894386101674747e-42 4.065000098087644e-50 9.004088333443717e-48 8.647941114758543e-36 1.5572048743890432e-47 2.967836573344066e-41 3.495852737684128e-50 8.422604840223031e-47 4.669072813110161e-49 4.3417283192712246e-39 3.486786029544733e-50 2.5837967964273996e-48 6.552101360672401e-26 56
0.0002860372503551477 1.4054853676068684e-08 1.489263467745351e-34 5.307143419378027e-53 1.4207723099654804e-38 6.894386101674747e-42 4.065000098087644e-50 9.004088333443717e-48 8.647941114758543e-36 1.5572048743890432e-47 2.967836573344066e-41 3.495852737684128e-50 8.422604840223031e-47 0.001830638402272945 4.3417283192712246e-39 3.486786029544733e-50 6.552101360672401e-26 56
6.387983584402041e-57 2.894805501478926e-53 1.489263467745351e-34 5.307143419378027e-53 1.4207723099654804e-38 2.9506664657264935e-19 6.481936484111392e-11 9.004088333443717e-48 8.647941114758543e-36 1.5572048743890432e-47 2.7080723580463144e-15 3.495852737684128e-50 1.2913935114746152e-09 0.001830638402272945 275.27628548813163 3.486786029544733e-50 2.5837967964273996e-48 0.013912223254786821 4.231413327368138e-34 56
6.387983584402041e-57 2.894805501478926e-53 1.489263467745351e-34 5.307143419378027e-53 1.4207723099654804e-38 2.9506664657264935e-19 6.481936484111392e-11 9.004088333443717e-48 8.647941114758543e-36 1.5572048743890432e-47 2.967836573344066e-41 3.495852737684128e-50 8.422604840223031e-47 4.669072813110161e-49 3.486786029544733e-50 2.5837967964273996e-48 4.231413327368138e-34 56
6.387983584402041e-57 2.894805501478926e-53 1.489263467745351e-34 5.307143419378027e-53 1.0636446046414093e-22 6.894386101674747e-42 4.065000098087644e-50 9.004088333443717e-48 8.647941114758543e-36 1.5572048743890432e-47 2.967836573344066e-41 3.495852737684128e-50 8.422604840223031e-47 4.669072813110161e-49 4.3417283192712246e-39 3.486786029544733e-50 2.5837967964273996e-48 6.552101360672401e-26 56
6.387983584402041e-57 2.894805501478926e-53 4.683358332124623e-27 5.307143419378027e-53 1.4207723099654804e-38 6.894386101674747e-42 4.065000098087644e-50 9.004088333443717e-48 2.4541749398528355e-19 1.5572048743890432e-47 2.967836573344066e-41 3.495852737684128e-50 8.422604840223031e-47 4.669072813110161e-49 4.3417283192712246e-39 3.562981418670527e-05 2.5837967964273996e-48 1.2891687086171398e-30 4.231413327368138e-34 56
6.387983584402041e-57 2.894805501478926e-53 4.683358332124623e-27 2.0078362394383833e-08 1.0636446046414093e-22 6.894386101674747e-42 4.065000098087644e-50 9.004088333443717e-48 8.647941114758543e-36 1.5572048743890432e-47 2.967836573344066e-41 3.495852737684128e-50 8.422604840223031e-47 3.486786029544733e-50 4.231413327368138e-34 56
6.387983584402041e-57 2.894805501478926e-53 4.683358332124623e-27 5.307143419378027e-53 1.0636446046414093e-22 6.894386101674747e-42 4.065000098087644e-50 9.004088333443717e-48 8.647941114758543e-36 4.3526501208951666e-09 2.967836573344066e-41 3.495852737684128e-50 8.422604840223031e-47 4.669072813110161e-49 4.3417283192712246e-39 3.486786029544733e-50 2.5837967964273996e-48 1.2891687086171398e-30 4.231413327368138e-34 56
6.387983584402041e-57 2.894805501478926e-53 1.489263467745351e-34 5.307143419378027e-53 1.0636446046414093e-22 6.894386101674747e-42 4.065000098087644e-50 9.004088333443717e-48 8.647941114758543e-36 1.5572048743890432e-47 2.967836573344066e-41 3.495852737684128e-50 8.422604840223031e-47 4.669072813110161e-49 4.3417283192712246e-39 3.486786029544733e-50 2.5837967964273996e-48 0.96 6.552101360672401e-26 56
6.387983584402041e-57 2.894805501478926e-53 1.489263467745351e-34 5.307143419378027e-53 1.0636446046414093e-22 6.894386101674747e-42 4.065000098087644e-50 9.004088333443717e-48 8.647941114758543e-36 1.5572048743890432e-47 2.967836573344066e-41 3.495852737684128e-50 8.422604840223031e-47 4.669072813110161e-49 4.3417283192712246e-39 3.486786029544733e-50 2.5837967964273996e-48 1.2891687086171398e-30 4.231413327368138e-34 56
6.387983584402041e-57 1.4054853676068684e-08 1.489263467745351e-34 5.307143419378027e-53 1.4207723099654804e-38 2.9506664657264935e-19 4.065000098087644e-50 9.004088333443717e-48 2.4541749398528355e-19 1.5572048743890432e-47 2.967836573344066e-41 3.495852737684128e-50 8.422604840223031e-47 4.669072813110161e-49 275.27628548813163 0.1414170740610985 2.5837967964273996e-48 1.2891687086171398e-30 4.231413327368138e-34 56
0.04 2.894805501478926e-53 4.683358332124623e-27 5.307143419378027e-53 1.0636446046414093e-22 6.894386101674747e-42 4.065000098087644e-50 9.004088333443717e-48 8.647941114758543e-36 1.5572048743890432e-47 2.967836573344066e-41 3.495852737684128e-50 8.422604840223031e-47 4.669072813110161e-49 4.3417283192712246e-39 3.486786029544733e-50 2.5837967964273996e-48 4.231413327368138e-34 56
6.387983584402041e-57 2.894805501478926e-53 1.489263467745351e-34 5.307143419378027e-53 1.0636446046414093e-22 6.894386101674747e-42 4.065000098087644e-50 9.004088333443717e-48 8.647941114758543e-36 1.5572048743890432e-47 2.967836573344066e-41 3.495852737684128e-50 8.422604840223031e-47 4.669072813110161e-49 4.3417283192712246e-39 3.486786029544733e-50 2.5837967964273996e-48 1.2891687086171398e-30 4.231413327368138e-34 56
6.387983584402041e-57 2.894805501478926e-53 4.683358332124623e-27 5.307143419378027e-53 1.4207723099654804e-38 2.9506664657264935e-19 4.065000098087644e-50 9.004088333443717e-48 2.4541749398528355e-19 1.5572048743890432e-47 2.7080723580463144e-15 2.6898804511918883e-06 1.2913935114746152e-09 0.006671220229705837 0.7000000000000001 3.562981418670527e-05 0.9 0.013912223254786821 6.552101360672401e-26 55
6.387983584402041e-57 2.894805501478926e-53 1.489263467745351e-34 5.307143419378027e-53 1.4207723099654804e-38 2.9506664657264935e-19 6.481936484111392e-11 9.004088333443717e-48 8.647941114758543e-36 1.5572048743890432e-47 2.7080723580463144e-15 3.495852737684128e-50 1.2913935114746152e-09 0.001830638402272945 275.27628548813163 3.486786029544733e-50 2.5837967964273996e-48 0.013912223254786821 4.231413327368138e-34 56
0.0015904912939484692 1.4054853676068684e-08 4.683358332124623e-27 5.307143419378027e-53 1.4207723099654804e-38 2.9506664657264935e-19 4.065000098087644e-50 9.004088333443717e-48 8.647941114758543e-36 4.669072813110161e-49 275.27628548813163 3.486786029544733e-50 2.5837967964273996e-48 4.231413327368138e-34 56
6.387983584402041e-57 2.894805501478926e-53 4.683358332124623e-27 5.307143419378027e-53 1.4207723099654804e-38 6.894386101674747e-42 4.065000098087644e-50 1.9193550053749084e-07 2.4541749398528355e-19 1.5572048743890432e-47 2.7080723580463144e-15 3.495852737684128e-50 8.422604840223031e-47 4.669072813110161e-49 4.3417283192712246e-39 3.486786029544733e-50 2.5837967964273996e-48 1.2891687086171398e-30 4.231413327368138e-34 56
0.0015904912939484692 2.894805501478926e-53 4.683358332124623e-27 5.307143419378027e-53 1.4207723099654804e-38 6.894386101674747e-42 4.065000098087644e-50 1.9193550053749084e-07 2.4541749398528355e-19 4.3526501208951666e-09 2.7080723580463144e-15 3.495852737684128e-50 8.422604840223031e-47 3.486786029544733e-50 6.552101360672401e-26 56
6.387983584402041e-57 2.894805501478926e-53 4.683358332124623e-27 5.307143419378027e-53 1.4207723099654804e-38 2.9506664657264935e-19 4.065000098087644e-50 4.3526501208951666e-09 2.967836573344066e-41 2.6898804511918883e-06 8.422604840223031e-47 0.006671220229705837 4.3417283192712246e-39 3.486786029544733e-50 2.5837967964273996e-48 1.2891687086171398e-30 6.552101360672401e-26 55
6.387983584402041e-57 2.894805501478926e-53 1.489263467745351e-34 5.307143419378027e-53 1.4207723099654804e-38 2.9506664657264935e-19 6.481936484111392e-11 1.9193550053749084e-07 2.4541749398528355e-19 4.3526501208951666e-09 2.7080723580463144e-15 3.495852737684128e-50 8.422604840223031e-47 4.669072813110161e-49 8.929639271875365e-12 3.486786029544733e-50 2.5837967964273996e-48 1.2891687086171398e-30 4.231413327368138e-34 56
0.0015904912939484692 2.894805501478926e-53 1.489263467745351e-34 5.307143419378027e-53 1.4207723099654804e-38 2.9506664657264935e-19 4.065000098087644e-50 9.004088333443717e-48 2.4541749398528355e-19 4.3526501208951666e-09 2.7080723580463144e-15 2.6898804511918883e-06 8.422604840223031e-47 4.669072813110161e-49 275.27628548813163 3.486786029544733e-50 2.5837967964273996e-48 1.2891687086171398e-30 6.552101360672401e-26 56
6.387983584402041e-57 2.894805501478926e-53 4.683358332124623e-27 5.307143419378027e-53 1.4207723099654804e-38 2.9506664657264935e-19 4.065000098087644e-50 9.004088333443717e-48 8.647941114758543e-36 4.3526501208951666e-09 2.967836573344066e-41 3.495852737684128e-50 1.2913935114746152e-09 4.669072813110161e-49 8.929639271875365e-12 3.486786029544733e-50 1.2891687086171398e-30 6.552101360672401e-26 55
6.387983584402041e-57 2.894805501478926e-53 4.683358332124623e-27 5.307143419378027e-53 1.0636446046414093e-22 6.894386101674747e-42 4.065000098087644e-50 9.004088333443717e-48 8.647941114758543e-36 1.5572048743890432e-47 2.967836573344066e-41 3.495852737684128e-50 8.422604840223031e-47 4.669072813110161e-49 4.3417283192712246e-39 3.486786029544733e-50 2.5837967964273996e-48 1.2891687086171398e-30 4.231413327368138e-34 56
6.387983584402041e-57 2.894805501478926e-53 1.489263467745351e-34 5.307143419378027e-53 1.0636446046414093e-22 6.894386101674747e-42 4.065000098087644e-50 9.004088333443717e-48 8.647941114758543e-36 1.5572048743890432e-47 2.967836573344066e-41 3.495852737684128e-50 8.422604840223031e-47 4.669072813110161e-49 3.486786029544733e-50 2.5837967964273996e-48 4.231413327368138e-34 56
6.387983584402041e-57 2.894805501478926e-53 1.489263467745351e-34 5.307143419378027e-53 1.0636446046414093e-22 6.894386101674747e-42 4.065000098087644e-50 9.004088333443717e-48 8.647941114758543e-36 1.5572048743890432e-47 2.967836573344066e-41 3.495852737684128e-50 8.422604840223031e-47 4.669072813110161e-49 4.3417283192712246e-39 3.486786029544733e-50 2.5837967964273996e-48 0.96 6.552101360672401e-26 56
6.387983584402041e-57 2.894805501478926e-53 1.489263467745351e-34 5.307143419378027e-53 1.4207723099654804e-38 2.9506664657264935e-19 6.481936484111392e-11 9.004088333443717e-48 8.647941114758543e-36 4.3526501208951666e-09 2.967836573344066e-41 3.495852737684128e-50 8.422604840223031e-47 4.669072813110161e-49 275.27628548813163 0.8 2.5837967964273996e-48 1.2891687086171398e-30 4.231413327368138e-34 56
0.0002860372503551477 2.894805501478926e-53 1.489263467745351e-34 2.0078362394383833e-08 1.4207723099654804e-38 6.894386101674747e-42 4.065000098087644e-50 9.004088333443717e-48 2.4541749398528355e-19 1.5572048743890432e-47 2.967836573344066e-41 3.495852737684128e-50 8.422604840223031e-47 4.669072813110161e-49 4.3417283192712246e-39 3.486786029544733e-50 2.5837967964273996e-48 1.2891687086171398e-30 6.552101360672401e-26 56
6.387983584402041e-57 2.894805501478926e-53 1.489263467745351e-34 5.307143419378027e-53 1.0636446046414093e-22 6.894386101674747e-42 4.065000098087644e-50 9.004088333443717e-48 8.647941114758543e-36 1.5572048743890432e-47 2.967836573344066e-41 3.495852737684128e-50 8.422604840223031e-47 4.669072813110161e-49 4.3417283192712246e-39 3.486786029544733e-50 2.5837967964273996e-48 1.2891687086171398e-30 4.231413327368138e-34 56
6.387983584402041e-57 2.894805501478926e-53 1.489263467745351e-34 5.307143419378027e-53 1.0636446046414093e-22 6.894386101674747e-42 4.065000098087644e-50 9.004088333443717e-48 8.647941114758543e-36 1.5572048743890432e-47 2.967836573344066e-41 3.495852737684128e-50 8.422604840223031e-47 4.669072813110161e-49 4.3417283192712246e-39 3.486786029544733e-50 2.5837967964273996e-48 4.231413327368138e-34 56
6.387983584402041e-57 2.894805501478926e-53 4.683358332124623e-27 2.0078362394383833e-08 1.4207723099654804e-38 2.9506664657264935e-19 4.065000098087644e-50 9.004088333443717e-48 8.647941114758543e-36 1.5572048743890432e-47 2.967836573344066e-41 3.495852737684128e-50 8.422604840223031e-47 4.669072813110161e-49 4.3417283192712246e-39 3.486786029544733e-50 2.5837967964273996e-48 1.2891687086171398e-30 4.231413327368138e-34 56
6.387983584402041e-57 2.894805501478926e-53 1.489263467745351e-34 2.0078362394383833e-08 1.4207723099654804e-38 6.894386101674747e-42 4.065000098087644e-50 9.004088333443717e-48 2.4541749398528355e-19 4.3526501208951666e-09 2.967836573344066e-41 3.495852737684128e-50 8.422604840223031e-47 4.669072813110161e-49 4.3417283192712246e-39 3.486786029544733e-50 2.5837967964273996e-48 1.2891687086171398e-30 4.231413327368138e-34 56
6.387983584402041e-57 1.4054853676068684e-08 1.489263467745351e-34 2.0078362394383833e-08 1.4207723099654804e-38 2.9506664657264935e-19 6.481936484111392e-11 9.004088333443717e-48 8.647941114758543e-36 1.5572048743890432e-47 2.967836573344066e-41 3.495852737684128e-50 8.422604840223031e-47 4.669072813110161e-49 4.3417283192712246e-39 3.486786029544733e-50 2.5837967964273996e-48 1.2891687086171398e-30 4.231413327368138e-34 56
6.387983584402041e-57 2.894805501478926e-53 1.489263467745351e-34 5.307143419378027e-53 1.4207723099654804e-38 6.894386101674747e-42 4.065000098087644e-50 9.004088333443717e-48 8.647941114758543e-36 1.5572048743890432e-47 2.967836573344066e-41 3.495852737684128e-50 8.422604840223031e-47 4.669072813110161e-49 4.3417283192712246e-39 3.486786029544733e-50 2.5837967964273996e-48 1.2891687086171398e-30 4.231413327368138e-34 56
6.387983584402041e-57 2.894805501478926e-53 4.683358332124623e-27 5.307143419378027e-53 1.4207723099654804e-38 2.9506664657264935e-19 4.065000098087644e-50 9.004088333443717e-48 8.647941114758543e-36 4.3526501208951666e-09 2.967836573344066e-41 3.495852737684128e-50 1.2913935114746152e-09 4.669072813110161e-49 8.929639271875365e-12 3.486786029544733e-50 1.2891687086171398e-30 6.552101360672401e-26 55
6.387983584402041e-57 2.894805501478926e-53 4.683358332124623e-27 5.307143419378027e-53 1.4207723099654804e-38 2.9506664657264935e-19 4.065000098087644e-50 1.9193550053749084e-07 2.4541749398528355e-19 1.5572048743890432e-47 2.7080723580463144e-15 3.495852737684128e-50 8.422604840223031e-47 0.001830638402272945 4.3417283192712246e-39 3.486786029544733e-50 2.5837967964273996e-48 6.552101360672401e-26 56
6.387983584402041e-57 2.894805501478926e-53 1.489263467745351e-34 5.307143419378027e-53 1.0636446046414093e-22 6.894386101674747e-42 4.065000098087644e-50 9.004088333443717e-48 8.647941114758543e-36 1.5572048743890432e-47 2.967836573344066e-41 3.495852737684128e-50 8.422604840223031e-47 4.669072813110161e-49 4.3417283192712246e-39 3.486786029544733e-50 2.5837967964273996e-48 1.2891687086171398e-30 4.231413327368138e-34 56
6.387983584402041e-57 2.894805501478926e-53 4.683358332124623e-27 5.307143419378027e-53 1.4207723099654804e-38 2.9506664657264935e-19 6.481936484111392e-11 1.9193550053749084e-07 2.4541749398528355e-19 1.5572048743890432e-47 2.967836573344066e-41 3.495852737684128e-50 8.422604840223031e-47 4.669072813110161e-49 4.3417283192712246e-39 3.486786029544733e-50 2.5837967964273996e-48 1.2891687086171398e-30 6.552101360672401e-26 56
6.387983584402041e-57 2.894805501478926e-53 4.683358332124623e-27 5.307143419378027e-53 1.4207723099654804e-38 2.9506664657264935e-19 6.481936484111392e-11 1.9193550053749084e-07 2.4541749398528355e-19 1.5572048743890432e-47 2.967836573344066e-41 3.495852737684128e-50 8.422604840223031e-47 4.669072813110161e-49 4.3417283192712246e-39 3.486786029544733e-50 2.5837967964273996e-48 1.2891687086171398e-30 6.552101360672401e-26 56
