3.298938651073936e-56 1.4047595423772578e-52 3.7592836607806996e-34 2.4163230719855513e-08 4.4217218959392643e-38 5.604228421403621e-19 1.0106957346381993e-10 3.632574906092264e-47 1.953892887880543e-35 5.832293976567433e-47 4.77501556943842e-15 1.5749056888080494e-49 3.1545693366721275e-46 1.8610247328622786e-48 0.7000000000000001 1.3065856718916667e-49 1.1087715939502689e-47 3.174047009541517e-30 1.0041766219403085e-33 56
3.298938651073936e-56 1.4047595423772578e-52 1.0835105405586094e-26 2.5753924943583036e-52 1.0041766219403085e-33 56
3.298938651073936e-56 1.4047595423772578e-52 3.7592836607806996e-34 2.5753924943583036e-52 1.9959006308116528e-22 2.119869896730161e-41 1.5224891712546385e-49 3.632574906092264e-47 1.953892887880543e-35 5.832293976567433e-47 8.687942948274669e-41 1.5749056888080494e-49 3.1545693366721275e-46 1.3065856718916667e-49 1.0041766219403085e-33 56
3.298938651073936e-56 1.4047595423772578e-52 1.0835105405586094e-26 2.5753924943583036e-52 4.4217218959392643e-38 5.604228421403621e-19 1.5224891712546385e-49 3.632574906092264e-47 1.953892887880543e-35 5.832293976567433e-47 8.687942948274669e-41 3.081932072052393e-06 3.1545693366721275e-46 1.8610247328622786e-48 1.1098607187581348e-38 1.3065856718916667e-49 1.1087715939502689e-47 0.014798082438533188 1.6123720613563395e-25 55
3.298938651073936e-56 1.4047595423772578e-52 1.0835105405586094e-26 2.4163230719855513e-08 1.9959006308116528e-22 2.119869896730161e-41 1.5224891712546385e-49 2.3098406591742691e-07 5.273743857480312e-19 5.832293976567433e-47 8.687942948274669e-41 1.5749056888080494e-49 3.1545693366721275e-46 1.8610247328622786e-48 1.1098607187581348e-38 1.3065856718916667e-49 1.1087715939502689e-47 3.174047009541517e-30 1.0041766219403085e-33 56
3.298938651073936e-56 1.6914261503898857e-08 3.7592836607806996e-34 2.5753924943583036e-52 4.4217218959392643e-38 5.604228421403621e-19 1.0106957346381993e-10 2.3098406591742691e-07 5.273743857480312e-19 5.832293976567433e-47 4.77501556943842e-15 1.5749056888080494e-49 3.1545693366721275e-46 1.8610247328622786e-48 1.1098607187581348e-38 1.3065856718916667e-49 1.1087715939502689e-47 3.174047009541517e-30 1.6123720613563395e-25 56
3.298938651073936e-56 1.4047595423772578e-52 1.0835105405586094e-26 2.4163230719855513e-08 1.9959006308116528e-22 2.119869896730161e-41 1.5224891712546385e-49 3.632574906092264e-47 1.953892887880543e-35 5.832293976567433e-47 8.687942948274669e-41 1.5749056888080494e-49 3.1545693366721275e-46 1.3065856718916667e-49 1.0041766219403085e-33 56
0.04 1.4047595423772578e-52 1.0835105405586094e-26 2.5753924943583036e-52 4.4217218959392643e-38 5.604228421403621e-19 1.0106957346381993e-10 2.3098406591742691e-07 5.273743857480312e-19 5.832293976567433e-47 4.77501556943842e-15 1.5749056888080494e-49 3.1545693366721275e-46 0.0019472040877908426 1.1098607187581348e-38 0.8 1.1087715939502689e-47 1.6123720613563395e-25 55
0.04 1.4047595423772578e-52 1.0835105405586094e-26 2.5753924943583036e-52 4.4217218959392643e-38 2.119869896730161e-41 1.5224891712546385e-49 3.632574906092264e-47 1.953892887880543e-35 5.832293976567433e-47 8.687942948274669e-41 1.5749056888080494e-49 3.1545693366721275e-46 1.8610247328622786e-48 1.1098607187581348e-38 1.3065856718916667e-49 1.1087715939502689e-47 3.174047009541517e-30 1.0041766219403085e-33 56
3.298938651073936e-56 1.4047595423772578e-52 1.0835105405586094e-26 2.5753924943583036e-52 4.4217218959392643e-38 2.119869896730161e-41 1.5224891712546385e-49 2.3098406591742691e-07 5.273743857480312e-19 5.832293976567433e-47 4.77501556943842e-15 1.5749056888080494e-49 3.1545693366721275e-46 1.8610247328622786e-48 1.1098607187581348e-38 1.3065856718916667e-49 1.1087715939502689e-47 3.174047009541517e-30 1.0041766219403085e-33 56
3.298938651073936e-56 1.4047595423772578e-52 3.7592836607806996e-34 2.5753924943583036e-52 4.4217218959392643e-38 5.604228421403621e-19 1.0106957346381993e-10 3.632574906092264e-47 5.273743857480312e-19 5.832293976567433e-47 4.77501556943842e-15 3.081932072052393e-06 1.7797395584269473e-09 2.84841034786068e-05 319.0753646453935 1.3065856718916667e-49 1.1087715939502689e-47 1.6123720613563395e-25 55
3.298938651073936e-56 1.4047595423772578e-52 3.7592836607806996e-34 2.5753924943583036e-52 4.4217218959392643e-38 2.119869896730161e-41 1.5224891712546385e-49 3.632574906092264e-47 1.953892887880543e-35 5.832293976567433e-47 4.77501556943842e-15 1.5749056888080494e-49 3.1545693366721275e-46 1.8610247328622786e-48 1.1098607187581348e-38 1.3065856718916667e-49 1.1087715939502689e-47 1.0041766219403085e-33 55
3.298938651073936e-56 1.4047595423772578e-52 3.7592836607806996e-34 2.5753924943583036e-52 1.9959006308116528e-22 2.119869896730161e-41 1.5224891712546385e-49 3.632574906092264e-47 1.953892887880543e-35 5.832293976567433e-47 8.687942948274669e-41 1.5749056888080494e-49 3.1545693366721275e-46 1.8610247328622786e-48 4.031172341388619e-05 1.1087715939502689e-47 1.0041766219403085e-33 56
3.298938651073936e-56 1.4047595423772578e-52 3.7592836607806996e-34 2.5753924943583036e-52 4.4217218959392643e-38 5.604228421403621e-19 1.0106957346381993e-10 3.632574906092264e-47 1.953892887880543e-35 5.832293976567433e-47 4.77501556943842e-15 1.5749056888080494e-49 1.7797395584269473e-09 0.0019472040877908426 319.0753646453935 1.3065856718916667e-49 1.1087715939502689e-47 0.014798082438533188 1.0041766219403085e-33 56
3.298938651073936e-56 1.4047595423772578e-52 3.7592836607806996e-34 2.5753924943583036e-52 4.4217218959392643e-38 2.119869896730161e-41 1.5224891712546385e-49 3.632574906092264e-47 1.953892887880543e-35 5.832293976567433e-47 8.687942948274669e-41 1.5749056888080494e-49 3.1545693366721275e-46 1.8610247328622786e-48 1.1098607187581348e-38 1.3065856718916667e-49 1.1087715939502689e-47 3.174047009541517e-30 1.0041766219403085e-33 56
0.04 1.4047595423772578e-52 1.0835105405586094e-26 2.5753924943583036e-52 4.4217218959392643e-38 5.604228421403621e-19 1.0106957346381993e-10 2.3098406591742691e-07 5.273743857480312e-19 5.832293976567433e-47 4.77501556943842e-15 1.5749056888080494e-49 3.1545693366721275e-46 0.0019472040877908426 1.1098607187581348e-38 0.8 1.1087715939502689e-47 1.6123720613563395e-25 55
3.298938651073936e-56 1.4047595423772578e-52 3.7592836607806996e-34 2.5753924943583036e-52 1.9959006308116528e-22 2.119869896730161e-41 1.5224891712546385e-49 3.632574906092264e-47 1.953892887880543e-35 5.832293976567433e-47 8.687942948274669e-41 1.5749056888080494e-49 3.1545693366721275e-46 1.8610247328622786e-48 1.1098607187581348e-38 1.3065856718916667e-49 1.1087715939502689e-47 3.174047009541517e-30 1.0041766219403085e-33 56
3.298938651073936e-56 1.4047595423772578e-52 3.7592836607806996e-34 2.5753924943583036e-52 4.4217218959392643e-38 5.604228421403621e-19 1.5224891712546385e-49 3.632574906092264e-47 5.273743857480312e-19 5.832293976567433e-47 8.687942948274669e-41 3.081932072052393e-06 1.7797395584269473e-09 1.8610247328622786e-48 1.1098607187581348e-38 1.3065856718916667e-49 0.013288074026437965 3.174047009541517e-30 1.6123720613563395e-25 55
3.298938651073936e-56 1.4047595423772578e-52 1.0835105405586094e-26 2.4163230719855513e-08 1.9959006308116528e-22 2.119869896730161e-41 1.5224891712546385e-49 2.3098406591742691e-07 5.273743857480312e-19 5.832293976567433e-47 8.687942948274669e-41 1.5749056888080494e-49 3.1545693366721275e-46 1.8610247328622786e-48 1.2932644497875273e-11 0.002555705365225481 1.1087715939502689e-47 3.174047009541517e-30 1.6123720613563395e-25 56
3.298938651073936e-56 1.4047595423772578e-52 1.0835105405586094e-26 2.5753924943583036e-52 4.4217218959392643e-38 5.604228421403621e-19 1.0106957346381993e-10 3.632574906092264e-47 5.273743857480312e-19 5.832293976567433e-47 8.687942948274669e-41 1.5749056888080494e-49 3.1545693366721275e-46 1.8610247328622786e-48 1.1098607187581348e-38 1.3065856718916667e-49 1.1087715939502689e-47 3.174047009541517e-30 1.0041766219403085e-33 56
3.298938651073936e-56 1.6914261503898857e-08 3.7592836607806996e-34 2.5753924943583036e-52 4.4217218959392643e-38 5.604228421403621e-19 1.5224891712546385e-49 3.632574906092264e-47 5.273743857480312e-19 5.832293976567433e-47 8.687942948274669e-41 1.5749056888080494e-49 3.1545693366721275e-46 1.8610247328622786e-48 319.0753646453935 0.17225898858153213 1.1087715939502689e-47 3.174047009541517e-30 1.0041766219403085e-33 56
3.298938651073936e-56 1.6914261503898857e-08 1.0835105405586094e-26 2.5753924943583036e-52 4.4217218959392643e-38 2.119869896730161e-41 1.5224891712546385e-49 2.3098406591742691e-07 5.273743857480312e-19 5.998623607225113e-09 4.77501556943842e-15 1.5749056888080494e-49 3.1545693366721275e-46 1.8610247328622786e-48 319.0753646453935 1.3065856718916667e-49 1.1087715939502689e-47 3.174047009541517e-30 1.6123720613563395e-25 56
3.298938651073936e-56 1.4047595423772578e-52 3.7592836607806996e-34 2.5753924943583036e-52 1.9959006308116528e-22 2.119869896730161e-41 1.5224891712546385e-49 3.632574906092264e-47 1.953892887880543e-35 5.832293976567433e-47 8.687942948274669e-41 1.5749056888080494e-49 3.1545693366721275e-46 1.8610247328622786e-48 1.3065856718916667e-49 1.1087715939502689e-47 1.0041766219403085e-33 56
0.0016909129806271165 1.4047595423772578e-52 1.0835105405586094e-26 2.5753924943583036e-52 4.4217218959392643e-38 2.119869896730161e-41 1.5224891712546385e-49 2.3098406591742691e-07 5.273743857480312e-19 5.832293976567433e-47 8.687942948274669e-41 1.5749056888080494e-49 3.1545693366721275e-46 1.8610247328622786e-48 1.1098607187581348e-38 1.3065856718916667e-49 1.1087715939502689e-47 3.174047009541517e-30 1.0041766219403085e-33 56
3.298938651073936e-56 1.4047595423772578e-52 3.7592836607806996e-34 2.5753924943583036e-52 4.4217218959392643e-38 5.604228421403621e-19 1.0106957346381993e-10 2.3098406591742691e-07 5.273743857480312e-19 5.998623607225113e-09 4.77501556943842e-15 1.5749056888080494e-49 3.1545693366721275e-46 1.8610247328622786e-48 1.2932644497875273e-11 1.3065856718916667e-49 1.1087715939502689e-47 3.174047009541517e-30 1.0041766219403085e-33 56
3.298938651073936e-56 1.6914261503898857e-08 3.7592836607806996e-34 2.4163230719855513e-08 4.4217218959392643e-38 2.119869896730161e-41 1.5224891712546385e-49 3.632574906092264e-47 1.953892887880543e-35 5.832293976567433e-47 8.687942948274669e-41 1.5749056888080494e-49 3.1545693366721275e-46 1.8610247328622786e-48 1.1098607187581348e-38 1.3065856718916667e-49 1.1087715939502689e-47 3.174047009541517e-30 1.0041766219403085e-33 56
0.04 1.4047595423772578e-52 3.7592836607806996e-34 2.5753924943583036e-52 4.4217218959392643e-38 5.604228421403621e-19 1.0106957346381993e-10 3.632574906092264e-47 1.953892887880543e-35 5.832293976567433e-47 4.77501556943842e-15 3.081932072052393e-06 3.1545693366721275e-46 0.007639702013588149 1.3065856718916667e-49 0.9 3.174047009541517e-30 1.0041766219403085e-33 55
3.298938651073936e-56 1.4047595423772578e-52 1.0835105405586094e-26 2.5753924943583036e-52 1.9959006308116528e-22 2.119869896730161e-41 1.5224891712546385e-49 3.632574906092264e-47 1.953892887880543e-35 5.832293976567433e-47 8.687942948274669e-41 1.5749056888080494e-49 3.1545693366721275e-46 1.8610247328622786e-48 1.2932644497875273e-11 1.3065856718916667e-49 1.1087715939502689e-47 1.6123720613563395e-25 56
3.298938651073936e-56 1.4047595423772578e-52 1.0835105405586094e-26 2.5753924943583036e-52 4.4217218959392643e-38 2.119869896730161e-41 1.5224891712546385e-49 5.998623607225113e-09 4.77501556943842e-15 3.081932072052393e-06 3.1545693366721275e-46 1.8610247328622786e-48 1.2932644497875273e-11 1.3065856718916667e-49 0.9 1.6123720613563395e-25 55
3.298938651073936e-56 1.4047595423772578e-52 3.7592836607806996e-34 2.5753924943583036e-52 1.9959006308116528e-22 2.119869896730161e-41 1.5224891712546385e-49 3.632574906092264e-47 1.953892887880543e-35 5.832293976567433e-47 8.687942948274669e-41 1.5749056888080494e-49 3.1545693366721275e-46 1.8610247328622786e-48 1.1098607187581348e-38 1.3065856718916667e-49 1.1087715939502689e-47 1.0041766219403085e-33 56
3.298938651073936e-56 1.4047595423772578e-52 3.7592836607806996e-34 2.5753924943583036e-52 1.9959006308116528e-22 2.119869896730161e-41 1.5224891712546385e-49 3.632574906092264e-47 1.953892887880543e-35 5.832293976567433e-47 8.687942948274669e-41 1.5749056888080494e-49 3.1545693366721275e-46 1.8610247328622786e-48 1.1098607187581348e-38 1.3065856718916667e-49 1.1087715939502689e-47 1.0041766219403085e-33 56
3.298938651073936e-56 1.4047595423772578e-52 3.7592836607806996e-34 2.5753924943583036e-52 4.4217218959392643e-38 2.119869896730161e-41 1.5224891712546385e-49 3.632574906092264e-47 1.953892887880543e-35 5.998623607225113e-09 4.77501556943842e-15 3.081932072052393e-06 3.1545693366721275e-46 1.8610247328622786e-48 1.1098607187581348e-38 1.3065856718916667e-49 1.1087715939502689e-47 3.174047009541517e-30 1.6123720613563395e-25 55
3.298938651073936e-56 1.4047595423772578e-52 3.7592836607806996e-34 2.5753924943583036e-52 1.9959006308116528e-22 2.119869896730161e-41 1.5224891712546385e-49 3.632574906092264e-47 1.953892887880543e-35 5.832293976567433e-47 8.687942948274669e-41 1.5749056888080494e-49 3.1545693366721275e-46 1.8610247328622786e-48 1.1098607187581348e-38 1.3065856718916667e-49 1.1087715939502689e-47 0.96 1.6123720613563395e-25 56
3.298938651073936e-56 1.4047595423772578e-52 1.0835105405586094e-26 2.5753924943583036e-52 1.9959006308116528e-22 2.119869896730161e-41 1.5224891712546385e-49 3.632574906092264e-47 1.953892887880543e-35 5.832293976567433e-47 8.687942948274669e-41 1.5749056888080494e-49 3.1545693366721275e-46 1.8610247328622786e-48 1.1098607187581348e-38 1.3065856718916667e-49 1.1087715939502689e-47 3.174047009541517e-30 1.0041766219403085e-33 56
3.298938651073936e-56 1.4047595423772578e-52 1.0835105405586094e-26 2.5753924943583036e-52 4.4217218959392643e-38 5.604228421403621e-19 1.0106957346381993e-10 3.632574906092264e-47 1.953892887880543e-35 5.998623607225113e-09 8.687942948274669e-41 1.5749056888080494e-49 3.1545693366721275e-46 0.007639702013588149 1.3065856718916667e-49 0.013288074026437965 1.6123720613563395e-25 55
3.298938651073936e-56 1.4047595423772578e-52 3.7592836607806996e-34 2.5753924943583036e-52 1.9959006308116528e-22 2.119869896730161e-41 1.5224891712546385e-49 3.632574906092264e-47 1.953892887880543e-35 5.832293976567433e-47 8.687942948274669e-41 1.5749056888080494e-49 3.1545693366721275e-46 1.8610247328622786e-48 1.1098607187581348e-38 1.3065856718916667e-49 1.1087715939502689e-47 3.174047009541517e-30 1.0041766219403085e-33 56
3.298938651073936e-56 1.4047595423772578e-52 3.7592836607806996e-34 2.5753924943583036e-52 1.9959006308116528e-22 2.119869896730161e-41 1.5224891712546385e-49 3.632574906092264e-47 1.953892887880543e-35 5.832293976567433e-47 8.687942948274669e-41 1.5749056888080494e-49 3.1545693366721275e-46 1.8610247328622786e-48 1.3065856718916667e-49 1.1087715939502689e-47 1.0041766219403085e-33 56
3.298938651073936e-56 1.4047595423772578e-52 3.7592836607806996e-34 2.5753924943583036e-52 1.9959006308116528e-22 2.119869896730161e-41 1.5224891712546385e-49 3.632574906092264e-47 1.953892887880543e-35 5.832293976567433e-47 8.687942948274669e-41 1.5749056888080494e-49 3.1545693366721275e-46 1.8610247328622786e-48 1.0041766219403085e-33 56
3.298938651073936e-56 1.4047595423772578e-52 3.7592836607806996e-34 2.5753924943583036e-52 4.4217218959392643e-38 5.604228421403621e-19 1.0106957346381993e-10 3.632574906092264e-47 1.953892887880543e-35 5.998623607225113e-09 8.687942948274669e-41 1.5749056888080494e-49 3.1545693366721275e-46 1.8610247328622786e-48 319.0753646453935 0.8 1.1087715939502689e-47 3.174047009541517e-30 1.0041766219403085e-33 56
3.298938651073936e-56 1.4047595423772578e-52 1.0835105405586094e-26 2.5753924943583036e-52 4.4217218959392643e-38 2.119869896730161e-41 1.5224891712546385e-49 3.632574906092264e-47 5.273743857480312e-19 5.832293976567433e-47 8.687942948274669e-41 1.5749056888080494e-49 3.1545693366721275e-46 1.8610247328622786e-48 1.1098607187581348e-38 4.031172341388619e-05 1.1087715939502689e-47 3.174047009541517e-30 1.0041766219403085e-33 56
3.298938651073936e-56 1.4047595423772578e-52 1.0835105405586094e-26 2.5753924943583036e-52 4.4217218959392643e-38 5.604228421403621e-19 1.0106957346381993e-10 3.632574906092264e-47 5.273743857480312e-19 5.832293976567433e-47 8.687942948274669e-41 1.5749056888080494e-49 3.1545693366721275e-46 1.8610247328622786e-48 1.1098607187581348e-38 1.3065856718916667e-49 1.1087715939502689e-47 3.174047009541517e-30 1.0041766219403085e-33 56
3.298938651073936e-56 1.4047595423772578e-52 3.7592836607806996e-34 2.5753924943583036e-52 4.4217218959392643e-38 5.604228421403621e-19 1.0106957346381993e-10 3.632574906092264e-47 1.953892887880543e-35 5.832293976567433e-47 4.77501556943842e-15 3.081932072052393e-06 1.7797395584269473e-09 0.007639702013588149 0.17225898858153213 1.1087715939502689e-47 3.174047009541517e-30 1.6123720613563395e-25 55
3.298938651073936e-56 1.4047595423772578e-52 1.0835105405586094e-26 2.4163230719855513e-08 1.9959006308116528e-22 2.119869896730161e-41 1.5224891712546385e-49 3.632574906092264e-47 1.953892887880543e-35 5.832293976567433e-47 8.687942948274669e-41 1.5749056888080494e-49 3.1545693366721275e-46 1.8610247328622786e-48 1.1098607187581348e-38 1.3065856718916667e-49 1.1087715939502689e-47 0.96 1.0041766219403085e-33 56
3.298938651073936e-56 1.4047595423772578e-52 1.0835105405586094e-26 2.5753924943583036e-52 1.0041766219403085e-33 56
3.298938651073936e-56 1.4047595423772578e-52 1.0835105405586094e-26 2.5753924943583036e-52 4.4217218959392643e-38 5.604228421403621e-19 1.0106957346381993e-10 2.3098406591742691e-07 5.273743857480312e-19 5.832293976567433e-47 8.687942948274669e-41 1.5749056888080494e-49 3.1545693366721275e-46 1.8610247328622786e-48 1.1098607187581348e-38 1.3065856718916667e-49 1.1087715939502689e-47 3.174047009541517e-30 1.6123720613563395e-25 56
3.298938651073936e-56 1.4047595423772578e-52 1.0835105405586094e-26 2.5753924943583036e-52 1.9959006308116528e-22 2.119869896730161e-41 1.5224891712546385e-49 3.632574906092264e-47 1.953892887880543e-35 5.832293976567433e-47 8.687942948274669e-41 1.5749056888080494e-49 3.1545693366721275e-46 1.8610247328622786e-48 1.2932644497875273e-11 1.3065856718916667e-49 1.1087715939502689e-47 1.6123720613563395e-25 56
3.298938651073936e-56 1.4047595423772578e-52 1.0835105405586094e-26 2.5753924943583036e-52 4.4217218959392643e-38 5.604228421403621e-19 1.5224891712546385e-49 3.632574906092264e-47 1.953892887880543e-35 5.832293976567433e-47 8.687942948274669e-41 1.5749056888080494e-49 3.1545693366721275e-46 1.8610247328622786e-48 1.1098607187581348e-38 1.3065856718916667e-49 1.1087715939502689e-47 1.0041766219403085e-33 56
3.298938651073936e-56 1.4047595423772578e-52 1.0835105405586094e-26 2.5753924943583036e-52 4.4217218959392643e-38 5.604228421403621e-19 1.0106957346381993e-10 2.3098406591742691e-07 5.273743857480312e-19 5.832293976567433e-47 4.77501556943842e-15 1.5749056888080494e-49 1.7797395584269473e-09 1.8610247328622786e-48 319.0753646453935 1.3065856718916667e-49 0.9 1.6123720613563395e-25 56
3.298938651073936e-56 1.4047595423772578e-52 3.7592836607806996e-34 2.5753924943583036e-52 4.4217218959392643e-38 2.119869896730161e-41 1.5224891712546385e-49 3.632574906092264e-47 5.273743857480312e-19 5.832293976567433e-47 8.687942948274669e-41 1.5749056888080494e-49 3.1545693366721275e-46 1.8610247328622786e-48 1.2932644497875273e-11 1.3065856718916667e-49 1.1087715939502689e-47 1.6123720613563395e-25 56
3.298938651073936e-56 1.4047595423772578e-52 3.7592836607806996e-34 2.5753924943583036e-52 1.9959006308116528e-22 2.119869896730161e-41 1.5224891712546385e-49 3.632574906092264e-47 1.953892887880543e-35 5.998623607225113e-09 8.687942948274669e-41 1.5749056888080494e-49 3.1545693366721275e-46 1.8610247328622786e-48 1.1098607187581348e-38 1.3065856718916667e-49 1.6123720613563395e-25 56
3.298938651073936e-56 1.4047595423772578e-52 1.0835105405586094e-26 2.4163230719855513e-08 1.9959006308116528e-22 2.119869896730161e-41 1.5224891712546385e-49 2.3098406591742691e-07 5.273743857480312e-19 5.832293976567433e-47 8.687942948274669e-41 1.5749056888080494e-49 3.1545693366721275e-46 1.8610247328622786e-48 1.1098607187581348e-38 1.3065856718916667e-49 1.1087715939502689e-47 3.174047009541517e-30 1.0041766219403085e-33 56
3.298938651073936e-56 1.4047595423772578e-52 1.0835105405586094e-26 2.5753924943583036e-52 4.4217218959392643e-38 2.119869896730161e-41 1.5224891712546385e-49 3.632574906092264e-47 1.953892887880543e-35 5.832293976567433e-47 8.687942948274669e-41 1.5749056888080494e-49 3.1545693366721275e-46 1.8610247328622786e-48 1.3065856718916667e-49 1.1087715939502689e-47 1.6123720613563395e-25 56
3.298938651073936e-56 1.4047595423772578e-52 1.0835105405586094e-26 2.4163230719855513e-08 1.9959006308116528e-22 2.119869896730161e-41 1.5224891712546385e-49 2.3098406591742691e-07 5.273743857480312e-19 5.832293976567433e-47 8.687942948274669e-41 1.5749056888080494e-49 3.1545693366721275e-46 1.8610247328622786e-48 1.1098607187581348e-38 1.3065856718916667e-49 1.1087715939502689e-47 3.174047009541517e-30 1.0041766219403085e-33 56
3.298938651073936e-56 1.4047595423772578e-52 1.0835105405586094e-26 2.5753924943583036e-52 4.4217218959392643e-38 5.604228421403621e-19 1.5224891712546385e-49 5.998623607225113e-09 8.687942948274669e-41 3.081932072052393e-06 3.1545693366721275e-46 0.007639702013588149 1.1098607187581348e-38 1.3065856718916667e-49 1.1087715939502689e-47 3.174047009541517e-30 1.6123720613563395e-25 55
3.298938651073936e-56 1.6914261503898857e-08 3.7592836607806996e-34 2.5753924943583036e-52 4.4217218959392643e-38 5.604228421403621e-19 1.5224891712546385e-49 3.632574906092264e-47 5.273743857480312e-19 5.832293976567433e-47 8.687942948274669e-41 1.5749056888080494e-49 3.1545693366721275e-46 1.8610247328622786e-48 319.0753646453935 0.17225898858153213 1.1087715939502689e-47 3.174047009541517e-30 1.0041766219403085e-33 56
3.298938651073936e-56 1.4047595423772578e-52 3.7592836607806996e-34 2.5753924943583036e-52 4.4217218959392643e-38 2.119869896730161e-41 1.5224891712546385e-49 3.632574906092264e-47 5.273743857480312e-19 5.832293976567433e-47 8.687942948274669e-41 1.5749056888080494e-49 3.1545693366721275e-46 1.8610247328622786e-48 1.2932644497875273e-11 1.3065856718916667e-49 1.1087715939502689e-47 1.6123720613563395e-25 56
3.298938651073936e-56 1.4047595423772578e-52 1.0835105405586094e-26 2.5753924943583036e-52 4.4217218959392643e-38 5.604228421403621e-19 1.5224891712546385e-49 2.3098406591742691e-07 5.273743857480312e-19 5.832293976567433e-47 4.77501556943842e-15 1.5749056888080494e-49 3.1545693366721275e-46 0.0019472040877908426 1.1098607187581348e-38 1.3065856718916667e-49 1.1087715939502689e-47 1.6123720613563395e-25 56
3.298938651073936e-56 1.4047595423772578e-52 3.7592836607806996e-34 2.5753924943583036e-52 1.9959006308116528e-22 2.119869896730161e-41 1.5224891712546385e-49 3.632574906092264e-47 1.953892887880543e-35 5.832293976567433e-47 8.687942948274669e-41 1.5749056888080494e-49 3.1545693366721275e-46 1.8610247328622786e-48 1.3065856718916667e-49 1.1087715939502689e-47 1.0041766219403085e-33 56
3.298938651073936e-56 1.4047595423772578e-52 3.7592836607806996e-34 2.5753924943583036e-52 1.9959006308116528e-22 2.119869896730161e-41 1.5224891712546385e-49 3.632574906092264e-47 1.953892887880543e-35 5.832293976567433e-47 8.687942948274669e-41 1.5749056888080494e-49 3.1545693366721275e-46 1.8610247328622786e-48 1.1098607187581348e-38 1.3065856718916667e-49 1.1087715939502689e-47 3.174047009541517e-30 1.0041766219403085e-33 56
3.298938651073936e-56 1.4047595423772578e-52 3.7592836607806996e-34 2.5753924943583036e-52 1.9959006308116528e-22 2.119869896730161e-41 1.5224891712546385e-49 3.632574906092264e-47 1.953892887880543e-35 5.832293976567433e-47 8.687942948274669e-41 1.5749056888080494e-49 3.1545693366721275e-46 1.8610247328622786e-48 1.1098607187581348e-38 1.3065856718916667e-49 1.1087715939502689e-47 1.0041766219403085e-33 56
3.298938651073936e-56 1.4047595423772578e-52 1.0835105405586094e-26 2.5753924943583036e-52 4.4217218959392643e-38 2.119869896730161e-41 1.5224891712546385e-49 3.632574906092264e-47 1.953892887880543e-35 5.832293976567433e-47 8.687942948274669e-41 1.5749056888080494e-49 3.1545693366721275e-46 1.8610247328622786e-48 1.3065856718916667e-49 1.1087715939502689e-47 1.6123720613563395e-25 56
3.298938651073936e-56 1.4047595423772578e-52 1.0835105405586094e-26 2.5753924943583036e-52 4.4217218959392643e-38 5.604228421403621e-19 1.5224891712546385e-49 2.3098406591742691e-07 5.273743857480312e-19 5.832293976567433e-47 4.77501556943842e-15 1.5749056888080494e-49 3.1545693366721275e-46 0.0019472040877908426 1.1098607187581348e-38 1.3065856718916667e-49 1.1087715939502689e-47 1.6123720613563395e-25 56
3.298938651073936e-56 1.4047595423772578e-52 1.0835105405586094e-26 2.5753924943583036e-52 4.4217218959392643e-38 5.604228421403621e-19 1.5224891712546385e-49 3.632574906092264e-47 5.273743857480312e-19 5.832293976567433e-47 4.77501556943842e-15 3.081932072052393e-06 1.7797395584269473e-09 0.007639702013588149 0.7000000000000001 4.031172341388619e-05 0.9 0.014798082438533188 1.6123720613563395e-25 55
3.298938651073936e-56 1.4047595423772578e-52 1.0835105405586094e-26 2.4163230719855513e-08 1.9959006308116528e-22 2.119869896730161e-41 1.5224891712546385e-49 2.3098406591742691e-07 5.273743857480312e-19 5.832293976567433e-47 8.687942948274669e-41 1.5749056888080494e-49 3.1545693366721275e-46 1.8610247328622786e-48 1.1098607187581348e-38 1.3065856718916667e-49 1.1087715939502689e-47 3.174047009541517e-30 1.0041766219403085e-33 56
3.298938651073936e-56 1.6914261503898857e-08 3.7592836607806996e-34 2.4163230719855513e-08 4.4217218959392643e-38 2.119869896730161e-41 1.5224891712546385e-49 3.632574906092264e-47 1.953892887880543e-35 5.832293976567433e-47 8.687942948274669e-41 1.5749056888080494e-49 3.1545693366721275e-46 1.8610247328622786e-48 1.1098607187581348e-38 1.3065856718916667e-49 1.1087715939502689e-47 3.174047009541517e-30 1.0041766219403085e-33 56
3.298938651073936e-56 1.4047595423772578e-52 3.7592836607806996e-34 2.4163230719855513e-08 1.9959006308116528e-22 2.119869896730161e-41 1.5224891712546385e-49 3.632574906092264e-47 1.953892887880543e-35 5.832293976567433e-47 8.687942948274669e-41 1.5749056888080494e-49 3.1545693366721275e-46 1.8610247328622786e-48 1.1098607187581348e-38 1.3065856718916667e-49 1.1087715939502689e-47 3.174047009541517e-30 1.6123720613563395e-25 56
3.298938651073936e-56 1.4047595423772578e-52 3.7592836607806996e-34 2.5753924943583036e-52 4.4217218959392643e-38 2.119869896730161e-41 1.5224891712546385e-49 3.632574906092264e-47 5.273743857480312e-19 5.998623607225113e-09 4.77501556943842e-15 1.5749056888080494e-49 1.7797395584269473e-09 0.007639702013588149 1.1098607187581348e-38 1.3065856718916667e-49 1.1087715939502689e-47 1.6123720613563395e-25 55
3.298938651073936e-56 1.4047595423772578e-52 3.7592836607806996e-34 2.5753924943583036e-52 4.4217218959392643e-38 5.604228421403621e-19 1.5224891712546385e-49 3.632574906092264e-47 5.273743857480312e-19 5.832293976567433e-47 8.687942948274669e-41 3.081932072052393e-06 1.7797395584269473e-09 1.8610247328622786e-48 1.1098607187581348e-38 1.3065856718916667e-49 0.013288074026437965 3.174047009541517e-30 1.6123720613563395e-25 55
3.298938651073936e-56 1.4047595423772578e-52 3.7592836607806996e-34 2.5753924943583036e-52 1.9959006308116528e-22 2.119869896730161e-41 1.5224891712546385e-49 3.632574906092264e-47 1.953892887880543e-35 5.832293976567433e-47 8.687942948274669e-41 1.5749056888080494e-49 3.1545693366721275e-46 1.8610247328622786e-48 1.1098607187581348e-38 1.3065856718916667e-49 1.1087715939502689e-47 1.0041766219403085e-33 56
3.298938651073936e-56 1.6914261503898857e-08 3.7592836607806996e-34 2.5753924943583036e-52 4.4217218959392643e-38 5.604228421403621e-19 1.0106957346381993e-10 2.3098406591742691e-07 5.273743857480312e-19 5.832293976567433e-47 4.77501556943842e-15 1.5749056888080494e-49 3.1545693366721275e-46 1.8610247328622786e-48 1.1098607187581348e-38 1.3065856718916667e-49 1.1087715939502689e-47 3.174047009541517e-30 1.6123720613563395e-25 56
3.298938651073936e-56 1.4047595423772578e-52 1.0835105405586094e-26 2.5753924943583036e-52 4.4217218959392643e-38 5.604228421403621e-19 1.5224891712546385e-49 2.3098406591742691e-07 5.273743857480312e-19 5.832293976567433e-47 4.77501556943842e-15 1.5749056888080494e-49 3.1545693366721275e-46 2.84841034786068e-05 1.2932644497875273e-11 4.031172341388619e-05 1.0041766219403085e-33 55
0.0016909129806271165 1.4047595423772578e-52 1.0835105405586094e-26 2.5753924943583036e-52 4.4217218959392643e-38 5.604228421403621e-19 1.5224891712546385e-49 2.3098406591742691e-07 5.273743857480312e-19 5.832293976567433e-47 4.77501556943842e-15 1.5749056888080494e-49 3.1545693366721275e-46 1.8610247328622786e-48 1.1098607187581348e-38 1.3065856718916667e-49 1.1087715939502689e-47 1.6123720613563395e-25 56
3.298938651073936e-56 1.4047595423772578e-52 1.0835105405586094e-26 2.5753924943583036e-52 4.4217218959392643e-38 5.604228421403621e-19 1.5224891712546385e-49 3.632574906092264e-47 5.273743857480312e-19 5.832293976567433e-47 4.77501556943842e-15 3.081932072052393e-06 1.7797395584269473e-09 0.007639702013588149 0.7000000000000001 4.031172341388619e-05 0.9 0.014798082438533188 1.6123720613563395e-25 55
3.298938651073936e-56 1.4047595423772578e-52 3.7592836607806996e-34 2.5753924943583036e-52 1.9959006308116528e-22 2.119869896730161e-41 1.5224891712546385e-49 2.3098406591742691e-07 5.273743857480312e-19 5.832293976567433e-47 4.77501556943842e-15 1.5749056888080494e-49 3.1545693366721275e-46 1.8610247328622786e-48 1.3065856718916667e-49 1.1087715939502689e-47 1.6123720613563395e-25 56
0.0016909129806271165 1.4047595423772578e-52 1.0835105405586094e-26 2.5753924943583036e-52 4.4217218959392643e-38 5.604228421403621e-19 1.5224891712546385e-49 2.3098406591742691e-07 5.273743857480312e-19 5.832293976567433e-47 4.77501556943842e-15 1.5749056888080494e-49 3.1545693366721275e-46 1.8610247328622786e-48 1.1098607187581348e-38 1.3065856718916667e-49 1.1087715939502689e-47 1.6123720613563395e-25 56
3.298938651073936e-56 1.4047595423772578e-52 3.7592836607806996e-34 2.5753924943583036e-52 4.4217218959392643e-38 5.604228421403621e-19 1.0106957346381993e-10 3.632574906092264e-47 1.953892887880543e-35 5.832293976567433e-47 8.687942948274669e-41 1.5749056888080494e-49 3.1545693366721275e-46 1.8610247328622786e-48 1.3065856718916667e-49 1.1087715939502689e-47 1.0041766219403085e-33 56
3.298938651073936e-56 1.4047595423772578e-52 3.7592836607806996e-34 2.5753924943583036e-52 4.4217218959392643e-38 5.604228421403621e-19 1.0106957346381993e-10 3.632574906092264e-47 1.953892887880543e-35 5.832293976567433e-47 4.77501556943842e-15 3.081932072052393e-06 1.7797395584269473e-09 0.007639702013588149 0.17225898858153213 1.1087715939502689e-47 3.174047009541517e-30 1.6123720613563395e-25 55
3.298938651073936e-56 1.4047595423772578e-52 3.7592836607806996e-34 2.5753924943583036e-52 1.9959006308116528e-22 2.119869896730161e-41 1.5224891712546385e-49 3.632574906092264e-47 1.953892887880543e-35 5.832293976567433e-47 8.687942948274669e-41 1.5749056888080494e-49 3.1545693366721275e-46 1.8610247328622786e-48 1.1098607187581348e-38 1.3065856718916667e-49 1.1087715939502689e-47 1.0041766219403085e-33 56
3.298938651073936e-56 1.4047595423772578e-52 1.0835105405586094e-26 2.5753924943583036e-52 4.4217218959392643e-38 5.604228421403621e-19 1.5224891712546385e-49 3.632574906092264e-47 1.953892887880543e-35 5.998623607225113e-09 4.77501556943842e-15 1.5749056888080494e-49 3.1545693366721275e-46 1.8610247328622786e-48 1.1098607187581348e-38 1.3065856718916667e-49 1.1087715939502689e-47 1.02 1.6123720613563395e-25 55
3.298938651073936e-56 1.4047595423772578e-52 3.7592836607806996e-34 2.5753924943583036e-52 1.9959006308116528e-22 2.119869896730161e-41 1.5224891712546385e-49 3.632574906092264e-47 1.953892887880543e-35 5.832293976567433e-47 8.687942948274669e-41 1.5749056888080494e-49 3.1545693366721275e-46 1.8610247328622786e-48 1.1098607187581348e-38 1.3065856718916667e-49 1.1087715939502689e-47 1.0041766219403085e-33 56
3.298938651073936e-56 1.4047595423772578e-52 3.7592836607806996e-34 2.4163230719855513e-08 4.4217218959392643e-38 2.119869896730161e-41 1.5224891712546385e-49 3.632574906092264e-47 5.273743857480312e-19 5.832293976567433e-47 8.687942948274669e-41 1.5749056888080494e-49 3.1545693366721275e-46 1.8610247328622786e-48 1.1098607187581348e-38 1.3065856718916667e-49 1.1087715939502689e-47 3.174047009541517e-30 1.0041766219403085e-33 56
3.298938651073936e-56 1.4047595423772578e-52 3.7592836607806996e-34 2.5753924943583036e-52 1.9959006308116528e-22 2.119869896730161e-41 1.5224891712546385e-49 3.632574906092264e-47 1.953892887880543e-35 5.998623607225113e-09 8.687942948274669e-41 1.5749056888080494e-49 3.1545693366721275e-46 1.8610247328622786e-48 1.1098607187581348e-38 1.3065856718916667e-49 1.6123720613563395e-25 56
0.0016909129806271165 1.4047595423772578e-52 3.7592836607806996e-34 2.5753924943583036e-52 4.4217218959392643e-38 5.604228421403621e-19 1.5224891712546385e-49 3.632574906092264e-47 5.273743857480312e-19 5.998623607225113e-09 4.77501556943842e-15 3.081932072052393e-06 3.1545693366721275e-46 1.8610247328622786e-48 319.0753646453935 1.3065856718916667e-49 1.1087715939502689e-47 3.174047009541517e-30 1.6123720613563395e-25 56
3.298938651073936e-56 1.4047595423772578e-52 1.0835105405586094e-26 2.4163230719855513e-08 1.9959006308116528e-22 2.119869896730161e-41 1.5224891712546385e-49 3.632574906092264e-47 1.953892887880543e-35 5.832293976567433e-47 8.687942948274669e-41 1.5749056888080494e-49 3.1545693366721275e-46 1.8610247328622786e-48 1.1098607187581348e-38 1.3065856718916667e-49 1.1087715939502689e-47 0.96 1.0041766219403085e-33 56
3.298938651073936e-56 1.4047595423772578e-52 3.7592836607806996e-34 2.5753924943583036e-52 4.4217218959392643e-38 5.604228421403621e-19 1.0106957346381993e-10 5.832293976567433e-47 4.77501556943842e-15 3.081932072052393e-06 3.1545693366721275e-46 1.8610247328622786e-48 1.3065856718916667e-49 1.1087715939502689e-47 1.6123720613563395e-25 56
3.298938651073936e-56 1.6914261503898857e-08 1.0835105405586094e-26 2.5753924943583036e-52 1.9959006308116528e-22 2.119869896730161e-41 1.5224891712546385e-49 2.3098406591742691e-07 1.953892887880543e-35 5.832293976567433e-47 8.687942948274669e-41 1.5749056888080494e-49 3.1545693366721275e-46 1.8610247328622786e-48 1.1098607187581348e-38 1.3065856718916667e-49 1.1087715939502689e-47 1.0041766219403085e-33 56
3.298938651073936e-56 1.4047595423772578e-52 3.7592836607806996e-34 2.5753924943583036e-52 1.9959006308116528e-22 2.119869896730161e-41 1.5224891712546385e-49 3.632574906092264e-47 1.953892887880543e-35 5.832293976567433e-47 8.687942948274669e-41 1.5749056888080494e-49 3.1545693366721275e-46 1.8610247328622786e-48 1.3065856718916667e-49 1.1087715939502689e-47 1.0041766219403085e-33 56
3.298938651073936e-56 1.4047595423772578e-52 3.7592836607806996e-34 2.5753924943583036e-52 1.9959006308116528e-22 2.119869896730161e-41 1.5224891712546385e-49 3.632574906092264e-47 1.953892887880543e-35 5.832293976567433e-47 8.687942948274669e-41 1.5749056888080494e-49 3.1545693366721275e-46 1.8610247328622786e-48 1.1098607187581348e-38 1.3065856718916667e-49 1.1087715939502689e-47 3.174047009541517e-30 1.0041766219403085e-33 56
0.0016909129806271165 1.4047595423772578e-52 3.7592836607806996e-34 2.5753924943583036e-52 4.4217218959392643e-38 2.119869896730161e-41 1.5224891712546385e-49 3.632574906092264e-47 1.953892887880543e-35 5.832293976567433e-47 8.687942948274669e-41 1.5749056888080494e-49 3.1545693366721275e-46 1.8610247328622786e-48 1.1098607187581348e-38 1.3065856718916667e-49 1.1087715939502689e-47 1.0041766219403085e-33 56
3.298938651073936e-56 1.4047595423772578e-52 3.7592836607806996e-34 2.5753924943583036e-52 4.4217218959392643e-38 5.604228421403621e-19 1.5224891712546385e-49 3.632574906092264e-47 5.273743857480312e-19 5.832293976567433e-47 4.77501556943842e-15 3.081932072052393e-06 1.7797395584269473e-09 1.8610247328622786e-48 319.0753646453935 1.3065856718916667e-49 0.9 0.014798082438533188 1.6123720613563395e-25 55
0.04 1.4047595423772578e-52 1.0835105405586094e-26 2.5753924943583036e-52 4.4217218959392643e-38 5.604228421403621e-19 1.0106957346381993e-10 2.3098406591742691e-07 5.273743857480312e-19 5.832293976567433e-47 4.77501556943842e-15 1.5749056888080494e-49 3.1545693366721275e-46 0.0019472040877908426 1.1098607187581348e-38 0.8 1.1087715939502689e-47 1.6123720613563395e-25 55
3.298938651073936e-56 1.4047595423772578e-52 3.7592836607806996e-34 2.5753924943583036e-52 4.4217218959392643e-38 2.119869896730161e-41 1.5224891712546385e-49 3.632574906092264e-47 1.953892887880543e-35 5.832293976567433e-47 4.77501556943842e-15 1.5749056888080494e-49 3.1545693366721275e-46 1.8610247328622786e-48 1.1098607187581348e-38 1.3065856718916667e-49 1.1087715939502689e-47 1.0041766219403085e-33 55
3.298938651073936e-56 1.4047595423772578e-52 1.0835105405586094e-26 2.5753924943583036e-52 4.4217218959392643e-38 2.119869896730161e-41 1.0106957346381993e-10 3.632574906092264e-47 1.953892887880543e-35 5.998623607225113e-09 4.77501556943842e-15 1.5749056888080494e-49 3.1545693366721275e-46 1.0041766219403085e-33 55
3.298938651073936e-56 1.4047595423772578e-52 3.7592836607806996e-34 2.4163230719855513e-08 4.4217218959392643e-38 2.119869896730161e-41 1.5224891712546385e-49 3.632574906092264e-47 5.273743857480312e-19 5.832293976567433e-47 4.77501556943842e-15 1.5749056888080494e-49 3.1545693366721275e-46 1.8610247328622786e-48 1.1098607187581348e-38 0.17225898858153213 1.1087715939502689e-47 3.174047009541517e-30 1.0041766219403085e-33 56
0.00030425063871731916 1.4047595423772578e-52 3.7592836607806996e-34 2.4163230719855513e-08 4.4217218959392643e-38 2.119869896730161e-41 1.5224891712546385e-49 3.632574906092264e-47 5.273743857480312e-19 5.832293976567433e-47 8.687942948274669e-41 1.5749056888080494e-49 3.1545693366721275e-46 1.8610247328622786e-48 1.1098607187581348e-38 1.3065856718916667e-49 1.1087715939502689e-47 3.174047009541517e-30 1.6123720613563395e-25 56
3.298938651073936e-56 1.4047595423772578e-52 1.0835105405586094e-26 2.5753924943583036e-52 4.4217218959392643e-38 2.119869896730161e-41 1.5224891712546385e-49 3.632574906092264e-47 1.953892887880543e-35 5.832293976567433e-47 8.687942948274669e-41 1.5749056888080494e-49 3.1545693366721275e-46 1.8610247328622786e-48 1.3065856718916667e-49 1.1087715939502689e-47 1.6123720613563395e-25 56
3.298938651073936e-56 1.4047595423772578e-52 1.0835105405586094e-26 2.5753924943583036e-52 1.9959006308116528e-22 2.119869896730161e-41 1.5224891712546385e-49 2.3098406591742691e-07 5.273743857480312e-19 5.998623607225113e-09 8.687942948274669e-41 1.5749056888080494e-49 3.1545693366721275e-46 1.8610247328622786e-48 319.0753646453935 1.3065856718916667e-49 1.1087715939502689e-47 3.174047009541517e-30 1.0041766219403085e-33 56
3.298938651073936e-56 1.4047595423772578e-52 1.0835105405586094e-26 2.5753924943583036e-52 4.4217218959392643e-38 5.604228421403621e-19 1.0106957346381993e-10 3.632574906092264e-47 5.273743857480312e-19 5.832293976567433e-47 8.687942948274669e-41 1.5749056888080494e-49 3.1545693366721275e-46 1.8610247328622786e-48 1.3065856718916667e-49 1.1087715939502689e-47 3.174047009541517e-30 1.0041766219403085e-33 56
3.298938651073936e-56 1.4047595423772578e-52 3.7592836607806996e-34 2.5753924943583036e-52 1.9959006308116528e-22 2.119869896730161e-41 1.5224891712546385e-49 3.632574906092264e-47 1.953892887880543e-35 5.998623607225113e-09 8.687942948274669e-41 1.5749056888080494e-49 3.1545693366721275e-46 1.8610247328622786e-48 1.1098607187581348e-38 1.3065856718916667e-49 1.6123720613563395e-25 56
