5.948387867159228e+45 6.952981729627227e+71 1.1113908125960373e+65 2.830802147249802e+21 3309298.9143409026 133.3133683760009 11519183269841.406 1.3118379227580738e+26 2.645666668082073e+18 2.3661137259993287e+48 175899.52346804694 0.0017187488312504966 7820991946778880.0 4.187073756563317e+16 7.253943910362808e+20 1191892510119.8037 3.608614979413195e-228 7.045807825807333e+51 4.2960586984640223e+46 84
1.6791531120422463e+22 6.952981729627227e+71 1.1113908125960373e+65 6576734.869710145 5.488219740790873e+34 2.7855813645827007e+48 2.2013792146757933e+23 1.362979527086635e+18 1.3886927638385802e-226 638367747.1291696 5.528906684189765e+27 1147920732363.196 2247.055997892106 7.045807825807333e+51 4.2960586984640223e+46 36681.45792850845 0.036847338427982844 84
5.948387867159228e+45 6.952981729627227e+71 1.1113908125960373e+65 2.830802147249802e+21 3309298.9143409026 2.7855813645827007e+48 0.02502443479224431 1.3118379227580738e+26 2.645666668082073e+18 2.3661137259993287e+48 638367747.1291696 5.528906684189765e+27 5930831.694455025 4.187073756563317e+16 2247.055997892106 2097734539500094.2 12850.139707032275 7.045807825807333e+51 4.2960586984640223e+46 84
5.948387867159228e+45 6.952981729627227e+71 1.1113908125960373e+65 6576734.869710145 5.488219740790873e+34 11519183269841.406 1.3118379227580738e+26 1.3886927638385802e-226 359081735672.35724 638367747.1291696 5.528906684189765e+27 5930831.694455025 4.187073756563317e+16 2247.055997892106 2097734539500094.2 12850.139707032275 7.045807825807333e+51 4.2960586984640223e+46 84
5.948387867159228e+45 6.952981729627227e+71 1.1113908125960373e+65 2.830802147249802e+21 5605169858.199595 2.7855813645827007e+48 11519183269841.406 1.362979527086635e+18 93802431558214.84 2.3661137259993287e+48 147.38957657188692 326915294237214.0 7820991946778880.0 4.187073756563317e+16 7.541845743833129 1455478.9583172263 0.0011186480473198586 2.0823291250570638e+21 7.045807825807333e+51 4.2960586984640223e+46 4050793.2992764763 9.574082396143739e+19 84
5.948387867159228e+45 6.952981729627227e+71 1.1113908125960373e+65 32402.543796745496 3309298.9143409026 2.7855813645827007e+48 2.2013792146757933e+23 1.362979527086635e+18 2.645666668082073e+18 2.3661137259993287e+48 638367747.1291696 5.528906684189765e+27 5930831.694455025 5050.341414914886 7.045807825807333e+51 548.066069990226 84
1.6791531120422463e+22 6.952981729627227e+71 1.1113908125960373e+65 32402.543796745496 5605169858.199595 2.7855813645827007e+48 2.2013792146757933e+23 1.3118379227580738e+26 10.121959641466207 2.3661137259993287e+48 175899.52346804694 154.57931201441798 1147920732363.196 4.187073756563317e+16 7.253943910362808e+20 1191892510119.8037 946.0436352548908 7.045807825807333e+51 4.2960586984640223e+46 84
5.948387867159228e+45 6.952981729627227e+71 1.1113908125960373e+65 5.488219740790873e+34 2.7855813645827007e+48 2.2013792146757933e+23 1.3118379227580738e+26 93802431558214.84 2.3661137259993287e+48 638367747.1291696 5.528906684189765e+27 5930831.694455025 1.9932380153852344e+16 7.253943910362808e+20 5050.341414914886 12850.139707032275 8.448061818344714e-81 548.066069990226 6023498891.691089 9.574082396143739e+19 84
1.6791531120422463e+22 6.952981729627227e+71 1.1113908125960373e+65 6576734.869710145 5.488219740790873e+34 2.7855813645827007e+48 2.2013792146757933e+23 1.362979527086635e+18 2.645666668082073e+18 359081735672.35724 2051700.5022309425 5.528906684189765e+27 1147920732363.196 4.187073756563317e+16 7.253943910362808e+20 1455478.9583172263 1191892510119.8037 2.0823291250570638e+21 7.045807825807333e+51 4.2960586984640223e+46 36681.45792850845 9.574082396143739e+19 84
5.948387867159228e+45 0.0008619255209212458 13480.74937129058 6576734.869710145 5.488219740790873e+34 2.7855813645827007e+48 0.02502443479224431 1.3118379227580738e+26 0.003119346800117403 359081735672.35724 2051700.5022309425 326915294237214.0 15.815561939790948 1.9932380153852344e+16 2247.055997892106 1455478.9583172263 5050.341414914886 7.045807825807333e+51 4.2960586984640223e+46 36681.45792850845 4.696927433521936e-228 84
1.6791531120422463e+22 6.952981729627227e+71 1.1113908125960373e+65 6576734.869710145 3309298.9143409026 0.19 2.2013792146757933e+23 1.3118379227580738e+26 2.645666668082073e+18 2.3661137259993287e+48 2051700.5022309425 5.528906684189765e+27 5930831.694455025 3.608614979413195e-228 761034.0897046897 548.066069990226 85
1.6791531120422463e+22 6.952981729627227e+71 1.1113908125960373e+65 2.830802147249802e+21 5.488219740790873e+34 2.7855813645827007e+48 2.2013792146757933e+23 1.3118379227580738e+26 93802431558214.84 359081735672.35724 638367747.1291696 5.528906684189765e+27 5930831.694455025 0.05526229349953952 7.541845743833129 2097734539500094.2 12850.139707032275 7.045807825807333e+51 4.2960586984640223e+46 6023498891.691089 9.574082396143739e+19 85
5.948387867159228e+45 6.952981729627227e+71 1.1113908125960373e+65 5.488219740790873e+34 2.7855813645827007e+48 0.02502443479224431 1.362979527086635e+18 10.121959641466207 359081735672.35724 17891779275.291233 326915294237214.0 7.253943910362808e+20 2097734539500094.2 2.0823291250570638e+21 84
1.6791531120422463e+22 6.952981729627227e+71 1.1113908125960373e+65 32402.543796745496 3309298.9143409026 2.7855813645827007e+48 2.2013792146757933e+23 1.3118379227580738e+26 93802431558214.84 2.3661137259993287e+48 638367747.1291696 0.0017187488312504966 1147920732363.196 4.187073756563317e+16 7.253943910362808e+20 2.0823291250570638e+21 8.912215383166792e-07 4.2960586984640223e+46 4050793.2992764763 9.574082396143739e+19 84
5.948387867159228e+45 6.952981729627227e+71 1.1113908125960373e+65 2.830802147249802e+21 3309298.9143409026 133.3133683760009 2.2013792146757933e+23 1.3118379227580738e+26 2.645666668082073e+18 2.3661137259993287e+48 2051700.5022309425 0.0017187488312504966 7820991946778880.0 1.9932380153852344e+16 7.253943910362808e+20 2097734539500094.2 2.0823291250570638e+21 8.912215383166792e-07 4.2960586984640223e+46 85
1.6791531120422463e+22 6.952981729627227e+71 1.1113908125960373e+65 2.830802147249802e+21 3309298.9143409026 133.3133683760009 2.2013792146757933e+23 1.3118379227580738e+26 2.645666668082073e+18 154.57931201441798 5930831.694455025 1191892510119.8037 7.045807825807333e+51 548.066069990226 85
1.6791531120422463e+22 6.952981729627227e+71 1.1113908125960373e+65 2.830802147249802e+21 5.488219740790873e+34 11519183269841.406 0.26 93802431558214.84 2.3661137259993287e+48 175899.52346804694 154.57931201441798 7820991946778880.0 1.9932380153852344e+16 7.253943910362808e+20 1191892510119.8037 946.0436352548908 7.045807825807333e+51 548.066069990226 85
1.6791531120422463e+22 6.952981729627227e+71 1.1113908125960373e+65 2.830802147249802e+21 5605169858.199595 2.7855813645827007e+48 2.2013792146757933e+23 1.362979527086635e+18 10.121959641466207 2.3661137259993287e+48 175899.52346804694 326915294237214.0 5930831.694455025 4.187073756563317e+16 1455478.9583172263 3.608614979413195e-228 7.045807825807333e+51 4.2960586984640223e+46 4050793.2992764763 85
5.948387867159228e+45 6.952981729627227e+71 1.1113908125960373e+65 32402.543796745496 5.488219740790873e+34 2.7855813645827007e+48 2.2013792146757933e+23 1.3118379227580738e+26 10.121959641466207 2.3661137259993287e+48 17891779275.291233 5.528906684189765e+27 1147920732363.196 4.187073756563317e+16 7.541845743833129 1455478.9583172263 2097734539500094.2 7.045807825807333e+51 4.2960586984640223e+46 84
1.6791531120422463e+22 6.952981729627227e+71 1.1113908125960373e+65 2.830802147249802e+21 3309298.9143409026 133.3133683760009 2.2013792146757933e+23 1.3118379227580738e+26 2.645666668082073e+18 154.57931201441798 5930831.694455025 1191892510119.8037 7.045807825807333e+51 548.066069990226 85
5.948387867159228e+45 6.952981729627227e+71 13480.74937129058 6576734.869710145 5.488219740790873e+34 2.7855813645827007e+48 14.33691089183985 1.362979527086635e+18 2.645666668082073e+18 2.3661137259993287e+48 5.528906684189765e+27 7820991946778880.0 1.9932380153852344e+16 2247.055997892106 7.045807825807333e+51 4.2960586984640223e+46 84
5.948387867159228e+45 6.952981729627227e+71 1.1113908125960373e+65 6576734.869710145 5.488219740790873e+34 2.7855813645827007e+48 2.2013792146757933e+23 1.3118379227580738e+26 10.121959641466207 359081735672.35724 638367747.1291696 5.528906684189765e+27 5930831.694455025 1.9932380153852344e+16 2247.055997892106 1455478.9583172263 2097734539500094.2 2.0823291250570638e+21 7.045807825807333e+51 4.2960586984640223e+46 36681.45792850845 4.696927433521936e-228 84
5.948387867159228e+45 6.952981729627227e+71 1.1113908125960373e+65 2.830802147249802e+21 5605169858.199595 2.7855813645827007e+48 11519183269841.406 1.3118379227580738e+26 0.07346818228204521 2.3661137259993287e+48 175899.52346804694 0.0017187488312504966 7820991946778880.0 1.9932380153852344e+16 7.253943910362808e+20 1191892510119.8037 7.045807825807333e+51 4.2960586984640223e+46 85
5.948387867159228e+45 6.952981729627227e+71 1.1113908125960373e+65 6576734.869710145 5.488219740790873e+34 2.7855813645827007e+48 2.2013792146757933e+23 1.362979527086635e+18 93802431558214.84 359081735672.35724 2051700.5022309425 5.528906684189765e+27 1147920732363.196 4.187073756563317e+16 2247.055997892106 1455478.9583172263 5050.341414914886 946.0436352548908 7.045807825807333e+51 4.2960586984640223e+46 36681.45792850845 84
5.948387867159228e+45 6.952981729627227e+71 1.1113908125960373e+65 2.830802147249802e+21 5.488219740790873e+34 133.3133683760009 2.2013792146757933e+23 1.362979527086635e+18 93802431558214.84 2.3661137259993287e+48 326915294237214.0 1147920732363.196 0.05526229349953952 2247.055997892106 1455478.9583172263 7.045807825807333e+51 548.066069990226 84
5.948387867159228e+45 6.952981729627227e+71 1.1113908125960373e+65 2.830802147249802e+21 5605169858.199595 2.7855813645827007e+48 11519183269841.406 1.3118379227580738e+26 0.07346818228204521 2.3661137259993287e+48 175899.52346804694 0.0017187488312504966 7820991946778880.0 1.9932380153852344e+16 7.253943910362808e+20 1191892510119.8037 7.045807825807333e+51 4.2960586984640223e+46 85
5.948387867159228e+45 6.952981729627227e+71 1.1113908125960373e+65 32402.543796745496 5.488219740790873e+34 2.7855813645827007e+48 14.33691089183985 10.121959641466207 2.3661137259993287e+48 638367747.1291696 1147920732363.196 2247.055997892106 1455478.9583172263 5050.341414914886 12850.139707032275 7.045807825807333e+51 4.2960586984640223e+46 6023498891.691089 84
5.948387867159228e+45 6.952981729627227e+71 1.1113908125960373e+65 5.488219740790873e+34 2.2013792146757933e+23 2.3661137259993287e+48 326915294237214.0 5930831.694455025 4.187073756563317e+16 7.253943910362808e+20 5050.341414914886 12850.139707032275 7.045807825807333e+51 4.2960586984640223e+46 84
5.948387867159228e+45 6.952981729627227e+71 1.1113908125960373e+65 32402.543796745496 5.488219740790873e+34 2.7855813645827007e+48 2.2013792146757933e+23 1.3118379227580738e+26 10.121959641466207 359081735672.35724 147.38957657188692 326915294237214.0 1147920732363.196 1.9932380153852344e+16 7.253943910362808e+20 761034.0897046897 0.1568173742392991 36681.45792850845 9.574082396143739e+19 85
1.6791531120422463e+22 6.952981729627227e+71 1.1113908125960373e+65 6576734.869710145 5.488219740790873e+34 2.2013792146757933e+23 1.362979527086635e+18 1.3886927638385802e-226 2.3661137259993287e+48 2051700.5022309425 5.528906684189765e+27 7820991946778880.0 1.9932380153852344e+16 7.253943910362808e+20 2097734539500094.2 946.0436352548908 7.045807825807333e+51 4.2960586984640223e+46 84
1.6791531120422463e+22 6.952981729627227e+71 1.1113908125960373e+65 32402.543796745496 5.488219740790873e+34 2.7855813645827007e+48 0.02502443479224431 1.362979527086635e+18 0.003119346800117403 359081735672.35724 2051700.5022309425 326915294237214.0 1147920732363.196 1.9932380153852344e+16 7.253943910362808e+20 2097734539500094.2 2.0823291250570638e+21 7.045807825807333e+51 4.2960586984640223e+46 6023498891.691089 9.574082396143739e+19 84
5.948387867159228e+45 6.952981729627227e+71 1.1113908125960373e+65 2.830802147249802e+21 5.488219740790873e+34 2.7855813645827007e+48 11519183269841.406 1.362979527086635e+18 0.07346818228204521 359081735672.35724 2051700.5022309425 5.528906684189765e+27 1147920732363.196 2247.055997892106 1455478.9583172263 2097734539500094.2 7.045807825807333e+51 4.2960586984640223e+46 6023498891.691089 84
5.948387867159228e+45 6.952981729627227e+71 1.1113908125960373e+65 32402.543796745496 5.488219740790873e+34 2.7855813645827007e+48 11519183269841.406 93802431558214.84 359081735672.35724 638367747.1291696 5.528906684189765e+27 5930831.694455025 2097734539500094.2 2.0823291250570638e+21 36681.45792850845 84
5.948387867159228e+45 6.952981729627227e+71 1.1113908125960373e+65 32402.543796745496 5.488219740790873e+34 2.7855813645827007e+48 11519183269841.406 93802431558214.84 359081735672.35724 638367747.1291696 5.528906684189765e+27 5930831.694455025 2097734539500094.2 2.0823291250570638e+21 36681.45792850845 84
5.948387867159228e+45 0.0008619255209212458 13480.74937129058 6576734.869710145 5.488219740790873e+34 2.7855813645827007e+48 2.2013792146757933e+23 1.3118379227580738e+26 0.07346818228204521 2.3661137259993287e+48 2051700.5022309425 5.528906684189765e+27 15.815561939790948 1.9932380153852344e+16 7.253943910362808e+20 2097734539500094.2 12850.139707032275 7.045807825807333e+51 4.2960586984640223e+46 36681.45792850845 84
5.948387867159228e+45 6.952981729627227e+71 1.1113908125960373e+65 32402.543796745496 5.488219740790873e+34 2.7855813645827007e+48 2.2013792146757933e+23 1.3118379227580738e+26 10.121959641466207 2.3661137259993287e+48 17891779275.291233 5.528906684189765e+27 1147920732363.196 4.187073756563317e+16 7.541845743833129 1455478.9583172263 2097734539500094.2 7.045807825807333e+51 4.2960586984640223e+46 84
1.6791531120422463e+22 6.952981729627227e+71 1.1113908125960373e+65 2.830802147249802e+21 5.488219740790873e+34 2.7855813645827007e+48 2.3661137259993287e+48 85
5.948387867159228e+45 0.0008619255209212458 13480.74937129058 2.830802147249802e+21 5.488219740790873e+34 2.7855813645827007e+48 0.02502443479224431 4.638029291178365e-226 0.003119346800117403 638367747.1291696 5.528906684189765e+27 1147920732363.196 1191892510119.8037 7.045807825807333e+51 4.2960586984640223e+46 36681.45792850845 9.574082396143739e+19 84
5.948387867159228e+45 6.952981729627227e+71 1.1113908125960373e+65 6576734.869710145 5.488219740790873e+34 2.7855813645827007e+48 0.02502443479224431 4.638029291178365e-226 0.003119346800117403 2.3661137259993287e+48 2051700.5022309425 326915294237214.0 7820991946778880.0 1.9932380153852344e+16 7.541845743833129 1455478.9583172263 12850.139707032275 7.045807825807333e+51 4.2960586984640223e+46 36681.45792850845 9.574082396143739e+19 84
5.948387867159228e+45 6.952981729627227e+71 1.1113908125960373e+65 32402.543796745496 5.488219740790873e+34 14.33691089183985 1.3118379227580738e+26 2.645666668082073e+18 2.3661137259993287e+48 2051700.5022309425 154.57931201441798 7820991946778880.0 1.9932380153852344e+16 7.253943910362808e+20 1191892510119.8037 761034.0897046897 548.066069990226 6023498891.691089 9.574082396143739e+19 84
1.6791531120422463e+22 6.952981729627227e+71 1.1113908125960373e+65 2.830802147249802e+21 3309298.9143409026 2.7855813645827007e+48 2.2013792146757933e+23 2.645666668082073e+18 2.3661137259993287e+48 2051700.5022309425 7.045807825807333e+51 4.2960586984640223e+46 85
1.6791531120422463e+22 6.952981729627227e+71 1.1113908125960373e+65 3309298.9143409026 2.7855813645827007e+48 11519183269841.406 1.3118379227580738e+26 2.645666668082073e+18 2.3661137259993287e+48 638367747.1291696 5.528906684189765e+27 7820991946778880.0 4.187073756563317e+16 7.253943910362808e+20 946.0436352548908 4.2960586984640223e+46 85
5.948387867159228e+45 6.952981729627227e+71 1.1113908125960373e+65 32402.543796745496 5.488219740790873e+34 2.7855813645827007e+48 2.2013792146757933e+23 1.362979527086635e+18 10.121959641466207 2.3661137259993287e+48 147.38957657188692 5.528906684189765e+27 5930831.694455025 2097734539500094.2 12850.139707032275 7.045807825807333e+51 4.2960586984640223e+46 36681.45792850845 9.574082396143739e+19 84
5.948387867159228e+45 6.952981729627227e+71 1.1113908125960373e+65 32402.543796745496 5.488219740790873e+34 2.7855813645827007e+48 2.2013792146757933e+23 0.003119346800117403 359081735672.35724 17891779275.291233 326915294237214.0 1147920732363.196 4.187073756563317e+16 2247.055997892106 1191892510119.8037 2.0823291250570638e+21 7.045807825807333e+51 4.2960586984640223e+46 36681.45792850845 9.574082396143739e+19 84
5.948387867159228e+45 6.952981729627227e+71 1.1113908125960373e+65 2.830802147249802e+21 5605169858.199595 11519183269841.406 1.3118379227580738e+26 2.645666668082073e+18 2.3661137259993287e+48 175899.52346804694 0.0017187488312504966 15.815561939790948 4.187073756563317e+16 2247.055997892106 2097734539500094.2 2.0823291250570638e+21 84
1.6791531120422463e+22 6.952981729627227e+71 1.1113908125960373e+65 32402.543796745496 5605169858.199595 2.7855813645827007e+48 2.645666668082073e+18 2.3661137259993287e+48 5.528906684189765e+27 7.045807825807333e+51 4.2960586984640223e+46 4050793.2992764763 4.696927433521936e-228 85
5.948387867159228e+45 6.952981729627227e+71 1.1113908125960373e+65 2.830802147249802e+21 5605169858.199595 2.7855813645827007e+48 11519183269841.406 1.3118379227580738e+26 2.645666668082073e+18 2.3661137259993287e+48 638367747.1291696 5.528906684189765e+27 1147920732363.196 1.9932380153852344e+16 2247.055997892106 2097734539500094.2 7.045807825807333e+51 548.066069990226 4050793.2992764763 9.574082396143739e+19 84
1.6791531120422463e+22 6.952981729627227e+71 1.1113908125960373e+65 32402.543796745496 5.488219740790873e+34 2.7855813645827007e+48 2.2013792146757933e+23 93802431558214.84 359081735672.35724 2051700.5022309425 0.0017187488312504966 7820991946778880.0 0.0005166499914790917 8.912215383166792e-07 36681.45792850845 0.036847338427982844 85
5.948387867159228e+45 0.0008619255209212458 13480.74937129058 2.830802147249802e+21 5.488219740790873e+34 2.7855813645827007e+48 11519183269841.406 1.362979527086635e+18 0.07346818228204521 2.3661137259993287e+48 2051700.5022309425 5.528906684189765e+27 15.815561939790948 7.045807825807333e+51 4.2960586984640223e+46 4050793.2992764763 84
5.948387867159228e+45 6.952981729627227e+71 13480.74937129058 2.830802147249802e+21 5.488219740790873e+34 2.7855813645827007e+48 11519183269841.406 359081735672.35724 5.528906684189765e+27 1147920732363.196 1191892510119.8037 84
1.6791531120422463e+22 6.952981729627227e+71 1.1113908125960373e+65 2.830802147249802e+21 3309298.9143409026 133.3133683760009 2.2013792146757933e+23 1.3118379227580738e+26 2.645666668082073e+18 154.57931201441798 5930831.694455025 1191892510119.8037 7.045807825807333e+51 548.066069990226 85
5.948387867159228e+45 6.952981729627227e+71 1.1113908125960373e+65 32402.543796745496 5.488219740790873e+34 2.7855813645827007e+48 2.2013792146757933e+23 1.362979527086635e+18 93802431558214.84 2.3661137259993287e+48 638367747.1291696 5.528906684189765e+27 1147920732363.196 0.05526229349953952 7.253943910362808e+20 2097734539500094.2 12850.139707032275 7.045807825807333e+51 4.2960586984640223e+46 36681.45792850845 9.574082396143739e+19 84
1.6791531120422463e+22 6.952981729627227e+71 1.1113908125960373e+65 2.830802147249802e+21 5605169858.199595 2.7855813645827007e+48 14.33691089183985 1.3118379227580738e+26 1.3886927638385802e-226 2.3661137259993287e+48 638367747.1291696 154.57931201441798 7820991946778880.0 7.253943910362808e+20 3.608614979413195e-228 7.045807825807333e+51 4.2960586984640223e+46 36681.45792850845 9.574082396143739e+19 85
5.948387867159228e+45 0.0008619255209212458 13480.74937129058 6576734.869710145 5.488219740790873e+34 2.7855813645827007e+48 0.02502443479224431 1.3118379227580738e+26 0.003119346800117403 359081735672.35724 2051700.5022309425 326915294237214.0 15.815561939790948 1.9932380153852344e+16 2247.055997892106 1455478.9583172263 5050.341414914886 7.045807825807333e+51 4.2960586984640223e+46 36681.45792850845 4.696927433521936e-228 84
5.948387867159228e+45 6.952981729627227e+71 1.1113908125960373e+65 6576734.869710145 5.488219740790873e+34 2.7855813645827007e+48 14.33691089183985 1.362979527086635e+18 2.645666668082073e+18 2.3661137259993287e+48 5.528906684189765e+27 7820991946778880.0 1.9932380153852344e+16 2247.055997892106 1455478.9583172263 1191892510119.8037 2.0823291250570638e+21 7.045807825807333e+51 4.2960586984640223e+46 84
1.6791531120422463e+22 6.952981729627227e+71 1.1113908125960373e+65 5.488219740790873e+34 2.7855813645827007e+48 0.02502443479224431 1.362979527086635e+18 93802431558214.84 359081735672.35724 147.38957657188692 326915294237214.0 1147920732363.196 7.541845743833129 3.608614979413195e-228 7.045807825807333e+51 4.2960586984640223e+46 84
5.948387867159228e+45 6.952981729627227e+71 1.1113908125960373e+65 6576734.869710145 5.488219740790873e+34 2.7855813645827007e+48 2.2013792146757933e+23 1.362979527086635e+18 93802431558214.84 2.3661137259993287e+48 2051700.5022309425 5.528906684189765e+27 1147920732363.196 4.187073756563317e+16 2247.055997892106 1455478.9583172263 5050.341414914886 946.0436352548908 7.045807825807333e+51 4.2960586984640223e+46 36681.45792850845 84
1.6791531120422463e+22 6.952981729627227e+71 1.1113908125960373e+65 32402.543796745496 5.488219740790873e+34 2.7855813645827007e+48 2.2013792146757933e+23 1.3118379227580738e+26 2.645666668082073e+18 2.3661137259993287e+48 638367747.1291696 5.528906684189765e+27 5930831.694455025 1.9932380153852344e+16 7.541845743833129 1455478.9583172263 7.045807825807333e+51 4.2960586984640223e+46 84
1.6791531120422463e+22 6.952981729627227e+71 1.1113908125960373e+65 2.830802147249802e+21 5.488219740790873e+34 2.7855813645827007e+48 11519183269841.406 1.3118379227580738e+26 93802431558214.84 2.3661137259993287e+48 638367747.1291696 5930831.694455025 4.187073756563317e+16 7.253943910362808e+20 5050.341414914886 2.0823291250570638e+21 7.045807825807333e+51 4.2960586984640223e+46 6023498891.691089 9.574082396143739e+19 85
5.948387867159228e+45 6.952981729627227e+71 1.1113908125960373e+65 32402.543796745496 5.488219740790873e+34 2.7855813645827007e+48 11519183269841.406 1.362979527086635e+18 0.003119346800117403 359081735672.35724 638367747.1291696 326915294237214.0 5930831.694455025 4.187073756563317e+16 7.541845743833129 1455478.9583172263 12850.139707032275 7.045807825807333e+51 4.2960586984640223e+46 36681.45792850845 84
1.6791531120422463e+22 6.952981729627227e+71 13480.74937129058 2.830802147249802e+21 5.488219740790873e+34 133.3133683760009 2.2013792146757933e+23 1.3118379227580738e+26 2.645666668082073e+18 359081735672.35724 147.38957657188692 1147920732363.196 1.9932380153852344e+16 7.541845743833129 7.045807825807333e+51 4.2960586984640223e+46 84
1.6791531120422463e+22 6.952981729627227e+71 1.1113908125960373e+65 2.2546712196675068e-228 5.488219740790873e+34 2.7855813645827007e+48 2.2013792146757933e+23 1.3118379227580738e+26 0.07346818228204521 2.3661137259993287e+48 2051700.5022309425 154.57931201441798 5930831.694455025 5050.341414914886 3.608614979413195e-228 7.045807825807333e+51 0.1568173742392991 85
5.948387867159228e+45 6.952981729627227e+71 1.1113908125960373e+65 2.830802147249802e+21 5.488219740790873e+34 2.2013792146757933e+23 1.362979527086635e+18 10.121959641466207 359081735672.35724 17891779275.291233 326915294237214.0 1147920732363.196 4.187073756563317e+16 7.253943910362808e+20 2097734539500094.2 12850.139707032275 7.045807825807333e+51 4.2960586984640223e+46 6023498891.691089 9.574082396143739e+19 84
5.948387867159228e+45 0.0008619255209212458 13480.74937129058 6576734.869710145 5.488219740790873e+34 2.7855813645827007e+48 11519183269841.406 1.362979527086635e+18 0.07346818228204521 359081735672.35724 638367747.1291696 5.528906684189765e+27 1147920732363.196 0.05526229349953952 7.253943910362808e+20 1455478.9583172263 7.045807825807333e+51 4.2960586984640223e+46 4050793.2992764763 85
5.948387867159228e+45 6.952981729627227e+71 13480.74937129058 2.2546712196675068e-228 3.9228147703370905e-82 2.7855813645827007e+48 7.045807825807333e+51 4.2960586984640223e+46 84
5.948387867159228e+45 6.952981729627227e+71 1.1113908125960373e+65 2.830802147249802e+21 3309298.9143409026 2.7855813645827007e+48 0.02502443479224431 1.3118379227580738e+26 2.645666668082073e+18 2.3661137259993287e+48 638367747.1291696 5.528906684189765e+27 5930831.694455025 4.187073756563317e+16 2247.055997892106 2097734539500094.2 12850.139707032275 7.045807825807333e+51 4.2960586984640223e+46 84
5.948387867159228e+45 6.952981729627227e+71 1.1113908125960373e+65 5.488219740790873e+34 10.121959641466207 359081735672.35724 17891779275.291233 326915294237214.0 15.815561939790948 1.9932380153852344e+16 7.253943910362808e+20 2.0823291250570638e+21 8.783052841381765e-07 548.066069990226 85
1.6791531120422463e+22 6.952981729627227e+71 1.1113908125960373e+65 2.830802147249802e+21 5.488219740790873e+34 2.7855813645827007e+48 11519183269841.406 1.3118379227580738e+26 2.3661137259993287e+48 638367747.1291696 5.528906684189765e+27 1.9932380153852344e+16 7.253943910362808e+20 7.045807825807333e+51 4.2960586984640223e+46 4050793.2992764763 9.574082396143739e+19 85
5.948387867159228e+45 6.952981729627227e+71 1.1113908125960373e+65 5.488219740790873e+34 2.7855813645827007e+48 0.02502443479224431 1.362979527086635e+18 10.121959641466207 359081735672.35724 17891779275.291233 326915294237214.0 7.253943910362808e+20 2097734539500094.2 2.0823291250570638e+21 84
5.948387867159228e+45 6.952981729627227e+71 1.1113908125960373e+65 6576734.869710145 5.488219740790873e+34 2.7855813645827007e+48 0.02502443479224431 1.362979527086635e+18 0.07346818228204521 359081735672.35724 147.38957657188692 326915294237214.0 15.815561939790948 2097734539500094.2 2.0823291250570638e+21 7.045807825807333e+51 548.066069990226 36681.45792850845 9.574082396143739e+19 84
5.948387867159228e+45 6.952981729627227e+71 1.1113908125960373e+65 2.830802147249802e+21 5.488219740790873e+34 2.7855813645827007e+48 11519183269841.406 1.3118379227580738e+26 2.645666668082073e+18 2.3661137259993287e+48 638367747.1291696 154.57931201441798 2097734539500094.2 12850.139707032275 7.045807825807333e+51 4.2960586984640223e+46 6023498891.691089 0.036847338427982844 84
5.948387867159228e+45 6.952981729627227e+71 1.1113908125960373e+65 32402.543796745496 3309298.9143409026 2.7855813645827007e+48 2.2013792146757933e+23 1.362979527086635e+18 2.645666668082073e+18 2.3661137259993287e+48 638367747.1291696 5.528906684189765e+27 5930831.694455025 5050.341414914886 7.045807825807333e+51 548.066069990226 84
1.6791531120422463e+22 6.952981729627227e+71 1.1113908125960373e+65 6576734.869710145 5.488219740790873e+34 133.3133683760009 2.2013792146757933e+23 359081735672.35724 638367747.1291696 5.528906684189765e+27 5930831.694455025 4.187073756563317e+16 7.253943910362808e+20 5050.341414914886 7.045807825807333e+51 4.2960586984640223e+46 4050793.2992764763 85
5.948387867159228e+45 6.952981729627227e+71 1.1113908125960373e+65 32402.543796745496 5.488219740790873e+34 2.7855813645827007e+48 11519183269841.406 1.362979527086635e+18 0.07346818228204521 2.3661137259993287e+48 147.38957657188692 5.528906684189765e+27 1147920732363.196 1.9932380153852344e+16 1191892510119.8037 2.0823291250570638e+21 761034.0897046897 4.2960586984640223e+46 6023498891.691089 84
5.948387867159228e+45 6.952981729627227e+71 1.1113908125960373e+65 6576734.869710145 5.488219740790873e+34 2.7855813645827007e+48 0.02502443479224431 1.362979527086635e+18 0.07346818228204521 359081735672.35724 147.38957657188692 326915294237214.0 15.815561939790948 2097734539500094.2 2.0823291250570638e+21 7.045807825807333e+51 548.066069990226 36681.45792850845 9.574082396143739e+19 84
1.6791531120422463e+22 6.952981729627227e+71 1.1113908125960373e+65 2.830802147249802e+21 3309298.9143409026 2.7855813645827007e+48 11519183269841.406 1.3118379227580738e+26 93802431558214.84 2.3661137259993287e+48 638367747.1291696 5.528906684189765e+27 7820991946778880.0 1191892510119.8037 946.0436352548908 761034.0897046897 4.2960586984640223e+46 85
1.6791531120422463e+22 6.952981729627227e+71 1.1113908125960373e+65 2.830802147249802e+21 3309298.9143409026 2.7855813645827007e+48 11519183269841.406 1.3118379227580738e+26 2.645666668082073e+18 2.3661137259993287e+48 638367747.1291696 154.57931201441798 5930831.694455025 1191892510119.8037 761034.0897046897 4.2960586984640223e+46 85
5.948387867159228e+45 6.952981729627227e+71 1.1113908125960373e+65 2.830802147249802e+21 5.488219740790873e+34 1.362979527086635e+18 0.003119346800117403 359081735672.35724 2051700.5022309425 326915294237214.0 5930831.694455025 4.187073756563317e+16 7.541845743833129 1455478.9583172263 2097734539500094.2 12850.139707032275 7.045807825807333e+51 4.2960586984640223e+46 4.696927433521936e-228 84
1.6791531120422463e+22 6.952981729627227e+71 1.1113908125960373e+65 2.830802147249802e+21 5605169858.199595 2.7855813645827007e+48 14.33691089183985 1.3118379227580738e+26 2.645666668082073e+18 2.3661137259993287e+48 175899.52346804694 5930831.694455025 4.187073756563317e+16 7.253943910362808e+20 3.608614979413195e-228 7.045807825807333e+51 4.2960586984640223e+46 85
5.948387867159228e+45 6.952981729627227e+71 1.1113908125960373e+65 5.488219740790873e+34 2.2013792146757933e+23 1.362979527086635e+18 10.121959641466207 359081735672.35724 326915294237214.0 15.815561939790948 4.187073756563317e+16 7.253943910362808e+20 1455478.9583172263 7.045807825807333e+51 548.066069990226 36681.45792850845 9.574082396143739e+19 84
5.948387867159228e+45 6.952981729627227e+71 1.1113908125960373e+65 6576734.869710145 5605169858.199595 0.19 11519183269841.406 1.3118379227580738e+26 2.645666668082073e+18 2.3661137259993287e+48 638367747.1291696 154.57931201441798 7820991946778880.0 1.9932380153852344e+16 7.253943910362808e+20 5050.341414914886 2.0823291250570638e+21 7.045807825807333e+51 0.1568173742392991 84
5.948387867159228e+45 6.952981729627227e+71 1.1113908125960373e+65 8.448061818344714e-81 4.2960586984640223e+46 84
1.6791531120422463e+22 6.952981729627227e+71 1.1113908125960373e+65 6576734.869710145 5.488219740790873e+34 2.7855813645827007e+48 14.33691089183985 1.3118379227580738e+26 2.645666668082073e+18 2.3661137259993287e+48 175899.52346804694 154.57931201441798 7820991946778880.0 4.187073756563317e+16 0.0011186480473198586 7.045807825807333e+51 4.2960586984640223e+46 6023498891.691089 9.574082396143739e+19 85
1.6791531120422463e+22 6.952981729627227e+71 1.1113908125960373e+65 5.488219740790873e+34 0.02502443479224431 1.362979527086635e+18 10.121959641466207 359081735672.35724 17891779275.291233 326915294237214.0 15.815561939790948 1.9932380153852344e+16 7.253943910362808e+20 2097734539500094.2 2.0823291250570638e+21 7.045807825807333e+51 4.2960586984640223e+46 36681.45792850845 84
5.948387867159228e+45 6.952981729627227e+71 1.1113908125960373e+65 32402.543796745496 5.488219740790873e+34 2.7855813645827007e+48 11519183269841.406 2.645666668082073e+18 2.3661137259993287e+48 17891779275.291233 5.528906684189765e+27 7820991946778880.0 7.253943910362808e+20 761034.0897046897 548.066069990226 6023498891.691089 9.574082396143739e+19 84
5.948387867159228e+45 6.952981729627227e+71 1.1113908125960373e+65 32402.543796745496 5.488219740790873e+34 2.7855813645827007e+48 11519183269841.406 2.645666668082073e+18 2.3661137259993287e+48 17891779275.291233 5.528906684189765e+27 7820991946778880.0 7.253943910362808e+20 761034.0897046897 548.066069990226 6023498891.691089 9.574082396143739e+19 84
5.948387867159228e+45 0.0008619255209212458 13480.74937129058 7.045807825807333e+51 4.2960586984640223e+46 6023498891.691089 84
5.948387867159228e+45 6.952981729627227e+71 1.1113908125960373e+65 2.830802147249802e+21 3309298.9143409026 2.7855813645827007e+48 2.2013792146757933e+23 2.3661137259993287e+48 175899.52346804694 5.528906684189765e+27 5930831.694455025 7.045807825807333e+51 0.1568173742392991 4050793.2992764763 9.574082396143739e+19 84
1.6791531120422463e+22 6.952981729627227e+71 1.1113908125960373e+65 2.830802147249802e+21 5.488219740790873e+34 2.7855813645827007e+48 11519183269841.406 1.3118379227580738e+26 93802431558214.84 2.3661137259993287e+48 2051700.5022309425 5.528906684189765e+27 5930831.694455025 1.9932380153852344e+16 2247.055997892106 5050.341414914886 7.045807825807333e+51 548.066069990226 85
5.948387867159228e+45 6.952981729627227e+71 1.1113908125960373e+65 5.488219740790873e+34 2.7855813645827007e+48 2.2013792146757933e+23 1.362979527086635e+18 10.121959641466207 359081735672.35724 17891779275.291233 326915294237214.0 15.815561939790948 0.05526229349953952 7.541845743833129 2097734539500094.2 12850.139707032275 7.045807825807333e+51 4.2960586984640223e+46 84
1.6791531120422463e+22 6.952981729627227e+71 1.1113908125960373e+65 32402.543796745496 5605169858.199595 2.7855813645827007e+48 2.2013792146757933e+23 1.3118379227580738e+26 2.645666668082073e+18 2.3661137259993287e+48 2051700.5022309425 154.57931201441798 1.9932380153852344e+16 7.253943910362808e+20 5050.341414914886 3.608614979413195e-228 7.045807825807333e+51 4.2960586984640223e+46 4050793.2992764763 9.574082396143739e+19 85
1.6791531120422463e+22 6.952981729627227e+71 1.1113908125960373e+65 2.830802147249802e+21 5605169858.199595 2.7855813645827007e+48 2.2013792146757933e+23 1.362979527086635e+18 10.121959641466207 2.3661137259993287e+48 175899.52346804694 326915294237214.0 5930831.694455025 4.187073756563317e+16 1455478.9583172263 3.608614979413195e-228 7.045807825807333e+51 4.2960586984640223e+46 4050793.2992764763 85
5.948387867159228e+45 6.952981729627227e+71 1.1113908125960373e+65 6576734.869710145 5.488219740790873e+34 0.02502443479224431 1.362979527086635e+18 1.3886927638385802e-226 359081735672.35724 2051700.5022309425 326915294237214.0 1147920732363.196 4.187073756563317e+16 7.541845743833129 1455478.9583172263 7.045807825807333e+51 4.2960586984640223e+46 36681.45792850845 9.574082396143739e+19 85
1.6791531120422463e+22 6.952981729627227e+71 1.1113908125960373e+65 32402.543796745496 5.488219740790873e+34 2.7855813645827007e+48 2.2013792146757933e+23 1.3118379227580738e+26 2.645666668082073e+18 2.3661137259993287e+48 638367747.1291696 5.528906684189765e+27 5930831.694455025 1.9932380153852344e+16 7.541845743833129 1455478.9583172263 7.045807825807333e+51 4.2960586984640223e+46 84
5.948387867159228e+45 6.952981729627227e+71 1.1113908125960373e+65 2.830802147249802e+21 5.488219740790873e+34 2.7855813645827007e+48 2.2013792146757933e+23 1.362979527086635e+18 93802431558214.84 2.3661137259993287e+48 1455478.9583172263 7.045807825807333e+51 4.2960586984640223e+46 9.574082396143739e+19 84
5.948387867159228e+45 6.952981729627227e+71 1.1113908125960373e+65 5.488219740790873e+34 0.19 10.121959641466207 2.3661137259993287e+48 147.38957657188692 7.253943910362808e+20 1455478.9583172263 6023498891.691089 9.574082396143739e+19 84
1.6791531120422463e+22 6.952981729627227e+71 1.1113908125960373e+65 32402.543796745496 3309298.9143409026 2.7855813645827007e+48 1.3886927638385802e-226 2.3661137259993287e+48 7.045807825807333e+51 4.2960586984640223e+46 85
1.6791531120422463e+22 6.952981729627227e+71 1.1113908125960373e+65 5.488219740790873e+34 2.7855813645827007e+48 93802431558214.84 2.3661137259993287e+48 5.528906684189765e+27 7820991946778880.0 4.187073756563317e+16 7.253943910362808e+20 5050.341414914886 3.608614979413195e-228 7.045807825807333e+51 4.2960586984640223e+46 84
5.948387867159228e+45 6.952981729627227e+71 1.1113908125960373e+65 32402.543796745496 3309298.9143409026 2.7855813645827007e+48 2.2013792146757933e+23 1.362979527086635e+18 2.645666668082073e+18 2.3661137259993287e+48 638367747.1291696 5.528906684189765e+27 5930831.694455025 5050.341414914886 7.045807825807333e+51 548.066069990226 84
5.948387867159228e+45 6.952981729627227e+71 1.1113908125960373e+65 5.488219740790873e+34 2.7855813645827007e+48 359081735672.35724 17891779275.291233 15.815561939790948 0.05526229349953952 7.253943910362808e+20 2.0823291250570638e+21 84
1.6791531120422463e+22 6.952981729627227e+71 1.1113908125960373e+65 2.830802147249802e+21 5605169858.199595 2.7855813645827007e+48 2.2013792146757933e+23 1.362979527086635e+18 10.121959641466207 2.3661137259993287e+48 175899.52346804694 326915294237214.0 5930831.694455025 4.187073756563317e+16 1455478.9583172263 3.608614979413195e-228 7.045807825807333e+51 4.2960586984640223e+46 4050793.2992764763 85
1.6791531120422463e+22 6.952981729627227e+71 1.1113908125960373e+65 5.488219740790873e+34 2.7855813645827007e+48 0.02502443479224431 1.362979527086635e+18 93802431558214.84 359081735672.35724 147.38957657188692 326915294237214.0 1147920732363.196 7.541845743833129 3.608614979413195e-228 7.045807825807333e+51 4.2960586984640223e+46 84
5.948387867159228e+45 6.952981729627227e+71 1.1113908125960373e+65 2.830802147249802e+21 3309298.9143409026 2.7855813645827007e+48 2.2013792146757933e+23 1.3118379227580738e+26 0.07346818228204521 2.3661137259993287e+48 638367747.1291696 5.528906684189765e+27 1147920732363.196 4.187073756563317e+16 7.253943910362808e+20 1191892510119.8037 2.0823291250570638e+21 7.045807825807333e+51 4.2960586984640223e+46 6023498891.691089 9.574082396143739e+19 84
5.948387867159228e+45 6.952981729627227e+71 1.1113908125960373e+65 5.488219740790873e+34 0.02502443479224431 1.362979527086635e+18 0.003119346800117403 359081735672.35724 17891779275.291233 326915294237214.0 15.815561939790948 2097734539500094.2 2.0823291250570638e+21 7.045807825807333e+51 4.2960586984640223e+46 36681.45792850845 9.574082396143739e+19 84
5.948387867159228e+45 6.952981729627227e+71 1.1113908125960373e+65 2.830802147249802e+21 5.488219740790873e+34 2.7855813645827007e+48 2.2013792146757933e+23 1.362979527086635e+18 10.121959641466207 2.3661137259993287e+48 17891779275.291233 326915294237214.0 1147920732363.196 4.187073756563317e+16 7.253943910362808e+20 5050.341414914886 12850.139707032275 7.045807825807333e+51 4.2960586984640223e+46 84
5.948387867159228e+45 6.952981729627227e+71 1.1113908125960373e+65 0.00015168109116201473 5.488219740790873e+34 2.2013792146757933e+23 1.362979527086635e+18 0.003119346800117403 2.3661137259993287e+48 17891779275.291233 326915294237214.0 7820991946778880.0 4.187073756563317e+16 7.541845743833129 5050.341414914886 946.0436352548908 7.045807825807333e+51 4.2960586984640223e+46 36681.45792850845 9.574082396143739e+19 84
5.948387867159228e+45 6.952981729627227e+71 1.1113908125960373e+65 2.830802147249802e+21 5.488219740790873e+34 2.7855813645827007e+48 2.2013792146757933e+23 1.3118379227580738e+26 2.645666668082073e+18 2.3661137259993287e+48 638367747.1291696 326915294237214.0 7820991946778880.0 4.187073756563317e+16 2247.055997892106 2097734539500094.2 12850.139707032275 7.045807825807333e+51 0.75 4050793.2992764763 9.574082396143739e+19 84
5.948387867159228e+45 6.952981729627227e+71 1.1113908125960373e+65 2.830802147249802e+21 5.488219740790873e+34 2.7855813645827007e+48 11519183269841.406 93802431558214.84 359081735672.35724 326915294237214.0 15.815561939790948 4.187073756563317e+16 7.541845743833129 1455478.9583172263 2.0823291250570638e+21 7.045807825807333e+51 548.066069990226 84
5.948387867159228e+45 6.952981729627227e+71 1.1113908125960373e+65 6576734.869710145 5605169858.199595 133.3133683760009 2.645666668082073e+18 175899.52346804694 154.57931201441798 761034.0897046897 548.066069990226 85
5.948387867159228e+45 6.952981729627227e+71 1.1113908125960373e+65 3.9228147703370905e-82 2.7855813645827007e+48 11519183269841.406 1.3118379227580738e+26 10.121959641466207 2.3661137259993287e+48 17891779275.291233 5.528906684189765e+27 1147920732363.196 4.187073756563317e+16 7.541845743833129 1455478.9583172263 12850.139707032275 7.045807825807333e+51 4.2960586984640223e+46 84
5.948387867159228e+45 6.952981729627227e+71 1.1113908125960373e+65 8.448061818344714e-81 4.2960586984640223e+46 84
5.948387867159228e+45 6.952981729627227e+71 1.1113908125960373e+65 32402.543796745496 5.488219740790873e+34 2.7855813645827007e+48 11519183269841.406 2.645666668082073e+18 2.3661137259993287e+48 17891779275.291233 5.528906684189765e+27 7820991946778880.0 7.253943910362808e+20 761034.0897046897 548.066069990226 6023498891.691089 9.574082396143739e+19 84
5.948387867159228e+45 6.952981729627227e+71 1.1113908125960373e+65 2.830802147249802e+21 3309298.9143409026 133.3133683760009 11519183269841.406 1.3118379227580738e+26 2.645666668082073e+18 2.3661137259993287e+48 175899.52346804694 0.0017187488312504966 7820991946778880.0 4.187073756563317e+16 7.253943910362808e+20 1191892510119.8037 3.608614979413195e-228 7.045807825807333e+51 4.2960586984640223e+46 84
1.6791531120422463e+22 6.952981729627227e+71 1.1113908125960373e+65 6576734.869710145 5.488219740790873e+34 2.7855813645827007e+48 11519183269841.406 1.3118379227580738e+26 93802431558214.84 2.3661137259993287e+48 147.38957657188692 0.0017187488312504966 5930831.694455025 1.9932380153852344e+16 7.253943910362808e+20 7.045807825807333e+51 4.2960586984640223e+46 4050793.2992764763 84
1.6791531120422463e+22 6.952981729627227e+71 1.1113908125960373e+65 2.830802147249802e+21 5.488219740790873e+34 11519183269841.406 1.3118379227580738e+26 1.3886927638385802e-226 359081735672.35724 638367747.1291696 5.528906684189765e+27 7820991946778880.0 1.9932380153852344e+16 7.541845743833129 1455478.9583172263 5050.341414914886 12850.139707032275 7.045807825807333e+51 548.066069990226 4050793.2992764763 9.574082396143739e+19 84
1.6791531120422463e+22 6.952981729627227e+71 1.1113908125960373e+65 0.00015168109116201473 3309298.9143409026 2.7855813645827007e+48 11519183269841.406 1.3118379227580738e+26 2.645666668082073e+18 638367747.1291696 0.0017187488312504966 7820991946778880.0 1.9932380153852344e+16 7.253943910362808e+20 5050.341414914886 0.0005166499914790917 761034.0897046897 4.2960586984640223e+46 85
5.948387867159228e+45 6.952981729627227e+71 1.1113908125960373e+65 2.830802147249802e+21 5.488219740790873e+34 2.7855813645827007e+48 2.2013792146757933e+23 1.3118379227580738e+26 1.3886927638385802e-226 359081735672.35724 147.38957657188692 5.528906684189765e+27 1147920732363.196 4.187073756563317e+16 7.541845743833129 1455478.9583172263 2097734539500094.2 12850.139707032275 7.045807825807333e+51 4.2960586984640223e+46 36681.45792850845 84
1.6791531120422463e+22 6.952981729627227e+71 1.1113908125960373e+65 2.830802147249802e+21 5.488219740790873e+34 2.7855813645827007e+48 14.33691089183985 0.26 0.07346818228204521 2.3661137259993287e+48 175899.52346804694 154.57931201441798 7820991946778880.0 0.05526229349953952 7.253943910362808e+20 1191892510119.8037 946.0436352548908 7.045807825807333e+51 548.066069990226 85
1.6791531120422463e+22 6.952981729627227e+71 1.1113908125960373e+65 6576734.869710145 5605169858.199595 2.7855813645827007e+48 175899.52346804694 154.57931201441798 1.9932380153852344e+16 7.253943910362808e+20 1191892510119.8037 761034.0897046897 0.1568173742392991 85
5.948387867159228e+45 6.952981729627227e+71 1.1113908125960373e+65 6576734.869710145 5.488219740790873e+34 2.7855813645827007e+48 0.003119346800117403 359081735672.35724 147.38957657188692 326915294237214.0 1147920732363.196 1.9932380153852344e+16 2097734539500094.2 2.0823291250570638e+21 7.045807825807333e+51 548.066069990226 84
5.948387867159228e+45 6.952981729627227e+71 1.1113908125960373e+65 5.488219740790873e+34 2.2013792146757933e+23 4.638029291178365e-226 10.121959641466207 2.3661137259993287e+48 147.38957657188692 326915294237214.0 15.815561939790948 1.9932380153852344e+16 7.253943910362808e+20 2.0823291250570638e+21 7.045807825807333e+51 548.066069990226 6023498891.691089 9.574082396143739e+19 84
1.6791531120422463e+22 6.952981729627227e+71 1.1113908125960373e+65 5.488219740790873e+34 0.02502443479224431 1.362979527086635e+18 10.121959641466207 359081735672.35724 17891779275.291233 326915294237214.0 15.815561939790948 1.9932380153852344e+16 7.253943910362808e+20 2097734539500094.2 2.0823291250570638e+21 7.045807825807333e+51 4.2960586984640223e+46 36681.45792850845 84
1.6791531120422463e+22 6.952981729627227e+71 1.1113908125960373e+65 2.830802147249802e+21 5605169858.199595 2.7855813645827007e+48 14.33691089183985 1.3118379227580738e+26 2.645666668082073e+18 2.3661137259993287e+48 175899.52346804694 5930831.694455025 4.187073756563317e+16 7.253943910362808e+20 3.608614979413195e-228 7.045807825807333e+51 4.2960586984640223e+46 85
5.948387867159228e+45 6.952981729627227e+71 1.1113908125960373e+65 32402.543796745496 5605169858.199595 2.7855813645827007e+48 1.3118379227580738e+26 0.07346818228204521 2.3661137259993287e+48 638367747.1291696 5.528906684189765e+27 1147920732363.196 4.187073756563317e+16 7.253943910362808e+20 5050.341414914886 2.0823291250570638e+21 7.045807825807333e+51 548.066069990226 84
5.948387867159228e+45 6.952981729627227e+71 1.1113908125960373e+65 6576734.869710145 5.488219740790873e+34 2.7855813645827007e+48 0.02502443479224431 1.362979527086635e+18 0.07346818228204521 359081735672.35724 147.38957657188692 326915294237214.0 15.815561939790948 2097734539500094.2 2.0823291250570638e+21 7.045807825807333e+51 548.066069990226 36681.45792850845 9.574082396143739e+19 84
5.948387867159228e+45 6.952981729627227e+71 1.1113908125960373e+65 5.488219740790873e+34 2.7855813645827007e+48 14.33691089183985 0.07346818228204521 2.3661137259993287e+48 17891779275.291233 5.528906684189765e+27 1147920732363.196 4.187073756563317e+16 2247.055997892106 7.045807825807333e+51 4.2960586984640223e+46 84
5.948387867159228e+45 6.952981729627227e+71 1.1113908125960373e+65 32402.543796745496 5.488219740790873e+34 2.7855813645827007e+48 93802431558214.84 359081735672.35724 147.38957657188692 326915294237214.0 5930831.694455025 4.187073756563317e+16 7.541845743833129 1455478.9583172263 2097734539500094.2 12850.139707032275 7.045807825807333e+51 4.2960586984640223e+46 36681.45792850845 9.574082396143739e+19 84
5.948387867159228e+45 6.952981729627227e+71 1.1113908125960373e+65 2.830802147249802e+21 5.488219740790873e+34 1.362979527086635e+18 2.3661137259993287e+48 17891779275.291233 5.528906684189765e+27 7820991946778880.0 7.253943910362808e+20 1191892510119.8037 946.0436352548908 7.045807825807333e+51 0.75 4050793.2992764763 9.574082396143739e+19 84
5.948387867159228e+45 6.952981729627227e+71 1.1113908125960373e+65 2.830802147249802e+21 3.9228147703370905e-82 2.7855813645827007e+48 2.2013792146757933e+23 1.3118379227580738e+26 2.645666668082073e+18 2.3661137259993287e+48 147.38957657188692 0.0017187488312504966 5930831.694455025 0.05526229349953952 7.541845743833129 1455478.9583172263 5050.341414914886 7.045807825807333e+51 548.066069990226 6023498891.691089 9.574082396143739e+19 85
5.948387867159228e+45 6.952981729627227e+71 1.1113908125960373e+65 6576734.869710145 5.488219740790873e+34 0.02502443479224431 1.362979527086635e+18 1.3886927638385802e-226 359081735672.35724 2051700.5022309425 326915294237214.0 1147920732363.196 4.187073756563317e+16 7.541845743833129 1455478.9583172263 7.045807825807333e+51 4.2960586984640223e+46 36681.45792850845 9.574082396143739e+19 85
5.948387867159228e+45 6.952981729627227e+71 1.1113908125960373e+65 2.830802147249802e+21 5.488219740790873e+34 2.7855813645827007e+48 11519183269841.406 1.3118379227580738e+26 2.645666668082073e+18 2.3661137259993287e+48 638367747.1291696 154.57931201441798 2097734539500094.2 12850.139707032275 7.045807825807333e+51 4.2960586984640223e+46 6023498891.691089 0.036847338427982844 84
5.948387867159228e+45 6.952981729627227e+71 1.1113908125960373e+65 6576734.869710145 5.488219740790873e+34 2.7855813645827007e+48 2.2013792146757933e+23 1.362979527086635e+18 93802431558214.84 359081735672.35724 2051700.5022309425 5.528906684189765e+27 1147920732363.196 4.187073756563317e+16 2247.055997892106 1455478.9583172263 5050.341414914886 946.0436352548908 7.045807825807333e+51 4.2960586984640223e+46 36681.45792850845 84
1.6791531120422463e+22 6.952981729627227e+71 1.1113908125960373e+65 32402.543796745496 5.488219740790873e+34 2.7855813645827007e+48 2.2013792146757933e+23 1.3118379227580738e+26 2.645666668082073e+18 2.3661137259993287e+48 638367747.1291696 5.528906684189765e+27 5930831.694455025 1.9932380153852344e+16 7.541845743833129 1455478.9583172263 7.045807825807333e+51 4.2960586984640223e+46 84
1.6791531120422463e+22 6.952981729627227e+71 1.1113908125960373e+65 32402.543796745496 5605169858.199595 2.7855813645827007e+48 0.02502443479224431 1.3118379227580738e+26 93802431558214.84 2.3661137259993287e+48 0.0017187488312504966 7820991946778880.0 1.9932380153852344e+16 7.253943910362808e+20 1191892510119.8037 946.0436352548908 7.045807825807333e+51 4.2960586984640223e+46 85
5.948387867159228e+45 6.952981729627227e+71 1.1113908125960373e+65 32402.543796745496 5605169858.199595 133.3133683760009 11519183269841.406 93802431558214.84 2.3661137259993287e+48 638367747.1291696 154.57931201441798 1147920732363.196 4.187073756563317e+16 7.253943910362808e+20 5050.341414914886 0.0005166499914790917 7.045807825807333e+51 4.2960586984640223e+46 6023498891.691089 84
1.6791531120422463e+22 6.952981729627227e+71 1.1113908125960373e+65 2.830802147249802e+21 5605169858.199595 2.7855813645827007e+48 2.2013792146757933e+23 1.3118379227580738e+26 0.07346818228204521 2.3661137259993287e+48 2051700.5022309425 5.528906684189765e+27 5930831.694455025 7.541845743833129 1455478.9583172263 12850.139707032275 7.045807825807333e+51 4.2960586984640223e+46 36681.45792850845 85
5.948387867159228e+45 6.952981729627227e+71 1.1113908125960373e+65 5.488219740790873e+34 2.7855813645827007e+48 2.2013792146757933e+23 1.362979527086635e+18 10.121959641466207 359081735672.35724 17891779275.291233 326915294237214.0 15.815561939790948 0.05526229349953952 7.541845743833129 2097734539500094.2 12850.139707032275 7.045807825807333e+51 4.2960586984640223e+46 84
1.6791531120422463e+22 6.952981729627227e+71 1.1113908125960373e+65 0.00015168109116201473 3309298.9143409026 2.7855813645827007e+48 11519183269841.406 1.3118379227580738e+26 2.645666668082073e+18 638367747.1291696 0.0017187488312504966 7820991946778880.0 1.9932380153852344e+16 7.253943910362808e+20 5050.341414914886 0.0005166499914790917 761034.0897046897 4.2960586984640223e+46 85
5.948387867159228e+45 6.952981729627227e+71 1.1113908125960373e+65 5.488219740790873e+34 2.7855813645827007e+48 359081735672.35724 17891779275.291233 15.815561939790948 0.05526229349953952 7.253943910362808e+20 2.0823291250570638e+21 84
5.948387867159228e+45 6.952981729627227e+71 1.1113908125960373e+65 32402.543796745496 5.488219740790873e+34 2.7855813645827007e+48 11519183269841.406 2.645666668082073e+18 2.3661137259993287e+48 17891779275.291233 5.528906684189765e+27 7820991946778880.0 7.253943910362808e+20 761034.0897046897 548.066069990226 6023498891.691089 9.574082396143739e+19 84
5.948387867159228e+45 6.952981729627227e+71 1.1113908125960373e+65 2.2546712196675068e-228 5.488219740790873e+34 11519183269841.406 1.3118379227580738e+26 93802431558214.84 2.3661137259993287e+48 147.38957657188692 326915294237214.0 1147920732363.196 4.187073756563317e+16 7.253943910362808e+20 5050.341414914886 2.0823291250570638e+21 7.045807825807333e+51 4.2960586984640223e+46 4050793.2992764763 9.574082396143739e+19 84
1.6791531120422463e+22 6.952981729627227e+71 1.1113908125960373e+65 2.830802147249802e+21 5605169858.199595 133.3133683760009 11519183269841.406 1.3118379227580738e+26 2.645666668082073e+18 2.3661137259993287e+48 175899.52346804694 5.528906684189765e+27 1.9932380153852344e+16 7.253943910362808e+20 5050.341414914886 3.608614979413195e-228 7.045807825807333e+51 4.2960586984640223e+46 6023498891.691089 9.574082396143739e+19 85
1.6791531120422463e+22 6.952981729627227e+71 1.1113908125960373e+65 2.830802147249802e+21 3309298.9143409026 133.3133683760009 14.33691089183985 1.3118379227580738e+26 93802431558214.84 2.3661137259993287e+48 638367747.1291696 326915294237214.0 1147920732363.196 1.9932380153852344e+16 2247.055997892106 1455478.9583172263 1191892510119.8037 12850.139707032275 761034.0897046897 4.2960586984640223e+46 84
5.948387867159228e+45 6.952981729627227e+71 1.1113908125960373e+65 2.830802147249802e+21 3309298.9143409026 2.7855813645827007e+48 0.02502443479224431 1.3118379227580738e+26 2.645666668082073e+18 2.3661137259993287e+48 638367747.1291696 5.528906684189765e+27 5930831.694455025 4.187073756563317e+16 2247.055997892106 2097734539500094.2 12850.139707032275 7.045807825807333e+51 4.2960586984640223e+46 84
1.6791531120422463e+22 6.952981729627227e+71 1.1113908125960373e+65 2.830802147249802e+21 5605169858.199595 133.3133683760009 11519183269841.406 1.3118379227580738e+26 2.645666668082073e+18 2.3661137259993287e+48 175899.52346804694 5.528906684189765e+27 1.9932380153852344e+16 7.253943910362808e+20 5050.341414914886 3.608614979413195e-228 7.045807825807333e+51 4.2960586984640223e+46 6023498891.691089 9.574082396143739e+19 85
5.948387867159228e+45 6.952981729627227e+71 1.1113908125960373e+65 6576734.869710145 5605169858.199595 0.19 11519183269841.406 1.3118379227580738e+26 2.645666668082073e+18 2.3661137259993287e+48 638367747.1291696 154.57931201441798 7820991946778880.0 1.9932380153852344e+16 7.253943910362808e+20 5050.341414914886 2.0823291250570638e+21 7.045807825807333e+51 0.1568173742392991 84
5.948387867159228e+45 6.952981729627227e+71 13480.74937129058 32402.543796745496 3309298.9143409026 11519183269841.406 1.3118379227580738e+26 2.645666668082073e+18 2.3661137259993287e+48 175899.52346804694 154.57931201441798 7820991946778880.0 1191892510119.8037 946.0436352548908 6023498891.691089 9.574082396143739e+19 84
1.6791531120422463e+22 6.952981729627227e+71 1.1113908125960373e+65 5.488219740790873e+34 2.7855813645827007e+48 2.2013792146757933e+23 1.362979527086635e+18 0.07346818228204521 2.3661137259993287e+48 2051700.5022309425 5.528906684189765e+27 1147920732363.196 4.187073756563317e+16 7.253943910362808e+20 5050.341414914886 7.045807825807333e+51 0.75 84
1.6791531120422463e+22 6.952981729627227e+71 1.1113908125960373e+65 32402.543796745496 3309298.9143409026 133.3133683760009 2.2013792146757933e+23 1.3118379227580738e+26 2.645666668082073e+18 2.3661137259993287e+48 638367747.1291696 154.57931201441798 5930831.694455025 4.187073756563317e+16 5050.341414914886 0.0005166499914790917 7.045807825807333e+51 4.2960586984640223e+46 4050793.2992764763 9.574082396143739e+19 85
5.948387867159228e+45 6.952981729627227e+71 1.1113908125960373e+65 2.830802147249802e+21 5.488219740790873e+34 2.7855813645827007e+48 2.2013792146757933e+23 10.121959641466207 359081735672.35724 17891779275.291233 326915294237214.0 15.815561939790948 4.187073756563317e+16 2247.055997892106 2097734539500094.2 2.0823291250570638e+21 7.045807825807333e+51 4.2960586984640223e+46 84
1.6791531120422463e+22 6.952981729627227e+71 1.1113908125960373e+65 6576734.869710145 5.488219740790873e+34 2.7855813645827007e+48 14.33691089183985 0.07346818228204521 2.3661137259993287e+48 2051700.5022309425 154.57931201441798 5930831.694455025 1.9932380153852344e+16 7.253943910362808e+20 2097734539500094.2 12850.139707032275 7.045807825807333e+51 4.2960586984640223e+46 84
1.6791531120422463e+22 6.952981729627227e+71 1.1113908125960373e+65 2.2546712196675068e-228 5.488219740790873e+34 14.33691089183985 0.26 2.645666668082073e+18 2.3661137259993287e+48 175899.52346804694 0.0017187488312504966 5930831.694455025 4.187073756563317e+16 7.253943910362808e+20 1191892510119.8037 946.0436352548908 7.045807825807333e+51 4.2960586984640223e+46 85
5.948387867159228e+45 6.952981729627227e+71 1.1113908125960373e+65 32402.543796745496 5.488219740790873e+34 14.33691089183985 1.3118379227580738e+26 2.645666668082073e+18 2.3661137259993287e+48 2051700.5022309425 154.57931201441798 7820991946778880.0 1.9932380153852344e+16 7.253943910362808e+20 1191892510119.8037 761034.0897046897 548.066069990226 6023498891.691089 9.574082396143739e+19 84
5.948387867159228e+45 0.0008619255209212458 1.1113908125960373e+65 2.2546712196675068e-228 5.488219740790873e+34 2.7855813645827007e+48 154.57931201441798 4.187073756563317e+16 1191892510119.8037 761034.0897046897 4.2960586984640223e+46 4050793.2992764763 9.574082396143739e+19 84
1.6791531120422463e+22 6.952981729627227e+71 1.1113908125960373e+65 2.2546712196675068e-228 5605169858.199595 11519183269841.406 1.3118379227580738e+26 2.645666668082073e+18 2.3661137259993287e+48 638367747.1291696 154.57931201441798 7820991946778880.0 4.187073756563317e+16 7.253943910362808e+20 1191892510119.8037 7.045807825807333e+51 4.2960586984640223e+46 6023498891.691089 0.036847338427982844 85
5.948387867159228e+45 6.952981729627227e+71 1.1113908125960373e+65 2.830802147249802e+21 5605169858.199595 2.7855813645827007e+48 1.362979527086635e+18 93802431558214.84 2.3661137259993287e+48 1.9932380153852344e+16 7.253943910362808e+20 1191892510119.8037 7.045807825807333e+51 4.2960586984640223e+46 84
5.948387867159228e+45 6.952981729627227e+71 1.1113908125960373e+65 5.488219740790873e+34 2.7855813645827007e+48 11519183269841.406 93802431558214.84 359081735672.35724 2051700.5022309425 5.528906684189765e+27 5930831.694455025 4.187073756563317e+16 2097734539500094.2 2.0823291250570638e+21 761034.0897046897 4.2960586984640223e+46 84
5.948387867159228e+45 6.952981729627227e+71 1.1113908125960373e+65 2.2546712196675068e-228 5.488219740790873e+34 2.7855813645827007e+48 2.2013792146757933e+23 1.362979527086635e+18 93802431558214.84 2.3661137259993287e+48 2051700.5022309425 326915294237214.0 1147920732363.196 1.9932380153852344e+16 7.541845743833129 1455478.9583172263 7.045807825807333e+51 548.066069990226 36681.45792850845 9.574082396143739e+19 84
1.6791531120422463e+22 6.952981729627227e+71 1.1113908125960373e+65 32402.543796745496 5.488219740790873e+34 2.7855813645827007e+48 2.2013792146757933e+23 1.3118379227580738e+26 2.645666668082073e+18 2.3661137259993287e+48 638367747.1291696 5.528906684189765e+27 5930831.694455025 1.9932380153852344e+16 7.541845743833129 1455478.9583172263 7.045807825807333e+51 4.2960586984640223e+46 84
5.948387867159228e+45 6.952981729627227e+71 1.1113908125960373e+65 0.00015168109116201473 5.488219740790873e+34 2.2013792146757933e+23 1.362979527086635e+18 0.003119346800117403 2.3661137259993287e+48 17891779275.291233 326915294237214.0 7820991946778880.0 4.187073756563317e+16 7.541845743833129 5050.341414914886 946.0436352548908 7.045807825807333e+51 4.2960586984640223e+46 36681.45792850845 9.574082396143739e+19 84
1.6791531120422463e+22 6.952981729627227e+71 1.1113908125960373e+65 32402.543796745496 5.488219740790873e+34 2.7855813645827007e+48 2.2013792146757933e+23 1.362979527086635e+18 1.3886927638385802e-226 359081735672.35724 147.38957657188692 154.57931201441798 5930831.694455025 1.9932380153852344e+16 2247.055997892106 0.0011186480473198586 946.0436352548908 7.045807825807333e+51 4.2960586984640223e+46 6023498891.691089 9.574082396143739e+19 85
5.948387867159228e+45 6.952981729627227e+71 1.1113908125960373e+65 2.830802147249802e+21 5.488219740790873e+34 2.7855813645827007e+48 2.2013792146757933e+23 1.3118379227580738e+26 1.3886927638385802e-226 359081735672.35724 147.38957657188692 5.528906684189765e+27 1147920732363.196 4.187073756563317e+16 7.541845743833129 1455478.9583172263 2097734539500094.2 12850.139707032275 7.045807825807333e+51 4.2960586984640223e+46 36681.45792850845 84
1.6791531120422463e+22 6.952981729627227e+71 1.1113908125960373e+65 2.830802147249802e+21 3309298.9143409026 2.7855813645827007e+48 11519183269841.406 1.3118379227580738e+26 93802431558214.84 2.3661137259993287e+48 638367747.1291696 5.528906684189765e+27 7820991946778880.0 1191892510119.8037 946.0436352548908 761034.0897046897 4.2960586984640223e+46 85
1.6791531120422463e+22 6.952981729627227e+71 1.1113908125960373e+65 32402.543796745496 3309298.9143409026 133.3133683760009 2.2013792146757933e+23 1.3118379227580738e+26 2.645666668082073e+18 2.3661137259993287e+48 638367747.1291696 154.57931201441798 5930831.694455025 4.187073756563317e+16 5050.341414914886 0.0005166499914790917 7.045807825807333e+51 4.2960586984640223e+46 4050793.2992764763 9.574082396143739e+19 85
5.948387867159228e+45 6.952981729627227e+71 1.1113908125960373e+65 32402.543796745496 5.488219740790873e+34 2.7855813645827007e+48 11519183269841.406 93802431558214.84 359081735672.35724 638367747.1291696 5.528906684189765e+27 5930831.694455025 2097734539500094.2 2.0823291250570638e+21 36681.45792850845 84
1.6791531120422463e+22 6.952981729627227e+71 1.1113908125960373e+65 2.830802147249802e+21 5.488219740790873e+34 2.7855813645827007e+48 11519183269841.406 1.3118379227580738e+26 93802431558214.84 2.3661137259993287e+48 2051700.5022309425 5.528906684189765e+27 5930831.694455025 1.9932380153852344e+16 2247.055997892106 5050.341414914886 7.045807825807333e+51 548.066069990226 85
1.6791531120422463e+22 6.952981729627227e+71 1.1113908125960373e+65 6576734.869710145 5.488219740790873e+34 2.2013792146757933e+23 1.362979527086635e+18 1.3886927638385802e-226 2.3661137259993287e+48 2051700.5022309425 5.528906684189765e+27 7820991946778880.0 1.9932380153852344e+16 7.253943910362808e+20 2097734539500094.2 946.0436352548908 7.045807825807333e+51 4.2960586984640223e+46 84
5.948387867159228e+45 6.952981729627227e+71 1.1113908125960373e+65 5.488219740790873e+34 133.3133683760009 11519183269841.406 1.3118379227580738e+26 10.121959641466207 2.3661137259993287e+48 17891779275.291233 5.528906684189765e+27 1147920732363.196 7.541845743833129 1455478.9583172263 7.045807825807333e+51 4.2960586984640223e+46 4050793.2992764763 84
5.948387867159228e+45 0.0008619255209212458 13480.74937129058 6576734.869710145 5.488219740790873e+34 2.7855813645827007e+48 2.2013792146757933e+23 1.3118379227580738e+26 0.07346818228204521 2.3661137259993287e+48 2051700.5022309425 5.528906684189765e+27 15.815561939790948 1.9932380153852344e+16 7.253943910362808e+20 2097734539500094.2 12850.139707032275 7.045807825807333e+51 4.2960586984640223e+46 36681.45792850845 84
1.6791531120422463e+22 6.952981729627227e+71 1.1113908125960373e+65 2.830802147249802e+21 5.488219740790873e+34 2.7855813645827007e+48 2.2013792146757933e+23 1.362979527086635e+18 93802431558214.84 154.57931201441798 7820991946778880.0 4.187073756563317e+16 7.253943910362808e+20 2097734539500094.2 7.045807825807333e+51 548.066069990226 6023498891.691089 9.574082396143739e+19 85
5.948387867159228e+45 6.952981729627227e+71 1.1113908125960373e+65 5.488219740790873e+34 2.7855813645827007e+48 0.02502443479224431 1.362979527086635e+18 10.121959641466207 359081735672.35724 17891779275.291233 326915294237214.0 7.253943910362808e+20 2097734539500094.2 2.0823291250570638e+21 84
1.6791531120422463e+22 6.952981729627227e+71 1.1113908125960373e+65 2.830802147249802e+21 5.488219740790873e+34 2.7855813645827007e+48 11519183269841.406 1.3118379227580738e+26 2.3661137259993287e+48 638367747.1291696 5.528906684189765e+27 1.9932380153852344e+16 7.253943910362808e+20 7.045807825807333e+51 4.2960586984640223e+46 4050793.2992764763 9.574082396143739e+19 85
1.6791531120422463e+22 6.952981729627227e+71 1.1113908125960373e+65 32402.543796745496 5605169858.199595 2.7855813645827007e+48 2.2013792146757933e+23 1.3118379227580738e+26 2.645666668082073e+18 2.3661137259993287e+48 2051700.5022309425 154.57931201441798 1.9932380153852344e+16 7.253943910362808e+20 5050.341414914886 3.608614979413195e-228 7.045807825807333e+51 4.2960586984640223e+46 4050793.2992764763 9.574082396143739e+19 85
1.6791531120422463e+22 6.952981729627227e+71 1.1113908125960373e+65 2.830802147249802e+21 5605169858.199595 0.19 2.645666668082073e+18 2.3661137259993287e+48 638367747.1291696 5930831.694455025 1.9932380153852344e+16 7.541845743833129 1455478.9583172263 1191892510119.8037 761034.0897046897 4.2960586984640223e+46 85
1.6791531120422463e+22 6.952981729627227e+71 1.1113908125960373e+65 2.830802147249802e+21 5.488219740790873e+34 2.7855813645827007e+48 11519183269841.406 1.3118379227580738e+26 93802431558214.84 2.3661137259993287e+48 2051700.5022309425 5.528906684189765e+27 5930831.694455025 1.9932380153852344e+16 2247.055997892106 5050.341414914886 7.045807825807333e+51 548.066069990226 85
1.6791531120422463e+22 0.0008619255209212458 13480.74937129058 6576734.869710145 5.488219740790873e+34 2.7855813645827007e+48 7.045807825807333e+51 4.2960586984640223e+46 9.574082396143739e+19 84
5.948387867159228e+45 6.952981729627227e+71 1.1113908125960373e+65 2.830802147249802e+21 5605169858.199595 2.7855813645827007e+48 11519183269841.406 1.362979527086635e+18 93802431558214.84 2.3661137259993287e+48 147.38957657188692 326915294237214.0 7820991946778880.0 4.187073756563317e+16 7.541845743833129 1455478.9583172263 0.0011186480473198586 2.0823291250570638e+21 7.045807825807333e+51 4.2960586984640223e+46 4050793.2992764763 9.574082396143739e+19 84
1.6791531120422463e+22 6.952981729627227e+71 1.1113908125960373e+65 5.488219740790873e+34 0.02502443479224431 1.362979527086635e+18 10.121959641466207 359081735672.35724 17891779275.291233 326915294237214.0 15.815561939790948 1.9932380153852344e+16 7.253943910362808e+20 2097734539500094.2 2.0823291250570638e+21 7.045807825807333e+51 4.2960586984640223e+46 36681.45792850845 84
1.6791531120422463e+22 6.952981729627227e+71 1.1113908125960373e+65 32402.543796745496 3309298.9143409026 2.7855813645827007e+48 11519183269841.406 1.3118379227580738e+26 93802431558214.84 2.3661137259993287e+48 154.57931201441798 7820991946778880.0 1191892510119.8037 761034.0897046897 4.2960586984640223e+46 85
5.948387867159228e+45 6.952981729627227e+71 1.1113908125960373e+65 2.830802147249802e+21 5.488219740790873e+34 2.7855813645827007e+48 2.2013792146757933e+23 1.3118379227580738e+26 1.3886927638385802e-226 359081735672.35724 147.38957657188692 5.528906684189765e+27 1147920732363.196 4.187073756563317e+16 7.541845743833129 1455478.9583172263 2097734539500094.2 12850.139707032275 7.045807825807333e+51 4.2960586984640223e+46 36681.45792850845 84
5.948387867159228e+45 6.952981729627227e+71 1.1113908125960373e+65 32402.543796745496 3309298.9143409026 133.3133683760009 2.2013792146757933e+23 1.3118379227580738e+26 93802431558214.84 2.3661137259993287e+48 0.0017187488312504966 5930831.694455025 4.187073756563317e+16 7.253943910362808e+20 1191892510119.8037 12850.139707032275 7.045807825807333e+51 4.2960586984640223e+46 6023498891.691089 9.574082396143739e+19 84
5.948387867159228e+45 6.952981729627227e+71 13480.74937129058 32402.543796745496 3309298.9143409026 11519183269841.406 1.3118379227580738e+26 2.645666668082073e+18 2.3661137259993287e+48 175899.52346804694 154.57931201441798 7820991946778880.0 1191892510119.8037 946.0436352548908 6023498891.691089 9.574082396143739e+19 84
1.6791531120422463e+22 6.952981729627227e+71 1.1113908125960373e+65 0.00015168109116201473 3309298.9143409026 2.7855813645827007e+48 14.33691089183985 1.3118379227580738e+26 93802431558214.84 2.3661137259993287e+48 175899.52346804694 5.528906684189765e+27 5930831.694455025 1.9932380153852344e+16 7.253943910362808e+20 1191892510119.8037 2.0823291250570638e+21 7.045807825807333e+51 0.1568173742392991 85
5.948387867159228e+45 6.952981729627227e+71 1.1113908125960373e+65 5.488219740790873e+34 133.3133683760009 11519183269841.406 1.3118379227580738e+26 10.121959641466207 2.3661137259993287e+48 17891779275.291233 5.528906684189765e+27 1147920732363.196 7.541845743833129 1455478.9583172263 7.045807825807333e+51 4.2960586984640223e+46 4050793.2992764763 84
5.948387867159228e+45 6.952981729627227e+71 1.1113908125960373e+65 5.488219740790873e+34 2.7855813645827007e+48 2.2013792146757933e+23 1.362979527086635e+18 10.121959641466207 359081735672.35724 17891779275.291233 326915294237214.0 15.815561939790948 1.9932380153852344e+16 7.253943910362808e+20 2097734539500094.2 7.045807825807333e+51 548.066069990226 36681.45792850845 9.574082396143739e+19 84
5.948387867159228e+45 6.952981729627227e+71 1.1113908125960373e+65 2.830802147249802e+21 5.488219740790873e+34 2.7855813645827007e+48 14.33691089183985 1.362979527086635e+18 10.121959641466207 2.3661137259993287e+48 147.38957657188692 5.528906684189765e+27 1147920732363.196 4.187073756563317e+16 5050.341414914886 12850.139707032275 36681.45792850845 84
1.6791531120422463e+22 6.952981729627227e+71 1.1113908125960373e+65 5.488219740790873e+34 2.7855813645827007e+48 2.2013792146757933e+23 1.362979527086635e+18 10.121959641466207 359081735672.35724 17891779275.291233 326915294237214.0 5930831.694455025 2097734539500094.2 7.045807825807333e+51 4.2960586984640223e+46 36681.45792850845 9.574082396143739e+19 85
5.948387867159228e+45 6.952981729627227e+71 1.1113908125960373e+65 84
5.948387867159228e+45 6.952981729627227e+71 1.1113908125960373e+65 6576734.869710145 5.488219740790873e+34 2.7855813645827007e+48 2.2013792146757933e+23 1.362979527086635e+18 93802431558214.84 359081735672.35724 2051700.5022309425 5.528906684189765e+27 1147920732363.196 4.187073756563317e+16 2247.055997892106 1455478.9583172263 5050.341414914886 946.0436352548908 7.045807825807333e+51 4.2960586984640223e+46 36681.45792850845 84
5.948387867159228e+45 6.952981729627227e+71 13480.74937129058 6576734.869710145 5.488219740790873e+34 2.7855813645827007e+48 14.33691089183985 1.362979527086635e+18 2.645666668082073e+18 2.3661137259993287e+48 5.528906684189765e+27 7820991946778880.0 1.9932380153852344e+16 2247.055997892106 7.045807825807333e+51 4.2960586984640223e+46 84
1.6791531120422463e+22 6.952981729627227e+71 1.1113908125960373e+65 2.830802147249802e+21 5.488219740790873e+34 2.7855813645827007e+48 2.3661137259993287e+48 85
5.948387867159228e+45 0.0008619255209212458 1.1113908125960373e+65 2.830802147249802e+21 5.488219740790873e+34 2.7855813645827007e+48 1.362979527086635e+18 2.3661137259993287e+48 2051700.5022309425 326915294237214.0 7.045807825807333e+51 548.066069990226 84
5.948387867159228e+45 6.952981729627227e+71 1.1113908125960373e+65 32402.543796745496 5.488219740790873e+34 2.7855813645827007e+48 2.2013792146757933e+23 0.003119346800117403 359081735672.35724 17891779275.291233 326915294237214.0 1147920732363.196 4.187073756563317e+16 2247.055997892106 1191892510119.8037 2.0823291250570638e+21 7.045807825807333e+51 4.2960586984640223e+46 36681.45792850845 9.574082396143739e+19 84
5.948387867159228e+45 6.952981729627227e+71 13480.74937129058 2.2546712196675068e-228 5.488219740790873e+34 2.7855813645827007e+48 11519183269841.406 1.3118379227580738e+26 2.645666668082073e+18 2.3661137259993287e+48 638367747.1291696 5.528906684189765e+27 7820991946778880.0 4.187073756563317e+16 7.253943910362808e+20 2097734539500094.2 2.0823291250570638e+21 7.045807825807333e+51 4.2960586984640223e+46 4050793.2992764763 84
5.948387867159228e+45 6.952981729627227e+71 1.1113908125960373e+65 5.488219740790873e+34 2.7855813645827007e+48 2.2013792146757933e+23 1.3118379227580738e+26 93802431558214.84 2.3661137259993287e+48 638367747.1291696 5.528906684189765e+27 5930831.694455025 1.9932380153852344e+16 7.253943910362808e+20 5050.341414914886 12850.139707032275 8.448061818344714e-81 548.066069990226 6023498891.691089 9.574082396143739e+19 84
5.948387867159228e+45 6.952981729627227e+71 1.1113908125960373e+65 2.830802147249802e+21 5605169858.199595 2.7855813645827007e+48 1.3118379227580738e+26 2.645666668082073e+18 2.3661137259993287e+48 638367747.1291696 0.0017187488312504966 5930831.694455025 5050.341414914886 7.045807825807333e+51 4.2960586984640223e+46 4050793.2992764763 4.696927433521936e-228 84
5.948387867159228e+45 6.952981729627227e+71 1.1113908125960373e+65 2.830802147249802e+21 5.488219740790873e+34 2.7855813645827007e+48 761034.0897046897 4.2960586984640223e+46 84
1.6791531120422463e+22 6.952981729627227e+71 1.1113908125960373e+65 2.830802147249802e+21 5605169858.199595 2.7855813645827007e+48 11519183269841.406 2.645666668082073e+18 2.3661137259993287e+48 175899.52346804694 5.528906684189765e+27 7820991946778880.0 4.187073756563317e+16 7.541845743833129 1455478.9583172263 2097734539500094.2 0.0005166499914790917 7.045807825807333e+51 4.2960586984640223e+46 85
5.948387867159228e+45 6.952981729627227e+71 1.1113908125960373e+65 2.830802147249802e+21 5.488219740790873e+34 2.7855813645827007e+48 2.2013792146757933e+23 1.3118379227580738e+26 1.3886927638385802e-226 359081735672.35724 147.38957657188692 5.528906684189765e+27 1147920732363.196 4.187073756563317e+16 7.541845743833129 1455478.9583172263 2097734539500094.2 12850.139707032275 7.045807825807333e+51 4.2960586984640223e+46 36681.45792850845 84
5.948387867159228e+45 6.952981729627227e+71 1.1113908125960373e+65 2.830802147249802e+21 5605169858.199595 2.7855813645827007e+48 11519183269841.406 1.3118379227580738e+26 1.3886927638385802e-226 2.3661137259993287e+48 147.38957657188692 5.528906684189765e+27 7820991946778880.0 4.187073756563317e+16 7.541845743833129 1455478.9583172263 1191892510119.8037 7.045807825807333e+51 4.2960586984640223e+46 6023498891.691089 9.574082396143739e+19 84
1.6791531120422463e+22 6.952981729627227e+71 1.1113908125960373e+65 2.830802147249802e+21 5.488219740790873e+34 0.003119346800117403 85
5.948387867159228e+45 6.952981729627227e+71 1.1113908125960373e+65 2.830802147249802e+21 5605169858.199595 2.7855813645827007e+48 11519183269841.406 1.3118379227580738e+26 2.645666668082073e+18 2.3661137259993287e+48 638367747.1291696 5.528906684189765e+27 1147920732363.196 1.9932380153852344e+16 7.253943910362808e+20 5050.341414914886 2.0823291250570638e+21 7.045807825807333e+51 4.2960586984640223e+46 84
5.948387867159228e+45 6.952981729627227e+71 1.1113908125960373e+65 6576734.869710145 5.488219740790873e+34 2.7855813645827007e+48 2.2013792146757933e+23 1.362979527086635e+18 93802431558214.84 2.3661137259993287e+48 2051700.5022309425 5.528906684189765e+27 1147920732363.196 4.187073756563317e+16 2247.055997892106 1455478.9583172263 5050.341414914886 946.0436352548908 7.045807825807333e+51 4.2960586984640223e+46 36681.45792850845 84
1.6791531120422463e+22 6.952981729627227e+71 1.1113908125960373e+65 2.830802147249802e+21 5.488219740790873e+34 0.003119346800117403 85
5.948387867159228e+45 6.952981729627227e+71 1.1113908125960373e+65 2.830802147249802e+21 5.488219740790873e+34 2.7855813645827007e+48 2.2013792146757933e+23 10.121959641466207 359081735672.35724 17891779275.291233 326915294237214.0 15.815561939790948 4.187073756563317e+16 2247.055997892106 2097734539500094.2 2.0823291250570638e+21 7.045807825807333e+51 4.2960586984640223e+46 84
1.6791531120422463e+22 6.952981729627227e+71 1.1113908125960373e+65 5.488219740790873e+34 2.7855813645827007e+48 2.2013792146757933e+23 1.362979527086635e+18 0.07346818228204521 2.3661137259993287e+48 2051700.5022309425 5.528906684189765e+27 1147920732363.196 4.187073756563317e+16 7.253943910362808e+20 5050.341414914886 7.045807825807333e+51 0.75 84
1.6791531120422463e+22 6.952981729627227e+71 1.1113908125960373e+65 2.830802147249802e+21 5605169858.199595 2.7855813645827007e+48 11519183269841.406 1.3118379227580738e+26 2.645666668082073e+18 2.3661137259993287e+48 175899.52346804694 5.528906684189765e+27 7820991946778880.0 4.187073756563317e+16 7.253943910362808e+20 5050.341414914886 3.608614979413195e-228 7.045807825807333e+51 4.2960586984640223e+46 4050793.2992764763 85
1.6791531120422463e+22 6.952981729627227e+71 1.1113908125960373e+65 14.33691089183985 1.3118379227580738e+26 93802431558214.84 2.3661137259993287e+48 2051700.5022309425 5.528906684189765e+27 5930831.694455025 4.187073756563317e+16 7.253943910362808e+20 5050.341414914886 0.0005166499914790917 85
1.6791531120422463e+22 6.952981729627227e+71 1.1113908125960373e+65 2.830802147249802e+21 3309298.9143409026 2.7855813645827007e+48 14.33691089183985 1.3118379227580738e+26 93802431558214.84 2.3661137259993287e+48 638367747.1291696 5.528906684189765e+27 7820991946778880.0 1191892510119.8037 0.0005166499914790917 761034.0897046897 4.2960586984640223e+46 85
1.6791531120422463e+22 6.952981729627227e+71 1.1113908125960373e+65 2.830802147249802e+21 3309298.9143409026 2.7855813645827007e+48 11519183269841.406 1.3118379227580738e+26 2.645666668082073e+18 2.3661137259993287e+48 175899.52346804694 5.528906684189765e+27 7820991946778880.0 5050.341414914886 0.0005166499914790917 761034.0897046897 4.2960586984640223e+46 85
5.948387867159228e+45 6.952981729627227e+71 1.1113908125960373e+65 2.830802147249802e+21 5.488219740790873e+34 2.7855813645827007e+48 2.2013792146757933e+23 1.362979527086635e+18 10.121959641466207 2.3661137259993287e+48 17891779275.291233 326915294237214.0 1147920732363.196 4.187073756563317e+16 7.253943910362808e+20 5050.341414914886 12850.139707032275 7.045807825807333e+51 4.2960586984640223e+46 84
1.6791531120422463e+22 6.952981729627227e+71 1.1113908125960373e+65 32402.543796745496 5605169858.199595 2.7855813645827007e+48 2.2013792146757933e+23 1.3118379227580738e+26 10.121959641466207 2.3661137259993287e+48 175899.52346804694 154.57931201441798 1147920732363.196 4.187073756563317e+16 7.253943910362808e+20 1191892510119.8037 946.0436352548908 7.045807825807333e+51 4.2960586984640223e+46 84
1.6791531120422463e+22 0.0008619255209212458 13480.74937129058 2.830802147249802e+21 5.488219740790873e+34 11519183269841.406 2.645666668082073e+18 2.3661137259993287e+48 17891779275.291233 5.528906684189765e+27 7820991946778880.0 4.187073756563317e+16 7.253943910362808e+20 5050.341414914886 7.045807825807333e+51 4.2960586984640223e+46 4050793.2992764763 9.574082396143739e+19 85
5.948387867159228e+45 6.952981729627227e+71 1.1113908125960373e+65 84
5.948387867159228e+45 6.952981729627227e+71 1.1113908125960373e+65 84
1.6791531120422463e+22 6.952981729627227e+71 1.1113908125960373e+65 2.2546712196675068e-228 5.488219740790873e+34 2.7855813645827007e+48 2.2013792146757933e+23 1.3118379227580738e+26 0.07346818228204521 2.3661137259993287e+48 2051700.5022309425 154.57931201441798 5930831.694455025 5050.341414914886 3.608614979413195e-228 7.045807825807333e+51 0.1568173742392991 85
5.948387867159228e+45 6.952981729627227e+71 1.1113908125960373e+65 2.830802147249802e+21 3309298.9143409026 2.7855813645827007e+48 2.2013792146757933e+23 1.3118379227580738e+26 0.07346818228204521 2.3661137259993287e+48 638367747.1291696 5.528906684189765e+27 1147920732363.196 4.187073756563317e+16 7.253943910362808e+20 1191892510119.8037 2.0823291250570638e+21 7.045807825807333e+51 4.2960586984640223e+46 6023498891.691089 9.574082396143739e+19 84
1.6791531120422463e+22 6.952981729627227e+71 1.1113908125960373e+65 5.488219740790873e+34 2.7855813645827007e+48 2.2013792146757933e+23 4.638029291178365e-226 93802431558214.84 2.3661137259993287e+48 147.38957657188692 326915294237214.0 15.815561939790948 4.187073756563317e+16 7.253943910362808e+20 5050.341414914886 2.0823291250570638e+21 7.045807825807333e+51 4.2960586984640223e+46 84
1.6791531120422463e+22 6.952981729627227e+71 1.1113908125960373e+65 2.2546712196675068e-228 5.488219740790873e+34 2.7855813645827007e+48 2.2013792146757933e+23 1.362979527086635e+18 359081735672.35724 17891779275.291233 326915294237214.0 15.815561939790948 5050.341414914886 2.0823291250570638e+21 7.045807825807333e+51 4.2960586984640223e+46 85
5.948387867159228e+45 0.0008619255209212458 1.1113908125960373e+65 2.2546712196675068e-228 5.488219740790873e+34 2.7855813645827007e+48 154.57931201441798 4.187073756563317e+16 1191892510119.8037 761034.0897046897 4.2960586984640223e+46 4050793.2992764763 9.574082396143739e+19 84
1.6791531120422463e+22 0.0008619255209212458 13480.74937129058 2.830802147249802e+21 5.488219740790873e+34 11519183269841.406 2.645666668082073e+18 2.3661137259993287e+48 17891779275.291233 5.528906684189765e+27 7820991946778880.0 4.187073756563317e+16 7.253943910362808e+20 5050.341414914886 7.045807825807333e+51 4.2960586984640223e+46 4050793.2992764763 9.574082396143739e+19 85
1.6791531120422463e+22 6.952981729627227e+71 1.1113908125960373e+65 5.488219740790873e+34 2.7855813645827007e+48 93802431558214.84 2.3661137259993287e+48 5.528906684189765e+27 7820991946778880.0 4.187073756563317e+16 7.253943910362808e+20 5050.341414914886 3.608614979413195e-228 7.045807825807333e+51 4.2960586984640223e+46 84
1.6791531120422463e+22 6.952981729627227e+71 1.1113908125960373e+65 2.830802147249802e+21 5.488219740790873e+34 0.003119346800117403 85
5.948387867159228e+45 0.0008619255209212458 13480.74937129058 6576734.869710145 5.488219740790873e+34 2.7855813645827007e+48 11519183269841.406 1.362979527086635e+18 0.07346818228204521 359081735672.35724 638367747.1291696 5.528906684189765e+27 1147920732363.196 0.05526229349953952 7.253943910362808e+20 1455478.9583172263 7.045807825807333e+51 4.2960586984640223e+46 4050793.2992764763 85
5.948387867159228e+45 6.952981729627227e+71 1.1113908125960373e+65 3309298.9143409026 14.33691089183985 1.3118379227580738e+26 2.645666668082073e+18 2.3661137259993287e+48 175899.52346804694 5.528906684189765e+27 7820991946778880.0 1.9932380153852344e+16 7.253943910362808e+20 2.0823291250570638e+21 7.045807825807333e+51 4.2960586984640223e+46 84
5.948387867159228e+45 6.952981729627227e+71 1.1113908125960373e+65 32402.543796745496 5605169858.199595 133.3133683760009 11519183269841.406 93802431558214.84 2.3661137259993287e+48 638367747.1291696 154.57931201441798 1147920732363.196 4.187073756563317e+16 7.253943910362808e+20 5050.341414914886 0.0005166499914790917 7.045807825807333e+51 4.2960586984640223e+46 6023498891.691089 84
1.6791531120422463e+22 6.952981729627227e+71 1.1113908125960373e+65 2.830802147249802e+21 5605169858.199595 2.7855813645827007e+48 11519183269841.406 2.645666668082073e+18 2.3661137259993287e+48 175899.52346804694 5.528906684189765e+27 7820991946778880.0 4.187073756563317e+16 7.541845743833129 1455478.9583172263 2097734539500094.2 0.0005166499914790917 7.045807825807333e+51 4.2960586984640223e+46 85
1.6791531120422463e+22 6.952981729627227e+71 1.1113908125960373e+65 6576734.869710145 3309298.9143409026 2.7855813645827007e+48 2.3661137259993287e+48 7.045807825807333e+51 4.2960586984640223e+46 85
5.948387867159228e+45 6.952981729627227e+71 1.1113908125960373e+65 32402.543796745496 5.488219740790873e+34 2.7855813645827007e+48 2.2013792146757933e+23 1.362979527086635e+18 2.645666668082073e+18 2.3661137259993287e+48 638367747.1291696 5.528906684189765e+27 5930831.694455025 4.187073756563317e+16 2247.055997892106 1455478.9583172263 5050.341414914886 12850.139707032275 761034.0897046897 4.2960586984640223e+46 84
5.948387867159228e+45 6.952981729627227e+71 1.1113908125960373e+65 6576734.869710145 3.9228147703370905e-82 2.7855813645827007e+48 14.33691089183985 93802431558214.84 2.3661137259993287e+48 2051700.5022309425 5.528906684189765e+27 761034.0897046897 548.066069990226 9.574082396143739e+19 84
1.6791531120422463e+22 0.0008619255209212458 13480.74937129058 6576734.869710145 5.488219740790873e+34 2.7855813645827007e+48 2.3661137259993287e+48 8.448061818344714e-81 4.2960586984640223e+46 85
5.948387867159228e+45 6.952981729627227e+71 1.1113908125960373e+65 32402.543796745496 5.488219740790873e+34 2.7855813645827007e+48 2.2013792146757933e+23 1.362979527086635e+18 10.121959641466207 2.3661137259993287e+48 147.38957657188692 5.528906684189765e+27 5930831.694455025 2097734539500094.2 12850.139707032275 7.045807825807333e+51 4.2960586984640223e+46 36681.45792850845 9.574082396143739e+19 84
1.6791531120422463e+22 6.952981729627227e+71 1.1113908125960373e+65 2.830802147249802e+21 5605169858.199595 0.19 2.645666668082073e+18 2.3661137259993287e+48 638367747.1291696 5930831.694455025 1.9932380153852344e+16 7.541845743833129 1455478.9583172263 1191892510119.8037 761034.0897046897 4.2960586984640223e+46 85
1.6791531120422463e+22 6.952981729627227e+71 1.1113908125960373e+65 14.33691089183985 1.3118379227580738e+26 93802431558214.84 2.3661137259993287e+48 2051700.5022309425 5.528906684189765e+27 5930831.694455025 4.187073756563317e+16 7.253943910362808e+20 5050.341414914886 0.0005166499914790917 85
5.948387867159228e+45 6.952981729627227e+71 1.1113908125960373e+65 2.830802147249802e+21 5.488219740790873e+34 2.7855813645827007e+48 2.2013792146757933e+23 1.362979527086635e+18 10.121959641466207 2.3661137259993287e+48 17891779275.291233 326915294237214.0 1147920732363.196 4.187073756563317e+16 7.253943910362808e+20 5050.341414914886 12850.139707032275 7.045807825807333e+51 4.2960586984640223e+46 84
