1.0752455077339124e+43 7.47304841591588e+67 1.7525356135110818e+61 3.750749862060971e+33 2.0050380974554822e+17 310217881045298.7 6.676050493531002 1.7954057942401103e+21 84
3.292900390306403e+21 7.47304841591588e+67 30304.745234238424 4.045118841856723e+18 384842.20452553756 7.387500810157663e+45 2.005563805637482e+22 2.0050380974554822e+17 20245137592303.355 21350677969.863335 196980.84402254975 7.900617286574066e+24 6.381851831665743e+16 350681082920772.3 8.337626664736278e+20 82.72767429896115 10291.946450926163 1.363986698660641e+45 11615.196708902386 84
3.292900390306403e+21 7.47304841591588e+67 1.7525356135110818e+61 3423.792769814067 3.750749862060971e+33 7.387500810157663e+45 2.005563805637482e+22 0.26 4.272672315859841 21350677969.863335 331.33199553718237 7.900617286574066e+24 300092544487.9223 0.03766652567001097 8.337626664736278e+20 411375885733983.3 5424.289154614019 2.9821241551895727e+50 11615.196708902386 3.5255253213592274e+18 84
1.0752455077339124e+43 7.47304841591588e+67 1.7525356135110818e+61 3362652.453095048 3.750749862060971e+33 7.387500810157663e+45 57.27461734723617 2.0050380974554822e+17 3.937738364219285e+16 2.277747570931359e+46 7.900617286574066e+24 6.381851831665743e+16 1.2200820478820109e+17 783.090960709861 507229.1972838899 670698090778.3292 1.7954057942401103e+21 2.9821241551895727e+50 1.363986698660641e+45 84
3.292900390306403e+21 7.47304841591588e+67 1.7525356135110818e+61 4.045118841856723e+18 83425826.0345168 0.19 3.937738364219285e+16 2.277747570931359e+46 222468869.4253781 427140.3766601178 1.2200820478820109e+17 4.243924346828157 507229.1972838899 670698090778.3292 10291.946450926163 1.363986698660641e+45 85
1.0752455077339124e+43 0.002842756654340451 30304.745234238424 3362652.453095048 3.750749862060971e+33 7.387500810157663e+45 84
3.292900390306403e+21 7.47304841591588e+67 1.7525356135110818e+61 4.045118841856723e+18 83425826.0345168 7.387500810157663e+45 57.27461734723617 2.5725775423875477e+25 3.937738364219285e+16 2.277747570931359e+46 108936.39058876681 427140.3766601178 350681082920772.3 8.337626664736278e+20 6.93729909233687e-06 2.9821241551895727e+50 1.363986698660641e+45 85
3.292900390306403e+21 7.47304841591588e+67 1.7525356135110818e+61 4.045118841856723e+18 384842.20452553756 7.387500810157663e+45 753803891511.3293 2.5725775423875477e+25 3.937738364219285e+16 2.277747570931359e+46 108936.39058876681 347.4945319048498 6.381851831665743e+16 670698090778.3292 27.539195587899822 2.9821241551895727e+50 1.363986698660641e+45 85
3.292900390306403e+21 7.47304841591588e+67 30304.745234238424 4.045118841856723e+18 3.750749862060971e+33 82.56234556180404 2.005563805637482e+22 2.5725775423875477e+25 3.937738364219285e+16 21350677969.863335 331.33199553718237 300092544487.9223 1.2200820478820109e+17 4.243924346828157 2.9821241551895727e+50 1.363986698660641e+45 84
1.0752455077339124e+43 7.47304841591588e+67 1.7525356135110818e+61 3.750749862060971e+33 2.005563805637482e+22 1.807123590719854e-05 4.272672315859841 2.277747570931359e+46 331.33199553718237 310217881045298.7 6.676050493531002 1.2200820478820109e+17 8.337626664736278e+20 1.7954057942401103e+21 2.9821241551895727e+50 57.911029114440666 433814295.37948734 3.5255253213592274e+18 84
3.292900390306403e+21 7.47304841591588e+67 1.7525356135110818e+61 1.1011585860852175e-06 3.750749862060971e+33 2.005563805637482e+22 2.0050380974554822e+17 2.1298242319198275e-05 21350677969.863335 331.33199553718237 7.900617286574066e+24 6.676050493531002 350681082920772.3 8.337626664736278e+20 411375885733983.3 1.7954057942401103e+21 85
3.292900390306403e+21 7.47304841591588e+67 1.7525356135110818e+61 2.005563805637482e+22 2.0050380974554822e+17 3.937738364219285e+16 2.277747570931359e+46 4249897984.522554 7.900617286574066e+24 300092544487.9223 1.2200820478820109e+17 8.337626664736278e+20 411375885733983.3 1.7954057942401103e+21 2.9821241551895727e+50 1.363986698660641e+45 84
1.0752455077339124e+43 7.47304841591588e+67 1.7525356135110818e+61 3423.792769814067 3.750749862060971e+33 7.387500810157663e+45 20245137592303.355 21350677969.863335 331.33199553718237 310217881045298.7 427140.3766601178 350681082920772.3 4.243924346828157 507229.1972838899 411375885733983.3 5424.289154614019 2.9821241551895727e+50 1.363986698660641e+45 11615.196708902386 3.5255253213592274e+18 84
3.292900390306403e+21 7.47304841591588e+67 1.7525356135110818e+61 3362652.453095048 83425826.0345168 7.387500810157663e+45 753803891511.3293 2.5725775423875477e+25 20245137592303.355 2.277747570931359e+46 222468869.4253781 7.900617286574066e+24 6.676050493531002 350681082920772.3 1.7954057942401103e+21 2.9821241551895727e+50 57.911029114440666 84
1.0752455077339124e+43 7.47304841591588e+67 1.7525356135110818e+61 3.750749862060971e+33 7.387500810157663e+45 21350677969.863335 4249897984.522554 6.676050493531002 0.03766652567001097 8.337626664736278e+20 1.7954057942401103e+21 84
1.0752455077339124e+43 7.47304841591588e+67 1.7525356135110818e+61 4.045118841856723e+18 384842.20452553756 82.56234556180404 2.005563805637482e+22 2.5725775423875477e+25 3.937738364219285e+16 2.277747570931359e+46 196980.84402254975 2.32687283987862e-283 6.381851831665743e+16 1.2200820478820109e+17 8.337626664736278e+20 411375885733983.3 1.7954057942401103e+21 4.181831212194217e-148 1.363986698660641e+45 85
1.0752455077339124e+43 7.47304841591588e+67 1.7525356135110818e+61 3423.792769814067 3.750749862060971e+33 7.387500810157663e+45 2.005563805637482e+22 2.0050380974554822e+17 4.272672315859841 21350677969.863335 331.33199553718237 310217881045298.7 350681082920772.3 8.337626664736278e+20 1.7954057942401103e+21 2.9821241551895727e+50 57.911029114440666 11615.196708902386 3.5255253213592274e+18 84
3.292900390306403e+21 7.47304841591588e+67 1.7525356135110818e+61 85
3.292900390306403e+21 7.47304841591588e+67 1.7525356135110818e+61 3423.792769814067 2.107111445148584e-151 82.56234556180404 753803891511.3293 2.5725775423875477e+25 3.937738364219285e+16 2.277747570931359e+46 196980.84402254975 7.900617286574066e+24 6.381851831665743e+16 350681082920772.3 8.337626664736278e+20 411375885733983.3 27.539195587899822 10291.946450926163 1.363986698660641e+45 85
1.0752455077339124e+43 7.47304841591588e+67 1.7525356135110818e+61 4.045118841856723e+18 3.750749862060971e+33 7.387500810157663e+45 753803891511.3293 2.5725775423875477e+25 3.937738364219285e+16 2.277747570931359e+46 222468869.4253781 347.4945319048498 411375885733983.3 5424.289154614019 2.9821241551895727e+50 1.363986698660641e+45 433814295.37948734 0.005712258194587818 84
3.292900390306403e+21 7.47304841591588e+67 1.7525356135110818e+61 1.1011585860852175e-06 3.750749862060971e+33 7.387500810157663e+45 2.005563805637482e+22 2.0050380974554822e+17 21350677969.863335 4249897984.522554 310217881045298.7 6.676050493531002 82.72767429896115 1.7954057942401103e+21 2.9821241551895727e+50 1.363986698660641e+45 85
1.0752455077339124e+43 7.47304841591588e+67 1.7525356135110818e+61 4.045118841856723e+18 3.750749862060971e+33 7.387500810157663e+45 0.017056539926042703 2.0050380974554822e+17 4.272672315859841 21350677969.863335 4249897984.522554 310217881045298.7 6.676050493531002 411375885733983.3 1.7954057942401103e+21 2.9821241551895727e+50 1.363986698660641e+45 84
3.292900390306403e+21 7.47304841591588e+67 1.7525356135110818e+61 4.045118841856723e+18 384842.20452553756 7.387500810157663e+45 2.005563805637482e+22 2.0050380974554822e+17 0.2201663307888419 21350677969.863335 196980.84402254975 310217881045298.7 6.381851831665743e+16 350681082920772.3 411375885733983.3 85
1.0752455077339124e+43 7.47304841591588e+67 1.7525356135110818e+61 3423.792769814067 3.750749862060971e+33 7.387500810157663e+45 20245137592303.355 2.277747570931359e+46 196980.84402254975 7.900617286574066e+24 300092544487.9223 4.181831212194217e-148 0.005024034315721817 3.5255253213592274e+18 85
3.292900390306403e+21 7.47304841591588e+67 1.7525356135110818e+61 4.045118841856723e+18 3.750749862060971e+33 7.387500810157663e+45 753803891511.3293 2.5725775423875477e+25 3.937738364219285e+16 21350677969.863335 108936.39058876681 7.900617286574066e+24 6.381851831665743e+16 82.72767429896115 10291.946450926163 57.911029114440666 85
3.292900390306403e+21 7.47304841591588e+67 1.7525356135110818e+61 4.045118841856723e+18 3.750749862060971e+33 7.387500810157663e+45 753803891511.3293 2.5725775423875477e+25 3.937738364219285e+16 21350677969.863335 108936.39058876681 7.900617286574066e+24 6.381851831665743e+16 82.72767429896115 10291.946450926163 57.911029114440666 85
3.292900390306403e+21 7.47304841591588e+67 1.7525356135110818e+61 1.1011585860852175e-06 83425826.0345168 7.387500810157663e+45 2.5725775423875477e+25 0.2201663307888419 21350677969.863335 222468869.4253781 310217881045298.7 6.381851831665743e+16 350681082920772.3 783.090960709861 507229.1972838899 6.93729909233687e-06 2.9821241551895727e+50 1.363986698660641e+45 85
1.0752455077339124e+43 7.47304841591588e+67 1.7525356135110818e+61 3.750749862060971e+33 0.19 4.272672315859841 2.277747570931359e+46 331.33199553718237 8.337626664736278e+20 507229.1972838899 433814295.37948734 3.5255253213592274e+18 84
3.292900390306403e+21 7.47304841591588e+67 1.7525356135110818e+61 3362652.453095048 3.750749862060971e+33 7.387500810157663e+45 2.005563805637482e+22 2.0050380974554822e+17 0.00039923508423316846 21350677969.863335 196980.84402254975 310217881045298.7 300092544487.9223 1.2200820478820109e+17 783.090960709861 82.72767429896115 1.7954057942401103e+21 2.9821241551895727e+50 1.363986698660641e+45 433814295.37948734 3.5255253213592274e+18 85
1.0752455077339124e+43 7.47304841591588e+67 1.7525356135110818e+61 3.750749862060971e+33 82.56234556180404 753803891511.3293 2.5725775423875477e+25 4.272672315859841 2.277747570931359e+46 4249897984.522554 7.900617286574066e+24 300092544487.9223 4.243924346828157 507229.1972838899 2.9821241551895727e+50 1.363986698660641e+45 388910.8971727264 84
3.292900390306403e+21 7.47304841591588e+67 1.7525356135110818e+61 3.750749862060971e+33 7.387500810157663e+45 0.017056539926042703 2.0050380974554822e+17 20245137592303.355 21350677969.863335 331.33199553718237 310217881045298.7 300092544487.9223 4.243924346828157 6.93729909233687e-06 2.9821241551895727e+50 1.363986698660641e+45 84
1.0752455077339124e+43 7.47304841591588e+67 1.7525356135110818e+61 4.045118841856723e+18 83425826.0345168 3.937738364219285e+16 2.277747570931359e+46 6.381851831665743e+16 350681082920772.3 8.337626664736278e+20 2.9821241551895727e+50 1.363986698660641e+45 84
3.292900390306403e+21 7.47304841591588e+67 30304.745234238424 3362652.453095048 2.005563805637482e+22 2.0050380974554822e+17 4.272672315859841 21350677969.863335 222468869.4253781 310217881045298.7 300092544487.9223 4.243924346828157 507229.1972838899 411375885733983.3 1.7954057942401103e+21 1.363986698660641e+45 388910.8971727264 84
1.0752455077339124e+43 7.47304841591588e+67 1.7525356135110818e+61 3423.792769814067 3.750749862060971e+33 7.387500810157663e+45 753803891511.3293 20245137592303.355 21350677969.863335 222468869.4253781 7.900617286574066e+24 427140.3766601178 411375885733983.3 1.7954057942401103e+21 11615.196708902386 84
3.292900390306403e+21 7.47304841591588e+67 1.7525356135110818e+61 57.27461734723617 2.5725775423875477e+25 20245137592303.355 2.277747570931359e+46 196980.84402254975 7.900617286574066e+24 427140.3766601178 350681082920772.3 8.337626664736278e+20 82.72767429896115 1.1933743707328672e-284 85
3.292900390306403e+21 7.47304841591588e+67 1.7525356135110818e+61 4.045118841856723e+18 384842.20452553756 2.005563805637482e+22 2.5725775423875477e+25 3.937738364219285e+16 2.277747570931359e+46 108936.39058876681 347.4945319048498 427140.3766601178 350681082920772.3 8.337626664736278e+20 82.72767429896115 6.93729909233687e-06 10291.946450926163 1.363986698660641e+45 433814295.37948734 85
1.0752455077339124e+43 0.002842756654340451 1.7525356135110818e+61 1.1011585860852175e-06 3.750749862060971e+33 7.387500810157663e+45 347.4945319048498 350681082920772.3 670698090778.3292 10291.946450926163 1.363986698660641e+45 388910.8971727264 3.5255253213592274e+18 84
1.0752455077339124e+43 7.47304841591588e+67 1.7525356135110818e+61 3362652.453095048 7.387500810157663e+45 2.005563805637482e+22 2.5725775423875477e+25 20245137592303.355 2.277747570931359e+46 331.33199553718237 310217881045298.7 427140.3766601178 350681082920772.3 10291.946450926163 1.363986698660641e+45 388910.8971727264 3.5255253213592274e+18 84
3.292900390306403e+21 7.47304841591588e+67 1.7525356135110818e+61 3362652.453095048 384842.20452553756 0.19 2.005563805637482e+22 2.5725775423875477e+25 3.937738364219285e+16 2.277747570931359e+46 196980.84402254975 7.900617286574066e+24 427140.3766601178 6.93729909233687e-06 10291.946450926163 57.911029114440666 85
3.292900390306403e+21 7.47304841591588e+67 1.7525356135110818e+61 4.045118841856723e+18 384842.20452553756 7.387500810157663e+45 753803891511.3293 2.5725775423875477e+25 3.937738364219285e+16 2.277747570931359e+46 222468869.4253781 347.4945319048498 427140.3766601178 670698090778.3292 10291.946450926163 1.363986698660641e+45 85
3.292900390306403e+21 7.47304841591588e+67 1.7525356135110818e+61 3362652.453095048 3.750749862060971e+33 7.387500810157663e+45 753803891511.3293 2.5725775423875477e+25 20245137592303.355 2.277747570931359e+46 331.33199553718237 2.32687283987862e-283 427140.3766601178 1.2200820478820109e+17 8.337626664736278e+20 2.9821241551895727e+50 1.363986698660641e+45 388910.8971727264 84
3.292900390306403e+21 7.47304841591588e+67 1.7525356135110818e+61 384842.20452553756 7.387500810157663e+45 753803891511.3293 2.5725775423875477e+25 3.937738364219285e+16 2.277747570931359e+46 222468869.4253781 7.900617286574066e+24 6.381851831665743e+16 350681082920772.3 8.337626664736278e+20 27.539195587899822 1.363986698660641e+45 85
1.0752455077339124e+43 7.47304841591588e+67 1.7525356135110818e+61 4.045118841856723e+18 3.750749862060971e+33 2.0050380974554822e+17 2.277747570931359e+46 4249897984.522554 7.900617286574066e+24 6.381851831665743e+16 8.337626664736278e+20 670698090778.3292 27.539195587899822 2.9821241551895727e+50 0.75 388910.8971727264 3.5255253213592274e+18 84
3.292900390306403e+21 7.47304841591588e+67 1.7525356135110818e+61 4.045118841856723e+18 384842.20452553756 82.56234556180404 753803891511.3293 2.5725775423875477e+25 3.937738364219285e+16 2.277747570931359e+46 108936.39058876681 347.4945319048498 6.381851831665743e+16 2.9821241551895727e+50 0.005024034315721817 85
1.0752455077339124e+43 7.47304841591588e+67 30304.745234238424 4.045118841856723e+18 7.387500810157663e+45 2.005563805637482e+22 2.0050380974554822e+17 0.00039923508423316846 21350677969.863335 4249897984.522554 6.676050493531002 1.2200820478820109e+17 8.337626664736278e+20 2.9821241551895727e+50 1.363986698660641e+45 84
1.0752455077339124e+43 7.47304841591588e+67 1.7525356135110818e+61 4.045118841856723e+18 384842.20452553756 7.387500810157663e+45 2.005563805637482e+22 2.277747570931359e+46 108936.39058876681 7.900617286574066e+24 427140.3766601178 2.9821241551895727e+50 0.005024034315721817 388910.8971727264 3.5255253213592274e+18 84
1.0752455077339124e+43 7.47304841591588e+67 1.7525356135110818e+61 3362652.453095048 3.750749862060971e+33 7.387500810157663e+45 2.005563805637482e+22 2.5725775423875477e+25 4.272672315859841 21350677969.863335 222468869.4253781 7.900617286574066e+24 427140.3766601178 1.2200820478820109e+17 783.090960709861 507229.1972838899 411375885733983.3 1.7954057942401103e+21 2.9821241551895727e+50 1.363986698660641e+45 11615.196708902386 9.029500405898783e-06 84
1.0752455077339124e+43 7.47304841591588e+67 1.7525356135110818e+61 1.1011585860852175e-06 3.750749862060971e+33 7.387500810157663e+45 2.005563805637482e+22 2.0050380974554822e+17 20245137592303.355 2.277747570931359e+46 196980.84402254975 310217881045298.7 300092544487.9223 1.2200820478820109e+17 4.243924346828157 507229.1972838899 2.9821241551895727e+50 57.911029114440666 11615.196708902386 3.5255253213592274e+18 84
1.0752455077339124e+43 7.47304841591588e+67 1.7525356135110818e+61 4.045118841856723e+18 83425826.0345168 7.387500810157663e+45 753803891511.3293 2.5725775423875477e+25 2.1298242319198275e-05 2.277747570931359e+46 331.33199553718237 7.900617286574066e+24 6.381851831665743e+16 350681082920772.3 4.243924346828157 507229.1972838899 670698090778.3292 2.9821241551895727e+50 1.363986698660641e+45 433814295.37948734 3.5255253213592274e+18 84
1.0752455077339124e+43 7.47304841591588e+67 1.7525356135110818e+61 3362652.453095048 3.750749862060971e+33 7.387500810157663e+45 753803891511.3293 2.5725775423875477e+25 2.1298242319198275e-05 21350677969.863335 4249897984.522554 310217881045298.7 6.676050493531002 0.03766652567001097 8.337626664736278e+20 411375885733983.3 5424.289154614019 2.9821241551895727e+50 1.363986698660641e+45 433814295.37948734 84
1.0752455077339124e+43 7.47304841591588e+67 1.7525356135110818e+61 4.045118841856723e+18 83425826.0345168 7.387500810157663e+45 753803891511.3293 2.5725775423875477e+25 3.937738364219285e+16 2.277747570931359e+46 222468869.4253781 7.900617286574066e+24 300092544487.9223 1.2200820478820109e+17 783.090960709861 411375885733983.3 2.9821241551895727e+50 57.911029114440666 388910.8971727264 3.5255253213592274e+18 84
1.0752455077339124e+43 7.47304841591588e+67 1.7525356135110818e+61 4.045118841856723e+18 384842.20452553756 7.387500810157663e+45 0.017056539926042703 2.5725775423875477e+25 3.937738364219285e+16 2.277747570931359e+46 222468869.4253781 7.900617286574066e+24 427140.3766601178 350681082920772.3 783.090960709861 411375885733983.3 5424.289154614019 2.9821241551895727e+50 1.363986698660641e+45 84
1.0752455077339124e+43 7.47304841591588e+67 1.7525356135110818e+61 4.045118841856723e+18 3.750749862060971e+33 7.387500810157663e+45 2.005563805637482e+22 2.0050380974554822e+17 2.1298242319198275e-05 21350677969.863335 7.900617286574066e+24 300092544487.9223 350681082920772.3 4.243924346828157 411375885733983.3 1.7954057942401103e+21 2.9821241551895727e+50 2.4907426860386737e-149 84
1.0752455077339124e+43 7.47304841591588e+67 1.7525356135110818e+61 3.750749862060971e+33 7.387500810157663e+45 2.005563805637482e+22 2.0050380974554822e+17 4.272672315859841 21350677969.863335 4249897984.522554 310217881045298.7 6.676050493531002 0.03766652567001097 4.243924346828157 411375885733983.3 5424.289154614019 2.9821241551895727e+50 1.363986698660641e+45 84
1.0752455077339124e+43 7.47304841591588e+67 1.7525356135110818e+61 4.045118841856723e+18 384842.20452553756 7.387500810157663e+45 0.017056539926042703 2.5725775423875477e+25 3.937738364219285e+16 2.277747570931359e+46 222468869.4253781 7.900617286574066e+24 427140.3766601178 350681082920772.3 783.090960709861 411375885733983.3 5424.289154614019 2.9821241551895727e+50 1.363986698660641e+45 84
1.0752455077339124e+43 7.47304841591588e+67 1.7525356135110818e+61 4.045118841856723e+18 3.750749862060971e+33 2.0050380974554822e+17 0.00039923508423316846 21350677969.863335 196980.84402254975 310217881045298.7 427140.3766601178 350681082920772.3 4.243924346828157 507229.1972838899 411375885733983.3 5424.289154614019 2.9821241551895727e+50 1.363986698660641e+45 9.029500405898783e-06 84
1.0752455077339124e+43 7.47304841591588e+67 30304.745234238424 3423.792769814067 384842.20452553756 753803891511.3293 2.5725775423875477e+25 3.937738364219285e+16 2.277747570931359e+46 108936.39058876681 347.4945319048498 6.381851831665743e+16 670698090778.3292 27.539195587899822 433814295.37948734 3.5255253213592274e+18 84
1.0752455077339124e+43 7.47304841591588e+67 1.7525356135110818e+61 4.045118841856723e+18 3.750749862060971e+33 7.387500810157663e+45 2.005563805637482e+22 2.5725775423875477e+25 3.937738364219285e+16 2.277747570931359e+46 222468869.4253781 310217881045298.7 6.381851831665743e+16 350681082920772.3 783.090960709861 411375885733983.3 5424.289154614019 2.9821241551895727e+50 0.75 388910.8971727264 3.5255253213592274e+18 84
3.292900390306403e+21 7.47304841591588e+67 1.7525356135110818e+61 3423.792769814067 3.750749862060971e+33 7.387500810157663e+45 0.017056539926042703 2.0050380974554822e+17 0.00039923508423316846 21350677969.863335 196980.84402254975 310217881045298.7 300092544487.9223 1.2200820478820109e+17 8.337626664736278e+20 411375885733983.3 1.7954057942401103e+21 2.9821241551895727e+50 1.363986698660641e+45 433814295.37948734 3.5255253213592274e+18 84
1.0752455077339124e+43 7.47304841591588e+67 1.7525356135110818e+61 4.045118841856723e+18 3.750749862060971e+33 82.56234556180404 753803891511.3293 2.5725775423875477e+25 0.2201663307888419 2.277747570931359e+46 196980.84402254975 347.4945319048498 6.381851831665743e+16 1.2200820478820109e+17 8.337626664736278e+20 670698090778.3292 5424.289154614019 2.9821241551895727e+50 57.911029114440666 11615.196708902386 3.5255253213592274e+18 84
1.0752455077339124e+43 7.47304841591588e+67 1.7525356135110818e+61 4.045118841856723e+18 3.750749862060971e+33 82.56234556180404 2.005563805637482e+22 2.0050380974554822e+17 2.1298242319198275e-05 2.277747570931359e+46 222468869.4253781 7.900617286574066e+24 6.381851831665743e+16 350681082920772.3 8.337626664736278e+20 507229.1972838899 0.0006927902932281452 1.7954057942401103e+21 2.9821241551895727e+50 1.363986698660641e+45 433814295.37948734 3.5255253213592274e+18 84
3.292900390306403e+21 7.47304841591588e+67 1.7525356135110818e+61 4.045118841856723e+18 384842.20452553756 7.387500810157663e+45 2.5725775423875477e+25 3.937738364219285e+16 2.277747570931359e+46 331.33199553718237 7.900617286574066e+24 427140.3766601178 1.2200820478820109e+17 8.337626664736278e+20 411375885733983.3 2.9821241551895727e+50 57.911029114440666 85
1.0752455077339124e+43 7.47304841591588e+67 1.7525356135110818e+61 1.8299848578930355e-151 1.363986698660641e+45 84
1.0752455077339124e+43 7.47304841591588e+67 1.7525356135110818e+61 3423.792769814067 3.750749862060971e+33 7.387500810157663e+45 20245137592303.355 21350677969.863335 331.33199553718237 310217881045298.7 427140.3766601178 350681082920772.3 4.243924346828157 507229.1972838899 411375885733983.3 5424.289154614019 2.9821241551895727e+50 1.363986698660641e+45 11615.196708902386 3.5255253213592274e+18 84
1.0752455077339124e+43 7.47304841591588e+67 1.7525356135110818e+61 3423.792769814067 83425826.0345168 7.387500810157663e+45 2.5725775423875477e+25 0.2201663307888419 2.277747570931359e+46 222468869.4253781 7.900617286574066e+24 300092544487.9223 350681082920772.3 8.337626664736278e+20 82.72767429896115 1.7954057942401103e+21 2.9821241551895727e+50 57.911029114440666 84
1.0752455077339124e+43 7.47304841591588e+67 1.7525356135110818e+61 1.1011585860852175e-06 3.750749862060971e+33 7.387500810157663e+45 57.27461734723617 2.0050380974554822e+17 4.272672315859841 21350677969.863335 331.33199553718237 310217881045298.7 300092544487.9223 350681082920772.3 8.337626664736278e+20 82.72767429896115 1.7954057942401103e+21 2.9821241551895727e+50 57.911029114440666 84
1.0752455077339124e+43 7.47304841591588e+67 1.7525356135110818e+61 3362652.453095048 3.750749862060971e+33 7.387500810157663e+45 4.272672315859841 2.277747570931359e+46 222468869.4253781 310217881045298.7 427140.3766601178 411375885733983.3 6.93729909233687e-06 2.9821241551895727e+50 2.4907426860386737e-149 433814295.37948734 3.5255253213592274e+18 85
1.0752455077339124e+43 7.47304841591588e+67 1.7525356135110818e+61 3362652.453095048 3.750749862060971e+33 7.387500810157663e+45 0.017056539926042703 2.0050380974554822e+17 0.2201663307888419 21350677969.863335 331.33199553718237 310217881045298.7 6.676050493531002 411375885733983.3 1.7954057942401103e+21 2.9821241551895727e+50 57.911029114440666 11615.196708902386 3.5255253213592274e+18 84
3.292900390306403e+21 7.47304841591588e+67 1.7525356135110818e+61 9.393766687839257e-05 384842.20452553756 7.387500810157663e+45 57.27461734723617 2.5725775423875477e+25 20245137592303.355 2.277747570931359e+46 108936.39058876681 7.900617286574066e+24 427140.3766601178 1.2200820478820109e+17 8.337626664736278e+20 670698090778.3292 1.7954057942401103e+21 2.9821241551895727e+50 0.005024034315721817 85
1.0752455077339124e+43 7.47304841591588e+67 30304.745234238424 1.1011585860852175e-06 2.107111445148584e-151 7.387500810157663e+45 2.9821241551895727e+50 1.363986698660641e+45 84
1.0752455077339124e+43 7.47304841591588e+67 1.7525356135110818e+61 4.045118841856723e+18 384842.20452553756 7.387500810157663e+45 753803891511.3293 2.5725775423875477e+25 3.937738364219285e+16 2.277747570931359e+46 222468869.4253781 347.4945319048498 6.381851831665743e+16 0.0006927902932281452 27.539195587899822 2.9821241551895727e+50 1.363986698660641e+45 388910.8971727264 85
3.292900390306403e+21 7.47304841591588e+67 1.7525356135110818e+61 4.045118841856723e+18 83425826.0345168 7.387500810157663e+45 2.005563805637482e+22 2.0050380974554822e+17 4.272672315859841 2.277747570931359e+46 108936.39058876681 310217881045298.7 427140.3766601178 350681082920772.3 507229.1972838899 6.93729909233687e-06 2.9821241551895727e+50 1.363986698660641e+45 388910.8971727264 85
3.292900390306403e+21 7.47304841591588e+67 1.7525356135110818e+61 3.750749862060971e+33 0.017056539926042703 2.0050380974554822e+17 4.272672315859841 21350677969.863335 4249897984.522554 310217881045298.7 6.676050493531002 1.2200820478820109e+17 8.337626664736278e+20 411375885733983.3 1.7954057942401103e+21 2.9821241551895727e+50 1.363986698660641e+45 11615.196708902386 84
1.0752455077339124e+43 7.47304841591588e+67 1.7525356135110818e+61 4.045118841856723e+18 3.750749862060971e+33 7.387500810157663e+45 0.017056539926042703 2.0050380974554822e+17 20245137592303.355 21350677969.863335 222468869.4253781 7.900617286574066e+24 300092544487.9223 350681082920772.3 8.337626664736278e+20 82.72767429896115 1.7954057942401103e+21 2.9821241551895727e+50 1.363986698660641e+45 433814295.37948734 3.5255253213592274e+18 84
3.292900390306403e+21 7.47304841591588e+67 1.7525356135110818e+61 1.1011585860852175e-06 83425826.0345168 753803891511.3293 2.5725775423875477e+25 3.937738364219285e+16 2.277747570931359e+46 222468869.4253781 347.4945319048498 6.381851831665743e+16 350681082920772.3 8.337626664736278e+20 670698090778.3292 2.9821241551895727e+50 1.363986698660641e+45 433814295.37948734 0.005712258194587818 85
1.0752455077339124e+43 0.002842756654340451 30304.745234238424 4.045118841856723e+18 3.750749862060971e+33 7.387500810157663e+45 0.017056539926042703 1.807123590719854e-05 0.00039923508423316846 222468869.4253781 7.900617286574066e+24 300092544487.9223 670698090778.3292 2.9821241551895727e+50 1.363986698660641e+45 11615.196708902386 3.5255253213592274e+18 84
1.0752455077339124e+43 0.002842756654340451 30304.745234238424 4.045118841856723e+18 3.750749862060971e+33 7.387500810157663e+45 753803891511.3293 2.5725775423875477e+25 3.937738364219285e+16 2.277747570931359e+46 222468869.4253781 7.900617286574066e+24 427140.3766601178 0.0006927902932281452 27.539195587899822 2.9821241551895727e+50 1.363986698660641e+45 84
1.0752455077339124e+43 7.47304841591588e+67 1.7525356135110818e+61 4.045118841856723e+18 384842.20452553756 82.56234556180404 753803891511.3293 2.5725775423875477e+25 3.937738364219285e+16 2.277747570931359e+46 222468869.4253781 7.900617286574066e+24 300092544487.9223 350681082920772.3 8.337626664736278e+20 411375885733983.3 1.7954057942401103e+21 2.9821241551895727e+50 57.911029114440666 84
3.292900390306403e+21 7.47304841591588e+67 30304.745234238424 4.045118841856723e+18 3.750749862060971e+33 82.56234556180404 2.005563805637482e+22 2.5725775423875477e+25 3.937738364219285e+16 21350677969.863335 331.33199553718237 300092544487.9223 1.2200820478820109e+17 4.243924346828157 2.9821241551895727e+50 1.363986698660641e+45 84
1.0752455077339124e+43 7.47304841591588e+67 1.7525356135110818e+61 3.750749862060971e+33 7.387500810157663e+45 57.27461734723617 0.2201663307888419 2.277747570931359e+46 4249897984.522554 7.900617286574066e+24 300092544487.9223 350681082920772.3 783.090960709861 2.9821241551895727e+50 1.363986698660641e+45 84
3.292900390306403e+21 7.47304841591588e+67 1.7525356135110818e+61 3423.792769814067 3.750749862060971e+33 7.387500810157663e+45 2.005563805637482e+22 2.277747570931359e+46 222468869.4253781 300092544487.9223 350681082920772.3 783.090960709861 507229.1972838899 411375885733983.3 5424.289154614019 2.9821241551895727e+50 1.363986698660641e+45 84
3.292900390306403e+21 7.47304841591588e+67 1.7525356135110818e+61 3362652.453095048 384842.20452553756 0.19 2.005563805637482e+22 2.5725775423875477e+25 3.937738364219285e+16 2.277747570931359e+46 196980.84402254975 7.900617286574066e+24 427140.3766601178 6.93729909233687e-06 10291.946450926163 57.911029114440666 85
1.0752455077339124e+43 7.47304841591588e+67 1.7525356135110818e+61 4.045118841856723e+18 3.750749862060971e+33 7.387500810157663e+45 2.005563805637482e+22 2.0050380974554822e+17 20245137592303.355 2.277747570931359e+46 507229.1972838899 2.9821241551895727e+50 1.363986698660641e+45 3.5255253213592274e+18 84
1.0752455077339124e+43 7.47304841591588e+67 1.7525356135110818e+61 3.750749862060971e+33 0.017056539926042703 2.0050380974554822e+17 0.00039923508423316846 21350677969.863335 4249897984.522554 310217881045298.7 6.676050493531002 411375885733983.3 1.7954057942401103e+21 2.9821241551895727e+50 1.363986698660641e+45 11615.196708902386 3.5255253213592274e+18 84
3.292900390306403e+21 7.47304841591588e+67 1.7525356135110818e+61 4.045118841856723e+18 83425826.0345168 7.387500810157663e+45 57.27461734723617 2.5725775423875477e+25 20245137592303.355 2.277747570931359e+46 108936.39058876681 7.900617286574066e+24 427140.3766601178 350681082920772.3 8.337626664736278e+20 82.72767429896115 1.7954057942401103e+21 2.9821241551895727e+50 0.005024034315721817 388910.8971727264 3.5255253213592274e+18 85
3.292900390306403e+21 7.47304841591588e+67 1.7525356135110818e+61 4.045118841856723e+18 3.750749862060971e+33 7.387500810157663e+45 753803891511.3293 2.5725775423875477e+25 20245137592303.355 2.277747570931359e+46 222468869.4253781 427140.3766601178 350681082920772.3 8.337626664736278e+20 82.72767429896115 1.7954057942401103e+21 2.9821241551895727e+50 1.363986698660641e+45 433814295.37948734 3.5255253213592274e+18 85
3.292900390306403e+21 7.47304841591588e+67 1.7525356135110818e+61 57.27461734723617 2.5725775423875477e+25 20245137592303.355 2.277747570931359e+46 196980.84402254975 7.900617286574066e+24 427140.3766601178 350681082920772.3 8.337626664736278e+20 82.72767429896115 1.1933743707328672e-284 85
1.0752455077339124e+43 7.47304841591588e+67 1.7525356135110818e+61 4.045118841856723e+18 3.750749862060971e+33 7.387500810157663e+45 2.005563805637482e+22 2.0050380974554822e+17 20245137592303.355 2.277747570931359e+46 507229.1972838899 2.9821241551895727e+50 1.363986698660641e+45 3.5255253213592274e+18 84
3.292900390306403e+21 7.47304841591588e+67 1.7525356135110818e+61 9.393766687839257e-05 384842.20452553756 7.387500810157663e+45 57.27461734723617 2.5725775423875477e+25 20245137592303.355 2.277747570931359e+46 108936.39058876681 7.900617286574066e+24 427140.3766601178 1.2200820478820109e+17 8.337626664736278e+20 670698090778.3292 1.7954057942401103e+21 2.9821241551895727e+50 0.005024034315721817 85
3.292900390306403e+21 7.47304841591588e+67 1.7525356135110818e+61 3423.792769814067 384842.20452553756 7.387500810157663e+45 2.005563805637482e+22 2.5725775423875477e+25 20245137592303.355 2.277747570931359e+46 222468869.4253781 2.32687283987862e-283 300092544487.9223 350681082920772.3 8.337626664736278e+20 1.7954057942401103e+21 4.181831212194217e-148 1.363986698660641e+45 388910.8971727264 3.5255253213592274e+18 84
1.0752455077339124e+43 7.47304841591588e+67 1.7525356135110818e+61 4.045118841856723e+18 3.750749862060971e+33 7.387500810157663e+45 0.017056539926042703 2.0050380974554822e+17 4.272672315859841 2.277747570931359e+46 196980.84402254975 310217881045298.7 6.676050493531002 1.2200820478820109e+17 8.337626664736278e+20 411375885733983.3 1.7954057942401103e+21 2.9821241551895727e+50 1.363986698660641e+45 388910.8971727264 0.005712258194587818 84
3.292900390306403e+21 7.47304841591588e+67 1.7525356135110818e+61 3362652.453095048 3.750749862060971e+33 7.387500810157663e+45 57.27461734723617 2.5725775423875477e+25 3.937738364219285e+16 2.277747570931359e+46 108936.39058876681 347.4945319048498 6.381851831665743e+16 350681082920772.3 0.0006927902932281452 2.9821241551895727e+50 1.363986698660641e+45 433814295.37948734 3.5255253213592274e+18 85
3.292900390306403e+21 7.47304841591588e+67 1.7525356135110818e+61 4.045118841856723e+18 384842.20452553756 7.387500810157663e+45 753803891511.3293 2.5725775423875477e+25 20245137592303.355 2.277747570931359e+46 222468869.4253781 7.900617286574066e+24 6.381851831665743e+16 670698090778.3292 27.539195587899822 10291.946450926163 1.363986698660641e+45 85
1.0752455077339124e+43 7.47304841591588e+67 1.7525356135110818e+61 4.045118841856723e+18 83425826.0345168 7.387500810157663e+45 2.0050380974554822e+17 20245137592303.355 2.277747570931359e+46 1.2200820478820109e+17 8.337626664736278e+20 670698090778.3292 2.9821241551895727e+50 1.363986698660641e+45 84
1.0752455077339124e+43 7.47304841591588e+67 1.7525356135110818e+61 3.750749862060971e+33 7.387500810157663e+45 753803891511.3293 20245137592303.355 21350677969.863335 196980.84402254975 7.900617286574066e+24 427140.3766601178 350681082920772.3 411375885733983.3 1.7954057942401103e+21 10291.946450926163 1.363986698660641e+45 84
3.292900390306403e+21 7.47304841591588e+67 1.7525356135110818e+61 3362652.453095048 3.750749862060971e+33 7.387500810157663e+45 2.005563805637482e+22 2.0050380974554822e+17 2.1298242319198275e-05 222468869.4253781 7.900617286574066e+24 300092544487.9223 783.090960709861 2.9821241551895727e+50 1.363986698660641e+45 11615.196708902386 0.005712258194587818 84
1.0752455077339124e+43 7.47304841591588e+67 1.7525356135110818e+61 3362652.453095048 83425826.0345168 0.19 753803891511.3293 2.5725775423875477e+25 3.937738364219285e+16 2.277747570931359e+46 222468869.4253781 347.4945319048498 6.381851831665743e+16 1.2200820478820109e+17 8.337626664736278e+20 82.72767429896115 1.7954057942401103e+21 2.9821241551895727e+50 0.005024034315721817 84
3.292900390306403e+21 7.47304841591588e+67 1.7525356135110818e+61 4.045118841856723e+18 3.750749862060971e+33 82.56234556180404 2.005563805637482e+22 2.5725775423875477e+25 20245137592303.355 2.277747570931359e+46 222468869.4253781 7.900617286574066e+24 6.381851831665743e+16 1.2200820478820109e+17 8.337626664736278e+20 0.0006927902932281452 6.93729909233687e-06 2.9821241551895727e+50 1.363986698660641e+45 85
3.292900390306403e+21 7.47304841591588e+67 1.7525356135110818e+61 3423.792769814067 3.750749862060971e+33 7.387500810157663e+45 2.005563805637482e+22 2.277747570931359e+46 222468869.4253781 300092544487.9223 350681082920772.3 783.090960709861 507229.1972838899 411375885733983.3 5424.289154614019 2.9821241551895727e+50 1.363986698660641e+45 84
1.0752455077339124e+43 7.47304841591588e+67 30304.745234238424 3423.792769814067 3.750749862060971e+33 7.387500810157663e+45 753803891511.3293 2.5725775423875477e+25 0.2201663307888419 2.277747570931359e+46 196980.84402254975 7.900617286574066e+24 6.381851831665743e+16 1.2200820478820109e+17 8.337626664736278e+20 0.0006927902932281452 1.7954057942401103e+21 2.9821241551895727e+50 1.363986698660641e+45 388910.8971727264 84
3.292900390306403e+21 7.47304841591588e+67 1.7525356135110818e+61 3423.792769814067 3.750749862060971e+33 7.387500810157663e+45 2.005563805637482e+22 2.277747570931359e+46 222468869.4253781 300092544487.9223 350681082920772.3 783.090960709861 507229.1972838899 411375885733983.3 5424.289154614019 2.9821241551895727e+50 1.363986698660641e+45 84
3.292900390306403e+21 7.47304841591588e+67 1.7525356135110818e+61 4.045118841856723e+18 83425826.0345168 7.387500810157663e+45 753803891511.3293 2.5725775423875477e+25 3.937738364219285e+16 2.277747570931359e+46 108936.39058876681 7.900617286574066e+24 6.381851831665743e+16 350681082920772.3 8.337626664736278e+20 82.72767429896115 6.93729909233687e-06 2.9821241551895727e+50 1.363986698660641e+45 388910.8971727264 85
1.0752455077339124e+43 7.47304841591588e+67 1.7525356135110818e+61 84
1.0752455077339124e+43 7.47304841591588e+67 1.7525356135110818e+61 3423.792769814067 384842.20452553756 0.17 2.5725775423875477e+25 4.272672315859841 2.277747570931359e+46 222468869.4253781 7.900617286574066e+24 6.381851831665743e+16 1.2200820478820109e+17 8.337626664736278e+20 82.72767429896115 1.1933743707328672e-284 1.8299848578930355e-151 1.363986698660641e+45 11615.196708902386 84
1.0752455077339124e+43 7.47304841591588e+67 30304.745234238424 4.045118841856723e+18 7.387500810157663e+45 2.005563805637482e+22 2.0050380974554822e+17 0.00039923508423316846 21350677969.863335 4249897984.522554 6.676050493531002 1.2200820478820109e+17 8.337626664736278e+20 2.9821241551895727e+50 1.363986698660641e+45 84
1.0752455077339124e+43 0.002842756654340451 30304.745234238424 2.9821241551895727e+50 1.363986698660641e+45 84
1.0752455077339124e+43 7.47304841591588e+67 1.7525356135110818e+61 1.1011585860852175e-06 3.750749862060971e+33 7.387500810157663e+45 2.005563805637482e+22 2.0050380974554822e+17 2.277747570931359e+46 331.33199553718237 7.900617286574066e+24 6.676050493531002 84
1.0752455077339124e+43 7.47304841591588e+67 1.7525356135110818e+61 4.045118841856723e+18 83425826.0345168 7.387500810157663e+45 2.5725775423875477e+25 3.937738364219285e+16 2.277747570931359e+46 222468869.4253781 2.32687283987862e-283 427140.3766601178 82.72767429896115 2.9821241551895727e+50 1.363986698660641e+45 388910.8971727264 9.029500405898783e-06 84
1.0752455077339124e+43 7.47304841591588e+67 1.7525356135110818e+61 4.045118841856723e+18 3.750749862060971e+33 82.56234556180404 2.005563805637482e+22 2.0050380974554822e+17 20245137592303.355 2.277747570931359e+46 310217881045298.7 300092544487.9223 0.03766652567001097 783.090960709861 507229.1972838899 2.9821241551895727e+50 57.911029114440666 84
1.0752455077339124e+43 7.47304841591588e+67 1.7525356135110818e+61 4.045118841856723e+18 3.750749862060971e+33 2.0050380974554822e+17 2.277747570931359e+46 4249897984.522554 7.900617286574066e+24 6.381851831665743e+16 8.337626664736278e+20 670698090778.3292 27.539195587899822 2.9821241551895727e+50 0.75 388910.8971727264 3.5255253213592274e+18 84
3.292900390306403e+21 7.47304841591588e+67 1.7525356135110818e+61 384842.20452553756 7.387500810157663e+45 753803891511.3293 2.5725775423875477e+25 3.937738364219285e+16 2.277747570931359e+46 222468869.4253781 7.900617286574066e+24 6.381851831665743e+16 350681082920772.3 8.337626664736278e+20 27.539195587899822 1.363986698660641e+45 85
1.0752455077339124e+43 7.47304841591588e+67 1.7525356135110818e+61 3362652.453095048 3.750749862060971e+33 7.387500810157663e+45 0.017056539926042703 2.0050380974554822e+17 2.1298242319198275e-05 21350677969.863335 196980.84402254975 7.900617286574066e+24 300092544487.9223 1.2200820478820109e+17 4.243924346828157 5424.289154614019 2.9821241551895727e+50 1.363986698660641e+45 11615.196708902386 84
1.0752455077339124e+43 7.47304841591588e+67 1.7525356135110818e+61 4.045118841856723e+18 3.750749862060971e+33 2.0050380974554822e+17 0.00039923508423316846 21350677969.863335 196980.84402254975 310217881045298.7 427140.3766601178 350681082920772.3 4.243924346828157 507229.1972838899 411375885733983.3 5424.289154614019 2.9821241551895727e+50 1.363986698660641e+45 9.029500405898783e-06 84
3.292900390306403e+21 7.47304841591588e+67 1.7525356135110818e+61 4.045118841856723e+18 83425826.0345168 7.387500810157663e+45 57.27461734723617 2.0050380974554822e+17 20245137592303.355 6.656186313978786e-153 222468869.4253781 347.4945319048498 427140.3766601178 350681082920772.3 783.090960709861 5424.289154614019 2.9821241551895727e+50 1.363986698660641e+45 85
1.0752455077339124e+43 7.47304841591588e+67 1.7525356135110818e+61 4.045118841856723e+18 2.107111445148584e-151 7.387500810157663e+45 2.005563805637482e+22 2.5725775423875477e+25 3.937738364219285e+16 2.277747570931359e+46 331.33199553718237 2.32687283987862e-283 427140.3766601178 0.03766652567001097 4.243924346828157 507229.1972838899 82.72767429896115 2.9821241551895727e+50 57.911029114440666 433814295.37948734 3.5255253213592274e+18 85
1.0752455077339124e+43 7.47304841591588e+67 1.7525356135110818e+61 2.005563805637482e+22 2.0050380974554822e+17 20245137592303.355 21350677969.863335 4249897984.522554 7.900617286574066e+24 300092544487.9223 0.03766652567001097 783.090960709861 411375885733983.3 1.7954057942401103e+21 2.9821241551895727e+50 1.363986698660641e+45 84
1.0752455077339124e+43 7.47304841591588e+67 1.7525356135110818e+61 9.393766687839257e-05 3.750749862060971e+33 2.005563805637482e+22 2.0050380974554822e+17 0.00039923508423316846 2.277747570931359e+46 4249897984.522554 310217881045298.7 6.381851831665743e+16 350681082920772.3 4.243924346828157 82.72767429896115 27.539195587899822 2.9821241551895727e+50 1.363986698660641e+45 11615.196708902386 3.5255253213592274e+18 84
3.292900390306403e+21 7.47304841591588e+67 1.7525356135110818e+61 1.1011585860852175e-06 3.750749862060971e+33 2.005563805637482e+22 2.0050380974554822e+17 2.1298242319198275e-05 21350677969.863335 331.33199553718237 7.900617286574066e+24 6.676050493531002 350681082920772.3 8.337626664736278e+20 411375885733983.3 1.7954057942401103e+21 85
3.292900390306403e+21 7.47304841591588e+67 1.7525356135110818e+61 1.1011585860852175e-06 83425826.0345168 753803891511.3293 2.5725775423875477e+25 3.937738364219285e+16 2.277747570931359e+46 222468869.4253781 347.4945319048498 6.381851831665743e+16 350681082920772.3 8.337626664736278e+20 670698090778.3292 2.9821241551895727e+50 1.363986698660641e+45 433814295.37948734 0.005712258194587818 85
1.0752455077339124e+43 7.47304841591588e+67 1.7525356135110818e+61 3.750749862060971e+33 82.56234556180404 753803891511.3293 2.5725775423875477e+25 4.272672315859841 2.277747570931359e+46 4249897984.522554 7.900617286574066e+24 300092544487.9223 4.243924346828157 507229.1972838899 2.9821241551895727e+50 1.363986698660641e+45 388910.8971727264 84
1.0752455077339124e+43 7.47304841591588e+67 1.7525356135110818e+61 3362652.453095048 3.750749862060971e+33 7.387500810157663e+45 4.272672315859841 2.277747570931359e+46 222468869.4253781 310217881045298.7 427140.3766601178 411375885733983.3 6.93729909233687e-06 2.9821241551895727e+50 2.4907426860386737e-149 433814295.37948734 3.5255253213592274e+18 85
1.0752455077339124e+43 7.47304841591588e+67 1.7525356135110818e+61 3362652.453095048 83425826.0345168 7.387500810157663e+45 2.005563805637482e+22 2.5725775423875477e+25 3.937738364219285e+16 2.277747570931359e+46 331.33199553718237 7.900617286574066e+24 6.381851831665743e+16 82.72767429896115 2.9821241551895727e+50 57.911029114440666 84
1.0752455077339124e+43 7.47304841591588e+67 1.7525356135110818e+61 3362652.453095048 384842.20452553756 7.387500810157663e+45 57.27461734723617 2.5725775423875477e+25 4.272672315859841 196980.84402254975 7.900617286574066e+24 6.381851831665743e+16 670698090778.3292 2.9821241551895727e+50 1.363986698660641e+45 84
1.0752455077339124e+43 7.47304841591588e+67 1.7525356135110818e+61 3.750749862060971e+33 7.387500810157663e+45 21350677969.863335 4249897984.522554 6.676050493531002 0.03766652567001097 8.337626664736278e+20 1.7954057942401103e+21 84
3.292900390306403e+21 7.47304841591588e+67 1.7525356135110818e+61 85
3.292900390306403e+21 7.47304841591588e+67 1.7525356135110818e+61 3362652.453095048 384842.20452553756 7.387500810157663e+45 57.27461734723617 2.5725775423875477e+25 0.2201663307888419 2.277747570931359e+46 108936.39058876681 347.4945319048498 670698090778.3292 27.539195587899822 2.9821241551895727e+50 0.005024034315721817 85
1.0752455077339124e+43 7.47304841591588e+67 1.7525356135110818e+61 4.045118841856723e+18 83425826.0345168 7.387500810157663e+45 753803891511.3293 2.5725775423875477e+25 2.1298242319198275e-05 2.277747570931359e+46 331.33199553718237 7.900617286574066e+24 6.381851831665743e+16 350681082920772.3 4.243924346828157 507229.1972838899 670698090778.3292 2.9821241551895727e+50 1.363986698660641e+45 433814295.37948734 3.5255253213592274e+18 84
3.292900390306403e+21 7.47304841591588e+67 1.7525356135110818e+61 3423.792769814067 83425826.0345168 7.387500810157663e+45 2.005563805637482e+22 2.5725775423875477e+25 4.272672315859841 2.277747570931359e+46 108936.39058876681 347.4945319048498 300092544487.9223 350681082920772.3 8.337626664736278e+20 670698090778.3292 27.539195587899822 2.9821241551895727e+50 1.363986698660641e+45 84
3.292900390306403e+21 7.47304841591588e+67 1.7525356135110818e+61 9.393766687839257e-05 83425826.0345168 57.27461734723617 2.5725775423875477e+25 3.937738364219285e+16 2.277747570931359e+46 108936.39058876681 347.4945319048498 6.381851831665743e+16 1.2200820478820109e+17 8.337626664736278e+20 2.9821241551895727e+50 57.911029114440666 85
3.292900390306403e+21 7.47304841591588e+67 1.7525356135110818e+61 4.045118841856723e+18 83425826.0345168 7.387500810157663e+45 2.005563805637482e+22 2.0050380974554822e+17 4.272672315859841 2.277747570931359e+46 108936.39058876681 310217881045298.7 427140.3766601178 350681082920772.3 507229.1972838899 6.93729909233687e-06 2.9821241551895727e+50 1.363986698660641e+45 388910.8971727264 85
3.292900390306403e+21 7.47304841591588e+67 1.7525356135110818e+61 1.1011585860852175e-06 3.750749862060971e+33 7.387500810157663e+45 2.005563805637482e+22 2.0050380974554822e+17 21350677969.863335 4249897984.522554 310217881045298.7 6.676050493531002 82.72767429896115 1.7954057942401103e+21 2.9821241551895727e+50 1.363986698660641e+45 85
1.0752455077339124e+43 7.47304841591588e+67 30304.745234238424 4.045118841856723e+18 7.387500810157663e+45 2.005563805637482e+22 2.0050380974554822e+17 0.00039923508423316846 21350677969.863335 4249897984.522554 6.676050493531002 1.2200820478820109e+17 8.337626664736278e+20 2.9821241551895727e+50 1.363986698660641e+45 84
3.292900390306403e+21 7.47304841591588e+67 1.7525356135110818e+61 3362652.453095048 3.750749862060971e+33 7.387500810157663e+45 57.27461734723617 2.5725775423875477e+25 3.937738364219285e+16 2.277747570931359e+46 108936.39058876681 347.4945319048498 6.381851831665743e+16 350681082920772.3 0.0006927902932281452 2.9821241551895727e+50 1.363986698660641e+45 433814295.37948734 3.5255253213592274e+18 85
1.0752455077339124e+43 7.47304841591588e+67 1.7525356135110818e+61 3.750749862060971e+33 7.387500810157663e+45 57.27461734723617 0.2201663307888419 2.277747570931359e+46 4249897984.522554 7.900617286574066e+24 300092544487.9223 350681082920772.3 783.090960709861 2.9821241551895727e+50 1.363986698660641e+45 84
1.0752455077339124e+43 7.47304841591588e+67 1.7525356135110818e+61 4.045118841856723e+18 384842.20452553756 7.387500810157663e+45 2.005563805637482e+22 2.277747570931359e+46 108936.39058876681 7.900617286574066e+24 427140.3766601178 2.9821241551895727e+50 0.005024034315721817 388910.8971727264 3.5255253213592274e+18 84
1.0752455077339124e+43 7.47304841591588e+67 30304.745234238424 4.045118841856723e+18 3.750749862060971e+33 7.387500810157663e+45 21350677969.863335 2.9821241551895727e+50 1.363986698660641e+45 84
1.0752455077339124e+43 7.47304841591588e+67 1.7525356135110818e+61 4.045118841856723e+18 3.750749862060971e+33 7.387500810157663e+45 0.017056539926042703 2.0050380974554822e+17 4.272672315859841 21350677969.863335 4249897984.522554 310217881045298.7 6.676050493531002 411375885733983.3 1.7954057942401103e+21 2.9821241551895727e+50 1.363986698660641e+45 84
1.0752455077339124e+43 7.47304841591588e+67 1.7525356135110818e+61 4.045118841856723e+18 83425826.0345168 7.387500810157663e+45 753803891511.3293 2.5725775423875477e+25 3.937738364219285e+16 2.277747570931359e+46 222468869.4253781 7.900617286574066e+24 300092544487.9223 1.2200820478820109e+17 783.090960709861 411375885733983.3 2.9821241551895727e+50 57.911029114440666 388910.8971727264 3.5255253213592274e+18 84
3.292900390306403e+21 7.47304841591588e+67 1.7525356135110818e+61 3423.792769814067 2.107111445148584e-151 82.56234556180404 753803891511.3293 2.5725775423875477e+25 3.937738364219285e+16 2.277747570931359e+46 196980.84402254975 7.900617286574066e+24 6.381851831665743e+16 350681082920772.3 8.337626664736278e+20 411375885733983.3 27.539195587899822 10291.946450926163 1.363986698660641e+45 85
1.0752455077339124e+43 7.47304841591588e+67 1.7525356135110818e+61 3362652.453095048 3.750749862060971e+33 7.387500810157663e+45 2.005563805637482e+22 2.0050380974554822e+17 3.937738364219285e+16 2.277747570931359e+46 196980.84402254975 7.900617286574066e+24 6.381851831665743e+16 350681082920772.3 8.337626664736278e+20 2.9821241551895727e+50 1.363986698660641e+45 11615.196708902386 84
1.0752455077339124e+43 0.002842756654340451 30304.745234238424 4.045118841856723e+18 3.750749862060971e+33 7.387500810157663e+45 0.017056539926042703 1.807123590719854e-05 0.00039923508423316846 222468869.4253781 7.900617286574066e+24 300092544487.9223 670698090778.3292 2.9821241551895727e+50 1.363986698660641e+45 11615.196708902386 3.5255253213592274e+18 84
1.0752455077339124e+43 7.47304841591588e+67 1.7525356135110818e+61 4.045118841856723e+18 3.750749862060971e+33 2.005563805637482e+22 2.0050380974554822e+17 4.272672315859841 21350677969.863335 4249897984.522554 310217881045298.7 300092544487.9223 350681082920772.3 8.337626664736278e+20 411375885733983.3 5424.289154614019 2.9821241551895727e+50 1.363986698660641e+45 433814295.37948734 3.5255253213592274e+18 84
3.292900390306403e+21 7.47304841591588e+67 1.7525356135110818e+61 3423.792769814067 3.750749862060971e+33 7.387500810157663e+45 2.005563805637482e+22 2.5725775423875477e+25 3.937738364219285e+16 2.277747570931359e+46 222468869.4253781 7.900617286574066e+24 427140.3766601178 1.2200820478820109e+17 4.243924346828157 507229.1972838899 2.9821241551895727e+50 1.363986698660641e+45 84
3.292900390306403e+21 7.47304841591588e+67 1.7525356135110818e+61 4.045118841856723e+18 3.750749862060971e+33 7.387500810157663e+45 753803891511.3293 2.5725775423875477e+25 2.277747570931359e+46 222468869.4253781 7.900617286574066e+24 1.2200820478820109e+17 8.337626664736278e+20 2.9821241551895727e+50 1.363986698660641e+45 388910.8971727264 3.5255253213592274e+18 85
1.0752455077339124e+43 7.47304841591588e+67 1.7525356135110818e+61 3362652.453095048 3.750749862060971e+33 7.387500810157663e+45 0.017056539926042703 1.807123590719854e-05 0.00039923508423316846 2.277747570931359e+46 196980.84402254975 310217881045298.7 6.381851831665743e+16 1.2200820478820109e+17 4.243924346828157 507229.1972838899 5424.289154614019 2.9821241551895727e+50 1.363986698660641e+45 11615.196708902386 3.5255253213592274e+18 84
1.0752455077339124e+43 0.002842756654340451 30304.745234238424 4.045118841856723e+18 3.750749862060971e+33 7.387500810157663e+45 0.017056539926042703 1.807123590719854e-05 0.00039923508423316846 222468869.4253781 7.900617286574066e+24 300092544487.9223 670698090778.3292 2.9821241551895727e+50 1.363986698660641e+45 11615.196708902386 3.5255253213592274e+18 84
3.292900390306403e+21 7.47304841591588e+67 30304.745234238424 4.045118841856723e+18 384842.20452553756 7.387500810157663e+45 2.005563805637482e+22 2.0050380974554822e+17 20245137592303.355 21350677969.863335 196980.84402254975 7.900617286574066e+24 6.381851831665743e+16 350681082920772.3 8.337626664736278e+20 82.72767429896115 10291.946450926163 1.363986698660641e+45 11615.196708902386 84
3.292900390306403e+21 7.47304841591588e+67 1.7525356135110818e+61 4.045118841856723e+18 384842.20452553756 7.387500810157663e+45 753803891511.3293 2.5725775423875477e+25 3.937738364219285e+16 2.277747570931359e+46 108936.39058876681 347.4945319048498 6.381851831665743e+16 670698090778.3292 27.539195587899822 2.9821241551895727e+50 1.363986698660641e+45 85
3.292900390306403e+21 7.47304841591588e+67 1.7525356135110818e+61 3423.792769814067 83425826.0345168 7.387500810157663e+45 3.937738364219285e+16 2.277747570931359e+46 7.900617286574066e+24 2.9821241551895727e+50 1.363986698660641e+45 388910.8971727264 9.029500405898783e-06 85
1.0752455077339124e+43 7.47304841591588e+67 1.7525356135110818e+61 3423.792769814067 3.750749862060971e+33 57.27461734723617 2.5725775423875477e+25 3.937738364219285e+16 2.277747570931359e+46 222468869.4253781 7.900617286574066e+24 300092544487.9223 350681082920772.3 8.337626664736278e+20 411375885733983.3 1.7954057942401103e+21 2.9821241551895727e+50 1.363986698660641e+45 84
1.0752455077339124e+43 7.47304841591588e+67 1.7525356135110818e+61 9.393766687839257e-05 3.750749862060971e+33 2.005563805637482e+22 2.0050380974554822e+17 0.00039923508423316846 2.277747570931359e+46 4249897984.522554 310217881045298.7 6.381851831665743e+16 350681082920772.3 4.243924346828157 82.72767429896115 27.539195587899822 2.9821241551895727e+50 1.363986698660641e+45 11615.196708902386 3.5255253213592274e+18 84
1.0752455077339124e+43 7.47304841591588e+67 1.7525356135110818e+61 4.045118841856723e+18 3.750749862060971e+33 7.387500810157663e+45 2.005563805637482e+22 2.0050380974554822e+17 2.1298242319198275e-05 21350677969.863335 7.900617286574066e+24 300092544487.9223 350681082920772.3 4.243924346828157 411375885733983.3 1.7954057942401103e+21 2.9821241551895727e+50 2.4907426860386737e-149 84
3.292900390306403e+21 7.47304841591588e+67 1.7525356135110818e+61 4.045118841856723e+18 384842.20452553756 7.387500810157663e+45 2.005563805637482e+22 2.0050380974554822e+17 0.2201663307888419 21350677969.863335 196980.84402254975 310217881045298.7 6.381851831665743e+16 350681082920772.3 411375885733983.3 85
1.0752455077339124e+43 7.47304841591588e+67 1.7525356135110818e+61 3362652.453095048 3.750749862060971e+33 753803891511.3293 2.5725775423875477e+25 2.1298242319198275e-05 21350677969.863335 222468869.4253781 7.900617286574066e+24 427140.3766601178 350681082920772.3 783.090960709861 411375885733983.3 5424.289154614019 2.9821241551895727e+50 1.363986698660641e+45 84
3.292900390306403e+21 7.47304841591588e+67 1.7525356135110818e+61 9.393766687839257e-05 384842.20452553756 7.387500810157663e+45 753803891511.3293 2.5725775423875477e+25 3.937738364219285e+16 222468869.4253781 2.32687283987862e-283 6.381851831665743e+16 1.2200820478820109e+17 8.337626664736278e+20 82.72767429896115 1.1933743707328672e-284 10291.946450926163 1.363986698660641e+45 85
1.0752455077339124e+43 7.47304841591588e+67 1.7525356135110818e+61 3362652.453095048 3.750749862060971e+33 7.387500810157663e+45 0.00039923508423316846 21350677969.863335 331.33199553718237 310217881045298.7 300092544487.9223 1.2200820478820109e+17 411375885733983.3 1.7954057942401103e+21 2.9821241551895727e+50 57.911029114440666 84
1.0752455077339124e+43 7.47304841591588e+67 1.7525356135110818e+61 3362652.453095048 3.750749862060971e+33 7.387500810157663e+45 0.017056539926042703 2.0050380974554822e+17 0.2201663307888419 21350677969.863335 331.33199553718237 310217881045298.7 6.676050493531002 411375885733983.3 1.7954057942401103e+21 2.9821241551895727e+50 57.911029114440666 11615.196708902386 3.5255253213592274e+18 84
1.0752455077339124e+43 0.002842756654340451 30304.745234238424 4.045118841856723e+18 3.750749862060971e+33 7.387500810157663e+45 753803891511.3293 2.5725775423875477e+25 3.937738364219285e+16 2.277747570931359e+46 222468869.4253781 7.900617286574066e+24 427140.3766601178 0.0006927902932281452 27.539195587899822 2.9821241551895727e+50 1.363986698660641e+45 84
3.292900390306403e+21 7.47304841591588e+67 1.7525356135110818e+61 4.045118841856723e+18 83425826.0345168 7.387500810157663e+45 57.27461734723617 2.5725775423875477e+25 3.937738364219285e+16 2.277747570931359e+46 108936.39058876681 427140.3766601178 350681082920772.3 8.337626664736278e+20 6.93729909233687e-06 2.9821241551895727e+50 1.363986698660641e+45 85
1.0752455077339124e+43 7.47304841591588e+67 1.7525356135110818e+61 4.045118841856723e+18 3.750749862060971e+33 7.387500810157663e+45 2.005563805637482e+22 2.0050380974554822e+17 2.1298242319198275e-05 21350677969.863335 7.900617286574066e+24 300092544487.9223 350681082920772.3 4.243924346828157 411375885733983.3 1.7954057942401103e+21 2.9821241551895727e+50 2.4907426860386737e-149 84
3.292900390306403e+21 7.47304841591588e+67 1.7525356135110818e+61 4.045118841856723e+18 3.750749862060971e+33 7.387500810157663e+45 753803891511.3293 2.5725775423875477e+25 20245137592303.355 2.277747570931359e+46 196980.84402254975 7.900617286574066e+24 427140.3766601178 1.2200820478820109e+17 783.090960709861 82.72767429896115 2.9821241551895727e+50 57.911029114440666 85
1.0752455077339124e+43 0.002842756654340451 30304.745234238424 4.045118841856723e+18 3.750749862060971e+33 7.387500810157663e+45 753803891511.3293 2.0050380974554822e+17 0.2201663307888419 2.277747570931359e+46 196980.84402254975 7.900617286574066e+24 6.676050493531002 2.9821241551895727e+50 1.363986698660641e+45 388910.8971727264 84
1.0752455077339124e+43 7.47304841591588e+67 1.7525356135110818e+61 84
1.0752455077339124e+43 7.47304841591588e+67 1.7525356135110818e+61 3.750749862060971e+33 2.005563805637482e+22 2.0050380974554822e+17 2.1298242319198275e-05 21350677969.863335 196980.84402254975 310217881045298.7 300092544487.9223 4.243924346828157 411375885733983.3 5424.289154614019 2.9821241551895727e+50 1.363986698660641e+45 433814295.37948734 3.5255253213592274e+18 84
1.0752455077339124e+43 7.47304841591588e+67 1.7525356135110818e+61 3423.792769814067 3.750749862060971e+33 7.387500810157663e+45 2.005563805637482e+22 20245137592303.355 2.277747570931359e+46 331.33199553718237 2.32687283987862e-283 6.676050493531002 350681082920772.3 783.090960709861 507229.1972838899 670698090778.3292 1.7954057942401103e+21 2.9821241551895727e+50 1.363986698660641e+45 388910.8971727264 84
1.0752455077339124e+43 7.47304841591588e+67 1.7525356135110818e+61 0.017056539926042703 2.0050380974554822e+17 21350677969.863335 196980.84402254975 310217881045298.7 6.381851831665743e+16 2.9821241551895727e+50 57.911029114440666 11615.196708902386 3.5255253213592274e+18 84
1.0752455077339124e+43 7.47304841591588e+67 1.7525356135110818e+61 3423.792769814067 3.750749862060971e+33 7.387500810157663e+45 0.005712258194587818 84
3.292900390306403e+21 7.47304841591588e+67 1.7525356135110818e+61 4.045118841856723e+18 384842.20452553756 82.56234556180404 753803891511.3293 2.5725775423875477e+25 3.937738364219285e+16 2.277747570931359e+46 108936.39058876681 347.4945319048498 6.381851831665743e+16 2.9821241551895727e+50 0.005024034315721817 85
3.292900390306403e+21 7.47304841591588e+67 1.7525356135110818e+61 4.045118841856723e+18 384842.20452553756 2.005563805637482e+22 2.5725775423875477e+25 3.937738364219285e+16 2.277747570931359e+46 108936.39058876681 347.4945319048498 427140.3766601178 350681082920772.3 8.337626664736278e+20 82.72767429896115 6.93729909233687e-06 10291.946450926163 1.363986698660641e+45 433814295.37948734 85
1.0752455077339124e+43 7.47304841591588e+67 1.7525356135110818e+61 4.045118841856723e+18 384842.20452553756 7.387500810157663e+45 753803891511.3293 0.26 0.2201663307888419 2.277747570931359e+46 196980.84402254975 2.32687283987862e-283 84
3.292900390306403e+21 7.47304841591588e+67 1.7525356135110818e+61 3362652.453095048 3.750749862060971e+33 82.56234556180404 2.005563805637482e+22 21350677969.863335 222468869.4253781 7.900617286574066e+24 427140.3766601178 350681082920772.3 8.337626664736278e+20 82.72767429896115 2.9821241551895727e+50 1.363986698660641e+45 388910.8971727264 85
3.292900390306403e+21 7.47304841591588e+67 1.7525356135110818e+61 3423.792769814067 83425826.0345168 7.387500810157663e+45 85
1.0752455077339124e+43 0.002842756654340451 30304.745234238424 4.045118841856723e+18 3.750749862060971e+33 7.387500810157663e+45 2.005563805637482e+22 2.5725775423875477e+25 0.2201663307888419 2.277747570931359e+46 222468869.4253781 310217881045298.7 6.381851831665743e+16 670698090778.3292 10291.946450926163 1.363986698660641e+45 84
3.292900390306403e+21 7.47304841591588e+67 1.7525356135110818e+61 3.750749862060971e+33 7.387500810157663e+45 20245137592303.355 2.277747570931359e+46 7.900617286574066e+24 6.381851831665743e+16 350681082920772.3 8.337626664736278e+20 82.72767429896115 6.93729909233687e-06 2.9821241551895727e+50 1.363986698660641e+45 84
3.292900390306403e+21 0.002842756654340451 30304.745234238424 4.045118841856723e+18 3.750749862060971e+33 7.387500810157663e+45 753803891511.3293 2.5725775423875477e+25 0.2201663307888419 2.277747570931359e+46 108936.39058876681 7.900617286574066e+24 427140.3766601178 0.03766652567001097 507229.1972838899 2.9821241551895727e+50 1.363986698660641e+45 388910.8971727264 3.5255253213592274e+18 85
1.0752455077339124e+43 7.47304841591588e+67 1.7525356135110818e+61 3362652.453095048 3.750749862060971e+33 7.387500810157663e+45 0.017056539926042703 1.807123590719854e-05 0.00039923508423316846 2.277747570931359e+46 196980.84402254975 310217881045298.7 6.381851831665743e+16 1.2200820478820109e+17 4.243924346828157 507229.1972838899 5424.289154614019 2.9821241551895727e+50 1.363986698660641e+45 11615.196708902386 3.5255253213592274e+18 84
3.292900390306403e+21 7.47304841591588e+67 1.7525356135110818e+61 3362652.453095048 3.750749862060971e+33 7.387500810157663e+45 2.005563805637482e+22 2.0050380974554822e+17 0.00039923508423316846 21350677969.863335 196980.84402254975 310217881045298.7 300092544487.9223 1.2200820478820109e+17 783.090960709861 82.72767429896115 1.7954057942401103e+21 2.9821241551895727e+50 1.363986698660641e+45 433814295.37948734 3.5255253213592274e+18 85
3.292900390306403e+21 7.47304841591588e+67 1.7525356135110818e+61 4.045118841856723e+18 384842.20452553756 7.387500810157663e+45 2.005563805637482e+22 3.937738364219285e+16 2.277747570931359e+46 196980.84402254975 2.9821241551895727e+50 1.363986698660641e+45 85
1.0752455077339124e+43 7.47304841591588e+67 1.7525356135110818e+61 9.393766687839257e-05 83425826.0345168 7.387500810157663e+45 57.27461734723617 2.5725775423875477e+25 0.2201663307888419 2.277747570931359e+46 196980.84402254975 7.900617286574066e+24 300092544487.9223 4.243924346828157 507229.1972838899 411375885733983.3 1.7954057942401103e+21 84
1.0752455077339124e+43 7.47304841591588e+67 1.7525356135110818e+61 3423.792769814067 3.750749862060971e+33 7.387500810157663e+45 753803891511.3293 2.0050380974554822e+17 0.00039923508423316846 21350677969.863335 222468869.4253781 310217881045298.7 427140.3766601178 350681082920772.3 4.243924346828157 507229.1972838899 5424.289154614019 2.9821241551895727e+50 1.363986698660641e+45 11615.196708902386 84
1.0752455077339124e+43 7.47304841591588e+67 1.7525356135110818e+61 4.045118841856723e+18 3.750749862060971e+33 7.387500810157663e+45 0.017056539926042703 2.0050380974554822e+17 20245137592303.355 21350677969.863335 222468869.4253781 7.900617286574066e+24 300092544487.9223 350681082920772.3 8.337626664736278e+20 82.72767429896115 1.7954057942401103e+21 2.9821241551895727e+50 1.363986698660641e+45 433814295.37948734 3.5255253213592274e+18 84
3.292900390306403e+21 7.47304841591588e+67 1.7525356135110818e+61 4.045118841856723e+18 384842.20452553756 7.387500810157663e+45 2.005563805637482e+22 2.5725775423875477e+25 3.937738364219285e+16 2.277747570931359e+46 222468869.4253781 7.900617286574066e+24 6.381851831665743e+16 85
3.292900390306403e+21 7.47304841591588e+67 1.7525356135110818e+61 9.393766687839257e-05 83425826.0345168 57.27461734723617 2.5725775423875477e+25 3.937738364219285e+16 2.277747570931359e+46 108936.39058876681 347.4945319048498 6.381851831665743e+16 1.2200820478820109e+17 8.337626664736278e+20 2.9821241551895727e+50 57.911029114440666 85
1.0752455077339124e+43 7.47304841591588e+67 1.7525356135110818e+61 4.045118841856723e+18 3.750749862060971e+33 7.387500810157663e+45 0.017056539926042703 2.0050380974554822e+17 4.272672315859841 2.277747570931359e+46 196980.84402254975 310217881045298.7 6.676050493531002 1.2200820478820109e+17 8.337626664736278e+20 411375885733983.3 1.7954057942401103e+21 2.9821241551895727e+50 1.363986698660641e+45 388910.8971727264 0.005712258194587818 84
3.292900390306403e+21 7.47304841591588e+67 1.7525356135110818e+61 4.045118841856723e+18 3.750749862060971e+33 7.387500810157663e+45 2.005563805637482e+22 2.5725775423875477e+25 20245137592303.355 21350677969.863335 222468869.4253781 7.900617286574066e+24 427140.3766601178 0.03766652567001097 4.243924346828157 411375885733983.3 5424.289154614019 2.9821241551895727e+50 1.363986698660641e+45 433814295.37948734 3.5255253213592274e+18 85
3.292900390306403e+21 7.47304841591588e+67 1.7525356135110818e+61 4.045118841856723e+18 83425826.0345168 57.27461734723617 3.937738364219285e+16 21350677969.863335 222468869.4253781 7.900617286574066e+24 6.381851831665743e+16 350681082920772.3 8.337626664736278e+20 6.93729909233687e-06 10291.946450926163 1.363986698660641e+45 85
3.292900390306403e+21 7.47304841591588e+67 1.7525356135110818e+61 3.750749862060971e+33 7.387500810157663e+45 0.017056539926042703 2.0050380974554822e+17 20245137592303.355 21350677969.863335 331.33199553718237 310217881045298.7 300092544487.9223 4.243924346828157 6.93729909233687e-06 2.9821241551895727e+50 1.363986698660641e+45 84
3.292900390306403e+21 7.47304841591588e+67 1.7525356135110818e+61 4.045118841856723e+18 3.750749862060971e+33 0.00039923508423316846 85
3.292900390306403e+21 7.47304841591588e+67 1.7525356135110818e+61 3362652.453095048 3.750749862060971e+33 7.387500810157663e+45 753803891511.3293 2.5725775423875477e+25 20245137592303.355 2.277747570931359e+46 331.33199553718237 2.32687283987862e-283 427140.3766601178 1.2200820478820109e+17 8.337626664736278e+20 2.9821241551895727e+50 1.363986698660641e+45 388910.8971727264 84
1.0752455077339124e+43 7.47304841591588e+67 1.7525356135110818e+61 4.045118841856723e+18 83425826.0345168 7.387500810157663e+45 2.0050380974554822e+17 20245137592303.355 2.277747570931359e+46 1.2200820478820109e+17 8.337626664736278e+20 670698090778.3292 2.9821241551895727e+50 1.363986698660641e+45 84
1.0752455077339124e+43 7.47304841591588e+67 1.7525356135110818e+61 3362652.453095048 3.750749862060971e+33 7.387500810157663e+45 0.017056539926042703 2.0050380974554822e+17 0.2201663307888419 21350677969.863335 331.33199553718237 310217881045298.7 6.676050493531002 411375885733983.3 1.7954057942401103e+21 2.9821241551895727e+50 57.911029114440666 11615.196708902386 3.5255253213592274e+18 84
1.0752455077339124e+43 7.47304841591588e+67 1.7525356135110818e+61 3423.792769814067 3.750749862060971e+33 57.27461734723617 2.5725775423875477e+25 3.937738364219285e+16 2.277747570931359e+46 196980.84402254975 347.4945319048498 6.381851831665743e+16 1.2200820478820109e+17 8.337626664736278e+20 670698090778.3292 10291.946450926163 57.911029114440666 433814295.37948734 3.5255253213592274e+18 84
1.0752455077339124e+43 7.47304841591588e+67 1.7525356135110818e+61 4.045118841856723e+18 3.750749862060971e+33 82.56234556180404 2.005563805637482e+22 2.0050380974554822e+17 20245137592303.355 2.277747570931359e+46 310217881045298.7 300092544487.9223 0.03766652567001097 783.090960709861 507229.1972838899 2.9821241551895727e+50 57.911029114440666 84
3.292900390306403e+21 7.47304841591588e+67 1.7525356135110818e+61 4.045118841856723e+18 384842.20452553756 7.387500810157663e+45 2.5725775423875477e+25 3.937738364219285e+16 2.277747570931359e+46 331.33199553718237 7.900617286574066e+24 427140.3766601178 1.2200820478820109e+17 8.337626664736278e+20 411375885733983.3 2.9821241551895727e+50 57.911029114440666 85
3.292900390306403e+21 7.47304841591588e+67 1.7525356135110818e+61 4.045118841856723e+18 384842.20452553756 7.387500810157663e+45 753803891511.3293 2.5725775423875477e+25 3.937738364219285e+16 2.277747570931359e+46 108936.39058876681 7.900617286574066e+24 6.381851831665743e+16 82.72767429896115 1.1933743707328672e-284 10291.946450926163 1.363986698660641e+45 85
3.292900390306403e+21 7.47304841591588e+67 1.7525356135110818e+61 4.045118841856723e+18 384842.20452553756 7.387500810157663e+45 753803891511.3293 2.5725775423875477e+25 3.937738364219285e+16 2.277747570931359e+46 108936.39058876681 347.4945319048498 6.381851831665743e+16 670698090778.3292 27.539195587899822 2.9821241551895727e+50 1.363986698660641e+45 85
1.0752455077339124e+43 7.47304841591588e+67 1.7525356135110818e+61 3423.792769814067 3.750749862060971e+33 7.387500810157663e+45 753803891511.3293 20245137592303.355 21350677969.863335 222468869.4253781 7.900617286574066e+24 427140.3766601178 411375885733983.3 1.7954057942401103e+21 11615.196708902386 84
1.0752455077339124e+43 7.47304841591588e+67 1.7525356135110818e+61 3423.792769814067 3.750749862060971e+33 7.387500810157663e+45 2.005563805637482e+22 2.5725775423875477e+25 4.272672315859841 21350677969.863335 331.33199553718237 310217881045298.7 300092544487.9223 1.2200820478820109e+17 8.337626664736278e+20 10291.946450926163 0.005024034315721817 11615.196708902386 3.5255253213592274e+18 85
1.0752455077339124e+43 7.47304841591588e+67 1.7525356135110818e+61 3362652.453095048 3.750749862060971e+33 753803891511.3293 2.5725775423875477e+25 2.1298242319198275e-05 21350677969.863335 222468869.4253781 7.900617286574066e+24 427140.3766601178 350681082920772.3 783.090960709861 411375885733983.3 5424.289154614019 2.9821241551895727e+50 1.363986698660641e+45 84
1.0752455077339124e+43 7.47304841591588e+67 1.7525356135110818e+61 3362652.453095048 3.750749862060971e+33 7.387500810157663e+45 0.017056539926042703 2.0050380974554822e+17 0.2201663307888419 21350677969.863335 331.33199553718237 310217881045298.7 6.676050493531002 411375885733983.3 1.7954057942401103e+21 2.9821241551895727e+50 57.911029114440666 11615.196708902386 3.5255253213592274e+18 84
3.292900390306403e+21 7.47304841591588e+67 1.7525356135110818e+61 3423.792769814067 83425826.0345168 7.387500810157663e+45 753803891511.3293 2.5725775423875477e+25 3.937738364219285e+16 2.277747570931359e+46 108936.39058876681 347.4945319048498 6.381851831665743e+16 1.2200820478820109e+17 8.337626664736278e+20 670698090778.3292 2.9821241551895727e+50 1.363986698660641e+45 85
3.292900390306403e+21 0.002842756654340451 30304.745234238424 4.045118841856723e+18 3.750749862060971e+33 7.387500810157663e+45 753803891511.3293 2.5725775423875477e+25 0.2201663307888419 2.277747570931359e+46 108936.39058876681 7.900617286574066e+24 427140.3766601178 0.03766652567001097 507229.1972838899 670698090778.3292 27.539195587899822 2.9821241551895727e+50 1.363986698660641e+45 388910.8971727264 85
1.0752455077339124e+43 7.47304841591588e+67 1.7525356135110818e+61 3.750749862060971e+33 0.19 4.272672315859841 2.277747570931359e+46 331.33199553718237 8.337626664736278e+20 507229.1972838899 433814295.37948734 3.5255253213592274e+18 84
3.292900390306403e+21 7.47304841591588e+67 1.7525356135110818e+61 4.045118841856723e+18 83425826.0345168 7.387500810157663e+45 753803891511.3293 2.5725775423875477e+25 20245137592303.355 2.277747570931359e+46 196980.84402254975 347.4945319048498 1.2200820478820109e+17 8.337626664736278e+20 411375885733983.3 1.7954057942401103e+21 2.9821241551895727e+50 1.363986698660641e+45 85
3.292900390306403e+21 7.47304841591588e+67 1.7525356135110818e+61 1.1011585860852175e-06 3.750749862060971e+33 2.005563805637482e+22 2.0050380974554822e+17 2.1298242319198275e-05 21350677969.863335 331.33199553718237 7.900617286574066e+24 6.676050493531002 350681082920772.3 8.337626664736278e+20 411375885733983.3 1.7954057942401103e+21 85
3.292900390306403e+21 7.47304841591588e+67 1.7525356135110818e+61 82.56234556180404 753803891511.3293 2.5725775423875477e+25 0.2201663307888419 2.277747570931359e+46 196980.84402254975 347.4945319048498 427140.3766601178 0.03766652567001097 8.337626664736278e+20 670698090778.3292 1.1933743707328672e-284 2.9821241551895727e+50 1.363986698660641e+45 433814295.37948734 85
3.292900390306403e+21 7.47304841591588e+67 1.7525356135110818e+61 4.045118841856723e+18 384842.20452553756 7.387500810157663e+45 2.005563805637482e+22 2.5725775423875477e+25 3.937738364219285e+16 2.277747570931359e+46 222468869.4253781 7.900617286574066e+24 6.381851831665743e+16 85
1.0752455077339124e+43 7.47304841591588e+67 1.7525356135110818e+61 4.045118841856723e+18 3.750749862060971e+33 2.0050380974554822e+17 0.00039923508423316846 21350677969.863335 196980.84402254975 310217881045298.7 427140.3766601178 350681082920772.3 4.243924346828157 507229.1972838899 411375885733983.3 5424.289154614019 2.9821241551895727e+50 1.363986698660641e+45 9.029500405898783e-06 84
1.0752455077339124e+43 7.47304841591588e+67 1.7525356135110818e+61 3.750749862060971e+33 7.387500810157663e+45 2.005563805637482e+22 1.807123590719854e-05 2.1298242319198275e-05 21350677969.863335 196980.84402254975 7.900617286574066e+24 427140.3766601178 350681082920772.3 8.337626664736278e+20 411375885733983.3 1.7954057942401103e+21 2.9821241551895727e+50 1.363986698660641e+45 84
1.0752455077339124e+43 7.47304841591588e+67 1.7525356135110818e+61 3.750749862060971e+33 2.005563805637482e+22 2.0050380974554822e+17 4.272672315859841 21350677969.863335 310217881045298.7 6.676050493531002 350681082920772.3 8.337626664736278e+20 507229.1972838899 2.9821241551895727e+50 57.911029114440666 11615.196708902386 3.5255253213592274e+18 84
1.0752455077339124e+43 7.47304841591588e+67 1.7525356135110818e+61 3362652.453095048 83425826.0345168 7.387500810157663e+45 2.005563805637482e+22 2.5725775423875477e+25 3.937738364219285e+16 2.277747570931359e+46 331.33199553718237 7.900617286574066e+24 6.381851831665743e+16 82.72767429896115 2.9821241551895727e+50 57.911029114440666 84
3.292900390306403e+21 7.47304841591588e+67 1.7525356135110818e+61 3423.792769814067 384842.20452553756 7.387500810157663e+45 2.1298242319198275e-05 2.277747570931359e+46 2.9821241551895727e+50 1.363986698660641e+45 85
3.292900390306403e+21 7.47304841591588e+67 1.7525356135110818e+61 3.750749862060971e+33 7.387500810157663e+45 2.005563805637482e+22 1.807123590719854e-05 20245137592303.355 2.277747570931359e+46 331.33199553718237 310217881045298.7 6.676050493531002 350681082920772.3 8.337626664736278e+20 82.72767429896115 1.7954057942401103e+21 2.9821241551895727e+50 1.363986698660641e+45 84
1.0752455077339124e+43 7.47304841591588e+67 1.7525356135110818e+61 3423.792769814067 384842.20452553756 0.17 2.5725775423875477e+25 4.272672315859841 2.277747570931359e+46 222468869.4253781 7.900617286574066e+24 6.381851831665743e+16 1.2200820478820109e+17 8.337626664736278e+20 82.72767429896115 1.1933743707328672e-284 1.8299848578930355e-151 1.363986698660641e+45 11615.196708902386 84
3.292900390306403e+21 7.47304841591588e+67 1.7525356135110818e+61 3423.792769814067 83425826.0345168 7.387500810157663e+45 3.937738364219285e+16 2.277747570931359e+46 7.900617286574066e+24 2.9821241551895727e+50 1.363986698660641e+45 388910.8971727264 9.029500405898783e-06 85
1.0752455077339124e+43 7.47304841591588e+67 30304.745234238424 4.045118841856723e+18 7.387500810157663e+45 2.005563805637482e+22 2.0050380974554822e+17 0.00039923508423316846 21350677969.863335 4249897984.522554 6.676050493531002 1.2200820478820109e+17 8.337626664736278e+20 2.9821241551895727e+50 1.363986698660641e+45 84
1.0752455077339124e+43 7.47304841591588e+67 1.7525356135110818e+61 3362652.453095048 3.750749862060971e+33 7.387500810157663e+45 4.272672315859841 2.277747570931359e+46 222468869.4253781 310217881045298.7 427140.3766601178 411375885733983.3 6.93729909233687e-06 2.9821241551895727e+50 2.4907426860386737e-149 433814295.37948734 3.5255253213592274e+18 85
3.292900390306403e+21 7.47304841591588e+67 1.7525356135110818e+61 3.750749862060971e+33 7.387500810157663e+45 2.005563805637482e+22 2.0050380974554822e+17 4.272672315859841 21350677969.863335 4249897984.522554 310217881045298.7 427140.3766601178 411375885733983.3 2.9821241551895727e+50 1.363986698660641e+45 11615.196708902386 3.5255253213592274e+18 85
3.292900390306403e+21 7.47304841591588e+67 1.7525356135110818e+61 4.045118841856723e+18 83425826.0345168 7.387500810157663e+45 753803891511.3293 3.937738364219285e+16 2.277747570931359e+46 108936.39058876681 7.900617286574066e+24 6.381851831665743e+16 350681082920772.3 4.243924346828157 507229.1972838899 411375885733983.3 1.1933743707328672e-284 2.9821241551895727e+50 1.363986698660641e+45 85
3.292900390306403e+21 7.47304841591588e+67 1.7525356135110818e+61 4.045118841856723e+18 83425826.0345168 57.27461734723617 3.937738364219285e+16 21350677969.863335 222468869.4253781 7.900617286574066e+24 6.381851831665743e+16 350681082920772.3 8.337626664736278e+20 6.93729909233687e-06 10291.946450926163 1.363986698660641e+45 85
1.0752455077339124e+43 7.47304841591588e+67 1.7525356135110818e+61 4.045118841856723e+18 3.750749862060971e+33 7.387500810157663e+45 2.005563805637482e+22 2.5725775423875477e+25 3.937738364219285e+16 2.277747570931359e+46 222468869.4253781 310217881045298.7 6.381851831665743e+16 350681082920772.3 783.090960709861 411375885733983.3 5424.289154614019 2.9821241551895727e+50 0.75 388910.8971727264 3.5255253213592274e+18 84
1.0752455077339124e+43 7.47304841591588e+67 30304.745234238424 3423.792769814067 3.750749862060971e+33 7.387500810157663e+45 753803891511.3293 2.5725775423875477e+25 0.2201663307888419 2.277747570931359e+46 196980.84402254975 7.900617286574066e+24 6.381851831665743e+16 1.2200820478820109e+17 8.337626664736278e+20 0.0006927902932281452 1.7954057942401103e+21 2.9821241551895727e+50 1.363986698660641e+45 388910.8971727264 84
1.0752455077339124e+43 0.002842756654340451 30304.745234238424 4.045118841856723e+18 3.750749862060971e+33 7.387500810157663e+45 753803891511.3293 2.0050380974554822e+17 0.2201663307888419 2.277747570931359e+46 196980.84402254975 7.900617286574066e+24 6.676050493531002 2.9821241551895727e+50 1.363986698660641e+45 388910.8971727264 84
3.292900390306403e+21 7.47304841591588e+67 1.7525356135110818e+61 4.045118841856723e+18 83425826.0345168 7.387500810157663e+45 57.27461734723617 2.5725775423875477e+25 3.937738364219285e+16 2.277747570931359e+46 108936.39058876681 427140.3766601178 350681082920772.3 8.337626664736278e+20 6.93729909233687e-06 2.9821241551895727e+50 1.363986698660641e+45 85
1.0752455077339124e+43 7.47304841591588e+67 1.7525356135110818e+61 3362652.453095048 83425826.0345168 82.56234556180404 3.937738364219285e+16 108936.39058876681 347.4945319048498 10291.946450926163 57.911029114440666 85
3.292900390306403e+21 7.47304841591588e+67 1.7525356135110818e+61 3423.792769814067 83425826.0345168 7.387500810157663e+45 0.017056539926042703 2.5725775423875477e+25 20245137592303.355 2.277747570931359e+46 2.32687283987862e-283 6.381851831665743e+16 1.2200820478820109e+17 8.337626664736278e+20 670698090778.3292 27.539195587899822 2.9821241551895727e+50 1.363986698660641e+45 85
1.0752455077339124e+43 7.47304841591588e+67 1.7525356135110818e+61 4.045118841856723e+18 3.750749862060971e+33 7.387500810157663e+45 0.017056539926042703 2.0050380974554822e+17 20245137592303.355 21350677969.863335 222468869.4253781 7.900617286574066e+24 300092544487.9223 350681082920772.3 8.337626664736278e+20 82.72767429896115 1.7954057942401103e+21 2.9821241551895727e+50 1.363986698660641e+45 433814295.37948734 3.5255253213592274e+18 84
3.292900390306403e+21 7.47304841591588e+67 1.7525356135110818e+61 3362652.453095048 3.750749862060971e+33 7.387500810157663e+45 2.005563805637482e+22 2.0050380974554822e+17 3.937738364219285e+16 21350677969.863335 196980.84402254975 7.900617286574066e+24 300092544487.9223 350681082920772.3 8.337626664736278e+20 507229.1972838899 670698090778.3292 1.7954057942401103e+21 2.9821241551895727e+50 1.363986698660641e+45 11615.196708902386 3.5255253213592274e+18 84
1.0752455077339124e+43 7.47304841591588e+67 30304.745234238424 3423.792769814067 384842.20452553756 82.56234556180404 2.005563805637482e+22 2.5725775423875477e+25 3.937738364219285e+16 21350677969.863335 108936.39058876681 347.4945319048498 6.381851831665743e+16 411375885733983.3 6.93729909233687e-06 2.9821241551895727e+50 1.363986698660641e+45 11615.196708902386 0.005712258194587818 84
1.0752455077339124e+43 7.47304841591588e+67 1.7525356135110818e+61 4.045118841856723e+18 3.750749862060971e+33 2.0050380974554822e+17 0.00039923508423316846 21350677969.863335 196980.84402254975 310217881045298.7 427140.3766601178 350681082920772.3 4.243924346828157 507229.1972838899 411375885733983.3 5424.289154614019 2.9821241551895727e+50 1.363986698660641e+45 9.029500405898783e-06 84
3.292900390306403e+21 7.47304841591588e+67 1.7525356135110818e+61 4.045118841856723e+18 83425826.0345168 7.387500810157663e+45 753803891511.3293 2.5725775423875477e+25 3.937738364219285e+16 2.277747570931359e+46 347.4945319048498 6.381851831665743e+16 350681082920772.3 8.337626664736278e+20 411375885733983.3 1.1933743707328672e-284 2.9821241551895727e+50 1.363986698660641e+45 85
1.0752455077339124e+43 7.47304841591588e+67 1.7525356135110818e+61 3.750749862060971e+33 7.387500810157663e+45 753803891511.3293 20245137592303.355 21350677969.863335 196980.84402254975 7.900617286574066e+24 427140.3766601178 350681082920772.3 411375885733983.3 1.7954057942401103e+21 10291.946450926163 1.363986698660641e+45 84
1.0752455077339124e+43 7.47304841591588e+67 1.7525356135110818e+61 3362652.453095048 7.387500810157663e+45 2.005563805637482e+22 2.5725775423875477e+25 20245137592303.355 2.277747570931359e+46 331.33199553718237 310217881045298.7 427140.3766601178 350681082920772.3 10291.946450926163 1.363986698660641e+45 388910.8971727264 3.5255253213592274e+18 84
1.0752455077339124e+43 7.47304841591588e+67 1.7525356135110818e+61 4.045118841856723e+18 3.750749862060971e+33 7.387500810157663e+45 2.005563805637482e+22 2.0050380974554822e+17 4.272672315859841 2.277747570931359e+46 4249897984.522554 310217881045298.7 300092544487.9223 350681082920772.3 8.337626664736278e+20 82.72767429896115 5424.289154614019 2.9821241551895727e+50 1.363986698660641e+45 84
1.0752455077339124e+43 7.47304841591588e+67 1.7525356135110818e+61 4.045118841856723e+18 384842.20452553756 7.387500810157663e+45 2.277747570931359e+46 2.9821241551895727e+50 1.363986698660641e+45 84
