4.4630839406061277e+46 4.718185807298716e+73 1.3563331681191799e+66 1.2388564166425614e+23 9117013165.127548 4.30327324449404e+18 3.37455356395604e+50 1.6562145211256707e+18 1.0333743636870005e+17 5.6138557435744485e+20 5.212371170463696e+54 3.9148613682093664e+49 84
9.703400072727415e+23 4.718185807298716e+73 1.3563331681191799e+66 1.2388564166425614e+23 6.811631137390491e+36 2.806686022291986e+50 23079538796062.113 7.58077869144942e+27 4.30327324449404e+18 771221806036.6746 248981.67239424167 3.240441071916162e+27 1.6562145211256707e+18 1819.792231901622 315112.96250395407 775.7747416284855 85
4.4630839406061277e+46 4.718185807298716e+73 1.3563331681191799e+66 1.2388564166425614e+23 6.811631137390491e+36 2.806686022291986e+50 1.250859334986713e+24 5.471422115768356e+18 18.918622149256773 3.37455356395604e+50 3113129.7826014096 3.240441071916162e+27 3036963138853.565 11.443553681529103 3126021.2107556923 2.8787369307505364e+16 1.9850802347375696e+21 5.212371170463696e+54 0.03474012935914791 85
9.703400072727415e+23 4.718185807298716e+73 1.3563331681191799e+66 10697299.137650236 6.811631137390491e+36 2.806686022291986e+50 335.6928961185236 2.11898312487787 3.37455356395604e+50 3113129.7826014096 1304.184432862829 2632438.914320583 6.963201473368177e+16 5.6138557435744485e+20 2.8787369307505364e+16 24017.773739290973 5.212371170463696e+54 3.9148613682093664e+49 84
4.4630839406061277e+46 4.718185807298716e+73 478943.04347713996 1.2388564166425614e+23 6.811631137390491e+36 2.806686022291986e+50 23079538796062.113 771221806036.6746 3.240441071916162e+27 3036963138853.565 7615572257294.132 84
9.703400072727415e+23 4.718185807298716e+73 1.3563331681191799e+66 6.811631137390491e+36 2.806686022291986e+50 285169324405483.6 3.37455356395604e+50 3.240441071916162e+27 1.6562145211256707e+18 1.0333743636870005e+17 5.6138557435744485e+20 1819.792231901622 1.1391661139586227e-05 5.212371170463696e+54 3.9148613682093664e+49 84
4.4630839406061277e+46 4.718185807298716e+73 1.3563331681191799e+66 6.811631137390491e+36 1.250859334986713e+24 5.471422115768356e+18 285169324405483.6 3.37455356395604e+50 1243.524691799442 1224237237988751.5 29.56034710821371 2.8787369307505364e+16 1.9850802347375696e+21 5.212371170463696e+54 775.7747416284855 84
9.703400072727415e+23 4.718185807298716e+73 1.3563331681191799e+66 10891.799243277277 9117013165.127548 2.806686022291986e+50 0.03304353132526969 7.58077869144942e+27 285169324405483.6 3.37455356395604e+50 2.8842023318608375e-274 1.6562145211256707e+18 6.963201473368177e+16 5.6138557435744485e+20 7615572257294.132 3983.7617261660394 5.212371170463696e+54 3.9148613682093664e+49 85
4.4630839406061277e+46 4.718185807298716e+73 1.3563331681191799e+66 1.2388564166425614e+23 6.811631137390491e+36 2.806686022291986e+50 23079538796062.113 285169324405483.6 771221806036.6746 1224237237988751.5 29.56034710821371 1.0333743636870005e+17 11.443553681529103 3126021.2107556923 1.9850802347375696e+21 5.212371170463696e+54 775.7747416284855 84
4.4630839406061277e+46 4.718185807298716e+73 1.3563331681191799e+66 1.2388564166425614e+23 9117013165.127548 188.7019641799019 1.250859334986713e+24 7.58077869144942e+27 4.30327324449404e+18 3.37455356395604e+50 3.240441071916162e+27 2632438.914320583 6.963201473368177e+16 5.6138557435744485e+20 7615572257294.132 1.000939819871761e-274 5.212371170463696e+54 3.9148613682093664e+49 11258323672.0473 6.911999077894697e+19 85
4.4630839406061277e+46 4.718185807298716e+73 1.3563331681191799e+66 10697299.137650236 6.811631137390491e+36 2.806686022291986e+50 0.03304353132526969 5.471422115768356e+18 2.11898312487787 771221806036.6746 1243.524691799442 1224237237988751.5 29.56034710821371 2.8787369307505364e+16 1.9850802347375696e+21 5.212371170463696e+54 775.7747416284855 84452.61948127027 6.911999077894697e+19 84
4.4630839406061277e+46 4.718185807298716e+73 1.3563331681191799e+66 1.2388564166425614e+23 6.811631137390491e+36 188.7019641799019 1.250859334986713e+24 5.471422115768356e+18 2.5127115931359736e-05 3.37455356395604e+50 5773499318.998615 3.240441071916162e+27 1.6562145211256707e+18 1.0333743636870005e+17 5.6138557435744485e+20 3126021.2107556923 0.006667735866650644 1.9850802347375696e+21 5.212371170463696e+54 3.9148613682093664e+49 11258323672.0473 6.911999077894697e+19 84
4.4630839406061277e+46 4.718185807298716e+73 1.3563331681191799e+66 1.2388564166425614e+23 6.811631137390491e+36 2.806686022291986e+50 0.03304353132526969 5.471422115768356e+18 18.918622149256773 3.37455356395604e+50 3113129.7826014096 1224237237988751.5 29.56034710821371 6.963201473368177e+16 5.6138557435744485e+20 2.8787369307505364e+16 1.9850802347375696e+21 5.212371170463696e+54 3.9148613682093664e+49 6146435.724623296 0.03949905118916817 84
4.4630839406061277e+46 0.00550725522087828 478943.04347713996 1.2388564166425614e+23 6.811631137390491e+36 2.806686022291986e+50 23079538796062.113 7.58077869144942e+27 4.30327324449404e+18 3.37455356395604e+50 5773499318.998615 3.240441071916162e+27 2632438.914320583 0.006667735866650644 3983.7617261660394 5.212371170463696e+54 3.9148613682093664e+49 84
9.703400072727415e+23 4.718185807298716e+73 1.3563331681191799e+66 10891.799243277277 6.811631137390491e+36 2.806686022291986e+50 1.250859334986713e+24 7.58077869144942e+27 4.30327324449404e+18 3.37455356395604e+50 5773499318.998615 3.240441071916162e+27 2632438.914320583 6.963201473368177e+16 11.443553681529103 3126021.2107556923 5.212371170463696e+54 3.9148613682093664e+49 84
4.4630839406061277e+46 4.718185807298716e+73 1.3563331681191799e+66 84
9.703400072727415e+23 4.718185807298716e+73 1.3563331681191799e+66 10697299.137650236 6.811631137390491e+36 188.7019641799019 1.250859334986713e+24 771221806036.6746 5773499318.998615 3.240441071916162e+27 2632438.914320583 1.0333743636870005e+17 5.6138557435744485e+20 1819.792231901622 5.212371170463696e+54 3.9148613682093664e+49 6146435.724623296 85
9.703400072727415e+23 4.718185807298716e+73 1.3563331681191799e+66 10697299.137650236 6.811631137390491e+36 1.250859334986713e+24 5.471422115768356e+18 2.5127115931359736e-05 3.37455356395604e+50 3113129.7826014096 3.240441071916162e+27 1.6562145211256707e+18 6.963201473368177e+16 5.6138557435744485e+20 2.8787369307505364e+16 3983.7617261660394 5.212371170463696e+54 3.9148613682093664e+49 84
9.703400072727415e+23 4.718185807298716e+73 1.3563331681191799e+66 6.811631137390491e+36 2.806686022291986e+50 1.250859334986713e+24 5.471422115768356e+18 2.11898312487787 3.37455356395604e+50 3113129.7826014096 3.240441071916162e+27 3036963138853.565 1.0333743636870005e+17 5.6138557435744485e+20 1819.792231901622 5.212371170463696e+54 0.75 84
4.4630839406061277e+46 4.718185807298716e+73 1.3563331681191799e+66 6.811631137390491e+36 188.7019641799019 23079538796062.113 7.58077869144942e+27 18.918622149256773 3.37455356395604e+50 50741312846.62157 3.240441071916162e+27 3036963138853.565 11.443553681529103 3126021.2107556923 5.212371170463696e+54 3.9148613682093664e+49 6146435.724623296 84
4.4630839406061277e+46 4.718185807298716e+73 1.3563331681191799e+66 1.2388564166425614e+23 6.811631137390491e+36 188.7019641799019 23079538796062.113 7.58077869144942e+27 2.11898312487787 3.37455356395604e+50 3113129.7826014096 1304.184432862829 1.6562145211256707e+18 6.963201473368177e+16 5.6138557435744485e+20 7615572257294.132 24017.773739290973 5.212371170463696e+54 775.7747416284855 84452.61948127027 6.911999077894697e+19 84
9.703400072727415e+23 4.718185807298716e+73 1.3563331681191799e+66 1.8082001808867026e-06 4369765.855184533 2.806686022291986e+50 23079538796062.113 7.58077869144942e+27 4.30327324449404e+18 3.37455356395604e+50 3113129.7826014096 1304.184432862829 1.6562145211256707e+18 1819.792231901622 1.1391661139586227e-05 5.212371170463696e+54 775.7747416284855 85
4.4630839406061277e+46 4.718185807298716e+73 1.3563331681191799e+66 1.2388564166425614e+23 6.811631137390491e+36 23079538796062.113 285169324405483.6 3.37455356395604e+50 3113129.7826014096 1304.184432862829 1.6562145211256707e+18 6.963201473368177e+16 5.6138557435744485e+20 2.8787369307505364e+16 24017.773739290973 5.212371170463696e+54 3.9148613682093664e+49 11258323672.0473 6.911999077894697e+19 84
9.703400072727415e+23 4.718185807298716e+73 1.3563331681191799e+66 1.8082001808867026e-06 6.811631137390491e+36 335.6928961185236 0.26 4.30327324449404e+18 3.37455356395604e+50 248981.67239424167 2.8842023318608375e-274 2632438.914320583 1.0333743636870005e+17 5.6138557435744485e+20 7615572257294.132 3983.7617261660394 5.212371170463696e+54 3.9148613682093664e+49 85
4.4630839406061277e+46 4.718185807298716e+73 1.3563331681191799e+66 1.2388564166425614e+23 6.811631137390491e+36 2.806686022291986e+50 23079538796062.113 5.471422115768356e+18 2.11898312487787 771221806036.6746 3113129.7826014096 3.240441071916162e+27 3036963138853.565 4826.139674605495 3126021.2107556923 2.8787369307505364e+16 5.212371170463696e+54 3.9148613682093664e+49 11258323672.0473 84
9.703400072727415e+23 0.00550725522087828 478943.04347713996 6.811631137390491e+36 2.806686022291986e+50 0.03304353132526969 2.1319977153880987e-05 18.918622149256773 771221806036.6746 50741312846.62157 1224237237988751.5 29.56034710821371 84
4.4630839406061277e+46 4.718185807298716e+73 1.3563331681191799e+66 1.2388564166425614e+23 6.811631137390491e+36 188.7019641799019 1.250859334986713e+24 5.471422115768356e+18 2.5127115931359736e-05 3.37455356395604e+50 5773499318.998615 3.240441071916162e+27 1.6562145211256707e+18 1.0333743636870005e+17 5.6138557435744485e+20 3126021.2107556923 0.006667735866650644 1.9850802347375696e+21 5.212371170463696e+54 3.9148613682093664e+49 11258323672.0473 6.911999077894697e+19 84
4.4630839406061277e+46 4.718185807298716e+73 1.3563331681191799e+66 1.2388564166425614e+23 6.811631137390491e+36 2.806686022291986e+50 1.250859334986713e+24 5.471422115768356e+18 285169324405483.6 3.37455356395604e+50 3126021.2107556923 5.212371170463696e+54 3.9148613682093664e+49 6.911999077894697e+19 84
4.4630839406061277e+46 4.718185807298716e+73 1.3563331681191799e+66 1.2388564166425614e+23 6.811631137390491e+36 2.806686022291986e+50 1.250859334986713e+24 7.58077869144942e+27 2.5127115931359736e-05 771221806036.6746 1243.524691799442 3.240441071916162e+27 3036963138853.565 1.0333743636870005e+17 11.443553681529103 3126021.2107556923 2.8787369307505364e+16 24017.773739290973 5.212371170463696e+54 3.9148613682093664e+49 84452.61948127027 84
9.703400072727415e+23 4.718185807298716e+73 1.3563331681191799e+66 10891.799243277277 6.811631137390491e+36 2.806686022291986e+50 1.250859334986713e+24 0.26 18.918622149256773 771221806036.6746 1243.524691799442 3.240441071916162e+27 3036963138853.565 0.07297113167663723 5.6138557435744485e+20 2.8787369307505364e+16 24017.773739290973 5.212371170463696e+54 84452.61948127027 6.911999077894697e+19 84
4.4630839406061277e+46 0.00550725522087828 478943.04347713996 6.811631137390491e+36 2.806686022291986e+50 1.250859334986713e+24 5.471422115768356e+18 18.918622149256773 771221806036.6746 1243.524691799442 1224237237988751.5 3036963138853.565 0.07297113167663723 2.8787369307505364e+16 1.9850802347375696e+21 5.212371170463696e+54 3.9148613682093664e+49 84452.61948127027 6.911999077894697e+19 85
4.4630839406061277e+46 4.718185807298716e+73 1.3563331681191799e+66 1.2388564166425614e+23 6.811631137390491e+36 188.7019641799019 1.250859334986713e+24 5.471422115768356e+18 285169324405483.6 3.37455356395604e+50 1224237237988751.5 3036963138853.565 0.07297113167663723 4826.139674605495 3126021.2107556923 5.212371170463696e+54 775.7747416284855 84
4.4630839406061277e+46 4.718185807298716e+73 478943.04347713996 10891.799243277277 4369765.855184533 23079538796062.113 7.58077869144942e+27 4.30327324449404e+18 3.37455356395604e+50 248981.67239424167 1304.184432862829 1.6562145211256707e+18 7615572257294.132 3983.7617261660394 11258323672.0473 6.911999077894697e+19 84
9.703400072727415e+23 4.718185807298716e+73 1.3563331681191799e+66 0.00021470104961057097 4369765.855184533 2.806686022291986e+50 335.6928961185236 7.58077869144942e+27 285169324405483.6 3.37455356395604e+50 248981.67239424167 3.240441071916162e+27 2632438.914320583 6.963201473368177e+16 5.6138557435744485e+20 7615572257294.132 1.9850802347375696e+21 5.212371170463696e+54 0.03474012935914791 85
9.703400072727415e+23 4.718185807298716e+73 1.3563331681191799e+66 10891.799243277277 6.811631137390491e+36 2.806686022291986e+50 1.250859334986713e+24 0.26 18.918622149256773 771221806036.6746 1243.524691799442 3.240441071916162e+27 3036963138853.565 0.07297113167663723 5.6138557435744485e+20 2.8787369307505364e+16 24017.773739290973 5.212371170463696e+54 84452.61948127027 6.911999077894697e+19 84
9.703400072727415e+23 4.718185807298716e+73 1.3563331681191799e+66 188.7019641799019 23079538796062.113 7.58077869144942e+27 2.11898312487787 3.37455356395604e+50 3113129.7826014096 1304.184432862829 2632438.914320583 0.07297113167663723 5.6138557435744485e+20 7615572257294.132 1.000939819871761e-274 5.212371170463696e+54 3.9148613682093664e+49 11258323672.0473 85
4.4630839406061277e+46 0.00550725522087828 478943.04347713996 1.2388564166425614e+23 6.811631137390491e+36 2.806686022291986e+50 0.03304353132526969 2.1319977153880987e-05 0.0038424240587478288 5773499318.998615 3.240441071916162e+27 3036963138853.565 7615572257294.132 5.212371170463696e+54 3.9148613682093664e+49 84452.61948127027 6.911999077894697e+19 84
4.4630839406061277e+46 4.718185807298716e+73 1.3563331681191799e+66 1.8082001808867026e-06 6.811631137390491e+36 2.806686022291986e+50 1.250859334986713e+24 5.471422115768356e+18 285169324405483.6 3.37455356395604e+50 3113129.7826014096 1224237237988751.5 3036963138853.565 6.963201473368177e+16 11.443553681529103 3126021.2107556923 5.212371170463696e+54 775.7747416284855 84452.61948127027 6.911999077894697e+19 84
9.703400072727415e+23 4.718185807298716e+73 1.3563331681191799e+66 1.2388564166425614e+23 4369765.855184533 2.806686022291986e+50 7.58077869144942e+27 4.30327324449404e+18 3.37455356395604e+50 1243.524691799442 3.240441071916162e+27 2632438.914320583 6.963201473368177e+16 5.6138557435744485e+20 2.8787369307505364e+16 5.212371170463696e+54 775.7747416284855 85
4.4630839406061277e+46 4.718185807298716e+73 1.3563331681191799e+66 10891.799243277277 6.811631137390491e+36 2.806686022291986e+50 23079538796062.113 5.471422115768356e+18 0.0038424240587478288 771221806036.6746 5773499318.998615 1224237237988751.5 2632438.914320583 1.0333743636870005e+17 11.443553681529103 3126021.2107556923 24017.773739290973 5.212371170463696e+54 3.9148613682093664e+49 84452.61948127027 84
9.703400072727415e+23 4.718185807298716e+73 1.3563331681191799e+66 10891.799243277277 1.68064173019814e-215 188.7019641799019 23079538796062.113 7.58077869144942e+27 4.30327324449404e+18 3.37455356395604e+50 3113129.7826014096 3.240441071916162e+27 1.6562145211256707e+18 1.0333743636870005e+17 5.6138557435744485e+20 2.8787369307505364e+16 3983.7617261660394 315112.96250395407 3.9148613682093664e+49 85
4.4630839406061277e+46 0.00550725522087828 478943.04347713996 1.2388564166425614e+23 6.811631137390491e+36 2.806686022291986e+50 23079538796062.113 5.471422115768356e+18 2.11898312487787 3.37455356395604e+50 3113129.7826014096 3.240441071916162e+27 29.56034710821371 5.212371170463696e+54 3.9148613682093664e+49 6146435.724623296 84
4.4630839406061277e+46 4.718185807298716e+73 1.3563331681191799e+66 10891.799243277277 9117013165.127548 2.806686022291986e+50 7.58077869144942e+27 2.11898312487787 3.37455356395604e+50 5773499318.998615 3.240441071916162e+27 3036963138853.565 1.0333743636870005e+17 5.6138557435744485e+20 1819.792231901622 1.9850802347375696e+21 5.212371170463696e+54 775.7747416284855 84
4.4630839406061277e+46 4.718185807298716e+73 1.3563331681191799e+66 10891.799243277277 6.811631137390491e+36 2.806686022291986e+50 1.250859334986713e+24 5.471422115768356e+18 285169324405483.6 3.37455356395604e+50 5773499318.998615 3.240441071916162e+27 3036963138853.565 0.07297113167663723 5.6138557435744485e+20 2.8787369307505364e+16 24017.773739290973 5.212371170463696e+54 3.9148613682093664e+49 84452.61948127027 6.911999077894697e+19 84
9.703400072727415e+23 4.718185807298716e+73 1.3563331681191799e+66 10891.799243277277 4369765.855184533 2.806686022291986e+50 2.5127115931359736e-05 3.37455356395604e+50 5.212371170463696e+54 3.9148613682093664e+49 85
4.4630839406061277e+46 4.718185807298716e+73 1.3563331681191799e+66 1.2388564166425614e+23 4369765.855184533 188.7019641799019 1.250859334986713e+24 7.58077869144942e+27 4.30327324449404e+18 3.37455356395604e+50 3113129.7826014096 2.8842023318608375e-274 1.6562145211256707e+18 6.963201473368177e+16 5.6138557435744485e+20 2.8787369307505364e+16 1.9850802347375696e+21 4.097934222834469e-143 3.9148613682093664e+49 85
9.703400072727415e+23 4.718185807298716e+73 1.3563331681191799e+66 6.811631137390491e+36 2.806686022291986e+50 1.250859334986713e+24 5.471422115768356e+18 18.918622149256773 771221806036.6746 50741312846.62157 1224237237988751.5 2632438.914320583 2.8787369307505364e+16 5.212371170463696e+54 3.9148613682093664e+49 84452.61948127027 6.911999077894697e+19 85
9.703400072727415e+23 4.718185807298716e+73 1.3563331681191799e+66 1.2388564166425614e+23 4369765.855184533 2.806686022291986e+50 7.58077869144942e+27 4.30327324449404e+18 3.37455356395604e+50 1243.524691799442 3.240441071916162e+27 2632438.914320583 6.963201473368177e+16 5.6138557435744485e+20 2.8787369307505364e+16 5.212371170463696e+54 775.7747416284855 85
4.4630839406061277e+46 4.718185807298716e+73 1.3563331681191799e+66 1.2388564166425614e+23 6.811631137390491e+36 5.471422115768356e+18 0.0038424240587478288 771221806036.6746 3113129.7826014096 1224237237988751.5 2632438.914320583 1.0333743636870005e+17 11.443553681529103 3126021.2107556923 2.8787369307505364e+16 24017.773739290973 5.212371170463696e+54 3.9148613682093664e+49 1.4827241483270962e-05 84
4.4630839406061277e+46 4.718185807298716e+73 1.3563331681191799e+66 1.2388564166425614e+23 6.811631137390491e+36 2.806686022291986e+50 0.03304353132526969 5.471422115768356e+18 18.918622149256773 3.37455356395604e+50 3113129.7826014096 1224237237988751.5 29.56034710821371 6.963201473368177e+16 5.6138557435744485e+20 2.8787369307505364e+16 1.9850802347375696e+21 5.212371170463696e+54 3.9148613682093664e+49 6146435.724623296 0.03949905118916817 84
4.4630839406061277e+46 0.00550725522087828 1.3563331681191799e+66 1.8082001808867026e-06 6.811631137390491e+36 2.806686022291986e+50 1304.184432862829 1.0333743636870005e+17 7615572257294.132 315112.96250395407 3.9148613682093664e+49 6146435.724623296 6.911999077894697e+19 84
4.4630839406061277e+46 4.718185807298716e+73 1.3563331681191799e+66 1.2388564166425614e+23 6.811631137390491e+36 2.806686022291986e+50 0.03304353132526969 5.471422115768356e+18 4.30327324449404e+18 3.37455356395604e+50 5773499318.998615 3.240441071916162e+27 3036963138853.565 0.07297113167663723 11.443553681529103 2.8787369307505364e+16 1.9850802347375696e+21 4.097934222834469e-143 3.9148613682093664e+49 84452.61948127027 6.911999077894697e+19 84
4.4630839406061277e+46 4.718185807298716e+73 1.3563331681191799e+66 10891.799243277277 4369765.855184533 0.17 7.58077869144942e+27 18.918622149256773 3.37455356395604e+50 5773499318.998615 3.240441071916162e+27 1.6562145211256707e+18 6.963201473368177e+16 5.6138557435744485e+20 1819.792231901622 1.000939819871761e-274 4.59066881548229e-218 3.9148613682093664e+49 84452.61948127027 84
9.703400072727415e+23 4.718185807298716e+73 1.3563331681191799e+66 0.00021470104961057097 9117013165.127548 335.6928961185236 7.58077869144942e+27 4.30327324449404e+18 3.37455356395604e+50 248981.67239424167 1304.184432862829 1.6562145211256707e+18 6.963201473368177e+16 5.6138557435744485e+20 5.212371170463696e+54 775.7747416284855 85
4.4630839406061277e+46 4.718185807298716e+73 1.3563331681191799e+66 10891.799243277277 6.811631137390491e+36 2.806686022291986e+50 1.250859334986713e+24 5.471422115768356e+18 285169324405483.6 3.37455356395604e+50 5773499318.998615 3.240441071916162e+27 3036963138853.565 0.07297113167663723 5.6138557435744485e+20 2.8787369307505364e+16 24017.773739290973 5.212371170463696e+54 3.9148613682093664e+49 84452.61948127027 6.911999077894697e+19 84
9.703400072727415e+23 4.718185807298716e+73 1.3563331681191799e+66 9117013165.127548 2.806686022291986e+50 23079538796062.113 285169324405483.6 3.37455356395604e+50 1.0333743636870005e+17 11.443553681529103 3126021.2107556923 5.212371170463696e+54 3.9148613682093664e+49 85
4.4630839406061277e+46 4.718185807298716e+73 1.3563331681191799e+66 1.2388564166425614e+23 6.811631137390491e+36 5.471422115768356e+18 0.0038424240587478288 771221806036.6746 3113129.7826014096 1224237237988751.5 2632438.914320583 1.0333743636870005e+17 11.443553681529103 3126021.2107556923 2.8787369307505364e+16 24017.773739290973 5.212371170463696e+54 3.9148613682093664e+49 1.4827241483270962e-05 84
9.703400072727415e+23 4.718185807298716e+73 1.3563331681191799e+66 1.8082001808867026e-06 6.811631137390491e+36 2.806686022291986e+50 1.250859334986713e+24 7.58077869144942e+27 2.11898312487787 3.37455356395604e+50 3113129.7826014096 1304.184432862829 2632438.914320583 1819.792231901622 1.1391661139586227e-05 5.212371170463696e+54 0.03474012935914791 85
4.4630839406061277e+46 4.718185807298716e+73 1.3563331681191799e+66 1.2388564166425614e+23 6.811631137390491e+36 2.806686022291986e+50 23079538796062.113 7.58077869144942e+27 285169324405483.6 3.37455356395604e+50 1243.524691799442 1224237237988751.5 3036963138853.565 1.0333743636870005e+17 5.6138557435744485e+20 2.8787369307505364e+16 24017.773739290973 5.212371170463696e+54 3.9148613682093664e+49 6146435.724623296 6.911999077894697e+19 84
4.4630839406061277e+46 4.718185807298716e+73 1.3563331681191799e+66 1.2388564166425614e+23 9117013165.127548 2.806686022291986e+50 23079538796062.113 7.58077869144942e+27 4.30327324449404e+18 3.37455356395604e+50 5773499318.998615 3.240441071916162e+27 3036963138853.565 6.963201473368177e+16 5.6138557435744485e+20 1819.792231901622 1.9850802347375696e+21 5.212371170463696e+54 3.9148613682093664e+49 84
9.703400072727415e+23 4.718185807298716e+73 1.3563331681191799e+66 1.2388564166425614e+23 6.811631137390491e+36 2.806686022291986e+50 5.471422115768356e+18 2.5127115931359736e-05 771221806036.6746 1.6562145211256707e+18 6.963201473368177e+16 4826.139674605495 1.9850802347375696e+21 5.212371170463696e+54 3.9148613682093664e+49 11258323672.0473 6.911999077894697e+19 85
4.4630839406061277e+46 4.718185807298716e+73 1.3563331681191799e+66 1.2388564166425614e+23 9117013165.127548 2.806686022291986e+50 23079538796062.113 5.471422115768356e+18 285169324405483.6 3.37455356395604e+50 1243.524691799442 1224237237988751.5 1.6562145211256707e+18 1.0333743636870005e+17 11.443553681529103 3126021.2107556923 0.006667735866650644 1.9850802347375696e+21 5.212371170463696e+54 3.9148613682093664e+49 6146435.724623296 6.911999077894697e+19 84
4.4630839406061277e+46 4.718185807298716e+73 1.3563331681191799e+66 1.2388564166425614e+23 6.811631137390491e+36 2.806686022291986e+50 1.250859334986713e+24 5.471422115768356e+18 18.918622149256773 3.37455356395604e+50 50741312846.62157 1224237237988751.5 3036963138853.565 1.0333743636870005e+17 5.6138557435744485e+20 1819.792231901622 24017.773739290973 5.212371170463696e+54 3.9148613682093664e+49 84
9.703400072727415e+23 4.718185807298716e+73 1.3563331681191799e+66 10697299.137650236 4369765.855184533 23079538796062.113 7.58077869144942e+27 2.11898312487787 3.37455356395604e+50 248981.67239424167 3.240441071916162e+27 2632438.914320583 6.963201473368177e+16 5.6138557435744485e+20 1.1391661139586227e-05 5.212371170463696e+54 3.9148613682093664e+49 6146435.724623296 6.911999077894697e+19 85
9.703400072727415e+23 4.718185807298716e+73 1.3563331681191799e+66 1.8082001808867026e-06 4369765.855184533 2.806686022291986e+50 23079538796062.113 7.58077869144942e+27 4.30327324449404e+18 3.37455356395604e+50 3113129.7826014096 1304.184432862829 1.6562145211256707e+18 1819.792231901622 1.1391661139586227e-05 5.212371170463696e+54 775.7747416284855 85
9.703400072727415e+23 4.718185807298716e+73 1.3563331681191799e+66 10891.799243277277 6.811631137390491e+36 2.806686022291986e+50 1.250859334986713e+24 0.26 18.918622149256773 771221806036.6746 1243.524691799442 3.240441071916162e+27 3036963138853.565 0.07297113167663723 5.6138557435744485e+20 2.8787369307505364e+16 24017.773739290973 5.212371170463696e+54 84452.61948127027 6.911999077894697e+19 84
4.4630839406061277e+46 4.718185807298716e+73 1.3563331681191799e+66 6.811631137390491e+36 2.806686022291986e+50 335.6928961185236 2.11898312487787 3.37455356395604e+50 50741312846.62157 3.240441071916162e+27 3036963138853.565 1.0333743636870005e+17 4826.139674605495 5.212371170463696e+54 3.9148613682093664e+49 84
4.4630839406061277e+46 4.718185807298716e+73 1.3563331681191799e+66 1.2388564166425614e+23 4369765.855184533 2.806686022291986e+50 0.03304353132526969 7.58077869144942e+27 4.30327324449404e+18 3.37455356395604e+50 5773499318.998615 3.240441071916162e+27 2632438.914320583 1.0333743636870005e+17 4826.139674605495 2.8787369307505364e+16 24017.773739290973 5.212371170463696e+54 3.9148613682093664e+49 84
9.703400072727415e+23 0.00550725522087828 478943.04347713996 10697299.137650236 6.811631137390491e+36 2.806686022291986e+50 3.37455356395604e+50 4.59066881548229e-218 3.9148613682093664e+49 85
4.4630839406061277e+46 4.718185807298716e+73 1.3563331681191799e+66 0.00021470104961057097 9117013165.127548 2.806686022291986e+50 335.6928961185236 7.58077869144942e+27 2.11898312487787 3.37455356395604e+50 3113129.7826014096 3.240441071916162e+27 3036963138853.565 11.443553681529103 3126021.2107556923 2.8787369307505364e+16 1.9850802347375696e+21 84
4.4630839406061277e+46 4.718185807298716e+73 478943.04347713996 10697299.137650236 6.811631137390491e+36 2.806686022291986e+50 335.6928961185236 5.471422115768356e+18 4.30327324449404e+18 3.37455356395604e+50 3.240441071916162e+27 1.6562145211256707e+18 6.963201473368177e+16 4826.139674605495 5.212371170463696e+54 3.9148613682093664e+49 84
4.4630839406061277e+46 4.718185807298716e+73 1.3563331681191799e+66 84
9.703400072727415e+23 4.718185807298716e+73 1.3563331681191799e+66 1.2388564166425614e+23 9117013165.127548 2.806686022291986e+50 23079538796062.113 7.58077869144942e+27 4.30327324449404e+18 3.37455356395604e+50 248981.67239424167 3.240441071916162e+27 1.6562145211256707e+18 1.0333743636870005e+17 5.6138557435744485e+20 1819.792231901622 1.1391661139586227e-05 5.212371170463696e+54 3.9148613682093664e+49 6146435.724623296 85
4.4630839406061277e+46 4.718185807298716e+73 1.3563331681191799e+66 1.2388564166425614e+23 9117013165.127548 23079538796062.113 7.58077869144942e+27 4.30327324449404e+18 3.37455356395604e+50 248981.67239424167 2.8842023318608375e-274 29.56034710821371 1.0333743636870005e+17 4826.139674605495 2.8787369307505364e+16 1.9850802347375696e+21 84
9.703400072727415e+23 4.718185807298716e+73 1.3563331681191799e+66 1.2388564166425614e+23 9117013165.127548 188.7019641799019 23079538796062.113 7.58077869144942e+27 4.30327324449404e+18 3.37455356395604e+50 248981.67239424167 3.240441071916162e+27 6.963201473368177e+16 5.6138557435744485e+20 1819.792231901622 1.1391661139586227e-05 5.212371170463696e+54 3.9148613682093664e+49 11258323672.0473 6.911999077894697e+19 85
4.4630839406061277e+46 4.718185807298716e+73 1.3563331681191799e+66 10697299.137650236 6.811631137390491e+36 2.806686022291986e+50 18.918622149256773 3.37455356395604e+50 5773499318.998615 1224237237988751.5 2632438.914320583 2.8787369307505364e+16 1.1391661139586227e-05 5.212371170463696e+54 4.878506648861118e-214 11258323672.0473 6.911999077894697e+19 85
4.4630839406061277e+46 4.718185807298716e+73 1.3563331681191799e+66 1.2388564166425614e+23 6.811631137390491e+36 2.806686022291986e+50 0.03304353132526969 5.471422115768356e+18 285169324405483.6 771221806036.6746 5773499318.998615 3.240441071916162e+27 3036963138853.565 1.0333743636870005e+17 5.6138557435744485e+20 1819.792231901622 1.9850802347375696e+21 5.212371170463696e+54 3.9148613682093664e+49 11258323672.0473 6.911999077894697e+19 84
4.4630839406061277e+46 4.718185807298716e+73 1.3563331681191799e+66 1.8082001808867026e-06 6.811631137390491e+36 2.806686022291986e+50 0.03304353132526969 5.471422115768356e+18 0.0038424240587478288 771221806036.6746 3.240441071916162e+27 5.212371170463696e+54 84
4.4630839406061277e+46 4.718185807298716e+73 1.3563331681191799e+66 1.2388564166425614e+23 6.811631137390491e+36 2.806686022291986e+50 0.03304353132526969 5.471422115768356e+18 285169324405483.6 771221806036.6746 5773499318.998615 3.240441071916162e+27 3036963138853.565 1.0333743636870005e+17 5.6138557435744485e+20 1819.792231901622 1.9850802347375696e+21 5.212371170463696e+54 3.9148613682093664e+49 11258323672.0473 6.911999077894697e+19 84
4.4630839406061277e+46 4.718185807298716e+73 1.3563331681191799e+66 10697299.137650236 9117013165.127548 2.806686022291986e+50 1.250859334986713e+24 7.58077869144942e+27 4.30327324449404e+18 3.37455356395604e+50 1243.524691799442 3.240441071916162e+27 1.6562145211256707e+18 1819.792231901622 5.212371170463696e+54 775.7747416284855 84
4.4630839406061277e+46 4.718185807298716e+73 1.3563331681191799e+66 0.03304353132526969 5.471422115768356e+18 771221806036.6746 3113129.7826014096 1224237237988751.5 1.6562145211256707e+18 5.212371170463696e+54 775.7747416284855 84452.61948127027 6.911999077894697e+19 84
4.4630839406061277e+46 4.718185807298716e+73 1.3563331681191799e+66 1.2388564166425614e+23 6.811631137390491e+36 2.806686022291986e+50 23079538796062.113 285169324405483.6 771221806036.6746 1224237237988751.5 29.56034710821371 1.0333743636870005e+17 11.443553681529103 3126021.2107556923 1.9850802347375696e+21 5.212371170463696e+54 775.7747416284855 84
4.4630839406061277e+46 0.00550725522087828 478943.04347713996 1.2388564166425614e+23 6.811631137390491e+36 2.806686022291986e+50 0.03304353132526969 2.1319977153880987e-05 0.0038424240587478288 5773499318.998615 3.240441071916162e+27 3036963138853.565 7615572257294.132 5.212371170463696e+54 3.9148613682093664e+49 84452.61948127027 6.911999077894697e+19 84
9.703400072727415e+23 4.718185807298716e+73 1.3563331681191799e+66 10697299.137650236 4369765.855184533 0.19 1.250859334986713e+24 7.58077869144942e+27 4.30327324449404e+18 3.37455356395604e+50 3113129.7826014096 3.240441071916162e+27 2632438.914320583 1.1391661139586227e-05 315112.96250395407 775.7747416284855 85
4.4630839406061277e+46 4.718185807298716e+73 1.3563331681191799e+66 10891.799243277277 4369765.855184533 0.17 7.58077869144942e+27 18.918622149256773 3.37455356395604e+50 5773499318.998615 3.240441071916162e+27 1.6562145211256707e+18 6.963201473368177e+16 5.6138557435744485e+20 1819.792231901622 1.000939819871761e-274 4.59066881548229e-218 3.9148613682093664e+49 84452.61948127027 84
4.4630839406061277e+46 4.718185807298716e+73 1.3563331681191799e+66 6.811631137390491e+36 2.806686022291986e+50 1.250859334986713e+24 5.471422115768356e+18 18.918622149256773 771221806036.6746 50741312846.62157 1224237237988751.5 29.56034710821371 0.07297113167663723 11.443553681529103 2.8787369307505364e+16 24017.773739290973 5.212371170463696e+54 3.9148613682093664e+49 84
4.4630839406061277e+46 4.718185807298716e+73 1.3563331681191799e+66 1.2388564166425614e+23 6.811631137390491e+36 2.806686022291986e+50 1.250859334986713e+24 5.471422115768356e+18 285169324405483.6 3.37455356395604e+50 3126021.2107556923 5.212371170463696e+54 3.9148613682093664e+49 6.911999077894697e+19 84
9.703400072727415e+23 4.718185807298716e+73 1.3563331681191799e+66 1.2388564166425614e+23 6.811631137390491e+36 2.806686022291986e+50 23079538796062.113 7.58077869144942e+27 285169324405483.6 3.37455356395604e+50 5773499318.998615 2632438.914320583 1.0333743636870005e+17 5.6138557435744485e+20 1819.792231901622 1.9850802347375696e+21 5.212371170463696e+54 3.9148613682093664e+49 11258323672.0473 6.911999077894697e+19 85
4.4630839406061277e+46 4.718185807298716e+73 1.3563331681191799e+66 6.811631137390491e+36 2.806686022291986e+50 0.03304353132526969 5.471422115768356e+18 18.918622149256773 771221806036.6746 50741312846.62157 1224237237988751.5 5.6138557435744485e+20 2.8787369307505364e+16 1.9850802347375696e+21 84
4.4630839406061277e+46 0.00550725522087828 478943.04347713996 10697299.137650236 6.811631137390491e+36 2.806686022291986e+50 84
4.4630839406061277e+46 4.718185807298716e+73 1.3563331681191799e+66 1.2388564166425614e+23 6.811631137390491e+36 2.806686022291986e+50 0.03304353132526969 5.471422115768356e+18 18.918622149256773 3.37455356395604e+50 3113129.7826014096 1224237237988751.5 29.56034710821371 6.963201473368177e+16 5.6138557435744485e+20 2.8787369307505364e+16 1.9850802347375696e+21 5.212371170463696e+54 3.9148613682093664e+49 6146435.724623296 0.03949905118916817 84
4.4630839406061277e+46 4.718185807298716e+73 1.3563331681191799e+66 1.2388564166425614e+23 4369765.855184533 2.806686022291986e+50 23079538796062.113 0.26 2.11898312487787 3.37455356395604e+50 3113129.7826014096 2.8842023318608375e-274 84
4.4630839406061277e+46 4.718185807298716e+73 1.3563331681191799e+66 10891.799243277277 6.811631137390491e+36 2.806686022291986e+50 1.250859334986713e+24 5.471422115768356e+18 0.0038424240587478288 3.37455356395604e+50 3113129.7826014096 1224237237988751.5 29.56034710821371 0.07297113167663723 4826.139674605495 3126021.2107556923 2.8787369307505364e+16 1.9850802347375696e+21 5.212371170463696e+54 0.75 85
9.703400072727415e+23 4.718185807298716e+73 1.3563331681191799e+66 1.2388564166425614e+23 4369765.855184533 2.806686022291986e+50 23079538796062.113 7.58077869144942e+27 4.30327324449404e+18 3.37455356395604e+50 5773499318.998615 1304.184432862829 2632438.914320583 7615572257294.132 315112.96250395407 3.9148613682093664e+49 85
4.4630839406061277e+46 4.718185807298716e+73 1.3563331681191799e+66 1.2388564166425614e+23 6.811631137390491e+36 5.471422115768356e+18 3.37455356395604e+50 50741312846.62157 3.240441071916162e+27 1.6562145211256707e+18 5.6138557435744485e+20 7615572257294.132 3983.7617261660394 5.212371170463696e+54 0.75 6146435.724623296 6.911999077894697e+19 84
9.703400072727415e+23 4.718185807298716e+73 1.3563331681191799e+66 10697299.137650236 6.811631137390491e+36 2.806686022291986e+50 1.250859334986713e+24 5.471422115768356e+18 4.30327324449404e+18 771221806036.6746 3113129.7826014096 3.240441071916162e+27 3036963138853.565 1.0333743636870005e+17 5.6138557435744485e+20 3126021.2107556923 7615572257294.132 1.9850802347375696e+21 5.212371170463696e+54 3.9148613682093664e+49 84452.61948127027 6.911999077894697e+19 84
9.703400072727415e+23 4.718185807298716e+73 1.3563331681191799e+66 1.2388564166425614e+23 6.811631137390491e+36 2.806686022291986e+50 23079538796062.113 7.58077869144942e+27 3.37455356395604e+50 5773499318.998615 3.240441071916162e+27 6.963201473368177e+16 5.6138557435744485e+20 5.212371170463696e+54 3.9148613682093664e+49 6146435.724623296 6.911999077894697e+19 85
4.4630839406061277e+46 4.718185807298716e+73 1.3563331681191799e+66 10697299.137650236 6.811631137390491e+36 0.03304353132526969 5.471422115768356e+18 2.5127115931359736e-05 771221806036.6746 3113129.7826014096 1224237237988751.5 3036963138853.565 1.0333743636870005e+17 11.443553681529103 3126021.2107556923 5.212371170463696e+54 3.9148613682093664e+49 84452.61948127027 6.911999077894697e+19 85
4.4630839406061277e+46 4.718185807298716e+73 1.3563331681191799e+66 1.2388564166425614e+23 9117013165.127548 2.806686022291986e+50 23079538796062.113 5.471422115768356e+18 285169324405483.6 3.37455356395604e+50 1243.524691799442 1224237237988751.5 1.6562145211256707e+18 1.0333743636870005e+17 11.443553681529103 3126021.2107556923 0.006667735866650644 1.9850802347375696e+21 5.212371170463696e+54 3.9148613682093664e+49 6146435.724623296 6.911999077894697e+19 84
4.4630839406061277e+46 4.718185807298716e+73 1.3563331681191799e+66 6.811631137390491e+36 2.806686022291986e+50 1.250859334986713e+24 2.1319977153880987e-05 2.5127115931359736e-05 771221806036.6746 3113129.7826014096 3.240441071916162e+27 2632438.914320583 1.0333743636870005e+17 5.6138557435744485e+20 2.8787369307505364e+16 1.9850802347375696e+21 5.212371170463696e+54 3.9148613682093664e+49 84
9.703400072727415e+23 4.718185807298716e+73 1.3563331681191799e+66 1.8082001808867026e-06 6.811631137390491e+36 2.806686022291986e+50 1.250859334986713e+24 5.471422115768356e+18 771221806036.6746 50741312846.62157 1224237237988751.5 29.56034710821371 1819.792231901622 1.9850802347375696e+21 5.212371170463696e+54 3.9148613682093664e+49 85
4.4630839406061277e+46 4.718185807298716e+73 1.3563331681191799e+66 1.8082001808867026e-06 6.811631137390491e+36 2.806686022291986e+50 0.03304353132526969 5.471422115768356e+18 3.37455356395604e+50 3113129.7826014096 1224237237988751.5 3036963138853.565 2.8787369307505364e+16 5.212371170463696e+54 775.7747416284855 11258323672.0473 6.911999077894697e+19 84
4.4630839406061277e+46 4.718185807298716e+73 1.3563331681191799e+66 1.2388564166425614e+23 9117013165.127548 2.806686022291986e+50 7.58077869144942e+27 4.30327324449404e+18 3.37455356395604e+50 5773499318.998615 2.8842023318608375e-274 2632438.914320583 1819.792231901622 5.212371170463696e+54 3.9148613682093664e+49 6146435.724623296 1.4827241483270962e-05 84
9.703400072727415e+23 4.718185807298716e+73 1.3563331681191799e+66 10697299.137650236 6.811631137390491e+36 2.806686022291986e+50 1.250859334986713e+24 5.471422115768356e+18 0.0038424240587478288 3.37455356395604e+50 50741312846.62157 1224237237988751.5 1.6562145211256707e+18 11.443553681529103 2.8787369307505364e+16 5.212371170463696e+54 3.9148613682093664e+49 6.911999077894697e+19 85
9.703400072727415e+23 4.718185807298716e+73 1.3563331681191799e+66 1.2388564166425614e+23 6.811631137390491e+36 2.806686022291986e+50 1.250859334986713e+24 5.471422115768356e+18 285169324405483.6 1304.184432862829 1.6562145211256707e+18 1.0333743636870005e+17 5.6138557435744485e+20 2.8787369307505364e+16 5.212371170463696e+54 775.7747416284855 11258323672.0473 6.911999077894697e+19 85
9.703400072727415e+23 4.718185807298716e+73 1.3563331681191799e+66 1.2388564166425614e+23 6.811631137390491e+36 2.806686022291986e+50 0.03304353132526969 5.471422115768356e+18 18.918622149256773 771221806036.6746 3113129.7826014096 1224237237988751.5 29.56034710821371 6.963201473368177e+16 5.6138557435744485e+20 5.212371170463696e+54 0.75 11258323672.0473 6.911999077894697e+19 85
4.4630839406061277e+46 4.718185807298716e+73 1.3563331681191799e+66 1.2388564166425614e+23 4369765.855184533 2.806686022291986e+50 0.03304353132526969 7.58077869144942e+27 4.30327324449404e+18 3.37455356395604e+50 5773499318.998615 3.240441071916162e+27 2632438.914320583 1.0333743636870005e+17 4826.139674605495 2.8787369307505364e+16 24017.773739290973 5.212371170463696e+54 3.9148613682093664e+49 84
9.703400072727415e+23 4.718185807298716e+73 1.3563331681191799e+66 1.2388564166425614e+23 6.811631137390491e+36 2.806686022291986e+50 1.250859334986713e+24 7.58077869144942e+27 285169324405483.6 771221806036.6746 5773499318.998615 3.240441071916162e+27 2632438.914320583 0.07297113167663723 11.443553681529103 2.8787369307505364e+16 24017.773739290973 5.212371170463696e+54 3.9148613682093664e+49 11258323672.0473 6.911999077894697e+19 85
9.703400072727415e+23 4.718185807298716e+73 1.3563331681191799e+66 1.2388564166425614e+23 4369765.855184533 2.806686022291986e+50 1.250859334986713e+24 4.30327324449404e+18 3.37455356395604e+50 3113129.7826014096 5.212371170463696e+54 3.9148613682093664e+49 85
4.4630839406061277e+46 4.718185807298716e+73 1.3563331681191799e+66 1.68064173019814e-215 2.806686022291986e+50 23079538796062.113 7.58077869144942e+27 18.918622149256773 3.37455356395604e+50 50741312846.62157 3.240441071916162e+27 3036963138853.565 1.0333743636870005e+17 11.443553681529103 3126021.2107556923 24017.773739290973 5.212371170463696e+54 3.9148613682093664e+49 84
4.4630839406061277e+46 4.718185807298716e+73 1.3563331681191799e+66 6.811631137390491e+36 2.806686022291986e+50 23079538796062.113 285169324405483.6 771221806036.6746 3113129.7826014096 3.240441071916162e+27 2632438.914320583 1.0333743636870005e+17 2.8787369307505364e+16 1.9850802347375696e+21 315112.96250395407 3.9148613682093664e+49 84
4.4630839406061277e+46 4.718185807298716e+73 1.3563331681191799e+66 6.811631137390491e+36 2.806686022291986e+50 1.250859334986713e+24 5.471422115768356e+18 18.918622149256773 771221806036.6746 50741312846.62157 1224237237988751.5 29.56034710821371 0.07297113167663723 11.443553681529103 2.8787369307505364e+16 24017.773739290973 5.212371170463696e+54 3.9148613682093664e+49 84
9.703400072727415e+23 4.718185807298716e+73 1.3563331681191799e+66 1.8082001808867026e-06 6.811631137390491e+36 2.806686022291986e+50 1.250859334986713e+24 5.471422115768356e+18 771221806036.6746 50741312846.62157 1224237237988751.5 29.56034710821371 1819.792231901622 1.9850802347375696e+21 5.212371170463696e+54 3.9148613682093664e+49 85
9.703400072727415e+23 4.718185807298716e+73 1.3563331681191799e+66 10697299.137650236 6.811631137390491e+36 2.806686022291986e+50 23079538796062.113 7.58077869144942e+27 2.5127115931359736e-05 3.37455356395604e+50 5773499318.998615 3.240441071916162e+27 2632438.914320583 1.0333743636870005e+17 5.6138557435744485e+20 1819.792231901622 1.000939819871761e-274 5.212371170463696e+54 3.9148613682093664e+49 11258323672.0473 6.911999077894697e+19 85
4.4630839406061277e+46 0.00550725522087828 478943.04347713996 5.212371170463696e+54 3.9148613682093664e+49 11258323672.0473 84
4.4630839406061277e+46 4.718185807298716e+73 1.3563331681191799e+66 10697299.137650236 6.811631137390491e+36 2.806686022291986e+50 18.918622149256773 3.37455356395604e+50 5773499318.998615 1224237237988751.5 2632438.914320583 2.8787369307505364e+16 1.1391661139586227e-05 5.212371170463696e+54 4.878506648861118e-214 11258323672.0473 6.911999077894697e+19 85
9.703400072727415e+23 4.718185807298716e+73 1.3563331681191799e+66 10891.799243277277 6.811631137390491e+36 2.806686022291986e+50 1.250859334986713e+24 285169324405483.6 771221806036.6746 3113129.7826014096 2.8842023318608375e-274 1.6562145211256707e+18 1.000939819871761e-274 4.097934222834469e-143 84452.61948127027 0.03949905118916817 85
4.4630839406061277e+46 4.718185807298716e+73 1.3563331681191799e+66 10891.799243277277 4369765.855184533 188.7019641799019 1.250859334986713e+24 7.58077869144942e+27 285169324405483.6 3.37455356395604e+50 2.8842023318608375e-274 2632438.914320583 1.0333743636870005e+17 5.6138557435744485e+20 7615572257294.132 24017.773739290973 5.212371170463696e+54 3.9148613682093664e+49 11258323672.0473 6.911999077894697e+19 84
9.703400072727415e+23 4.718185807298716e+73 1.3563331681191799e+66 1.8082001808867026e-06 4369765.855184533 2.806686022291986e+50 23079538796062.113 7.58077869144942e+27 4.30327324449404e+18 3.37455356395604e+50 3113129.7826014096 1304.184432862829 1.6562145211256707e+18 1819.792231901622 1.1391661139586227e-05 5.212371170463696e+54 775.7747416284855 85
4.4630839406061277e+46 4.718185807298716e+73 1.3563331681191799e+66 6.811631137390491e+36 1.250859334986713e+24 3.37455356395604e+50 1224237237988751.5 2632438.914320583 1.0333743636870005e+17 5.6138557435744485e+20 1819.792231901622 24017.773739290973 5.212371170463696e+54 3.9148613682093664e+49 84
4.4630839406061277e+46 4.718185807298716e+73 1.3563331681191799e+66 1.2388564166425614e+23 6.811631137390491e+36 2.806686022291986e+50 335.6928961185236 5.471422115768356e+18 4.30327324449404e+18 3.37455356395604e+50 3113129.7826014096 1224237237988751.5 3036963138853.565 0.07297113167663723 4826.139674605495 3126021.2107556923 2.8787369307505364e+16 1.9850802347375696e+21 5.212371170463696e+54 3.9148613682093664e+49 84
9.703400072727415e+23 4.718185807298716e+73 1.3563331681191799e+66 1.2388564166425614e+23 6.811631137390491e+36 2.806686022291986e+50 1.250859334986713e+24 5.471422115768356e+18 285169324405483.6 1304.184432862829 1.6562145211256707e+18 1.0333743636870005e+17 5.6138557435744485e+20 2.8787369307505364e+16 5.212371170463696e+54 775.7747416284855 11258323672.0473 6.911999077894697e+19 85
9.703400072727415e+23 4.718185807298716e+73 1.3563331681191799e+66 1.2388564166425614e+23 6.811631137390491e+36 2.806686022291986e+50 23079538796062.113 7.58077869144942e+27 2.11898312487787 3.37455356395604e+50 3113129.7826014096 1304.184432862829 1.6562145211256707e+18 1.0333743636870005e+17 5.6138557435744485e+20 7615572257294.132 5.212371170463696e+54 775.7747416284855 6146435.724623296 6.911999077894697e+19 85
9.703400072727415e+23 4.718185807298716e+73 1.3563331681191799e+66 1.2388564166425614e+23 9117013165.127548 2.806686022291986e+50 23079538796062.113 4.30327324449404e+18 3.37455356395604e+50 248981.67239424167 3.240441071916162e+27 1.6562145211256707e+18 1.0333743636870005e+17 11.443553681529103 3126021.2107556923 2.8787369307505364e+16 1.000939819871761e-274 5.212371170463696e+54 3.9148613682093664e+49 85
9.703400072727415e+23 4.718185807298716e+73 1.3563331681191799e+66 1.2388564166425614e+23 4369765.855184533 2.806686022291986e+50 23079538796062.113 7.58077869144942e+27 4.30327324449404e+18 3.37455356395604e+50 248981.67239424167 1304.184432862829 1.6562145211256707e+18 7615572257294.132 3983.7617261660394 5.212371170463696e+54 3.9148613682093664e+49 85
4.4630839406061277e+46 4.718185807298716e+73 1.3563331681191799e+66 10697299.137650236 6.811631137390491e+36 2.806686022291986e+50 18.918622149256773 3.37455356395604e+50 5773499318.998615 1224237237988751.5 2632438.914320583 2.8787369307505364e+16 1.1391661139586227e-05 5.212371170463696e+54 4.878506648861118e-214 11258323672.0473 6.911999077894697e+19 85
4.4630839406061277e+46 4.718185807298716e+73 1.3563331681191799e+66 6.811631137390491e+36 1.250859334986713e+24 5.471422115768356e+18 285169324405483.6 3.37455356395604e+50 1243.524691799442 1224237237988751.5 29.56034710821371 2.8787369307505364e+16 1.9850802347375696e+21 5.212371170463696e+54 775.7747416284855 84
9.703400072727415e+23 4.718185807298716e+73 1.3563331681191799e+66 1.2388564166425614e+23 4369765.855184533 2.806686022291986e+50 23079538796062.113 7.58077869144942e+27 4.30327324449404e+18 3.37455356395604e+50 248981.67239424167 3.240441071916162e+27 1.6562145211256707e+18 1819.792231901622 1.000939819871761e-274 315112.96250395407 3.9148613682093664e+49 85
9.703400072727415e+23 4.718185807298716e+73 1.3563331681191799e+66 1.2388564166425614e+23 6.811631137390491e+36 2.806686022291986e+50 335.6928961185236 0.26 2.11898312487787 3.37455356395604e+50 248981.67239424167 1304.184432862829 1.6562145211256707e+18 0.07297113167663723 5.6138557435744485e+20 7615572257294.132 3983.7617261660394 5.212371170463696e+54 775.7747416284855 85
9.703400072727415e+23 4.718185807298716e+73 1.3563331681191799e+66 0.00021470104961057097 9117013165.127548 335.6928961185236 7.58077869144942e+27 4.30327324449404e+18 3.37455356395604e+50 248981.67239424167 1304.184432862829 1.6562145211256707e+18 6.963201473368177e+16 5.6138557435744485e+20 5.212371170463696e+54 775.7747416284855 85
4.4630839406061277e+46 4.718185807298716e+73 1.3563331681191799e+66 0.00021470104961057097 9117013165.127548 2.806686022291986e+50 335.6928961185236 7.58077869144942e+27 2.11898312487787 3.37455356395604e+50 3113129.7826014096 3.240441071916162e+27 3036963138853.565 11.443553681529103 3126021.2107556923 2.8787369307505364e+16 1.9850802347375696e+21 84
9.703400072727415e+23 4.718185807298716e+73 478943.04347713996 1.2388564166425614e+23 4369765.855184533 2.806686022291986e+50 1.250859334986713e+24 5.471422115768356e+18 285169324405483.6 771221806036.6746 3113129.7826014096 3.240441071916162e+27 1.6562145211256707e+18 1.0333743636870005e+17 5.6138557435744485e+20 1819.792231901622 315112.96250395407 3.9148613682093664e+49 84452.61948127027 84
4.718185807298716e+73 1.3563331681191799e+66 1.2388564166425614e+23 6.811631137390491e+36 2.806686022291986e+50 7.58077869144942e+27 18.918622149256773 771221806036.6746 3113129.7826014096 1.9850802347375696e+21 84
4.4630839406061277e+46 4.718185807298716e+73 1.3563331681191799e+66 0.00021470104961057097 6.811631137390491e+36 1.250859334986713e+24 5.471422115768356e+18 0.0038424240587478288 3.37455356395604e+50 50741312846.62157 1224237237988751.5 1.6562145211256707e+18 1.0333743636870005e+17 11.443553681529103 1819.792231901622 3983.7617261660394 5.212371170463696e+54 3.9148613682093664e+49 84452.61948127027 6.911999077894697e+19 84
4.4630839406061277e+46 4.718185807298716e+73 1.3563331681191799e+66 6.811631137390491e+36 2.806686022291986e+50 0.03304353132526969 5.471422115768356e+18 18.918622149256773 771221806036.6746 50741312846.62157 1224237237988751.5 5.6138557435744485e+20 2.8787369307505364e+16 1.9850802347375696e+21 84
4.4630839406061277e+46 4.718185807298716e+73 1.3563331681191799e+66 1.2388564166425614e+23 9117013165.127548 188.7019641799019 1.250859334986713e+24 7.58077869144942e+27 4.30327324449404e+18 3.37455356395604e+50 3.240441071916162e+27 2632438.914320583 6.963201473368177e+16 5.6138557435744485e+20 7615572257294.132 1.000939819871761e-274 5.212371170463696e+54 3.9148613682093664e+49 11258323672.0473 6.911999077894697e+19 85
9.703400072727415e+23 4.718185807298716e+73 1.3563331681191799e+66 1.2388564166425614e+23 4369765.855184533 188.7019641799019 23079538796062.113 7.58077869144942e+27 4.30327324449404e+18 3.37455356395604e+50 248981.67239424167 1304.184432862829 1.6562145211256707e+18 5.212371170463696e+54 0.03474012935914791 85
9.703400072727415e+23 4.718185807298716e+73 1.3563331681191799e+66 1.2388564166425614e+23 6.811631137390491e+36 2.806686022291986e+50 0.03304353132526969 5.471422115768356e+18 18.918622149256773 771221806036.6746 3113129.7826014096 1224237237988751.5 29.56034710821371 6.963201473368177e+16 5.6138557435744485e+20 5.212371170463696e+54 0.75 11258323672.0473 6.911999077894697e+19 85
4.4630839406061277e+46 0.00550725522087828 478943.04347713996 10697299.137650236 6.811631137390491e+36 2.806686022291986e+50 84
9.703400072727415e+23 4.718185807298716e+73 1.3563331681191799e+66 1.2388564166425614e+23 9117013165.127548 2.806686022291986e+50 23079538796062.113 7.58077869144942e+27 4.30327324449404e+18 3.37455356395604e+50 248981.67239424167 3.240441071916162e+27 1.6562145211256707e+18 1.0333743636870005e+17 5.6138557435744485e+20 1819.792231901622 1.1391661139586227e-05 5.212371170463696e+54 3.9148613682093664e+49 6146435.724623296 85
9.703400072727415e+23 4.718185807298716e+73 1.3563331681191799e+66 1.8082001808867026e-06 6.811631137390491e+36 2.806686022291986e+50 23079538796062.113 7.58077869144942e+27 2.5127115931359736e-05 771221806036.6746 3113129.7826014096 2.8842023318608375e-274 1.6562145211256707e+18 1.0333743636870005e+17 5.6138557435744485e+20 0.006667735866650644 1.000939819871761e-274 5.212371170463696e+54 3.9148613682093664e+49 11258323672.0473 6.911999077894697e+19 85
9.703400072727415e+23 4.718185807298716e+73 1.3563331681191799e+66 0.00021470104961057097 4369765.855184533 2.806686022291986e+50 23079538796062.113 7.58077869144942e+27 4.30327324449404e+18 5773499318.998615 2.8842023318608375e-274 1.6562145211256707e+18 6.963201473368177e+16 5.6138557435744485e+20 1819.792231901622 1.000939819871761e-274 315112.96250395407 3.9148613682093664e+49 85
4.4630839406061277e+46 4.718185807298716e+73 1.3563331681191799e+66 10891.799243277277 6.811631137390491e+36 2.806686022291986e+50 285169324405483.6 771221806036.6746 1243.524691799442 1224237237988751.5 2632438.914320583 1.0333743636870005e+17 11.443553681529103 3126021.2107556923 2.8787369307505364e+16 24017.773739290973 5.212371170463696e+54 3.9148613682093664e+49 84452.61948127027 6.911999077894697e+19 84
4.4630839406061277e+46 4.718185807298716e+73 1.3563331681191799e+66 6.811631137390491e+36 1.250859334986713e+24 3.37455356395604e+50 1224237237988751.5 2632438.914320583 1.0333743636870005e+17 5.6138557435744485e+20 1819.792231901622 24017.773739290973 5.212371170463696e+54 3.9148613682093664e+49 84
9.703400072727415e+23 4.718185807298716e+73 478943.04347713996 1.2388564166425614e+23 4369765.855184533 2.806686022291986e+50 1.250859334986713e+24 5.471422115768356e+18 285169324405483.6 771221806036.6746 3113129.7826014096 3.240441071916162e+27 1.6562145211256707e+18 1.0333743636870005e+17 5.6138557435744485e+20 1819.792231901622 315112.96250395407 3.9148613682093664e+49 84452.61948127027 84
4.4630839406061277e+46 4.718185807298716e+73 1.3563331681191799e+66 84
4.4630839406061277e+46 4.718185807298716e+73 1.3563331681191799e+66 1.2388564166425614e+23 4369765.855184533 188.7019641799019 1.250859334986713e+24 7.58077869144942e+27 4.30327324449404e+18 3.37455356395604e+50 3113129.7826014096 2.8842023318608375e-274 1.6562145211256707e+18 6.963201473368177e+16 5.6138557435744485e+20 2.8787369307505364e+16 1.9850802347375696e+21 4.097934222834469e-143 3.9148613682093664e+49 85
4.4630839406061277e+46 4.718185807298716e+73 1.3563331681191799e+66 1.2388564166425614e+23 4369765.855184533 2.806686022291986e+50 1.250859334986713e+24 3.37455356395604e+50 248981.67239424167 3.240441071916162e+27 2632438.914320583 5.212371170463696e+54 0.03474012935914791 6146435.724623296 6.911999077894697e+19 84
4.4630839406061277e+46 4.718185807298716e+73 1.3563331681191799e+66 1.2388564166425614e+23 9117013165.127548 2.806686022291986e+50 23079538796062.113 7.58077869144942e+27 2.5127115931359736e-05 3.37455356395604e+50 1243.524691799442 3.240441071916162e+27 1.6562145211256707e+18 1.0333743636870005e+17 11.443553681529103 3126021.2107556923 7615572257294.132 5.212371170463696e+54 3.9148613682093664e+49 11258323672.0473 6.911999077894697e+19 84
9.703400072727415e+23 4.718185807298716e+73 1.3563331681191799e+66 1.8082001808867026e-06 6.811631137390491e+36 2.806686022291986e+50 1.250859334986713e+24 5.471422115768356e+18 771221806036.6746 50741312846.62157 1224237237988751.5 29.56034710821371 1819.792231901622 1.9850802347375696e+21 5.212371170463696e+54 3.9148613682093664e+49 85
4.4630839406061277e+46 0.00550725522087828 478943.04347713996 5.212371170463696e+54 3.9148613682093664e+49 84
9.703400072727415e+23 4.718185807298716e+73 1.3563331681191799e+66 85
4.4630839406061277e+46 4.718185807298716e+73 1.3563331681191799e+66 10891.799243277277 4369765.855184533 2.806686022291986e+50 1.250859334986713e+24 5.471422115768356e+18 4.30327324449404e+18 3.37455356395604e+50 5773499318.998615 3.240441071916162e+27 2632438.914320583 1819.792231901622 5.212371170463696e+54 775.7747416284855 84
9.703400072727415e+23 4.718185807298716e+73 1.3563331681191799e+66 1.8082001808867026e-06 6.811631137390491e+36 1.250859334986713e+24 5.471422115768356e+18 2.5127115931359736e-05 771221806036.6746 1243.524691799442 3.240441071916162e+27 29.56034710821371 1.0333743636870005e+17 5.6138557435744485e+20 2.8787369307505364e+16 1.9850802347375696e+21 85
4.4630839406061277e+46 4.718185807298716e+73 478943.04347713996 1.2388564166425614e+23 2.806686022291986e+50 1.250859334986713e+24 5.471422115768356e+18 0.0038424240587478288 771221806036.6746 50741312846.62157 29.56034710821371 6.963201473368177e+16 5.6138557435744485e+20 5.212371170463696e+54 3.9148613682093664e+49 84
4.4630839406061277e+46 0.00550725522087828 478943.04347713996 10697299.137650236 6.811631137390491e+36 2.806686022291986e+50 84
9.703400072727415e+23 4.718185807298716e+73 1.3563331681191799e+66 10697299.137650236 4369765.855184533 23079538796062.113 7.58077869144942e+27 2.11898312487787 3.37455356395604e+50 248981.67239424167 3.240441071916162e+27 2632438.914320583 6.963201473368177e+16 5.6138557435744485e+20 1.1391661139586227e-05 5.212371170463696e+54 3.9148613682093664e+49 6146435.724623296 6.911999077894697e+19 85
9.703400072727415e+23 4.718185807298716e+73 1.3563331681191799e+66 1.2388564166425614e+23 6.811631137390491e+36 23079538796062.113 7.58077869144942e+27 2.5127115931359736e-05 771221806036.6746 5773499318.998615 3.240441071916162e+27 1.6562145211256707e+18 6.963201473368177e+16 11.443553681529103 3126021.2107556923 1819.792231901622 24017.773739290973 5.212371170463696e+54 775.7747416284855 6146435.724623296 6.911999077894697e+19 84
4.4630839406061277e+46 4.718185807298716e+73 1.3563331681191799e+66 1.2388564166425614e+23 6.811631137390491e+36 2.806686022291986e+50 0.03304353132526969 5.471422115768356e+18 285169324405483.6 771221806036.6746 5773499318.998615 3.240441071916162e+27 3036963138853.565 1.0333743636870005e+17 5.6138557435744485e+20 1819.792231901622 1.9850802347375696e+21 5.212371170463696e+54 3.9148613682093664e+49 11258323672.0473 6.911999077894697e+19 84
4.4630839406061277e+46 4.718185807298716e+73 1.3563331681191799e+66 10697299.137650236 6.811631137390491e+36 2.806686022291986e+50 0.0038424240587478288 771221806036.6746 1243.524691799442 1224237237988751.5 3036963138853.565 6.963201473368177e+16 2.8787369307505364e+16 1.9850802347375696e+21 5.212371170463696e+54 775.7747416284855 84
4.4630839406061277e+46 4.718185807298716e+73 1.3563331681191799e+66 10891.799243277277 6.811631137390491e+36 2.806686022291986e+50 1.250859334986713e+24 5.471422115768356e+18 4.30327324449404e+18 3.37455356395604e+50 5773499318.998615 3.240441071916162e+27 2632438.914320583 1.0333743636870005e+17 4826.139674605495 3126021.2107556923 1819.792231901622 24017.773739290973 315112.96250395407 3.9148613682093664e+49 84
4.4630839406061277e+46 4.718185807298716e+73 1.3563331681191799e+66 1.2388564166425614e+23 6.811631137390491e+36 2.806686022291986e+50 23079538796062.113 5.471422115768356e+18 2.11898312487787 771221806036.6746 3113129.7826014096 3.240441071916162e+27 3036963138853.565 4826.139674605495 3126021.2107556923 2.8787369307505364e+16 5.212371170463696e+54 3.9148613682093664e+49 11258323672.0473 84
4.4630839406061277e+46 4.718185807298716e+73 478943.04347713996 1.8082001808867026e-06 1.68064173019814e-215 2.806686022291986e+50 5.212371170463696e+54 3.9148613682093664e+49 84
9.703400072727415e+23 4.718185807298716e+73 1.3563331681191799e+66 10891.799243277277 6.811631137390491e+36 2.806686022291986e+50 1.250859334986713e+24 285169324405483.6 771221806036.6746 3113129.7826014096 2.8842023318608375e-274 1.6562145211256707e+18 1.000939819871761e-274 4.097934222834469e-143 84452.61948127027 0.03949905118916817 85
4.4630839406061277e+46 4.718185807298716e+73 1.3563331681191799e+66 1.8082001808867026e-06 6.811631137390491e+36 23079538796062.113 7.58077869144942e+27 285169324405483.6 3.37455356395604e+50 1243.524691799442 1224237237988751.5 3036963138853.565 1.0333743636870005e+17 5.6138557435744485e+20 1819.792231901622 1.9850802347375696e+21 5.212371170463696e+54 3.9148613682093664e+49 6146435.724623296 6.911999077894697e+19 84
4.4630839406061277e+46 4.718185807298716e+73 478943.04347713996 1.2388564166425614e+23 2.806686022291986e+50 1.250859334986713e+24 5.471422115768356e+18 0.0038424240587478288 771221806036.6746 50741312846.62157 29.56034710821371 6.963201473368177e+16 5.6138557435744485e+20 5.212371170463696e+54 3.9148613682093664e+49 84
9.703400072727415e+23 4.718185807298716e+73 1.3563331681191799e+66 1.250859334986713e+24 5.471422115768356e+18 4.30327324449404e+18 3.37455356395604e+50 50741312846.62157 3.240441071916162e+27 3036963138853.565 6.963201473368177e+16 5.6138557435744485e+20 2.8787369307505364e+16 1.9850802347375696e+21 5.212371170463696e+54 3.9148613682093664e+49 84
9.703400072727415e+23 4.718185807298716e+73 1.3563331681191799e+66 1.2388564166425614e+23 9117013165.127548 2.806686022291986e+50 23079538796062.113 7.58077869144942e+27 285169324405483.6 3.37455356395604e+50 3113129.7826014096 1304.184432862829 6.963201473368177e+16 5.6138557435744485e+20 2.8787369307505364e+16 1.9850802347375696e+21 5.212371170463696e+54 3.9148613682093664e+49 85
4.4630839406061277e+46 4.718185807298716e+73 1.3563331681191799e+66 1.2388564166425614e+23 4369765.855184533 188.7019641799019 23079538796062.113 7.58077869144942e+27 4.30327324449404e+18 3.37455356395604e+50 5773499318.998615 3.240441071916162e+27 3036963138853.565 1.0333743636870005e+17 5.6138557435744485e+20 2.8787369307505364e+16 1.9850802347375696e+21 5.212371170463696e+54 775.7747416284855 84
4.4630839406061277e+46 4.718185807298716e+73 1.3563331681191799e+66 10891.799243277277 6.811631137390491e+36 2.806686022291986e+50 23079538796062.113 5.471422115768356e+18 0.0038424240587478288 771221806036.6746 5773499318.998615 1224237237988751.5 2632438.914320583 1.0333743636870005e+17 11.443553681529103 3126021.2107556923 24017.773739290973 5.212371170463696e+54 3.9148613682093664e+49 84452.61948127027 84
4.4630839406061277e+46 4.718185807298716e+73 1.3563331681191799e+66 10697299.137650236 9117013165.127548 2.806686022291986e+50 1.250859334986713e+24 7.58077869144942e+27 4.30327324449404e+18 3.37455356395604e+50 1243.524691799442 3.240441071916162e+27 1.6562145211256707e+18 1819.792231901622 5.212371170463696e+54 775.7747416284855 84
4.4630839406061277e+46 4.718185807298716e+73 1.3563331681191799e+66 1.2388564166425614e+23 4369765.855184533 2.806686022291986e+50 3.37455356395604e+50 5.212371170463696e+54 3.9148613682093664e+49 84
9.703400072727415e+23 4.718185807298716e+73 1.3563331681191799e+66 1.2388564166425614e+23 6.811631137390491e+36 2.806686022291986e+50 335.6928961185236 0.26 2.11898312487787 3.37455356395604e+50 248981.67239424167 1304.184432862829 1.6562145211256707e+18 0.07297113167663723 5.6138557435744485e+20 7615572257294.132 3983.7617261660394 5.212371170463696e+54 775.7747416284855 85
4.4630839406061277e+46 4.718185807298716e+73 1.3563331681191799e+66 10697299.137650236 1.68064173019814e-215 2.806686022291986e+50 335.6928961185236 285169324405483.6 3.37455356395604e+50 3113129.7826014096 3.240441071916162e+27 315112.96250395407 775.7747416284855 6.911999077894697e+19 84
4.4630839406061277e+46 4.718185807298716e+73 1.3563331681191799e+66 6.811631137390491e+36 2.806686022291986e+50 1.250859334986713e+24 5.471422115768356e+18 18.918622149256773 771221806036.6746 50741312846.62157 1224237237988751.5 29.56034710821371 6.963201473368177e+16 5.6138557435744485e+20 2.8787369307505364e+16 5.212371170463696e+54 775.7747416284855 84452.61948127027 6.911999077894697e+19 84
4.4630839406061277e+46 4.718185807298716e+73 1.3563331681191799e+66 1.2388564166425614e+23 6.811631137390491e+36 2.806686022291986e+50 0.03304353132526969 5.471422115768356e+18 4.30327324449404e+18 3.37455356395604e+50 5773499318.998615 3.240441071916162e+27 3036963138853.565 0.07297113167663723 11.443553681529103 2.8787369307505364e+16 1.9850802347375696e+21 4.097934222834469e-143 3.9148613682093664e+49 84452.61948127027 6.911999077894697e+19 84
9.703400072727415e+23 4.718185807298716e+73 1.3563331681191799e+66 1.2388564166425614e+23 4369765.855184533 2.806686022291986e+50 7.58077869144942e+27 4.30327324449404e+18 3.37455356395604e+50 1243.524691799442 3.240441071916162e+27 2632438.914320583 6.963201473368177e+16 5.6138557435744485e+20 2.8787369307505364e+16 5.212371170463696e+54 775.7747416284855 85
9.703400072727415e+23 4.718185807298716e+73 1.3563331681191799e+66 10891.799243277277 6.811631137390491e+36 2.806686022291986e+50 1.250859334986713e+24 0.26 18.918622149256773 771221806036.6746 1243.524691799442 3.240441071916162e+27 3036963138853.565 0.07297113167663723 5.6138557435744485e+20 2.8787369307505364e+16 24017.773739290973 5.212371170463696e+54 84452.61948127027 6.911999077894697e+19 84
4.4630839406061277e+46 4.718185807298716e+73 478943.04347713996 1.2388564166425614e+23 6.811631137390491e+36 2.806686022291986e+50 23079538796062.113 771221806036.6746 3.240441071916162e+27 3036963138853.565 7615572257294.132 84
4.4630839406061277e+46 4.718185807298716e+73 1.3563331681191799e+66 10891.799243277277 9117013165.127548 188.7019641799019 23079538796062.113 285169324405483.6 3.37455356395604e+50 5773499318.998615 1304.184432862829 3036963138853.565 1.0333743636870005e+17 5.6138557435744485e+20 1819.792231901622 1.000939819871761e-274 5.212371170463696e+54 3.9148613682093664e+49 11258323672.0473 84
9.703400072727415e+23 4.718185807298716e+73 1.3563331681191799e+66 1.2388564166425614e+23 9117013165.127548 2.806686022291986e+50 23079538796062.113 7.58077869144942e+27 4.30327324449404e+18 3.37455356395604e+50 1304.184432862829 1.6562145211256707e+18 1.0333743636870005e+17 5.6138557435744485e+20 2.8787369307505364e+16 1.000939819871761e-274 5.212371170463696e+54 3.9148613682093664e+49 85
9.703400072727415e+23 4.718185807298716e+73 1.3563331681191799e+66 10891.799243277277 9117013165.127548 2.806686022291986e+50 335.6928961185236 5.471422115768356e+18 285169324405483.6 3.37455356395604e+50 248981.67239424167 3.240441071916162e+27 2632438.914320583 0.07297113167663723 5.6138557435744485e+20 3126021.2107556923 5.212371170463696e+54 3.9148613682093664e+49 85
4.4630839406061277e+46 4.718185807298716e+73 478943.04347713996 1.2388564166425614e+23 2.806686022291986e+50 1.250859334986713e+24 5.471422115768356e+18 0.0038424240587478288 771221806036.6746 50741312846.62157 29.56034710821371 6.963201473368177e+16 5.6138557435744485e+20 5.212371170463696e+54 3.9148613682093664e+49 84
4.4630839406061277e+46 4.718185807298716e+73 1.3563331681191799e+66 84
4.4630839406061277e+46 0.00550725522087828 478943.04347713996 5.212371170463696e+54 3.9148613682093664e+49 11258323672.0473 84
4.4630839406061277e+46 4.718185807298716e+73 1.3563331681191799e+66 6.811631137390491e+36 2.806686022291986e+50 335.6928961185236 2.11898312487787 3.37455356395604e+50 50741312846.62157 3.240441071916162e+27 3036963138853.565 1.0333743636870005e+17 4826.139674605495 5.212371170463696e+54 3.9148613682093664e+49 84
4.4630839406061277e+46 4.718185807298716e+73 1.3563331681191799e+66 10697299.137650236 6.811631137390491e+36 2.806686022291986e+50 1.250859334986713e+24 7.58077869144942e+27 18.918622149256773 771221806036.6746 5773499318.998615 3.240441071916162e+27 2632438.914320583 6.963201473368177e+16 4826.139674605495 3126021.2107556923 2.8787369307505364e+16 1.9850802347375696e+21 5.212371170463696e+54 3.9148613682093664e+49 84452.61948127027 1.4827241483270962e-05 84
4.4630839406061277e+46 4.718185807298716e+73 1.3563331681191799e+66 10697299.137650236 9117013165.127548 188.7019641799019 4.30327324449404e+18 248981.67239424167 1304.184432862829 315112.96250395407 775.7747416284855 85
9.703400072727415e+23 0.00550725522087828 478943.04347713996 10697299.137650236 6.811631137390491e+36 2.806686022291986e+50 315112.96250395407 3.9148613682093664e+49 85
4.4630839406061277e+46 4.718185807298716e+73 1.3563331681191799e+66 6.811631137390491e+36 2.806686022291986e+50 771221806036.6746 50741312846.62157 29.56034710821371 0.07297113167663723 5.6138557435744485e+20 1.9850802347375696e+21 84
4.4630839406061277e+46 4.718185807298716e+73 478943.04347713996 1.8082001808867026e-06 1.68064173019814e-215 2.806686022291986e+50 5.212371170463696e+54 3.9148613682093664e+49 84
4.4630839406061277e+46 4.718185807298716e+73 1.3563331681191799e+66 10697299.137650236 6.811631137390491e+36 2.806686022291986e+50 1.250859334986713e+24 5.471422115768356e+18 285169324405483.6 3.37455356395604e+50 3113129.7826014096 3.240441071916162e+27 3036963138853.565 1.0333743636870005e+17 4826.139674605495 3126021.2107556923 1819.792231901622 3983.7617261660394 5.212371170463696e+54 3.9148613682093664e+49 84452.61948127027 84
4.4630839406061277e+46 4.718185807298716e+73 478943.04347713996 10891.799243277277 4369765.855184533 188.7019641799019 1.250859334986713e+24 7.58077869144942e+27 4.30327324449404e+18 771221806036.6746 248981.67239424167 1304.184432862829 1.6562145211256707e+18 2.8787369307505364e+16 1.1391661139586227e-05 5.212371170463696e+54 3.9148613682093664e+49 84452.61948127027 0.03949905118916817 84
9.703400072727415e+23 4.718185807298716e+73 1.3563331681191799e+66 1.2388564166425614e+23 6.811631137390491e+36 2.806686022291986e+50 5.471422115768356e+18 2.5127115931359736e-05 771221806036.6746 1.6562145211256707e+18 6.963201473368177e+16 4826.139674605495 1.9850802347375696e+21 5.212371170463696e+54 3.9148613682093664e+49 11258323672.0473 6.911999077894697e+19 85
9.703400072727415e+23 4.718185807298716e+73 1.3563331681191799e+66 10891.799243277277 6.811631137390491e+36 2.806686022291986e+50 1.250859334986713e+24 7.58077869144942e+27 4.30327324449404e+18 3.37455356395604e+50 5773499318.998615 3.240441071916162e+27 2632438.914320583 6.963201473368177e+16 11.443553681529103 3126021.2107556923 5.212371170463696e+54 3.9148613682093664e+49 84
4.4630839406061277e+46 0.00550725522087828 478943.04347713996 6.811631137390491e+36 2.806686022291986e+50 1.250859334986713e+24 5.471422115768356e+18 18.918622149256773 771221806036.6746 1243.524691799442 1224237237988751.5 3036963138853.565 0.07297113167663723 2.8787369307505364e+16 1.9850802347375696e+21 5.212371170463696e+54 3.9148613682093664e+49 84452.61948127027 6.911999077894697e+19 85
9.703400072727415e+23 4.718185807298716e+73 1.3563331681191799e+66 2.806686022291986e+50 1.250859334986713e+24 7.58077869144942e+27 4.30327324449404e+18 3.37455356395604e+50 5773499318.998615 3.240441071916162e+27 2632438.914320583 5.212371170463696e+54 775.7747416284855 85
4.4630839406061277e+46 4.718185807298716e+73 478943.04347713996 1.2388564166425614e+23 6.811631137390491e+36 2.806686022291986e+50 771221806036.6746 5.212371170463696e+54 3.9148613682093664e+49 84
4.4630839406061277e+46 4.718185807298716e+73 1.3563331681191799e+66 0.00021470104961057097 9117013165.127548 2.806686022291986e+50 335.6928961185236 7.58077869144942e+27 2.11898312487787 3.37455356395604e+50 3113129.7826014096 3.240441071916162e+27 3036963138853.565 11.443553681529103 3126021.2107556923 2.8787369307505364e+16 1.9850802347375696e+21 84
4.4630839406061277e+46 4.718185807298716e+73 1.3563331681191799e+66 10697299.137650236 6.811631137390491e+36 2.806686022291986e+50 23079538796062.113 7.58077869144942e+27 2.5127115931359736e-05 771221806036.6746 50741312846.62157 1224237237988751.5 29.56034710821371 0.07297113167663723 5.6138557435744485e+20 2.8787369307505364e+16 24017.773739290973 5.212371170463696e+54 3.9148613682093664e+49 11258323672.0473 84
4.4630839406061277e+46 4.718185807298716e+73 1.3563331681191799e+66 1.2388564166425614e+23 6.811631137390491e+36 5.471422115768356e+18 3.37455356395604e+50 50741312846.62157 3.240441071916162e+27 1.6562145211256707e+18 5.6138557435744485e+20 7615572257294.132 3983.7617261660394 5.212371170463696e+54 0.75 6146435.724623296 6.911999077894697e+19 84
4.4630839406061277e+46 0.00550725522087828 478943.04347713996 1.2388564166425614e+23 6.811631137390491e+36 2.806686022291986e+50 0.03304353132526969 2.1319977153880987e-05 0.0038424240587478288 5773499318.998615 3.240441071916162e+27 3036963138853.565 7615572257294.132 5.212371170463696e+54 3.9148613682093664e+49 84452.61948127027 6.911999077894697e+19 84
4.718185807298716e+73 1.3563331681191799e+66 1.2388564166425614e+23 9117013165.127548 2.806686022291986e+50 1.250859334986713e+24 7.58077869144942e+27 285169324405483.6 3.37455356395604e+50 1243.524691799442 3.240441071916162e+27 1.6562145211256707e+18 1.0333743636870005e+17 5.6138557435744485e+20 1819.792231901622 1.9850802347375696e+21 5.212371170463696e+54 775.7747416284855 11258323672.0473 6.911999077894697e+19 84
9.703400072727415e+23 4.718185807298716e+73 1.3563331681191799e+66 10697299.137650236 6.811631137390491e+36 2.806686022291986e+50 23079538796062.113 7.58077869144942e+27 285169324405483.6 3.37455356395604e+50 1243.524691799442 2.8842023318608375e-274 2632438.914320583 6.963201473368177e+16 5.6138557435744485e+20 5.212371170463696e+54 3.9148613682093664e+49 6146435.724623296 84
4.4630839406061277e+46 4.718185807298716e+73 1.3563331681191799e+66 10697299.137650236 9117013165.127548 0.19 23079538796062.113 7.58077869144942e+27 4.30327324449404e+18 3.37455356395604e+50 5773499318.998615 1304.184432862829 1.6562145211256707e+18 6.963201473368177e+16 5.6138557435744485e+20 1819.792231901622 1.9850802347375696e+21 5.212371170463696e+54 0.03474012935914791 84
4.4630839406061277e+46 4.718185807298716e+73 1.3563331681191799e+66 6.811631137390491e+36 1.250859334986713e+24 5.471422115768356e+18 18.918622149256773 771221806036.6746 1224237237988751.5 29.56034710821371 1.0333743636870005e+17 5.6138557435744485e+20 3126021.2107556923 5.212371170463696e+54 775.7747416284855 84452.61948127027 6.911999077894697e+19 84
9.703400072727415e+23 4.718185807298716e+73 1.3563331681191799e+66 0.00021470104961057097 4369765.855184533 2.806686022291986e+50 23079538796062.113 7.58077869144942e+27 4.30327324449404e+18 5773499318.998615 2.8842023318608375e-274 1.6562145211256707e+18 6.963201473368177e+16 5.6138557435744485e+20 1819.792231901622 1.000939819871761e-274 315112.96250395407 3.9148613682093664e+49 85
4.4630839406061277e+46 4.718185807298716e+73 1.3563331681191799e+66 10891.799243277277 6.811631137390491e+36 2.806686022291986e+50 335.6928961185236 5.471422115768356e+18 285169324405483.6 3.37455356395604e+50 1243.524691799442 3.240441071916162e+27 3036963138853.565 315112.96250395407 3.9148613682093664e+49 6146435.724623296 84
4.4630839406061277e+46 4.718185807298716e+73 1.3563331681191799e+66 1.2388564166425614e+23 9117013165.127548 4.30327324449404e+18 3.37455356395604e+50 1.6562145211256707e+18 1.0333743636870005e+17 5.6138557435744485e+20 5.212371170463696e+54 3.9148613682093664e+49 84
9.703400072727415e+23 4.718185807298716e+73 1.3563331681191799e+66 10891.799243277277 1.68064173019814e-215 188.7019641799019 23079538796062.113 7.58077869144942e+27 4.30327324449404e+18 3.37455356395604e+50 3113129.7826014096 3.240441071916162e+27 1.6562145211256707e+18 1.0333743636870005e+17 5.6138557435744485e+20 2.8787369307505364e+16 3983.7617261660394 315112.96250395407 3.9148613682093664e+49 85
9.703400072727415e+23 4.718185807298716e+73 1.3563331681191799e+66 188.7019641799019 23079538796062.113 7.58077869144942e+27 2.11898312487787 3.37455356395604e+50 3113129.7826014096 1304.184432862829 2632438.914320583 0.07297113167663723 5.6138557435744485e+20 7615572257294.132 1.000939819871761e-274 5.212371170463696e+54 3.9148613682093664e+49 11258323672.0473 85
4.4630839406061277e+46 4.718185807298716e+73 1.3563331681191799e+66 10891.799243277277 4369765.855184533 188.7019641799019 1.250859334986713e+24 7.58077869144942e+27 285169324405483.6 3.37455356395604e+50 2.8842023318608375e-274 2632438.914320583 1.0333743636870005e+17 5.6138557435744485e+20 7615572257294.132 24017.773739290973 5.212371170463696e+54 3.9148613682093664e+49 11258323672.0473 6.911999077894697e+19 84
9.703400072727415e+23 0.00550725522087828 478943.04347713996 10697299.137650236 6.811631137390491e+36 2.806686022291986e+50 3.37455356395604e+50 4.59066881548229e-218 3.9148613682093664e+49 85
4.4630839406061277e+46 0.00550725522087828 1.3563331681191799e+66 1.8082001808867026e-06 6.811631137390491e+36 2.806686022291986e+50 1304.184432862829 1.0333743636870005e+17 7615572257294.132 315112.96250395407 3.9148613682093664e+49 6146435.724623296 6.911999077894697e+19 84
4.4630839406061277e+46 4.718185807298716e+73 1.3563331681191799e+66 4369765.855184533 335.6928961185236 7.58077869144942e+27 4.30327324449404e+18 3.37455356395604e+50 248981.67239424167 3.240441071916162e+27 1.6562145211256707e+18 6.963201473368177e+16 5.6138557435744485e+20 1.9850802347375696e+21 5.212371170463696e+54 3.9148613682093664e+49 84
4.4630839406061277e+46 4.718185807298716e+73 1.3563331681191799e+66 0.00021470104961057097 9117013165.127548 2.806686022291986e+50 335.6928961185236 7.58077869144942e+27 2.11898312487787 3.37455356395604e+50 3113129.7826014096 3.240441071916162e+27 3036963138853.565 11.443553681529103 3126021.2107556923 2.8787369307505364e+16 1.9850802347375696e+21 84
9.703400072727415e+23 4.718185807298716e+73 1.3563331681191799e+66 1.2388564166425614e+23 4369765.855184533 188.7019641799019 1.250859334986713e+24 7.58077869144942e+27 4.30327324449404e+18 1304.184432862829 2632438.914320583 7615572257294.132 5.212371170463696e+54 775.7747416284855 85
9.703400072727415e+23 4.718185807298716e+73 1.3563331681191799e+66 1.2388564166425614e+23 9117013165.127548 2.806686022291986e+50 1.250859334986713e+24 5.471422115768356e+18 18.918622149256773 3.37455356395604e+50 248981.67239424167 1224237237988751.5 2632438.914320583 1.0333743636870005e+17 3126021.2107556923 1.1391661139586227e-05 5.212371170463696e+54 3.9148613682093664e+49 6146435.724623296 85
4.4630839406061277e+46 4.718185807298716e+73 1.3563331681191799e+66 84
4.4630839406061277e+46 4.718185807298716e+73 1.3563331681191799e+66 10697299.137650236 6.811631137390491e+36 2.806686022291986e+50 1.250859334986713e+24 5.471422115768356e+18 18.918622149256773 3.37455356395604e+50 1224237237988751.5 11.443553681529103 3126021.2107556923 5.212371170463696e+54 3.9148613682093664e+49 84
9.703400072727415e+23 4.718185807298716e+73 1.3563331681191799e+66 1.2388564166425614e+23 9117013165.127548 335.6928961185236 4.30327324449404e+18 771221806036.6746 5773499318.998615 3.240441071916162e+27 1.6562145211256707e+18 1.0333743636870005e+17 5.6138557435744485e+20 1.1391661139586227e-05 315112.96250395407 3.9148613682093664e+49 85
9.703400072727415e+23 4.718185807298716e+73 1.3563331681191799e+66 4369765.855184533 2.806686022291986e+50 23079538796062.113 7.58077869144942e+27 4.30327324449404e+18 3.37455356395604e+50 5773499318.998615 3.240441071916162e+27 1.6562145211256707e+18 1.0333743636870005e+17 5.6138557435744485e+20 3983.7617261660394 3.9148613682093664e+49 85
9.703400072727415e+23 4.718185807298716e+73 1.3563331681191799e+66 10697299.137650236 4369765.855184533 2.806686022291986e+50 3.37455356395604e+50 5.212371170463696e+54 3.9148613682093664e+49 85
9.703400072727415e+23 4.718185807298716e+73 1.3563331681191799e+66 10891.799243277277 6.811631137390491e+36 2.806686022291986e+50 1.250859334986713e+24 5.471422115768356e+18 2.5127115931359736e-05 771221806036.6746 1243.524691799442 1304.184432862829 2632438.914320583 6.963201473368177e+16 4826.139674605495 0.006667735866650644 3983.7617261660394 5.212371170463696e+54 3.9148613682093664e+49 11258323672.0473 6.911999077894697e+19 85
4.4630839406061277e+46 4.718185807298716e+73 1.3563331681191799e+66 10697299.137650236 6.811631137390491e+36 2.806686022291986e+50 18.918622149256773 3.37455356395604e+50 5773499318.998615 1224237237988751.5 2632438.914320583 2.8787369307505364e+16 1.1391661139586227e-05 5.212371170463696e+54 4.878506648861118e-214 11258323672.0473 6.911999077894697e+19 85
4.4630839406061277e+46 4.718185807298716e+73 1.3563331681191799e+66 10697299.137650236 9117013165.127548 188.7019641799019 4.30327324449404e+18 248981.67239424167 1304.184432862829 315112.96250395407 775.7747416284855 85
9.703400072727415e+23 4.718185807298716e+73 1.3563331681191799e+66 10891.799243277277 6.811631137390491e+36 2.806686022291986e+50 0.03304353132526969 5.471422115768356e+18 0.0038424240587478288 771221806036.6746 3113129.7826014096 1224237237988751.5 3036963138853.565 6.963201473368177e+16 5.6138557435744485e+20 2.8787369307505364e+16 1.9850802347375696e+21 5.212371170463696e+54 3.9148613682093664e+49 11258323672.0473 6.911999077894697e+19 84
4.4630839406061277e+46 4.718185807298716e+73 478943.04347713996 10891.799243277277 4369765.855184533 23079538796062.113 7.58077869144942e+27 4.30327324449404e+18 3.37455356395604e+50 248981.67239424167 1304.184432862829 1.6562145211256707e+18 7615572257294.132 3983.7617261660394 11258323672.0473 6.911999077894697e+19 84
9.703400072727415e+23 4.718185807298716e+73 478943.04347713996 10697299.137650236 1.250859334986713e+24 5.471422115768356e+18 18.918622149256773 771221806036.6746 5773499318.998615 1224237237988751.5 3036963138853.565 11.443553681529103 3126021.2107556923 2.8787369307505364e+16 1.9850802347375696e+21 3.9148613682093664e+49 6146435.724623296 84
9.703400072727415e+23 4.718185807298716e+73 1.3563331681191799e+66 1.2388564166425614e+23 6.811631137390491e+36 23079538796062.113 7.58077869144942e+27 2.5127115931359736e-05 771221806036.6746 5773499318.998615 3.240441071916162e+27 1.6562145211256707e+18 6.963201473368177e+16 11.443553681529103 3126021.2107556923 1819.792231901622 24017.773739290973 5.212371170463696e+54 775.7747416284855 6146435.724623296 6.911999077894697e+19 84
4.4630839406061277e+46 4.718185807298716e+73 1.3563331681191799e+66 1.2388564166425614e+23 9117013165.127548 2.806686022291986e+50 7.58077869144942e+27 4.30327324449404e+18 3.37455356395604e+50 5773499318.998615 2.8842023318608375e-274 2632438.914320583 1819.792231901622 5.212371170463696e+54 3.9148613682093664e+49 6146435.724623296 1.4827241483270962e-05 84
4.4630839406061277e+46 4.718185807298716e+73 1.3563331681191799e+66 6.811631137390491e+36 2.806686022291986e+50 1.250859334986713e+24 2.1319977153880987e-05 2.5127115931359736e-05 771221806036.6746 3113129.7826014096 3.240441071916162e+27 2632438.914320583 1.0333743636870005e+17 5.6138557435744485e+20 2.8787369307505364e+16 1.9850802347375696e+21 5.212371170463696e+54 3.9148613682093664e+49 84
9.703400072727415e+23 4.718185807298716e+73 1.3563331681191799e+66 1.2388564166425614e+23 6.811631137390491e+36 2.806686022291986e+50 0.03304353132526969 5.471422115768356e+18 18.918622149256773 771221806036.6746 3113129.7826014096 1224237237988751.5 29.56034710821371 6.963201473368177e+16 5.6138557435744485e+20 5.212371170463696e+54 0.75 11258323672.0473 6.911999077894697e+19 85
4.4630839406061277e+46 4.718185807298716e+73 1.3563331681191799e+66 1.2388564166425614e+23 6.811631137390491e+36 188.7019641799019 1.250859334986713e+24 5.471422115768356e+18 2.5127115931359736e-05 3.37455356395604e+50 5773499318.998615 3.240441071916162e+27 1.6562145211256707e+18 1.0333743636870005e+17 5.6138557435744485e+20 3126021.2107556923 0.006667735866650644 1.9850802347375696e+21 5.212371170463696e+54 3.9148613682093664e+49 11258323672.0473 6.911999077894697e+19 84
9.703400072727415e+23 4.718185807298716e+73 1.3563331681191799e+66 10891.799243277277 9117013165.127548 2.806686022291986e+50 1.250859334986713e+24 7.58077869144942e+27 4.30327324449404e+18 3.37455356395604e+50 3113129.7826014096 1304.184432862829 6.963201473368177e+16 5.6138557435744485e+20 1819.792231901622 1.1391661139586227e-05 5.212371170463696e+54 3.9148613682093664e+49 6146435.724623296 6.911999077894697e+19 85
