2.1353806154202535e+24 2.2332079078200876e+71 336169.2224204587 3.050079849638969e+19 728366.6485776606 1.6130818379243757e+47 3.044782562565246e+25 3.775102946706703e+19 23417622420354.453 403040260570.9105 10353697.873706743 1.2572359179102695e+25 2.0554340000574054e+17 1.0128862102590898e+16 8.671348507104429e+20 1135.1516739763417 36866.52422702864 1.407545902047767e+48 197144.84577639218 84
7.581477680858415e+43 0.004349619330808122 7.223745986938287e+63 3.050079849638969e+19 3.489178821465861e+35 1.6130818379243757e+47 3.775102946706703e+19 3.24206931877435e+48 10353697.873706743 2.0117013617583117e+17 4.7208512984969046e+52 121.90078913902003 84
7.581477680858415e+43 2.2332079078200876e+71 7.223745986938287e+63 3.050079849638969e+19 1273155635.776468 1.6130818379243757e+47 569860939092.4625 3.3095462636578735e+25 2.360783295189689e-221 3.24206931877435e+48 775.6869772171669 1.2572359179102695e+25 2.0554340000574054e+17 1.0128862102590898e+16 38.059156585048356 7740788.8199806055 56538733723.937675 4.7208512984969046e+52 1.407545902047767e+48 1397206697.7239196 2.390153936672292e+19 84
7.581477680858415e+43 2.2332079078200876e+71 7.223745986938287e+63 1493836.4389436257 3.489178821465861e+35 1.6130818379243757e+47 3.044782562565246e+25 3.775102946706703e+19 23417622420354.453 3.24206931877435e+48 10353697.873706743 1.2572359179102695e+25 6300425149031.613 1.0128862102590898e+16 56626.192484352425 7740788.8199806055 1135.1516739763417 8.892802366343018 4.7208512984969046e+52 1.407545902047767e+48 197144.84577639218 84
7.581477680858415e+43 2.2332079078200876e+71 7.223745986938287e+63 161808.40416927572 3.489178821465861e+35 1.6130818379243757e+47 70.84643400360966 3.775102946706703e+19 23417622420354.453 3.24206931877435e+48 775.6869772171669 1.2572359179102695e+25 6300425149031.613 36866.52422702864 1.407545902047767e+48 910485.9380414728 84
7.581477680858415e+43 2.2332079078200876e+71 7.223745986938287e+63 161808.40416927572 3.489178821465861e+35 70.84643400360966 3.3095462636578735e+25 1.2682465106737182e+17 3.24206931877435e+48 10353697.873706743 813.5253663497116 2.0554340000574054e+17 5.406043287240377e+17 8.671348507104429e+20 56538733723.937675 36866.52422702864 121.90078913902003 1397206697.7239196 2.390153936672292e+19 84
7.581477680858415e+43 0.004349619330808122 336169.2224204587 4.7208512984969046e+52 1.407545902047767e+48 84
2.1353806154202535e+24 2.2332079078200876e+71 7.223745986938287e+63 1493836.4389436257 728366.6485776606 1.6130818379243757e+47 70.84643400360966 3.3095462636578735e+25 1.775270520278114 3.24206931877435e+48 39123.55117100712 813.5253663497116 56538733723.937675 8.892802366343018 4.7208512984969046e+52 0.006911722173150546 85
2.1353806154202535e+24 2.2332079078200876e+71 7.223745986938287e+63 4.404476160034086e-223 3.489178821465861e+35 1.6130818379243757e+47 3.044782562565246e+25 3.775102946706703e+19 403040260570.9105 20943384077.831142 2.0117013617583117e+17 17.382835489465258 1135.1516739763417 5.767516487521308e+22 4.7208512984969046e+52 1.407545902047767e+48 85
7.581477680858415e+43 0.004349619330808122 7.223745986938287e+63 4.404476160034086e-223 3.489178821465861e+35 1.6130818379243757e+47 813.5253663497116 1.0128862102590898e+16 56538733723.937675 36866.52422702864 1.407545902047767e+48 910485.9380414728 2.390153936672292e+19 84
2.1353806154202535e+24 2.2332079078200876e+71 7.223745986938287e+63 1493836.4389436257 3.489178821465861e+35 1.6130818379243757e+47 70.84643400360966 3.3095462636578735e+25 1.2682465106737182e+17 3.24206931877435e+48 39123.55117100712 813.5253663497116 2.0554340000574054e+17 1.0128862102590898e+16 0.005586186413916195 4.7208512984969046e+52 1.407545902047767e+48 1397206697.7239196 2.390153936672292e+19 85
2.2332079078200876e+71 7.223745986938287e+63 3.050079849638969e+19 1273155635.776468 1.6130818379243757e+47 3.044782562565246e+25 3.3095462636578735e+25 23417622420354.453 3.24206931877435e+48 775.6869772171669 1.2572359179102695e+25 2.0554340000574054e+17 1.0128862102590898e+16 8.671348507104429e+20 1135.1516739763417 5.767516487521308e+22 4.7208512984969046e+52 121.90078913902003 1397206697.7239196 2.390153936672292e+19 84
7.581477680858415e+43 2.2332079078200876e+71 7.223745986938287e+63 1273155635.776468 1.6130818379243757e+47 3.044782562565246e+25 3.775102946706703e+19 52.71385476281947 3.24206931877435e+48 3395081695.4039145 2.0117013617583117e+17 6300425149031.613 1.0128862102590898e+16 8.671348507104429e+20 5.630038070575641e+16 14123.549174418906 4.7208512984969046e+52 1.407545902047767e+48 84
7.581477680858415e+43 2.2332079078200876e+71 336169.2224204587 3.050079849638969e+19 1.6130818379243757e+47 3.044782562565246e+25 3.775102946706703e+19 0.0006793884322477558 403040260570.9105 20943384077.831142 17.382835489465258 5.406043287240377e+17 8.671348507104429e+20 4.7208512984969046e+52 1.407545902047767e+48 84
7.581477680858415e+43 2.2332079078200876e+71 7.223745986938287e+63 3.050079849638969e+19 728366.6485776606 3154.422395188899 569860939092.4625 3.3095462636578735e+25 1.2682465106737182e+17 3.24206931877435e+48 39123.55117100712 0.0003627339815028107 2.0554340000574054e+17 1.0128862102590898e+16 8.671348507104429e+20 56538733723.937675 5.8561289536074554e-223 4.7208512984969046e+52 1.407545902047767e+48 84
2.1353806154202535e+24 2.2332079078200876e+71 7.223745986938287e+63 1493836.4389436257 3.489178821465861e+35 3154.422395188899 3.044782562565246e+25 403040260570.9105 3395081695.4039145 1.2572359179102695e+25 6518559.006299458 1.0128862102590898e+16 8.671348507104429e+20 1135.1516739763417 4.7208512984969046e+52 1.407545902047767e+48 910485.9380414728 85
7.581477680858415e+43 2.2332079078200876e+71 7.223745986938287e+63 161808.40416927572 728366.6485776606 1.6130818379243757e+47 3.044782562565246e+25 3.775102946706703e+19 1.2682465106737182e+17 3.24206931877435e+48 3395081695.4039145 1.2572359179102695e+25 6518559.006299458 1135.1516739763417 4.7208512984969046e+52 121.90078913902003 84
7.581477680858415e+43 2.2332079078200876e+71 7.223745986938287e+63 3.489178821465861e+35 1.6130818379243757e+47 3.044782562565246e+25 3.775102946706703e+19 52.71385476281947 403040260570.9105 20943384077.831142 2.0117013617583117e+17 17.382835489465258 0.05763245613320762 38.059156585048356 5.630038070575641e+16 14123.549174418906 4.7208512984969046e+52 1.407545902047767e+48 84
7.581477680858415e+43 0.004349619330808122 336169.2224204587 3.050079849638969e+19 3.489178821465861e+35 1.6130818379243757e+47 569860939092.4625 3.775102946706703e+19 1.775270520278114 3.24206931877435e+48 10353697.873706743 1.2572359179102695e+25 17.382835489465258 4.7208512984969046e+52 1.407545902047767e+48 910485.9380414728 84
2.1353806154202535e+24 2.2332079078200876e+71 7.223745986938287e+63 3.050079849638969e+19 728366.6485776606 1.6130818379243757e+47 3.044782562565246e+25 3.775102946706703e+19 1.775270520278114 403040260570.9105 10353697.873706743 2.0117013617583117e+17 2.0554340000574054e+17 1.0128862102590898e+16 5.630038070575641e+16 85
2.1353806154202535e+24 2.2332079078200876e+71 7.223745986938287e+63 3.489178821465861e+35 1.6130818379243757e+47 23417622420354.453 3.24206931877435e+48 1.2572359179102695e+25 2.0554340000574054e+17 1.0128862102590898e+16 8.671348507104429e+20 1135.1516739763417 5.8561289536074554e-223 4.7208512984969046e+52 1.407545902047767e+48 84
7.581477680858415e+43 2.2332079078200876e+71 7.223745986938287e+63 1493836.4389436257 3.489178821465861e+35 1.6130818379243757e+47 3.044782562565246e+25 3.775102946706703e+19 23417622420354.453 3.24206931877435e+48 10353697.873706743 1.2572359179102695e+25 6300425149031.613 1.0128862102590898e+16 56626.192484352425 7740788.8199806055 1135.1516739763417 8.892802366343018 4.7208512984969046e+52 1.407545902047767e+48 197144.84577639218 84
7.581477680858415e+43 2.2332079078200876e+71 7.223745986938287e+63 3.050079849638969e+19 1273155635.776468 1.6130818379243757e+47 569860939092.4625 3.3095462636578735e+25 1.775270520278114 3.24206931877435e+48 39123.55117100712 0.0003627339815028107 2.0554340000574054e+17 5.406043287240377e+17 8.671348507104429e+20 56538733723.937675 4.7208512984969046e+52 1.407545902047767e+48 85
7.581477680858415e+43 2.2332079078200876e+71 7.223745986938287e+63 3.050079849638969e+19 3.489178821465861e+35 1.6130818379243757e+47 70.84643400360966 3.775102946706703e+19 1.2682465106737182e+17 3.24206931877435e+48 10353697.873706743 2.0117013617583117e+17 6300425149031.613 0.05763245613320762 56626.192484352425 7740788.8199806055 5.630038070575641e+16 5.767516487521308e+22 4.7208512984969046e+52 1.407545902047767e+48 84
2.1353806154202535e+24 0.004349619330808122 336169.2224204587 1493836.4389436257 3.489178821465861e+35 1.6130818379243757e+47 36866.52422702864 1.407545902047767e+48 85
7.581477680858415e+43 0.004349619330808122 336169.2224204587 3.050079849638969e+19 3.489178821465861e+35 1.6130818379243757e+47 569860939092.4625 3.775102946706703e+19 1.775270520278114 3.24206931877435e+48 10353697.873706743 1.2572359179102695e+25 17.382835489465258 4.7208512984969046e+52 1.407545902047767e+48 910485.9380414728 84
2.1353806154202535e+24 2.2332079078200876e+71 7.223745986938287e+63 3.050079849638969e+19 1273155635.776468 1.6130818379243757e+47 569860939092.4625 3.3095462636578735e+25 1.2682465106737182e+17 3.24206931877435e+48 813.5253663497116 2.0554340000574054e+17 1.0128862102590898e+16 8.671348507104429e+20 5.630038070575641e+16 0.0024999983500006793 4.7208512984969046e+52 1.407545902047767e+48 85
2.1353806154202535e+24 2.2332079078200876e+71 7.223745986938287e+63 161808.40416927572 1273155635.776468 1.6130818379243757e+47 0.02609771598484873 3.3095462636578735e+25 23417622420354.453 3.24206931877435e+48 0.0003627339815028107 2.0554340000574054e+17 5.406043287240377e+17 8.671348507104429e+20 56538733723.937675 8.892802366343018 4.7208512984969046e+52 1.407545902047767e+48 85
7.581477680858415e+43 2.2332079078200876e+71 7.223745986938287e+63 2.9610143743877637e-287 1.6130818379243757e+47 569860939092.4625 3.3095462636578735e+25 52.71385476281947 3.24206931877435e+48 20943384077.831142 1.2572359179102695e+25 6300425149031.613 1.0128862102590898e+16 38.059156585048356 7740788.8199806055 14123.549174418906 4.7208512984969046e+52 1.407545902047767e+48 84
2.1353806154202535e+24 2.2332079078200876e+71 7.223745986938287e+63 1493836.4389436257 728366.6485776606 569860939092.4625 3.3095462636578735e+25 1.775270520278114 3.24206931877435e+48 39123.55117100712 1.2572359179102695e+25 6518559.006299458 5.406043287240377e+17 8.671348507104429e+20 5.8561289536074554e-223 4.7208512984969046e+52 1.407545902047767e+48 910485.9380414728 2.390153936672292e+19 85
2.1353806154202535e+24 2.2332079078200876e+71 7.223745986938287e+63 3.050079849638969e+19 728366.6485776606 1.6130818379243757e+47 569860939092.4625 3.3095462636578735e+25 1.2682465106737182e+17 3.24206931877435e+48 39123.55117100712 1.2572359179102695e+25 2.0554340000574054e+17 1135.1516739763417 0.0024999983500006793 36866.52422702864 1.407545902047767e+48 85
2.1353806154202535e+24 2.2332079078200876e+71 336169.2224204587 3.050079849638969e+19 728366.6485776606 1.6130818379243757e+47 3.044782562565246e+25 3.775102946706703e+19 23417622420354.453 403040260570.9105 10353697.873706743 1.2572359179102695e+25 2.0554340000574054e+17 1.0128862102590898e+16 8.671348507104429e+20 1135.1516739763417 36866.52422702864 1.407545902047767e+48 197144.84577639218 84
2.1353806154202535e+24 2.2332079078200876e+71 7.223745986938287e+63 1493836.4389436257 728366.6485776606 1.6130818379243757e+47 3.24206931877435e+48 4.7208512984969046e+52 1.407545902047767e+48 85
7.581477680858415e+43 0.004349619330808122 336169.2224204587 3.050079849638969e+19 3.489178821465861e+35 1.6130818379243757e+47 569860939092.4625 3.775102946706703e+19 1.775270520278114 3.24206931877435e+48 10353697.873706743 1.2572359179102695e+25 17.382835489465258 4.7208512984969046e+52 1.407545902047767e+48 910485.9380414728 84
7.581477680858415e+43 2.2332079078200876e+71 7.223745986938287e+63 3.050079849638969e+19 728366.6485776606 3154.422395188899 3.044782562565246e+25 3.3095462636578735e+25 1.2682465106737182e+17 3.24206931877435e+48 10353697.873706743 0.0003627339815028107 2.0554340000574054e+17 5.406043287240377e+17 8.671348507104429e+20 5.630038070575641e+16 5.767516487521308e+22 5.665618996152733e-288 1.407545902047767e+48 85
7.581477680858415e+43 2.2332079078200876e+71 7.223745986938287e+63 3.050079849638969e+19 3.489178821465861e+35 1.6130818379243757e+47 569860939092.4625 23417622420354.453 403040260570.9105 2.0117013617583117e+17 17.382835489465258 1.0128862102590898e+16 38.059156585048356 7740788.8199806055 5.767516487521308e+22 4.7208512984969046e+52 121.90078913902003 84
2.1353806154202535e+24 2.2332079078200876e+71 7.223745986938287e+63 3.050079849638969e+19 1273155635.776468 70.84643400360966 1.2682465106737182e+17 403040260570.9105 3395081695.4039145 1.2572359179102695e+25 2.0554340000574054e+17 1.0128862102590898e+16 8.671348507104429e+20 5.8561289536074554e-223 36866.52422702864 1.407545902047767e+48 85
7.581477680858415e+43 0.004349619330808122 336169.2224204587 3.050079849638969e+19 3.489178821465861e+35 1.6130818379243757e+47 0.02609771598484873 7.726199884332471e-221 0.0006793884322477558 3395081695.4039145 1.2572359179102695e+25 6300425149031.613 56538733723.937675 4.7208512984969046e+52 1.407545902047767e+48 197144.84577639218 2.390153936672292e+19 84
2.1353806154202535e+24 2.2332079078200876e+71 7.223745986938287e+63 3.050079849638969e+19 1273155635.776468 1.6130818379243757e+47 70.84643400360966 3.3095462636578735e+25 1.2682465106737182e+17 3.24206931877435e+48 39123.55117100712 6518559.006299458 1.0128862102590898e+16 8.671348507104429e+20 5.8561289536074554e-223 4.7208512984969046e+52 1.407545902047767e+48 85
7.581477680858415e+43 2.2332079078200876e+71 7.223745986938287e+63 3.050079849638969e+19 3.489178821465861e+35 1.6130818379243757e+47 3.044782562565246e+25 3.3095462636578735e+25 2.360783295189689e-221 403040260570.9105 775.6869772171669 1.2572359179102695e+25 6300425149031.613 1.0128862102590898e+16 38.059156585048356 7740788.8199806055 5.630038070575641e+16 14123.549174418906 4.7208512984969046e+52 1.407545902047767e+48 197144.84577639218 84
7.581477680858415e+43 0.004349619330808122 336169.2224204587 3.489178821465861e+35 1.6130818379243757e+47 3.044782562565246e+25 3.775102946706703e+19 52.71385476281947 403040260570.9105 775.6869772171669 2.0117013617583117e+17 6300425149031.613 0.05763245613320762 5.630038070575641e+16 5.767516487521308e+22 4.7208512984969046e+52 1.407545902047767e+48 197144.84577639218 2.390153936672292e+19 85
7.581477680858415e+43 2.2332079078200876e+71 7.223745986938287e+63 3.489178821465861e+35 1.6130818379243757e+47 70.84643400360966 1.775270520278114 3.24206931877435e+48 20943384077.831142 1.2572359179102695e+25 6300425149031.613 1.0128862102590898e+16 56626.192484352425 4.7208512984969046e+52 1.407545902047767e+48 84
7.581477680858415e+43 2.2332079078200876e+71 7.223745986938287e+63 3.489178821465861e+35 1.6130818379243757e+47 3.044782562565246e+25 3.3095462636578735e+25 23417622420354.453 3.24206931877435e+48 3395081695.4039145 1.2572359179102695e+25 6518559.006299458 5.406043287240377e+17 8.671348507104429e+20 1135.1516739763417 14123.549174418906 1.7069356693161808e-290 121.90078913902003 1397206697.7239196 2.390153936672292e+19 84
7.581477680858415e+43 2.2332079078200876e+71 7.223745986938287e+63 3.050079849638969e+19 728366.6485776606 1.6130818379243757e+47 3.24206931877435e+48 4.7208512984969046e+52 1.407545902047767e+48 84
2.1353806154202535e+24 0.004349619330808122 336169.2224204587 3.050079849638969e+19 3.489178821465861e+35 569860939092.4625 1.2682465106737182e+17 3.24206931877435e+48 20943384077.831142 1.2572359179102695e+25 2.0554340000574054e+17 1.0128862102590898e+16 8.671348507104429e+20 1135.1516739763417 4.7208512984969046e+52 1.407545902047767e+48 910485.9380414728 2.390153936672292e+19 85
2.1353806154202535e+24 2.2332079078200876e+71 7.223745986938287e+63 161808.40416927572 1273155635.776468 1.6130818379243757e+47 0.02609771598484873 3.3095462636578735e+25 23417622420354.453 3.24206931877435e+48 0.0003627339815028107 2.0554340000574054e+17 5.406043287240377e+17 8.671348507104429e+20 56538733723.937675 8.892802366343018 4.7208512984969046e+52 1.407545902047767e+48 85
7.581477680858415e+43 0.004349619330808122 336169.2224204587 3.050079849638969e+19 3.489178821465861e+35 1.6130818379243757e+47 569860939092.4625 3.3095462636578735e+25 1.2682465106737182e+17 3.24206931877435e+48 3395081695.4039145 1.2572359179102695e+25 6518559.006299458 0.005586186413916195 8.892802366343018 4.7208512984969046e+52 1.407545902047767e+48 84
7.581477680858415e+43 2.2332079078200876e+71 7.223745986938287e+63 1493836.4389436257 3.489178821465861e+35 1.6130818379243757e+47 3.044782562565246e+25 3.3095462636578735e+25 52.71385476281947 403040260570.9105 3395081695.4039145 1.2572359179102695e+25 6518559.006299458 5.406043287240377e+17 56626.192484352425 7740788.8199806055 5.630038070575641e+16 5.767516487521308e+22 4.7208512984969046e+52 1.407545902047767e+48 197144.84577639218 7.622263082473196e-223 84
7.581477680858415e+43 2.2332079078200876e+71 7.223745986938287e+63 161808.40416927572 3.489178821465861e+35 1.6130818379243757e+47 3.044782562565246e+25 3.3095462636578735e+25 52.71385476281947 3.24206931877435e+48 20943384077.831142 1.2572359179102695e+25 6300425149031.613 1.0128862102590898e+16 38.059156585048356 7740788.8199806055 5.630038070575641e+16 4.7208512984969046e+52 1.407545902047767e+48 84
2.1353806154202535e+24 2.2332079078200876e+71 7.223745986938287e+63 161808.40416927572 728366.6485776606 3154.422395188899 3.044782562565246e+25 3.3095462636578735e+25 1.2682465106737182e+17 3.24206931877435e+48 3395081695.4039145 813.5253663497116 6518559.006299458 1.0128862102590898e+16 1135.1516739763417 0.0024999983500006793 4.7208512984969046e+52 1.407545902047767e+48 910485.9380414728 2.390153936672292e+19 85
7.581477680858415e+43 2.2332079078200876e+71 7.223745986938287e+63 3.489178821465861e+35 0.19 52.71385476281947 3.24206931877435e+48 775.6869772171669 8.671348507104429e+20 7740788.8199806055 1397206697.7239196 2.390153936672292e+19 84
7.581477680858415e+43 2.2332079078200876e+71 7.223745986938287e+63 3.489178821465861e+35 0.19 52.71385476281947 3.24206931877435e+48 775.6869772171669 8.671348507104429e+20 7740788.8199806055 1397206697.7239196 2.390153936672292e+19 84
2.1353806154202535e+24 2.2332079078200876e+71 7.223745986938287e+63 3.050079849638969e+19 3.489178821465861e+35 1.6130818379243757e+47 70.84643400360966 3.3095462636578735e+25 1.775270520278114 3.24206931877435e+48 39123.55117100712 1.2572359179102695e+25 2.0554340000574054e+17 5.406043287240377e+17 8.671348507104429e+20 4.7208512984969046e+52 121.90078913902003 85
7.581477680858415e+43 2.2332079078200876e+71 7.223745986938287e+63 3.489178821465861e+35 3.044782562565246e+25 3.775102946706703e+19 2.360783295189689e-221 403040260570.9105 10353697.873706743 2.0117013617583117e+17 6300425149031.613 38.059156585048356 5.630038070575641e+16 14123.549174418906 4.7208512984969046e+52 1.407545902047767e+48 1397206697.7239196 2.390153936672292e+19 84
7.581477680858415e+43 2.2332079078200876e+71 7.223745986938287e+63 3.050079849638969e+19 1273155635.776468 1.6130818379243757e+47 569860939092.4625 3.3095462636578735e+25 1.2682465106737182e+17 3.24206931877435e+48 3395081695.4039145 1.2572359179102695e+25 6300425149031.613 5.406043287240377e+17 8.671348507104429e+20 1135.1516739763417 5.767516487521308e+22 4.7208512984969046e+52 1.407545902047767e+48 84
7.581477680858415e+43 2.2332079078200876e+71 7.223745986938287e+63 161808.40416927572 1273155635.776468 3154.422395188899 569860939092.4625 23417622420354.453 3.24206931877435e+48 3395081695.4039145 813.5253663497116 6300425149031.613 1.0128862102590898e+16 8.671348507104429e+20 1135.1516739763417 0.0024999983500006793 4.7208512984969046e+52 1.407545902047767e+48 1397206697.7239196 84
7.581477680858415e+43 2.2332079078200876e+71 7.223745986938287e+63 3.489178821465861e+35 1.6130818379243757e+47 3.044782562565246e+25 7.726199884332471e-221 2.360783295189689e-221 403040260570.9105 10353697.873706743 1.2572359179102695e+25 6518559.006299458 1.0128862102590898e+16 8.671348507104429e+20 5.630038070575641e+16 5.767516487521308e+22 4.7208512984969046e+52 1.407545902047767e+48 84
7.581477680858415e+43 2.2332079078200876e+71 7.223745986938287e+63 4.404476160034086e-223 3.489178821465861e+35 1.6130818379243757e+47 0.02609771598484873 3.775102946706703e+19 3.24206931877435e+48 10353697.873706743 2.0117013617583117e+17 6300425149031.613 5.630038070575641e+16 4.7208512984969046e+52 121.90078913902003 1397206697.7239196 2.390153936672292e+19 84
7.581477680858415e+43 2.2332079078200876e+71 7.223745986938287e+63 2.9610143743877637e-287 1.6130818379243757e+47 569860939092.4625 3.3095462636578735e+25 52.71385476281947 3.24206931877435e+48 20943384077.831142 1.2572359179102695e+25 6300425149031.613 1.0128862102590898e+16 38.059156585048356 7740788.8199806055 14123.549174418906 4.7208512984969046e+52 1.407545902047767e+48 84
2.1353806154202535e+24 2.2332079078200876e+71 7.223745986938287e+63 1493836.4389436257 3.489178821465861e+35 3154.422395188899 3.044782562565246e+25 403040260570.9105 3395081695.4039145 1.2572359179102695e+25 6518559.006299458 1.0128862102590898e+16 8.671348507104429e+20 1135.1516739763417 4.7208512984969046e+52 1.407545902047767e+48 910485.9380414728 85
7.581477680858415e+43 2.2332079078200876e+71 7.223745986938287e+63 3.050079849638969e+19 3.489178821465861e+35 1.6130818379243757e+47 70.84643400360966 3.775102946706703e+19 1.2682465106737182e+17 3.24206931877435e+48 10353697.873706743 2.0117013617583117e+17 6300425149031.613 0.05763245613320762 56626.192484352425 7740788.8199806055 5.630038070575641e+16 5.767516487521308e+22 4.7208512984969046e+52 1.407545902047767e+48 84
2.1353806154202535e+24 2.2332079078200876e+71 7.223745986938287e+63 3.050079849638969e+19 3.489178821465861e+35 1.6130818379243757e+47 569860939092.4625 3.3095462636578735e+25 23417622420354.453 3.24206931877435e+48 3395081695.4039145 6518559.006299458 1.0128862102590898e+16 8.671348507104429e+20 1135.1516739763417 5.767516487521308e+22 4.7208512984969046e+52 1.407545902047767e+48 1397206697.7239196 2.390153936672292e+19 85
7.581477680858415e+43 2.2332079078200876e+71 336169.2224204587 161808.40416927572 3.489178821465861e+35 1.6130818379243757e+47 569860939092.4625 3.3095462636578735e+25 1.775270520278114 3.24206931877435e+48 10353697.873706743 1.2572359179102695e+25 2.0554340000574054e+17 5.406043287240377e+17 8.671348507104429e+20 0.005586186413916195 5.767516487521308e+22 4.7208512984969046e+52 1.407545902047767e+48 910485.9380414728 84
7.581477680858415e+43 2.2332079078200876e+71 7.223745986938287e+63 3.489178821465861e+35 0.19 52.71385476281947 3.24206931877435e+48 775.6869772171669 8.671348507104429e+20 7740788.8199806055 1397206697.7239196 2.390153936672292e+19 84
7.581477680858415e+43 0.004349619330808122 7.223745986938287e+63 1493836.4389436257 3.489178821465861e+35 3.044782562565246e+25 3.775102946706703e+19 2.360783295189689e-221 403040260570.9105 10353697.873706743 1.2572359179102695e+25 4.7208512984969046e+52 1.407545902047767e+48 1397206697.7239196 2.390153936672292e+19 84
7.581477680858415e+43 2.2332079078200876e+71 7.223745986938287e+63 161808.40416927572 3.489178821465861e+35 1.6130818379243757e+47 569860939092.4625 3.775102946706703e+19 0.0006793884322477558 403040260570.9105 3395081695.4039145 2.0117013617583117e+17 6518559.006299458 1.0128862102590898e+16 38.059156585048356 7740788.8199806055 14123.549174418906 4.7208512984969046e+52 1.407545902047767e+48 197144.84577639218 84
7.581477680858415e+43 2.2332079078200876e+71 7.223745986938287e+63 3.050079849638969e+19 1273155635.776468 1.6130818379243757e+47 569860939092.4625 3.3095462636578735e+25 2.360783295189689e-221 3.24206931877435e+48 775.6869772171669 1.2572359179102695e+25 2.0554340000574054e+17 1.0128862102590898e+16 38.059156585048356 7740788.8199806055 56538733723.937675 4.7208512984969046e+52 1.407545902047767e+48 1397206697.7239196 2.390153936672292e+19 84
2.1353806154202535e+24 2.2332079078200876e+71 7.223745986938287e+63 3.050079849638969e+19 3.489178821465861e+35 1.6130818379243757e+47 70.84643400360966 3.3095462636578735e+25 1.775270520278114 3.24206931877435e+48 39123.55117100712 1.2572359179102695e+25 2.0554340000574054e+17 5.406043287240377e+17 8.671348507104429e+20 4.7208512984969046e+52 121.90078913902003 85
7.581477680858415e+43 2.2332079078200876e+71 7.223745986938287e+63 3.050079849638969e+19 728366.6485776606 1.6130818379243757e+47 3.044782562565246e+25 3.24206931877435e+48 39123.55117100712 1.2572359179102695e+25 6518559.006299458 4.7208512984969046e+52 0.006911722173150546 910485.9380414728 2.390153936672292e+19 84
7.581477680858415e+43 2.2332079078200876e+71 7.223745986938287e+63 3.489178821465861e+35 1.6130818379243757e+47 403040260570.9105 20943384077.831142 17.382835489465258 0.05763245613320762 8.671348507104429e+20 5.767516487521308e+22 84
2.1353806154202535e+24 2.2332079078200876e+71 7.223745986938287e+63 85
7.581477680858415e+43 2.2332079078200876e+71 7.223745986938287e+63 161808.40416927572 3.489178821465861e+35 1.6130818379243757e+47 569860939092.4625 3.775102946706703e+19 1.775270520278114 3.24206931877435e+48 775.6869772171669 1.2572359179102695e+25 6300425149031.613 5.406043287240377e+17 56538733723.937675 5.767516487521308e+22 36866.52422702864 1.407545902047767e+48 1397206697.7239196 84
2.1353806154202535e+24 2.2332079078200876e+71 7.223745986938287e+63 3.050079849638969e+19 3.489178821465861e+35 1.6130818379243757e+47 70.84643400360966 3.3095462636578735e+25 1.775270520278114 3.24206931877435e+48 39123.55117100712 1.2572359179102695e+25 2.0554340000574054e+17 5.406043287240377e+17 8.671348507104429e+20 4.7208512984969046e+52 121.90078913902003 85
2.1353806154202535e+24 2.2332079078200876e+71 7.223745986938287e+63 1493836.4389436257 728366.6485776606 0.19 3.044782562565246e+25 3.3095462636578735e+25 1.2682465106737182e+17 3.24206931877435e+48 10353697.873706743 1.2572359179102695e+25 6518559.006299458 5.8561289536074554e-223 36866.52422702864 121.90078913902003 85
2.2332079078200876e+71 7.223745986938287e+63 3.050079849638969e+19 1273155635.776468 1.6130818379243757e+47 3.044782562565246e+25 3.3095462636578735e+25 23417622420354.453 3.24206931877435e+48 775.6869772171669 1.2572359179102695e+25 2.0554340000574054e+17 1.0128862102590898e+16 8.671348507104429e+20 1135.1516739763417 5.767516487521308e+22 4.7208512984969046e+52 121.90078913902003 1397206697.7239196 2.390153936672292e+19 84
2.1353806154202535e+24 2.2332079078200876e+71 7.223745986938287e+63 1493836.4389436257 3.489178821465861e+35 3.044782562565246e+25 3.775102946706703e+19 2.360783295189689e-221 3.24206931877435e+48 10353697.873706743 1.2572359179102695e+25 2.0554340000574054e+17 5.406043287240377e+17 8.671348507104429e+20 5.630038070575641e+16 8.892802366343018 4.7208512984969046e+52 1.407545902047767e+48 84
2.1353806154202535e+24 2.2332079078200876e+71 7.223745986938287e+63 4.404476160034086e-223 3.489178821465861e+35 3.044782562565246e+25 3.775102946706703e+19 2.360783295189689e-221 403040260570.9105 775.6869772171669 1.2572359179102695e+25 17.382835489465258 1.0128862102590898e+16 8.671348507104429e+20 5.630038070575641e+16 5.767516487521308e+22 85
7.581477680858415e+43 2.2332079078200876e+71 7.223745986938287e+63 3.050079849638969e+19 3.489178821465861e+35 1.6130818379243757e+47 3.044782562565246e+25 3.3095462636578735e+25 2.360783295189689e-221 403040260570.9105 775.6869772171669 1.2572359179102695e+25 6300425149031.613 1.0128862102590898e+16 38.059156585048356 7740788.8199806055 5.630038070575641e+16 14123.549174418906 4.7208512984969046e+52 1.407545902047767e+48 197144.84577639218 84
7.581477680858415e+43 0.004349619330808122 7.223745986938287e+63 4.404476160034086e-223 3.489178821465861e+35 1.6130818379243757e+47 813.5253663497116 1.0128862102590898e+16 56538733723.937675 36866.52422702864 1.407545902047767e+48 910485.9380414728 2.390153936672292e+19 84
7.581477680858415e+43 2.2332079078200876e+71 7.223745986938287e+63 3.050079849638969e+19 3.489178821465861e+35 1.6130818379243757e+47 3.044782562565246e+25 3.775102946706703e+19 2.360783295189689e-221 403040260570.9105 1.2572359179102695e+25 6300425149031.613 1.0128862102590898e+16 38.059156585048356 5.630038070575641e+16 5.767516487521308e+22 4.7208512984969046e+52 3.315263091820664e-285 84
2.1353806154202535e+24 2.2332079078200876e+71 7.223745986938287e+63 0.0001598561017053543 1273155635.776468 70.84643400360966 3.3095462636578735e+25 1.2682465106737182e+17 3.24206931877435e+48 39123.55117100712 813.5253663497116 2.0554340000574054e+17 5.406043287240377e+17 8.671348507104429e+20 4.7208512984969046e+52 121.90078913902003 85
7.581477680858415e+43 2.2332079078200876e+71 7.223745986938287e+63 3.489178821465861e+35 3.775102946706703e+19 2.0117013617583117e+17 17.382835489465258 5.767516487521308e+22 84
2.1353806154202535e+24 2.2332079078200876e+71 7.223745986938287e+63 1493836.4389436257 3.489178821465861e+35 1.6130818379243757e+47 3.044782562565246e+25 3.775102946706703e+19 0.0006793884322477558 3.24206931877435e+48 20943384077.831142 2.0117013617583117e+17 2.0554340000574054e+17 38.059156585048356 5.630038070575641e+16 4.7208512984969046e+52 1.407545902047767e+48 2.390153936672292e+19 85
2.1353806154202535e+24 2.2332079078200876e+71 7.223745986938287e+63 161808.40416927572 1273155635.776468 1.6130818379243757e+47 0.02609771598484873 3.3095462636578735e+25 23417622420354.453 3.24206931877435e+48 0.0003627339815028107 2.0554340000574054e+17 5.406043287240377e+17 8.671348507104429e+20 56538733723.937675 8.892802366343018 4.7208512984969046e+52 1.407545902047767e+48 85
7.581477680858415e+43 2.2332079078200876e+71 7.223745986938287e+63 3.050079849638969e+19 1273155635.776468 1.2682465106737182e+17 3.24206931877435e+48 2.0554340000574054e+17 1.0128862102590898e+16 8.671348507104429e+20 4.7208512984969046e+52 1.407545902047767e+48 84
7.581477680858415e+43 2.2332079078200876e+71 7.223745986938287e+63 3.489178821465861e+35 1.6130818379243757e+47 3.044782562565246e+25 3.775102946706703e+19 52.71385476281947 403040260570.9105 20943384077.831142 2.0117013617583117e+17 17.382835489465258 0.05763245613320762 38.059156585048356 5.630038070575641e+16 14123.549174418906 4.7208512984969046e+52 1.407545902047767e+48 84
7.581477680858415e+43 2.2332079078200876e+71 7.223745986938287e+63 728366.6485776606 70.84643400360966 3.3095462636578735e+25 1.2682465106737182e+17 3.24206931877435e+48 39123.55117100712 1.2572359179102695e+25 2.0554340000574054e+17 5.406043287240377e+17 8.671348507104429e+20 5.767516487521308e+22 4.7208512984969046e+52 1.407545902047767e+48 84
7.581477680858415e+43 2.2332079078200876e+71 7.223745986938287e+63 3.489178821465861e+35 3.044782562565246e+25 3.24206931877435e+48 2.0117013617583117e+17 6518559.006299458 1.0128862102590898e+16 8.671348507104429e+20 1135.1516739763417 14123.549174418906 4.7208512984969046e+52 1.407545902047767e+48 84
2.1353806154202535e+24 2.2332079078200876e+71 7.223745986938287e+63 1493836.4389436257 3.489178821465861e+35 1.6130818379243757e+47 70.84643400360966 1.775270520278114 3.24206931877435e+48 10353697.873706743 813.5253663497116 6518559.006299458 5.406043287240377e+17 8.671348507104429e+20 5.630038070575641e+16 14123.549174418906 4.7208512984969046e+52 1.407545902047767e+48 84
7.581477680858415e+43 2.2332079078200876e+71 7.223745986938287e+63 2.9610143743877637e-287 1.6130818379243757e+47 569860939092.4625 3.3095462636578735e+25 52.71385476281947 3.24206931877435e+48 20943384077.831142 1.2572359179102695e+25 6300425149031.613 1.0128862102590898e+16 38.059156585048356 7740788.8199806055 14123.549174418906 4.7208512984969046e+52 1.407545902047767e+48 84
7.581477680858415e+43 2.2332079078200876e+71 7.223745986938287e+63 1493836.4389436257 3.044782562565246e+25 3.3095462636578735e+25 23417622420354.453 3.24206931877435e+48 20943384077.831142 2.0117013617583117e+17 6518559.006299458 36866.52422702864 1.407545902047767e+48 1397206697.7239196 84
7.581477680858415e+43 2.2332079078200876e+71 7.223745986938287e+63 3.050079849638969e+19 1273155635.776468 1.6130818379243757e+47 569860939092.4625 3.3095462636578735e+25 1.775270520278114 3.24206931877435e+48 39123.55117100712 0.0003627339815028107 2.0554340000574054e+17 5.406043287240377e+17 8.671348507104429e+20 56538733723.937675 4.7208512984969046e+52 1.407545902047767e+48 85
2.1353806154202535e+24 2.2332079078200876e+71 7.223745986938287e+63 3.050079849638969e+19 3.489178821465861e+35 1.6130818379243757e+47 569860939092.4625 3.3095462636578735e+25 3.24206931877435e+48 3395081695.4039145 1.2572359179102695e+25 5.406043287240377e+17 8.671348507104429e+20 4.7208512984969046e+52 1.407545902047767e+48 910485.9380414728 2.390153936672292e+19 85
2.1353806154202535e+24 2.2332079078200876e+71 7.223745986938287e+63 161808.40416927572 1273155635.776468 1.6130818379243757e+47 569860939092.4625 3.3095462636578735e+25 23417622420354.453 3.24206931877435e+48 39123.55117100712 1.2572359179102695e+25 6518559.006299458 56538733723.937675 4.7208512984969046e+52 1.407545902047767e+48 85
7.581477680858415e+43 2.2332079078200876e+71 7.223745986938287e+63 3.489178821465861e+35 3.044782562565246e+25 3.775102946706703e+19 0.0006793884322477558 403040260570.9105 20943384077.831142 1.2572359179102695e+25 6300425149031.613 5.406043287240377e+17 38.059156585048356 5.630038070575641e+16 5.767516487521308e+22 4.7208512984969046e+52 1.407545902047767e+48 197144.84577639218 84
2.1353806154202535e+24 2.2332079078200876e+71 7.223745986938287e+63 3.050079849638969e+19 1273155635.776468 1.6130818379243757e+47 70.84643400360966 3.775102946706703e+19 23417622420354.453 9.426361158910252e-291 3395081695.4039145 813.5253663497116 6518559.006299458 1.0128862102590898e+16 56626.192484352425 14123.549174418906 4.7208512984969046e+52 1.407545902047767e+48 85
7.581477680858415e+43 0.004349619330808122 336169.2224204587 3.050079849638969e+19 3.489178821465861e+35 1.6130818379243757e+47 569860939092.4625 3.3095462636578735e+25 1.2682465106737182e+17 3.24206931877435e+48 3395081695.4039145 1.2572359179102695e+25 6518559.006299458 0.005586186413916195 8.892802366343018 4.7208512984969046e+52 1.407545902047767e+48 84
2.1353806154202535e+24 2.2332079078200876e+71 7.223745986938287e+63 3.050079849638969e+19 728366.6485776606 3154.422395188899 569860939092.4625 3.3095462636578735e+25 1.2682465106737182e+17 3.24206931877435e+48 39123.55117100712 813.5253663497116 2.0554340000574054e+17 4.7208512984969046e+52 0.006911722173150546 85
7.581477680858415e+43 2.2332079078200876e+71 7.223745986938287e+63 4.404476160034086e-223 3.489178821465861e+35 1.6130818379243757e+47 0.02609771598484873 3.775102946706703e+19 0.0006793884322477558 403040260570.9105 1.2572359179102695e+25 4.7208512984969046e+52 84
7.581477680858415e+43 2.2332079078200876e+71 7.223745986938287e+63 3.050079849638969e+19 3.489178821465861e+35 1.6130818379243757e+47 569860939092.4625 3.775102946706703e+19 1.775270520278114 403040260570.9105 10353697.873706743 1.2572359179102695e+25 6300425149031.613 56626.192484352425 7740788.8199806055 5.630038070575641e+16 4.7208512984969046e+52 1.407545902047767e+48 1397206697.7239196 84
7.581477680858415e+43 2.2332079078200876e+71 7.223745986938287e+63 161808.40416927572 3.489178821465861e+35 1.6130818379243757e+47 0.007858533429746508 84
2.1353806154202535e+24 2.2332079078200876e+71 7.223745986938287e+63 1493836.4389436257 1273155635.776468 1.6130818379243757e+47 39123.55117100712 813.5253663497116 5.406043287240377e+17 8.671348507104429e+20 56538733723.937675 36866.52422702864 0.006911722173150546 85
7.581477680858415e+43 2.2332079078200876e+71 7.223745986938287e+63 1493836.4389436257 3.489178821465861e+35 1.6130818379243757e+47 0.02609771598484873 3.775102946706703e+19 2.360783295189689e-221 403040260570.9105 10353697.873706743 1.2572359179102695e+25 6300425149031.613 5.406043287240377e+17 38.059156585048356 14123.549174418906 4.7208512984969046e+52 1.407545902047767e+48 197144.84577639218 84
2.1353806154202535e+24 2.2332079078200876e+71 7.223745986938287e+63 4.404476160034086e-223 3.489178821465861e+35 70.84643400360966 0.26 1.2682465106737182e+17 3.24206931877435e+48 39123.55117100712 0.0003627339815028107 6518559.006299458 1.0128862102590898e+16 8.671348507104429e+20 56538733723.937675 8.892802366343018 4.7208512984969046e+52 1.407545902047767e+48 85
2.1353806154202535e+24 2.2332079078200876e+71 7.223745986938287e+63 161808.40416927572 1273155635.776468 1.6130818379243757e+47 1.2682465106737182e+17 3.24206931877435e+48 1.2572359179102695e+25 4.7208512984969046e+52 1.407545902047767e+48 910485.9380414728 7.622263082473196e-223 85
7.581477680858415e+43 0.004349619330808122 336169.2224204587 1493836.4389436257 3.489178821465861e+35 1.6130818379243757e+47 84
7.581477680858415e+43 2.2332079078200876e+71 336169.2224204587 3.050079849638969e+19 3.489178821465861e+35 1.6130818379243757e+47 403040260570.9105 4.7208512984969046e+52 1.407545902047767e+48 84
7.581477680858415e+43 2.2332079078200876e+71 7.223745986938287e+63 161808.40416927572 3.489178821465861e+35 1.6130818379243757e+47 3.044782562565246e+25 23417622420354.453 3.24206931877435e+48 775.6869772171669 0.0003627339815028107 17.382835489465258 1.0128862102590898e+16 56626.192484352425 7740788.8199806055 56538733723.937675 5.767516487521308e+22 4.7208512984969046e+52 1.407545902047767e+48 910485.9380414728 84
7.581477680858415e+43 2.2332079078200876e+71 336169.2224204587 161808.40416927572 728366.6485776606 569860939092.4625 3.3095462636578735e+25 1.2682465106737182e+17 3.24206931877435e+48 39123.55117100712 813.5253663497116 2.0554340000574054e+17 56538733723.937675 8.892802366343018 1397206697.7239196 2.390153936672292e+19 84
2.1353806154202535e+24 2.2332079078200876e+71 7.223745986938287e+63 1493836.4389436257 3.489178821465861e+35 1.6130818379243757e+47 569860939092.4625 3.3095462636578735e+25 23417622420354.453 3.24206931877435e+48 775.6869772171669 0.0003627339815028107 6518559.006299458 5.406043287240377e+17 8.671348507104429e+20 4.7208512984969046e+52 1.407545902047767e+48 910485.9380414728 84
7.581477680858415e+43 2.2332079078200876e+71 7.223745986938287e+63 3.050079849638969e+19 728366.6485776606 1.6130818379243757e+47 569860939092.4625 3.3095462636578735e+25 1.2682465106737182e+17 3.24206931877435e+48 3395081695.4039145 813.5253663497116 2.0554340000574054e+17 0.005586186413916195 8.892802366343018 4.7208512984969046e+52 1.407545902047767e+48 910485.9380414728 85
7.581477680858415e+43 0.004349619330808122 336169.2224204587 1493836.4389436257 3.489178821465861e+35 1.6130818379243757e+47 0.02609771598484873 3.3095462636578735e+25 0.0006793884322477558 403040260570.9105 10353697.873706743 2.0117013617583117e+17 17.382835489465258 5.406043287240377e+17 56626.192484352425 7740788.8199806055 1135.1516739763417 4.7208512984969046e+52 1.407545902047767e+48 197144.84577639218 7.622263082473196e-223 84
7.581477680858415e+43 2.2332079078200876e+71 7.223745986938287e+63 3.050079849638969e+19 1273155635.776468 1.6130818379243757e+47 3.775102946706703e+19 23417622420354.453 3.24206931877435e+48 5.406043287240377e+17 8.671348507104429e+20 56538733723.937675 4.7208512984969046e+52 1.407545902047767e+48 84
7.581477680858415e+43 0.004349619330808122 336169.2224204587 1493836.4389436257 3.489178821465861e+35 1.6130818379243757e+47 0.02609771598484873 3.3095462636578735e+25 0.0006793884322477558 403040260570.9105 10353697.873706743 2.0117013617583117e+17 17.382835489465258 5.406043287240377e+17 56626.192484352425 7740788.8199806055 1135.1516739763417 4.7208512984969046e+52 1.407545902047767e+48 197144.84577639218 7.622263082473196e-223 84
2.1353806154202535e+24 2.2332079078200876e+71 7.223745986938287e+63 161808.40416927572 1273155635.776468 1.6130818379243757e+47 85
2.1353806154202535e+24 2.2332079078200876e+71 7.223745986938287e+63 1493836.4389436257 1273155635.776468 1.6130818379243757e+47 3.044782562565246e+25 3.3095462636578735e+25 1.2682465106737182e+17 3.24206931877435e+48 39123.55117100712 1.2572359179102695e+25 6518559.006299458 1.0128862102590898e+16 8.671348507104429e+20 1135.1516739763417 5.8561289536074554e-223 4.7208512984969046e+52 1.407545902047767e+48 910485.9380414728 85
2.1353806154202535e+24 2.2332079078200876e+71 7.223745986938287e+63 0.0001598561017053543 728366.6485776606 1.6130818379243757e+47 70.84643400360966 3.3095462636578735e+25 23417622420354.453 3.24206931877435e+48 39123.55117100712 1.2572359179102695e+25 6518559.006299458 5.406043287240377e+17 8.671348507104429e+20 56538733723.937675 5.767516487521308e+22 4.7208512984969046e+52 0.006911722173150546 85
2.1353806154202535e+24 2.2332079078200876e+71 7.223745986938287e+63 728366.6485776606 1.6130818379243757e+47 569860939092.4625 3.3095462636578735e+25 1.2682465106737182e+17 3.24206931877435e+48 3395081695.4039145 1.2572359179102695e+25 2.0554340000574054e+17 1.0128862102590898e+16 8.671348507104429e+20 8.892802366343018 1.407545902047767e+48 85
2.1353806154202535e+24 2.2332079078200876e+71 7.223745986938287e+63 3.489178821465861e+35 1.6130818379243757e+47 3.044782562565246e+25 7.726199884332471e-221 23417622420354.453 3.24206931877435e+48 775.6869772171669 2.0117013617583117e+17 17.382835489465258 1.0128862102590898e+16 8.671348507104429e+20 1135.1516739763417 5.767516487521308e+22 4.7208512984969046e+52 1.407545902047767e+48 84
2.1353806154202535e+24 2.2332079078200876e+71 7.223745986938287e+63 161808.40416927572 1273155635.776468 1.6130818379243757e+47 85
7.581477680858415e+43 2.2332079078200876e+71 7.223745986938287e+63 1493836.4389436257 3.489178821465861e+35 1.6130818379243757e+47 3.044782562565246e+25 3.775102946706703e+19 23417622420354.453 3.24206931877435e+48 10353697.873706743 1.2572359179102695e+25 6300425149031.613 1.0128862102590898e+16 56626.192484352425 7740788.8199806055 1135.1516739763417 8.892802366343018 4.7208512984969046e+52 1.407545902047767e+48 197144.84577639218 84
7.581477680858415e+43 2.2332079078200876e+71 7.223745986938287e+63 3.489178821465861e+35 0.02609771598484873 3.775102946706703e+19 0.0006793884322477558 403040260570.9105 20943384077.831142 2.0117013617583117e+17 17.382835489465258 5.630038070575641e+16 5.767516487521308e+22 4.7208512984969046e+52 1.407545902047767e+48 197144.84577639218 2.390153936672292e+19 84
2.1353806154202535e+24 2.2332079078200876e+71 7.223745986938287e+63 3.489178821465861e+35 1.6130818379243757e+47 3.044782562565246e+25 7.726199884332471e-221 23417622420354.453 3.24206931877435e+48 775.6869772171669 2.0117013617583117e+17 17.382835489465258 1.0128862102590898e+16 8.671348507104429e+20 1135.1516739763417 5.767516487521308e+22 4.7208512984969046e+52 1.407545902047767e+48 84
2.1353806154202535e+24 2.2332079078200876e+71 7.223745986938287e+63 161808.40416927572 1273155635.776468 1.6130818379243757e+47 0.02609771598484873 3.3095462636578735e+25 23417622420354.453 3.24206931877435e+48 0.0003627339815028107 2.0554340000574054e+17 5.406043287240377e+17 8.671348507104429e+20 56538733723.937675 8.892802366343018 4.7208512984969046e+52 1.407545902047767e+48 85
2.2332079078200876e+71 7.223745986938287e+63 3.050079849638969e+19 3.489178821465861e+35 1.6130818379243757e+47 3.3095462636578735e+25 52.71385476281947 403040260570.9105 10353697.873706743 5.767516487521308e+22 84
7.581477680858415e+43 0.004349619330808122 336169.2224204587 1493836.4389436257 3.489178821465861e+35 1.6130818379243757e+47 84
2.1353806154202535e+24 2.2332079078200876e+71 7.223745986938287e+63 3.050079849638969e+19 1273155635.776468 1.6130818379243757e+47 3.044782562565246e+25 3.775102946706703e+19 52.71385476281947 3.24206931877435e+48 39123.55117100712 2.0117013617583117e+17 6518559.006299458 1.0128862102590898e+16 7740788.8199806055 5.8561289536074554e-223 4.7208512984969046e+52 1.407545902047767e+48 910485.9380414728 85
2.1353806154202535e+24 2.2332079078200876e+71 7.223745986938287e+63 3.050079849638969e+19 1273155635.776468 1.6130818379243757e+47 70.84643400360966 3.3095462636578735e+25 1.2682465106737182e+17 3.24206931877435e+48 39123.55117100712 6518559.006299458 1.0128862102590898e+16 8.671348507104429e+20 5.8561289536074554e-223 4.7208512984969046e+52 1.407545902047767e+48 85
2.1353806154202535e+24 2.2332079078200876e+71 7.223745986938287e+63 3.050079849638969e+19 1273155635.776468 1.6130818379243757e+47 3.044782562565246e+25 3.3095462636578735e+25 1.775270520278114 3.24206931877435e+48 10353697.873706743 1.2572359179102695e+25 6518559.006299458 38.059156585048356 7740788.8199806055 14123.549174418906 4.7208512984969046e+52 1.407545902047767e+48 197144.84577639218 85
7.581477680858415e+43 2.2332079078200876e+71 7.223745986938287e+63 1493836.4389436257 3.489178821465861e+35 0.02609771598484873 3.775102946706703e+19 2.360783295189689e-221 403040260570.9105 10353697.873706743 2.0117013617583117e+17 6300425149031.613 1.0128862102590898e+16 38.059156585048356 7740788.8199806055 4.7208512984969046e+52 1.407545902047767e+48 197144.84577639218 2.390153936672292e+19 85
7.581477680858415e+43 2.2332079078200876e+71 336169.2224204587 4.404476160034086e-223 2.9610143743877637e-287 1.6130818379243757e+47 4.7208512984969046e+52 1.407545902047767e+48 84
7.581477680858415e+43 2.2332079078200876e+71 7.223745986938287e+63 3.489178821465861e+35 0.02609771598484873 3.775102946706703e+19 0.0006793884322477558 403040260570.9105 20943384077.831142 2.0117013617583117e+17 17.382835489465258 5.630038070575641e+16 5.767516487521308e+22 4.7208512984969046e+52 1.407545902047767e+48 197144.84577639218 2.390153936672292e+19 84
2.1353806154202535e+24 2.2332079078200876e+71 7.223745986938287e+63 3.050079849638969e+19 3.489178821465861e+35 1.6130818379243757e+47 3.775102946706703e+19 2.360783295189689e-221 403040260570.9105 2.0554340000574054e+17 5.406043287240377e+17 56626.192484352425 5.767516487521308e+22 4.7208512984969046e+52 1.407545902047767e+48 1397206697.7239196 2.390153936672292e+19 85
7.581477680858415e+43 2.2332079078200876e+71 7.223745986938287e+63 161808.40416927572 3.489178821465861e+35 1.6130818379243757e+47 3.044782562565246e+25 3.775102946706703e+19 52.71385476281947 3.24206931877435e+48 775.6869772171669 1.2572359179102695e+25 6518559.006299458 5.630038070575641e+16 14123.549174418906 4.7208512984969046e+52 1.407545902047767e+48 197144.84577639218 2.390153936672292e+19 84
7.581477680858415e+43 2.2332079078200876e+71 7.223745986938287e+63 1493836.4389436257 3.489178821465861e+35 0.02609771598484873 3.775102946706703e+19 2.360783295189689e-221 403040260570.9105 10353697.873706743 2.0117013617583117e+17 6300425149031.613 1.0128862102590898e+16 38.059156585048356 7740788.8199806055 4.7208512984969046e+52 1.407545902047767e+48 197144.84577639218 2.390153936672292e+19 85
2.1353806154202535e+24 2.2332079078200876e+71 7.223745986938287e+63 3.489178821465861e+35 1.6130818379243757e+47 0.02609771598484873 3.775102946706703e+19 23417622420354.453 403040260570.9105 775.6869772171669 2.0117013617583117e+17 6300425149031.613 38.059156585048356 5.8561289536074554e-223 4.7208512984969046e+52 1.407545902047767e+48 84
2.1353806154202535e+24 2.2332079078200876e+71 7.223745986938287e+63 3.050079849638969e+19 3.489178821465861e+35 1.6130818379243757e+47 3.044782562565246e+25 0.26 1.775270520278114 3.24206931877435e+48 3395081695.4039145 0.0003627339815028107 2.0554340000574054e+17 1.0128862102590898e+16 56626.192484352425 56538733723.937675 8.892802366343018 4.7208512984969046e+52 1.407545902047767e+48 85
2.1353806154202535e+24 2.2332079078200876e+71 336169.2224204587 3.050079849638969e+19 3.489178821465861e+35 3154.422395188899 3.044782562565246e+25 3.3095462636578735e+25 1.2682465106737182e+17 403040260570.9105 775.6869772171669 6300425149031.613 5.406043287240377e+17 38.059156585048356 4.7208512984969046e+52 1.407545902047767e+48 84
2.1353806154202535e+24 2.2332079078200876e+71 7.223745986938287e+63 4.404476160034086e-223 728366.6485776606 1.6130818379243757e+47 569860939092.4625 3.3095462636578735e+25 1.2682465106737182e+17 3.24206931877435e+48 10353697.873706743 813.5253663497116 2.0554340000574054e+17 1135.1516739763417 5.8561289536074554e-223 4.7208512984969046e+52 121.90078913902003 85
2.1353806154202535e+24 2.2332079078200876e+71 7.223745986938287e+63 3.050079849638969e+19 1273155635.776468 1.6130818379243757e+47 3.044782562565246e+25 3.775102946706703e+19 52.71385476281947 3.24206931877435e+48 39123.55117100712 2.0117013617583117e+17 6518559.006299458 1.0128862102590898e+16 7740788.8199806055 5.8561289536074554e-223 4.7208512984969046e+52 1.407545902047767e+48 910485.9380414728 85
2.1353806154202535e+24 2.2332079078200876e+71 7.223745986938287e+63 161808.40416927572 3.489178821465861e+35 1.6130818379243757e+47 3.044782562565246e+25 23417622420354.453 403040260570.9105 10353697.873706743 0.0003627339815028107 2.0554340000574054e+17 0.0024999983500006793 5.665618996152733e-288 197144.84577639218 0.007858533429746508 85
7.581477680858415e+43 2.2332079078200876e+71 7.223745986938287e+63 3.050079849638969e+19 3.489178821465861e+35 1.6130818379243757e+47 569860939092.4625 3.3095462636578735e+25 23417622420354.453 3.24206931877435e+48 3395081695.4039145 1.2572359179102695e+25 2.0554340000574054e+17 1.0128862102590898e+16 8.671348507104429e+20 1135.1516739763417 5.8561289536074554e-223 4.7208512984969046e+52 121.90078913902003 84
2.1353806154202535e+24 2.2332079078200876e+71 7.223745986938287e+63 1493836.4389436257 1273155635.776468 1.6130818379243757e+47 3.044782562565246e+25 3.3095462636578735e+25 1.2682465106737182e+17 3.24206931877435e+48 39123.55117100712 1.2572359179102695e+25 6518559.006299458 1.0128862102590898e+16 8.671348507104429e+20 1135.1516739763417 5.8561289536074554e-223 4.7208512984969046e+52 1.407545902047767e+48 910485.9380414728 85
7.581477680858415e+43 2.2332079078200876e+71 7.223745986938287e+63 3.050079849638969e+19 3.489178821465861e+35 1.6130818379243757e+47 3.044782562565246e+25 3.775102946706703e+19 52.71385476281947 3.24206931877435e+48 10353697.873706743 1.2572359179102695e+25 6300425149031.613 38.059156585048356 7740788.8199806055 5.630038070575641e+16 5.767516487521308e+22 4.7208512984969046e+52 0.006911722173150546 85
2.1353806154202535e+24 2.2332079078200876e+71 7.223745986938287e+63 3.050079849638969e+19 3.489178821465861e+35 1.6130818379243757e+47 3.775102946706703e+19 2.360783295189689e-221 403040260570.9105 2.0554340000574054e+17 5.406043287240377e+17 56626.192484352425 5.767516487521308e+22 4.7208512984969046e+52 1.407545902047767e+48 1397206697.7239196 2.390153936672292e+19 85
2.1353806154202535e+24 2.2332079078200876e+71 7.223745986938287e+63 3.050079849638969e+19 728366.6485776606 1.6130818379243757e+47 569860939092.4625 3.3095462636578735e+25 1.2682465106737182e+17 3.24206931877435e+48 39123.55117100712 1.2572359179102695e+25 2.0554340000574054e+17 1135.1516739763417 0.0024999983500006793 36866.52422702864 1.407545902047767e+48 85
7.581477680858415e+43 2.2332079078200876e+71 7.223745986938287e+63 1493836.4389436257 3.489178821465861e+35 1.6130818379243757e+47 3.044782562565246e+25 3.775102946706703e+19 23417622420354.453 403040260570.9105 10353697.873706743 1.2572359179102695e+25 6300425149031.613 1.0128862102590898e+16 56626.192484352425 7740788.8199806055 1135.1516739763417 8.892802366343018 4.7208512984969046e+52 1.407545902047767e+48 197144.84577639218 84
7.581477680858415e+43 2.2332079078200876e+71 7.223745986938287e+63 1493836.4389436257 3.489178821465861e+35 3154.422395188899 3.3095462636578735e+25 1.2682465106737182e+17 10353697.873706743 1.2572359179102695e+25 5.630038070575641e+16 14123.549174418906 84
2.1353806154202535e+24 2.2332079078200876e+71 7.223745986938287e+63 4.404476160034086e-223 3.489178821465861e+35 70.84643400360966 0.26 1.2682465106737182e+17 3.24206931877435e+48 39123.55117100712 0.0003627339815028107 6518559.006299458 1.0128862102590898e+16 8.671348507104429e+20 56538733723.937675 8.892802366343018 4.7208512984969046e+52 1.407545902047767e+48 85
7.581477680858415e+43 2.2332079078200876e+71 7.223745986938287e+63 3.050079849638969e+19 3.489178821465861e+35 1.6130818379243757e+47 3.044782562565246e+25 3.3095462636578735e+25 2.360783295189689e-221 403040260570.9105 775.6869772171669 1.2572359179102695e+25 6300425149031.613 1.0128862102590898e+16 38.059156585048356 7740788.8199806055 5.630038070575641e+16 14123.549174418906 4.7208512984969046e+52 1.407545902047767e+48 197144.84577639218 84
2.1353806154202535e+24 2.2332079078200876e+71 7.223745986938287e+63 3.489178821465861e+35 1.6130818379243757e+47 3.044782562565246e+25 3.3095462636578735e+25 1.2682465106737182e+17 3.24206931877435e+48 3395081695.4039145 1.2572359179102695e+25 2.0554340000574054e+17 1.0128862102590898e+16 8.671348507104429e+20 56538733723.937675 4.7208512984969046e+52 1.407545902047767e+48 84
7.581477680858415e+43 2.2332079078200876e+71 7.223745986938287e+63 3.050079849638969e+19 3.489178821465861e+35 1.6130818379243757e+47 3.044782562565246e+25 3.775102946706703e+19 52.71385476281947 3.24206931877435e+48 10353697.873706743 1.2572359179102695e+25 6300425149031.613 38.059156585048356 7740788.8199806055 5.630038070575641e+16 5.767516487521308e+22 4.7208512984969046e+52 0.006911722173150546 85
7.581477680858415e+43 2.2332079078200876e+71 7.223745986938287e+63 1493836.4389436257 1.6130818379243757e+47 3.044782562565246e+25 3.3095462636578735e+25 23417622420354.453 3.24206931877435e+48 775.6869772171669 2.0117013617583117e+17 6518559.006299458 1.0128862102590898e+16 36866.52422702864 1.407545902047767e+48 910485.9380414728 2.390153936672292e+19 84
7.581477680858415e+43 2.2332079078200876e+71 7.223745986938287e+63 3.050079849638969e+19 728366.6485776606 3154.422395188899 569860939092.4625 3.3095462636578735e+25 1.2682465106737182e+17 3.24206931877435e+48 39123.55117100712 0.0003627339815028107 2.0554340000574054e+17 1.0128862102590898e+16 8.671348507104429e+20 56538733723.937675 5.8561289536074554e-223 4.7208512984969046e+52 1.407545902047767e+48 84
7.581477680858415e+43 0.004349619330808122 336169.2224204587 4.7208512984969046e+52 1.407545902047767e+48 84
7.581477680858415e+43 2.2332079078200876e+71 7.223745986938287e+63 3.050079849638969e+19 3.489178821465861e+35 1.6130818379243757e+47 569860939092.4625 3.775102946706703e+19 1.775270520278114 403040260570.9105 10353697.873706743 1.2572359179102695e+25 6300425149031.613 56626.192484352425 7740788.8199806055 5.630038070575641e+16 4.7208512984969046e+52 1.407545902047767e+48 1397206697.7239196 84
2.1353806154202535e+24 2.2332079078200876e+71 7.223745986938287e+63 4.404476160034086e-223 3.489178821465861e+35 1.6130818379243757e+47 569860939092.4625 3.3095462636578735e+25 2.360783295189689e-221 403040260570.9105 10353697.873706743 0.0003627339815028107 2.0554340000574054e+17 1.0128862102590898e+16 8.671348507104429e+20 0.005586186413916195 0.0024999983500006793 4.7208512984969046e+52 1.407545902047767e+48 1397206697.7239196 2.390153936672292e+19 85
7.581477680858415e+43 2.2332079078200876e+71 7.223745986938287e+63 161808.40416927572 3.489178821465861e+35 1.6130818379243757e+47 3.044782562565246e+25 3.3095462636578735e+25 52.71385476281947 403040260570.9105 775.6869772171669 2.0117013617583117e+17 6300425149031.613 5.406043287240377e+17 8.671348507104429e+20 36866.52422702864 0.006911722173150546 197144.84577639218 2.390153936672292e+19 85
2.1353806154202535e+24 2.2332079078200876e+71 7.223745986938287e+63 4.404476160034086e-223 3.489178821465861e+35 3.044782562565246e+25 3.775102946706703e+19 2.360783295189689e-221 403040260570.9105 775.6869772171669 1.2572359179102695e+25 17.382835489465258 1.0128862102590898e+16 8.671348507104429e+20 5.630038070575641e+16 5.767516487521308e+22 85
2.1353806154202535e+24 2.2332079078200876e+71 7.223745986938287e+63 4.404476160034086e-223 1273155635.776468 1.6130818379243757e+47 3.3095462636578735e+25 1.775270520278114 403040260570.9105 3395081695.4039145 2.0117013617583117e+17 2.0554340000574054e+17 1.0128862102590898e+16 56626.192484352425 7740788.8199806055 5.8561289536074554e-223 4.7208512984969046e+52 1.407545902047767e+48 85
7.581477680858415e+43 2.2332079078200876e+71 336169.2224204587 3.050079849638969e+19 1.6130818379243757e+47 3.044782562565246e+25 3.775102946706703e+19 0.0006793884322477558 403040260570.9105 20943384077.831142 17.382835489465258 5.406043287240377e+17 8.671348507104429e+20 4.7208512984969046e+52 1.407545902047767e+48 84
7.581477680858415e+43 2.2332079078200876e+71 7.223745986938287e+63 3.050079849638969e+19 728366.6485776606 1.6130818379243757e+47 0.02609771598484873 3.3095462636578735e+25 1.2682465106737182e+17 3.24206931877435e+48 3395081695.4039145 1.2572359179102695e+25 6518559.006299458 1.0128862102590898e+16 56626.192484352425 5.630038070575641e+16 14123.549174418906 4.7208512984969046e+52 1.407545902047767e+48 84
2.1353806154202535e+24 2.2332079078200876e+71 7.223745986938287e+63 4.404476160034086e-223 3.489178821465861e+35 3.044782562565246e+25 3.775102946706703e+19 2.360783295189689e-221 403040260570.9105 775.6869772171669 1.2572359179102695e+25 17.382835489465258 1.0128862102590898e+16 8.671348507104429e+20 5.630038070575641e+16 5.767516487521308e+22 85
2.1353806154202535e+24 2.2332079078200876e+71 7.223745986938287e+63 3.489178821465861e+35 1.6130818379243757e+47 23417622420354.453 3.24206931877435e+48 1.2572359179102695e+25 2.0554340000574054e+17 1.0128862102590898e+16 8.671348507104429e+20 1135.1516739763417 5.8561289536074554e-223 4.7208512984969046e+52 1.407545902047767e+48 84
7.581477680858415e+43 2.2332079078200876e+71 7.223745986938287e+63 3.050079849638969e+19 3.489178821465861e+35 3.775102946706703e+19 0.0006793884322477558 403040260570.9105 10353697.873706743 2.0117013617583117e+17 6518559.006299458 1.0128862102590898e+16 38.059156585048356 7740788.8199806055 5.630038070575641e+16 14123.549174418906 4.7208512984969046e+52 1.407545902047767e+48 7.622263082473196e-223 84
2.1353806154202535e+24 2.2332079078200876e+71 7.223745986938287e+63 161808.40416927572 1273155635.776468 1.6130818379243757e+47 3.044782562565246e+25 3.3095462636578735e+25 1.2682465106737182e+17 3.24206931877435e+48 10353697.873706743 813.5253663497116 5.406043287240377e+17 8.671348507104429e+20 1135.1516739763417 5.8561289536074554e-223 4.7208512984969046e+52 1.407545902047767e+48 910485.9380414728 2.390153936672292e+19 85
2.1353806154202535e+24 2.2332079078200876e+71 7.223745986938287e+63 3.050079849638969e+19 3.489178821465861e+35 1.6130818379243757e+47 70.84643400360966 3.3095462636578735e+25 1.775270520278114 3.24206931877435e+48 39123.55117100712 1.2572359179102695e+25 2.0554340000574054e+17 5.406043287240377e+17 8.671348507104429e+20 4.7208512984969046e+52 121.90078913902003 85
7.581477680858415e+43 0.004349619330808122 336169.2224204587 1493836.4389436257 3.489178821465861e+35 1.6130818379243757e+47 0.02609771598484873 3.3095462636578735e+25 0.0006793884322477558 403040260570.9105 10353697.873706743 2.0117013617583117e+17 17.382835489465258 5.406043287240377e+17 56626.192484352425 7740788.8199806055 1135.1516739763417 4.7208512984969046e+52 1.407545902047767e+48 197144.84577639218 7.622263082473196e-223 84
2.1353806154202535e+24 2.2332079078200876e+71 7.223745986938287e+63 3.050079849638969e+19 1273155635.776468 1.6130818379243757e+47 70.84643400360966 3.3095462636578735e+25 1.2682465106737182e+17 3.24206931877435e+48 39123.55117100712 6518559.006299458 1.0128862102590898e+16 8.671348507104429e+20 5.8561289536074554e-223 4.7208512984969046e+52 1.407545902047767e+48 85
2.1353806154202535e+24 2.2332079078200876e+71 7.223745986938287e+63 3.050079849638969e+19 728366.6485776606 3154.422395188899 3.044782562565246e+25 3.3095462636578735e+25 1.2682465106737182e+17 813.5253663497116 6518559.006299458 56538733723.937675 4.7208512984969046e+52 121.90078913902003 85
7.581477680858415e+43 2.2332079078200876e+71 7.223745986938287e+63 3.489178821465861e+35 1.6130818379243757e+47 0.02609771598484873 52.71385476281947 403040260570.9105 10353697.873706743 2.0117013617583117e+17 5.767516487521308e+22 4.7208512984969046e+52 121.90078913902003 85
7.581477680858415e+43 2.2332079078200876e+71 7.223745986938287e+63 161808.40416927572 3.489178821465861e+35 1.6130818379243757e+47 3.044782562565246e+25 0.0006793884322477558 403040260570.9105 20943384077.831142 2.0117013617583117e+17 6300425149031.613 1.0128862102590898e+16 56626.192484352425 56538733723.937675 5.767516487521308e+22 4.7208512984969046e+52 1.407545902047767e+48 197144.84577639218 2.390153936672292e+19 84
7.581477680858415e+43 2.2332079078200876e+71 7.223745986938287e+63 3.489178821465861e+35 3154.422395188899 0.02609771598484873 7.726199884332471e-221 52.71385476281947 3.24206931877435e+48 10353697.873706743 1.2572359179102695e+25 2.0554340000574054e+17 1.0128862102590898e+16 8.671348507104429e+20 7740788.8199806055 5.630038070575641e+16 14123.549174418906 4.7208512984969046e+52 1.407545902047767e+48 197144.84577639218 84
2.1353806154202535e+24 2.2332079078200876e+71 7.223745986938287e+63 3.489178821465861e+35 1.6130818379243757e+47 0.02609771598484873 3.775102946706703e+19 23417622420354.453 403040260570.9105 775.6869772171669 2.0117013617583117e+17 6300425149031.613 38.059156585048356 5.8561289536074554e-223 4.7208512984969046e+52 1.407545902047767e+48 84
7.581477680858415e+43 2.2332079078200876e+71 7.223745986938287e+63 161808.40416927572 3.489178821465861e+35 1.6130818379243757e+47 569860939092.4625 3.775102946706703e+19 0.0006793884322477558 403040260570.9105 3395081695.4039145 2.0117013617583117e+17 6518559.006299458 1.0128862102590898e+16 38.059156585048356 7740788.8199806055 14123.549174418906 4.7208512984969046e+52 1.407545902047767e+48 197144.84577639218 84
2.1353806154202535e+24 2.2332079078200876e+71 7.223745986938287e+63 4.404476160034086e-223 3.489178821465861e+35 1.6130818379243757e+47 569860939092.4625 3.3095462636578735e+25 2.360783295189689e-221 403040260570.9105 10353697.873706743 0.0003627339815028107 2.0554340000574054e+17 1.0128862102590898e+16 8.671348507104429e+20 0.005586186413916195 0.0024999983500006793 4.7208512984969046e+52 1.407545902047767e+48 1397206697.7239196 2.390153936672292e+19 85
2.1353806154202535e+24 0.004349619330808122 336169.2224204587 3.050079849638969e+19 3.489178821465861e+35 1.6130818379243757e+47 569860939092.4625 3.3095462636578735e+25 1.775270520278114 3.24206931877435e+48 39123.55117100712 1.2572359179102695e+25 6518559.006299458 0.05763245613320762 7740788.8199806055 4.7208512984969046e+52 1.407545902047767e+48 910485.9380414728 2.390153936672292e+19 85
2.1353806154202535e+24 2.2332079078200876e+71 7.223745986938287e+63 161808.40416927572 3.489178821465861e+35 3.044782562565246e+25 3.775102946706703e+19 23417622420354.453 3.24206931877435e+48 3395081695.4039145 1.2572359179102695e+25 6518559.006299458 1.0128862102590898e+16 38.059156585048356 14123.549174418906 4.7208512984969046e+52 1.407545902047767e+48 197144.84577639218 2.390153936672292e+19 84
2.1353806154202535e+24 2.2332079078200876e+71 7.223745986938287e+63 3.489178821465861e+35 1.6130818379243757e+47 3.044782562565246e+25 3.3095462636578735e+25 1.2682465106737182e+17 3.24206931877435e+48 3395081695.4039145 1.2572359179102695e+25 2.0554340000574054e+17 1.0128862102590898e+16 8.671348507104429e+20 56538733723.937675 4.7208512984969046e+52 1.407545902047767e+48 84
7.581477680858415e+43 2.2332079078200876e+71 7.223745986938287e+63 1493836.4389436257 3.044782562565246e+25 3.3095462636578735e+25 23417622420354.453 3.24206931877435e+48 20943384077.831142 2.0117013617583117e+17 6518559.006299458 36866.52422702864 1.407545902047767e+48 1397206697.7239196 84
7.581477680858415e+43 2.2332079078200876e+71 7.223745986938287e+63 3.050079849638969e+19 1273155635.776468 1.6130818379243757e+47 3.3095462636578735e+25 1.2682465106737182e+17 3.24206931877435e+48 3395081695.4039145 0.0003627339815028107 6518559.006299458 1135.1516739763417 4.7208512984969046e+52 1.407545902047767e+48 910485.9380414728 7.622263082473196e-223 84
7.581477680858415e+43 2.2332079078200876e+71 7.223745986938287e+63 3.489178821465861e+35 1.6130818379243757e+47 3.044782562565246e+25 3.775102946706703e+19 52.71385476281947 403040260570.9105 20943384077.831142 2.0117013617583117e+17 17.382835489465258 0.05763245613320762 38.059156585048356 5.630038070575641e+16 14123.549174418906 4.7208512984969046e+52 1.407545902047767e+48 84
2.1353806154202535e+24 2.2332079078200876e+71 7.223745986938287e+63 3.050079849638969e+19 3.489178821465861e+35 1.6130818379243757e+47 569860939092.4625 3.3095462636578735e+25 23417622420354.453 3.24206931877435e+48 3395081695.4039145 6518559.006299458 1.0128862102590898e+16 8.671348507104429e+20 1135.1516739763417 5.767516487521308e+22 4.7208512984969046e+52 1.407545902047767e+48 1397206697.7239196 2.390153936672292e+19 85
7.581477680858415e+43 2.2332079078200876e+71 7.223745986938287e+63 3.050079849638969e+19 1273155635.776468 569860939092.4625 3.3095462636578735e+25 1.2682465106737182e+17 3.24206931877435e+48 39123.55117100712 0.0003627339815028107 17.382835489465258 1.0128862102590898e+16 56626.192484352425 5.630038070575641e+16 5.767516487521308e+22 84
7.581477680858415e+43 2.2332079078200876e+71 7.223745986938287e+63 161808.40416927572 3.489178821465861e+35 1.6130818379243757e+47 569860939092.4625 3.775102946706703e+19 1.775270520278114 3.24206931877435e+48 775.6869772171669 1.2572359179102695e+25 6300425149031.613 5.406043287240377e+17 56538733723.937675 5.767516487521308e+22 36866.52422702864 1.407545902047767e+48 1397206697.7239196 84
7.581477680858415e+43 2.2332079078200876e+71 7.223745986938287e+63 3.489178821465861e+35 0.02609771598484873 3.775102946706703e+19 0.0006793884322477558 403040260570.9105 20943384077.831142 2.0117013617583117e+17 17.382835489465258 5.630038070575641e+16 5.767516487521308e+22 4.7208512984969046e+52 1.407545902047767e+48 197144.84577639218 2.390153936672292e+19 84
2.1353806154202535e+24 2.2332079078200876e+71 7.223745986938287e+63 3.050079849638969e+19 3.489178821465861e+35 1.6130818379243757e+47 569860939092.4625 3.3095462636578735e+25 3.24206931877435e+48 3395081695.4039145 1.2572359179102695e+25 5.406043287240377e+17 8.671348507104429e+20 4.7208512984969046e+52 1.407545902047767e+48 910485.9380414728 2.390153936672292e+19 85
7.581477680858415e+43 2.2332079078200876e+71 7.223745986938287e+63 3.050079849638969e+19 3.489178821465861e+35 1.6130818379243757e+47 569860939092.4625 3.3095462636578735e+25 23417622420354.453 3.24206931877435e+48 10353697.873706743 2.0117013617583117e+17 6518559.006299458 1.0128862102590898e+16 38.059156585048356 7740788.8199806055 14123.549174418906 4.7208512984969046e+52 1.407545902047767e+48 84
2.1353806154202535e+24 2.2332079078200876e+71 7.223745986938287e+63 3.050079849638969e+19 1273155635.776468 70.84643400360966 1.2682465106737182e+17 403040260570.9105 3395081695.4039145 1.2572359179102695e+25 2.0554340000574054e+17 1.0128862102590898e+16 8.671348507104429e+20 5.8561289536074554e-223 36866.52422702864 1.407545902047767e+48 85
2.1353806154202535e+24 2.2332079078200876e+71 7.223745986938287e+63 3.050079849638969e+19 3.489178821465861e+35 0.0006793884322477558 85
7.581477680858415e+43 2.2332079078200876e+71 7.223745986938287e+63 4.404476160034086e-223 3.489178821465861e+35 1.6130818379243757e+47 70.84643400360966 3.775102946706703e+19 52.71385476281947 403040260570.9105 775.6869772171669 2.0117013617583117e+17 6300425149031.613 1.0128862102590898e+16 8.671348507104429e+20 1135.1516739763417 5.767516487521308e+22 4.7208512984969046e+52 121.90078913902003 84
2.1353806154202535e+24 2.2332079078200876e+71 7.223745986938287e+63 4.404476160034086e-223 3.489178821465861e+35 1.6130818379243757e+47 3.044782562565246e+25 3.3095462636578735e+25 1.775270520278114 3.24206931877435e+48 10353697.873706743 813.5253663497116 6518559.006299458 1135.1516739763417 5.8561289536074554e-223 4.7208512984969046e+52 0.006911722173150546 85
2.1353806154202535e+24 2.2332079078200876e+71 7.223745986938287e+63 161808.40416927572 3.489178821465861e+35 1.6130818379243757e+47 3.044782562565246e+25 3.775102946706703e+19 2.360783295189689e-221 403040260570.9105 775.6869772171669 813.5253663497116 6518559.006299458 5.406043287240377e+17 56626.192484352425 0.005586186413916195 8.892802366343018 4.7208512984969046e+52 1.407545902047767e+48 1397206697.7239196 2.390153936672292e+19 85
7.581477680858415e+43 2.2332079078200876e+71 7.223745986938287e+63 3.050079849638969e+19 3.489178821465861e+35 1.6130818379243757e+47 3.044782562565246e+25 3.775102946706703e+19 52.71385476281947 3.24206931877435e+48 20943384077.831142 2.0117013617583117e+17 6300425149031.613 1.0128862102590898e+16 8.671348507104429e+20 1135.1516739763417 14123.549174418906 4.7208512984969046e+52 1.407545902047767e+48 84
7.581477680858415e+43 2.2332079078200876e+71 7.223745986938287e+63 3.050079849638969e+19 3.489178821465861e+35 3.775102946706703e+19 3.24206931877435e+48 20943384077.831142 1.2572359179102695e+25 2.0554340000574054e+17 8.671348507104429e+20 56538733723.937675 8.892802366343018 4.7208512984969046e+52 0.75 910485.9380414728 2.390153936672292e+19 84
7.581477680858415e+43 2.2332079078200876e+71 7.223745986938287e+63 1273155635.776468 1.6130818379243757e+47 3.044782562565246e+25 3.775102946706703e+19 52.71385476281947 3.24206931877435e+48 3395081695.4039145 2.0117013617583117e+17 6300425149031.613 1.0128862102590898e+16 8.671348507104429e+20 5.630038070575641e+16 14123.549174418906 4.7208512984969046e+52 1.407545902047767e+48 84
2.1353806154202535e+24 2.2332079078200876e+71 7.223745986938287e+63 161808.40416927572 1273155635.776468 1.6130818379243757e+47 70.84643400360966 3.775102946706703e+19 23417622420354.453 3.24206931877435e+48 39123.55117100712 1.2572359179102695e+25 6518559.006299458 0.05763245613320762 8.671348507104429e+20 7740788.8199806055 4.7208512984969046e+52 1.407545902047767e+48 85
7.581477680858415e+43 2.2332079078200876e+71 7.223745986938287e+63 1493836.4389436257 1273155635.776468 3154.422395188899 1.2682465106737182e+17 39123.55117100712 813.5253663497116 36866.52422702864 121.90078913902003 85
7.581477680858415e+43 0.004349619330808122 336169.2224204587 3.050079849638969e+19 3.489178821465861e+35 1.6130818379243757e+47 0.02609771598484873 7.726199884332471e-221 0.0006793884322477558 3395081695.4039145 1.2572359179102695e+25 6300425149031.613 56538733723.937675 4.7208512984969046e+52 1.407545902047767e+48 197144.84577639218 2.390153936672292e+19 84
2.1353806154202535e+24 2.2332079078200876e+71 7.223745986938287e+63 3.050079849638969e+19 1273155635.776468 1.6130818379243757e+47 3.044782562565246e+25 3.3095462636578735e+25 1.775270520278114 3.24206931877435e+48 10353697.873706743 1.2572359179102695e+25 6518559.006299458 38.059156585048356 7740788.8199806055 14123.549174418906 4.7208512984969046e+52 1.407545902047767e+48 197144.84577639218 85
2.1353806154202535e+24 2.2332079078200876e+71 7.223745986938287e+63 3.489178821465861e+35 1.6130818379243757e+47 3.044782562565246e+25 3.775102946706703e+19 52.71385476281947 403040260570.9105 20943384077.831142 2.0117013617583117e+17 6518559.006299458 5.630038070575641e+16 4.7208512984969046e+52 1.407545902047767e+48 197144.84577639218 2.390153936672292e+19 85
7.581477680858415e+43 0.004349619330808122 7.223745986938287e+63 3.050079849638969e+19 3.489178821465861e+35 1.6130818379243757e+47 3.775102946706703e+19 3.24206931877435e+48 10353697.873706743 2.0117013617583117e+17 4.7208512984969046e+52 121.90078913902003 84
7.581477680858415e+43 2.2332079078200876e+71 7.223745986938287e+63 161808.40416927572 3.489178821465861e+35 1.6130818379243757e+47 3.044782562565246e+25 3.3095462636578735e+25 52.71385476281947 403040260570.9105 775.6869772171669 2.0117013617583117e+17 6300425149031.613 5.406043287240377e+17 8.671348507104429e+20 36866.52422702864 0.006911722173150546 197144.84577639218 2.390153936672292e+19 85
2.2332079078200876e+71 7.223745986938287e+63 3.050079849638969e+19 1273155635.776468 1.6130818379243757e+47 3.044782562565246e+25 3.3095462636578735e+25 23417622420354.453 3.24206931877435e+48 775.6869772171669 1.2572359179102695e+25 2.0554340000574054e+17 1.0128862102590898e+16 8.671348507104429e+20 1135.1516739763417 5.767516487521308e+22 4.7208512984969046e+52 121.90078913902003 1397206697.7239196 2.390153936672292e+19 84
7.581477680858415e+43 2.2332079078200876e+71 7.223745986938287e+63 1493836.4389436257 728366.6485776606 1.6130818379243757e+47 70.84643400360966 3.3095462636578735e+25 52.71385476281947 10353697.873706743 1.2572359179102695e+25 2.0554340000574054e+17 56538733723.937675 4.7208512984969046e+52 1.407545902047767e+48 84
2.1353806154202535e+24 2.2332079078200876e+71 7.223745986938287e+63 3.050079849638969e+19 728366.6485776606 1.6130818379243757e+47 70.84643400360966 3.3095462636578735e+25 23417622420354.453 3.24206931877435e+48 3395081695.4039145 1.2572359179102695e+25 2.0554340000574054e+17 56538733723.937675 0.0024999983500006793 36866.52422702864 1.407545902047767e+48 85
2.1353806154202535e+24 2.2332079078200876e+71 7.223745986938287e+63 161808.40416927572 3.489178821465861e+35 1.6130818379243757e+47 3.044782562565246e+25 23417622420354.453 403040260570.9105 10353697.873706743 0.0003627339815028107 2.0554340000574054e+17 0.0024999983500006793 5.665618996152733e-288 197144.84577639218 0.007858533429746508 85
7.581477680858415e+43 2.2332079078200876e+71 7.223745986938287e+63 161808.40416927572 3.489178821465861e+35 1.6130818379243757e+47 3.044782562565246e+25 3.775102946706703e+19 52.71385476281947 3.24206931877435e+48 775.6869772171669 1.2572359179102695e+25 6518559.006299458 5.630038070575641e+16 14123.549174418906 4.7208512984969046e+52 1.407545902047767e+48 197144.84577639218 2.390153936672292e+19 84
2.1353806154202535e+24 2.2332079078200876e+71 7.223745986938287e+63 161808.40416927572 1273155635.776468 1.6130818379243757e+47 0.02609771598484873 3.3095462636578735e+25 23417622420354.453 3.24206931877435e+48 0.0003627339815028107 2.0554340000574054e+17 5.406043287240377e+17 8.671348507104429e+20 56538733723.937675 8.892802366343018 4.7208512984969046e+52 1.407545902047767e+48 85
7.581477680858415e+43 0.004349619330808122 336169.2224204587 4.7208512984969046e+52 1.407545902047767e+48 84
7.581477680858415e+43 2.2332079078200876e+71 7.223745986938287e+63 1493836.4389436257 3.489178821465861e+35 1.6130818379243757e+47 569860939092.4625 3.3095462636578735e+25 2.360783295189689e-221 403040260570.9105 20943384077.831142 2.0117013617583117e+17 17.382835489465258 0.05763245613320762 8.671348507104429e+20 5.630038070575641e+16 14123.549174418906 4.7208512984969046e+52 1.407545902047767e+48 1397206697.7239196 84
7.581477680858415e+43 2.2332079078200876e+71 7.223745986938287e+63 161808.40416927572 1273155635.776468 1.6130818379243757e+47 3.3095462636578735e+25 1.775270520278114 3.24206931877435e+48 3395081695.4039145 1.2572359179102695e+25 6300425149031.613 1.0128862102590898e+16 8.671348507104429e+20 1135.1516739763417 5.767516487521308e+22 4.7208512984969046e+52 121.90078913902003 84
7.581477680858415e+43 2.2332079078200876e+71 7.223745986938287e+63 161808.40416927572 728366.6485776606 1.6130818379243757e+47 3.044782562565246e+25 3.775102946706703e+19 1.2682465106737182e+17 3.24206931877435e+48 3395081695.4039145 1.2572359179102695e+25 6518559.006299458 1135.1516739763417 4.7208512984969046e+52 121.90078913902003 84
2.1353806154202535e+24 2.2332079078200876e+71 7.223745986938287e+63 4.404476160034086e-223 3.489178821465861e+35 3.044782562565246e+25 3.775102946706703e+19 2.360783295189689e-221 403040260570.9105 775.6869772171669 1.2572359179102695e+25 17.382835489465258 1.0128862102590898e+16 8.671348507104429e+20 5.630038070575641e+16 5.767516487521308e+22 85
2.1353806154202535e+24 2.2332079078200876e+71 7.223745986938287e+63 3.050079849638969e+19 728366.6485776606 1.6130818379243757e+47 3.044782562565246e+25 3.3095462636578735e+25 1.2682465106737182e+17 3.24206931877435e+48 3395081695.4039145 1.2572359179102695e+25 2.0554340000574054e+17 85
7.581477680858415e+43 2.2332079078200876e+71 7.223745986938287e+63 1493836.4389436257 3.489178821465861e+35 1.6130818379243757e+47 3.044782562565246e+25 3.775102946706703e+19 23417622420354.453 403040260570.9105 10353697.873706743 1.2572359179102695e+25 6300425149031.613 1.0128862102590898e+16 56626.192484352425 7740788.8199806055 1135.1516739763417 8.892802366343018 4.7208512984969046e+52 1.407545902047767e+48 197144.84577639218 84
7.581477680858415e+43 2.2332079078200876e+71 7.223745986938287e+63 161808.40416927572 728366.6485776606 0.17 3.3095462636578735e+25 52.71385476281947 3.24206931877435e+48 3395081695.4039145 1.2572359179102695e+25 2.0554340000574054e+17 5.406043287240377e+17 8.671348507104429e+20 1135.1516739763417 0.0024999983500006793 1.7069356693161808e-290 1.407545902047767e+48 197144.84577639218 84
7.581477680858415e+43 2.2332079078200876e+71 7.223745986938287e+63 2.9610143743877637e-287 1.6130818379243757e+47 569860939092.4625 3.3095462636578735e+25 52.71385476281947 3.24206931877435e+48 20943384077.831142 1.2572359179102695e+25 6300425149031.613 1.0128862102590898e+16 38.059156585048356 7740788.8199806055 14123.549174418906 4.7208512984969046e+52 1.407545902047767e+48 84
7.581477680858415e+43 2.2332079078200876e+71 7.223745986938287e+63 0.02609771598484873 3.775102946706703e+19 403040260570.9105 10353697.873706743 2.0117013617583117e+17 2.0554340000574054e+17 4.7208512984969046e+52 121.90078913902003 197144.84577639218 2.390153936672292e+19 84
7.581477680858415e+43 2.2332079078200876e+71 7.223745986938287e+63 161808.40416927572 3.489178821465861e+35 1.6130818379243757e+47 3.044782562565246e+25 3.3095462636578735e+25 52.71385476281947 403040260570.9105 775.6869772171669 2.0117013617583117e+17 6300425149031.613 5.406043287240377e+17 8.671348507104429e+20 36866.52422702864 0.006911722173150546 197144.84577639218 2.390153936672292e+19 85
2.1353806154202535e+24 2.2332079078200876e+71 7.223745986938287e+63 4.404476160034086e-223 3.489178821465861e+35 1.6130818379243757e+47 3.044782562565246e+25 3.775102946706703e+19 403040260570.9105 20943384077.831142 2.0117013617583117e+17 17.382835489465258 1135.1516739763417 5.767516487521308e+22 4.7208512984969046e+52 1.407545902047767e+48 85
7.581477680858415e+43 2.2332079078200876e+71 7.223745986938287e+63 3.489178821465861e+35 3154.422395188899 569860939092.4625 3.3095462636578735e+25 52.71385476281947 3.24206931877435e+48 20943384077.831142 1.2572359179102695e+25 6300425149031.613 38.059156585048356 7740788.8199806055 4.7208512984969046e+52 1.407545902047767e+48 910485.9380414728 84
7.581477680858415e+43 2.2332079078200876e+71 7.223745986938287e+63 161808.40416927572 3.489178821465861e+35 1.6130818379243757e+47 3.044782562565246e+25 3.775102946706703e+19 1.2682465106737182e+17 3.24206931877435e+48 3395081695.4039145 1.2572359179102695e+25 6518559.006299458 1.0128862102590898e+16 56626.192484352425 7740788.8199806055 1135.1516739763417 14123.549174418906 36866.52422702864 1.407545902047767e+48 84
7.581477680858415e+43 2.2332079078200876e+71 7.223745986938287e+63 3.050079849638969e+19 3.489178821465861e+35 1.6130818379243757e+47 569860939092.4625 23417622420354.453 403040260570.9105 2.0117013617583117e+17 17.382835489465258 1.0128862102590898e+16 38.059156585048356 7740788.8199806055 5.767516487521308e+22 4.7208512984969046e+52 121.90078913902003 84
2.1353806154202535e+24 2.2332079078200876e+71 7.223745986938287e+63 4.404476160034086e-223 1273155635.776468 1.6130818379243757e+47 3.3095462636578735e+25 1.775270520278114 403040260570.9105 3395081695.4039145 2.0117013617583117e+17 2.0554340000574054e+17 1.0128862102590898e+16 56626.192484352425 7740788.8199806055 5.8561289536074554e-223 4.7208512984969046e+52 1.407545902047767e+48 85
7.581477680858415e+43 2.2332079078200876e+71 7.223745986938287e+63 3.050079849638969e+19 3.489178821465861e+35 1.6130818379243757e+47 3.044782562565246e+25 3.3095462636578735e+25 1.2682465106737182e+17 3.24206931877435e+48 3395081695.4039145 2.0117013617583117e+17 2.0554340000574054e+17 1.0128862102590898e+16 56626.192484352425 5.630038070575641e+16 14123.549174418906 4.7208512984969046e+52 0.75 910485.9380414728 2.390153936672292e+19 84
2.1353806154202535e+24 2.2332079078200876e+71 7.223745986938287e+63 1493836.4389436257 1273155635.776468 1.6130818379243757e+47 569860939092.4625 3.3095462636578735e+25 23417622420354.453 3.24206931877435e+48 3395081695.4039145 1.2572359179102695e+25 17.382835489465258 1.0128862102590898e+16 5.767516487521308e+22 4.7208512984969046e+52 121.90078913902003 84
2.1353806154202535e+24 2.2332079078200876e+71 7.223745986938287e+63 161808.40416927572 1273155635.776468 1.6130818379243757e+47 1.2682465106737182e+17 3.24206931877435e+48 1.2572359179102695e+25 4.7208512984969046e+52 1.407545902047767e+48 910485.9380414728 7.622263082473196e-223 85
7.581477680858415e+43 2.2332079078200876e+71 7.223745986938287e+63 4.404476160034086e-223 3.489178821465861e+35 1.6130818379243757e+47 0.02609771598484873 3.775102946706703e+19 0.0006793884322477558 403040260570.9105 1.2572359179102695e+25 4.7208512984969046e+52 84
7.581477680858415e+43 2.2332079078200876e+71 7.223745986938287e+63 3.050079849638969e+19 3.489178821465861e+35 1.6130818379243757e+47 3.044782562565246e+25 3.3095462636578735e+25 1.2682465106737182e+17 3.24206931877435e+48 3395081695.4039145 2.0117013617583117e+17 2.0554340000574054e+17 1.0128862102590898e+16 56626.192484352425 5.630038070575641e+16 14123.549174418906 4.7208512984969046e+52 0.75 910485.9380414728 2.390153936672292e+19 84
7.581477680858415e+43 2.2332079078200876e+71 7.223745986938287e+63 3.489178821465861e+35 1.6130818379243757e+47 3.044782562565246e+25 7.726199884332471e-221 2.360783295189689e-221 403040260570.9105 10353697.873706743 1.2572359179102695e+25 6518559.006299458 1.0128862102590898e+16 8.671348507104429e+20 5.630038070575641e+16 5.767516487521308e+22 4.7208512984969046e+52 1.407545902047767e+48 84
7.581477680858415e+43 0.004349619330808122 336169.2224204587 3.050079849638969e+19 3.489178821465861e+35 1.6130818379243757e+47 569860939092.4625 3.3095462636578735e+25 1.2682465106737182e+17 3.24206931877435e+48 3395081695.4039145 1.2572359179102695e+25 6518559.006299458 0.005586186413916195 8.892802366343018 4.7208512984969046e+52 1.407545902047767e+48 84
2.1353806154202535e+24 2.2332079078200876e+71 7.223745986938287e+63 1493836.4389436257 1273155635.776468 1.6130818379243757e+47 569860939092.4625 3.3095462636578735e+25 23417622420354.453 3.24206931877435e+48 3395081695.4039145 1.2572359179102695e+25 17.382835489465258 1.0128862102590898e+16 5.767516487521308e+22 4.7208512984969046e+52 121.90078913902003 84
7.581477680858415e+43 2.2332079078200876e+71 7.223745986938287e+63 0.0001598561017053543 1273155635.776468 1.6130818379243757e+47 70.84643400360966 3.3095462636578735e+25 1.775270520278114 3.24206931877435e+48 10353697.873706743 1.2572359179102695e+25 6300425149031.613 38.059156585048356 7740788.8199806055 5.630038070575641e+16 5.767516487521308e+22 84
7.581477680858415e+43 2.2332079078200876e+71 7.223745986938287e+63 3.050079849638969e+19 3.489178821465861e+35 1.6130818379243757e+47 569860939092.4625 23417622420354.453 403040260570.9105 2.0117013617583117e+17 17.382835489465258 1.0128862102590898e+16 38.059156585048356 7740788.8199806055 5.767516487521308e+22 4.7208512984969046e+52 121.90078913902003 84
