8.219094312253677e+44 4.1360079617585305e+71 58794.8624463013 3.482019395341864e-05 1.894704409156016e+35 1.643818862450735e+46 2037049053056.332 2.1182722661779e+25 1.972370993374356e+16 1.6026671181350463e+48 553393134.7038764 7.677706676827686e+24 3.1966012651239548e+16 1433997566378713.5 2.8888256710021695e+21 4.148780365373647e+16 1.9670836506988194e+23 9.242650036831758e+50 1.336787082544167e+47 754534.0680608671 84
8.219094312253677e+44 4.1360079617585305e+71 1.402210717992621e+64 3.930988530916692e+18 1.894704409156016e+35 1.643818862450735e+46 1.9488104848836668e+25 2.1182722661779e+25 0.00011490664004628152 62680633163.197815 642.8240511871347 7.677706676827686e+24 4753114457131.443 1433997566378713.5 6.976525555950482 6266016.48469461 4.148780365373647e+16 56777.06462678635 9.242650036831758e+50 1.336787082544167e+47 31388.436333877748 84
8.219094312253677e+44 4.1360079617585305e+71 58794.8624463013 3.930988530916692e+18 1.894704409156016e+35 1.643818862450735e+46 2037049053056.332 62680633163.197815 7.677706676827686e+24 4753114457131.443 9001819873.418846 84
8.219094312253677e+44 4.1360079617585305e+71 58794.8624463013 6005264.379093702 1.894704409156016e+35 1.643818862450735e+46 2.7407778969805463 5.220561923393401e+18 1.972370993374356e+16 1.6026671181350463e+48 7.677706676827686e+24 3.1966012651239548e+16 9.596986253339918e+18 238586.0448902637 9.242650036831758e+50 1.336787082544167e+47 84
8.219094312253677e+44 4.1360079617585305e+71 1.402210717992621e+64 3.930988530916692e+18 1.894704409156016e+35 620.4370941068773 1.9488104848836668e+25 5.220561923393401e+18 15344595559636.764 1.6026671181350463e+48 1.553714468343936e+17 4753114457131.443 0.05246503099075619 238586.0448902637 6266016.48469461 9.242650036831758e+50 103.42164263140373 84
8.219094312253677e+44 4.1360079617585305e+71 1.402210717992621e+64 3.930988530916692e+18 207522425.51395357 1.643818862450735e+46 2.1182722661779e+25 1.972370993374356e+16 1.6026671181350463e+48 553393134.7038764 2.480038929503097e-288 5276645.460795459 189.42475836918058 9.242650036831758e+50 1.336787082544167e+47 754534.0680608671 1.1577092408498149e-05 84
6.687094153605486e+22 4.1360079617585305e+71 1.402210717992621e+64 3.930988530916692e+18 207522425.51395357 1.643818862450735e+46 2037049053056.332 2.1182722661779e+25 1.972370993374356e+16 1.6026671181350463e+48 674.1813219767513 3.1966012651239548e+16 1433997566378713.5 2.8888256710021695e+21 4.148780365373647e+16 2.135816208613282e-289 9.242650036831758e+50 1.336787082544167e+47 85
8.219094312253677e+44 4.1360079617585305e+71 58794.8624463013 3.930988530916692e+18 1.643818862450735e+46 1.9488104848836668e+25 5.220561923393401e+18 0.0006041178426360935 62680633163.197815 14725070923.066422 14.071064271151402 9.596986253339918e+18 2.8888256710021695e+21 9.242650036831758e+50 1.336787082544167e+47 84
8.219094312253677e+44 4.1360079617585305e+71 1.402210717992621e+64 30365.496622397197 1.894704409156016e+35 1.643818862450735e+46 1.9488104848836668e+25 15344595559636.764 1.6026671181350463e+48 642.8240511871347 2.480038929503097e-288 14.071064271151402 1433997566378713.5 238586.0448902637 6266016.48469461 9001819873.418846 1.9670836506988194e+23 9.242650036831758e+50 1.336787082544167e+47 754534.0680608671 84
8.219094312253677e+44 4.1360079617585305e+71 1.402210717992621e+64 1.894704409156016e+35 620.4370941068773 2037049053056.332 2.1182722661779e+25 9.005481133536897 1.6026671181350463e+48 14725070923.066422 7.677706676827686e+24 4753114457131.443 6.976525555950482 6266016.48469461 9.242650036831758e+50 1.336787082544167e+47 754534.0680608671 84
6.687094153605486e+22 4.1360079617585305e+71 1.402210717992621e+64 3.930988530916692e+18 1.894704409156016e+35 1.643818862450735e+46 0.023757749882606573 5.220561923393401e+18 9.005481133536897 62680633163.197815 9425367.090257369 1.553714468343936e+17 14.071064271151402 9.596986253339918e+18 2.8888256710021695e+21 9.242650036831758e+50 0.75 26614230679.98216 3.8626383194366457e+20 85
8.219094312253677e+44 4.1360079617585305e+71 58794.8624463013 3.930988530916692e+18 1.643818862450735e+46 1.9488104848836668e+25 5.220561923393401e+18 0.0006041178426360935 62680633163.197815 14725070923.066422 14.071064271151402 9.596986253339918e+18 2.8888256710021695e+21 9.242650036831758e+50 1.336787082544167e+47 84
8.219094312253677e+44 4.1360079617585305e+71 1.402210717992621e+64 3.482019395341864e-05 1.894704409156016e+35 1.643818862450735e+46 0.023757749882606573 5.220561923393401e+18 1.6026671181350463e+48 9425367.090257369 1.553714468343936e+17 4753114457131.443 4.148780365373647e+16 9.242650036831758e+50 103.42164263140373 26614230679.98216 3.8626383194366457e+20 84
6.687094153605486e+22 4.1360079617585305e+71 1.402210717992621e+64 3.930988530916692e+18 632636.5070308939 1.643818862450735e+46 2037049053056.332 2.1182722661779e+25 1.972370993374356e+16 1.6026671181350463e+48 33192.74547412125 674.1813219767513 3.1966012651239548e+16 9001819873.418846 7.724010436945174 9.242650036831758e+50 1.336787082544167e+47 85
8.219094312253677e+44 4.1360079617585305e+71 1.402210717992621e+64 3.930988530916692e+18 1.894704409156016e+35 1.9488104848836668e+25 5.220561923393401e+18 9.005481133536897 62680633163.197815 14725070923.066422 1.553714468343936e+17 4753114457131.443 1433997566378713.5 2.8888256710021695e+21 4.148780365373647e+16 56777.06462678635 9.242650036831758e+50 1.336787082544167e+47 26614230679.98216 3.8626383194366457e+20 84
8.219094312253677e+44 4.1360079617585305e+71 1.402210717992621e+64 30365.496622397197 1.894704409156016e+35 1.643818862450735e+46 2.7407778969805463 5.220561923393401e+18 15344595559636.764 1.6026671181350463e+48 642.8240511871347 7.677706676827686e+24 4753114457131.443 685940.0618735151 1.336787082544167e+47 754534.0680608671 84
6.687094153605486e+22 4.1360079617585305e+71 1.402210717992621e+64 0.00014214537473790435 632636.5070308939 1.643818862450735e+46 2037049053056.332 2.1182722661779e+25 1.972370993374356e+16 553393134.7038764 2.480038929503097e-288 3.1966012651239548e+16 9.596986253339918e+18 2.8888256710021695e+21 189.42475836918058 2.135816208613282e-289 685940.0618735151 1.336787082544167e+47 85
6.687094153605486e+22 4.1360079617585305e+71 1.402210717992621e+64 1.894704409156016e+35 1.643818862450735e+46 1.9488104848836668e+25 2.1182722661779e+25 1.972370993374356e+16 1.6026671181350463e+48 553393134.7038764 7.677706676827686e+24 3.1966012651239548e+16 1433997566378713.5 2.8888256710021695e+21 9001819873.418846 9.242650036831758e+50 1.336787082544167e+47 84
8.219094312253677e+44 4.1360079617585305e+71 1.402210717992621e+64 3.930988530916692e+18 1.894704409156016e+35 1.643818862450735e+46 1.9488104848836668e+25 5.220561923393401e+18 9.005481133536897 1.6026671181350463e+48 14725070923.066422 1.553714468343936e+17 4753114457131.443 1433997566378713.5 2.8888256710021695e+21 189.42475836918058 56777.06462678635 9.242650036831758e+50 1.336787082544167e+47 84
6.687094153605486e+22 4.1360079617585305e+71 1.402210717992621e+64 6005264.379093702 207522425.51395357 1.643818862450735e+46 33192.74547412125 674.1813219767513 9.596986253339918e+18 2.8888256710021695e+21 9001819873.418846 685940.0618735151 0.03198977196633106 85
6.687094153605486e+22 4.1360079617585305e+71 1.402210717992621e+64 1.894704409156016e+35 1.643818862450735e+46 1.9488104848836668e+25 2.1182722661779e+25 1.972370993374356e+16 1.6026671181350463e+48 553393134.7038764 7.677706676827686e+24 3.1966012651239548e+16 1433997566378713.5 2.8888256710021695e+21 9001819873.418846 9.242650036831758e+50 1.336787082544167e+47 84
6.687094153605486e+22 4.1360079617585305e+71 1.402210717992621e+64 30365.496622397197 632636.5070308939 1.643818862450735e+46 0.00011490664004628152 1.6026671181350463e+48 9.242650036831758e+50 1.336787082544167e+47 85
8.219094312253677e+44 4.1360079617585305e+71 1.402210717992621e+64 1.894704409156016e+35 620.4370941068773 0.023757749882606573 1.9632086007199864e-05 9.005481133536897 1.6026671181350463e+48 9425367.090257369 7.677706676827686e+24 3.1966012651239548e+16 1433997566378713.5 2.8888256710021695e+21 6266016.48469461 4.148780365373647e+16 56777.06462678635 9.242650036831758e+50 1.336787082544167e+47 31388.436333877748 84
8.219094312253677e+44 4.1360079617585305e+71 1.402210717992621e+64 6005264.379093702 1.894704409156016e+35 1.643818862450735e+46 9.005481133536897 1.6026671181350463e+48 553393134.7038764 1.553714468343936e+17 5276645.460795459 4.148780365373647e+16 8.89459538701687e-06 9.242650036831758e+50 4.2401316541630606e-78 26614230679.98216 3.8626383194366457e+20 85
6.687094153605486e+22 4.1360079617585305e+71 1.402210717992621e+64 3.930988530916692e+18 207522425.51395357 1.643818862450735e+46 2037049053056.332 1.972370993374356e+16 1.6026671181350463e+48 33192.74547412125 7.677706676827686e+24 3.1966012651239548e+16 1433997566378713.5 6.976525555950482 6266016.48469461 4.148780365373647e+16 2.135816208613282e-289 9.242650036831758e+50 1.336787082544167e+47 85
8.219094312253677e+44 4.1360079617585305e+71 1.402210717992621e+64 3.930988530916692e+18 1.894704409156016e+35 1.643818862450735e+46 1.9488104848836668e+25 2.1182722661779e+25 0.00011490664004628152 62680633163.197815 642.8240511871347 7.677706676827686e+24 4753114457131.443 1433997566378713.5 6.976525555950482 6266016.48469461 4.148780365373647e+16 56777.06462678635 9.242650036831758e+50 1.336787082544167e+47 31388.436333877748 84
6.687094153605486e+22 0.000797317481468801 58794.8624463013 1.894704409156016e+35 1.643818862450735e+46 0.023757749882606573 1.9632086007199864e-05 9.005481133536897 62680633163.197815 14725070923.066422 1.553714468343936e+17 14.071064271151402 84
6.687094153605486e+22 4.1360079617585305e+71 1.402210717992621e+64 30365.496622397197 207522425.51395357 1.643818862450735e+46 0.023757749882606573 2.1182722661779e+25 15344595559636.764 1.6026671181350463e+48 2.480038929503097e-288 3.1966012651239548e+16 9.596986253339918e+18 2.8888256710021695e+21 9001819873.418846 7.724010436945174 9.242650036831758e+50 1.336787082544167e+47 85
6.687094153605486e+22 4.1360079617585305e+71 1.402210717992621e+64 6005264.379093702 1.894704409156016e+35 1.643818862450735e+46 1.9488104848836668e+25 5.220561923393401e+18 0.0006041178426360935 62680633163.197815 9425367.090257369 1.553714468343936e+17 4753114457131.443 9.596986253339918e+18 238586.0448902637 189.42475836918058 1.9670836506988194e+23 9.242650036831758e+50 1.336787082544167e+47 26614230679.98216 3.8626383194366457e+20 85
8.219094312253677e+44 4.1360079617585305e+71 1.402210717992621e+64 3.930988530916692e+18 207522425.51395357 620.4370941068773 1.9488104848836668e+25 2.1182722661779e+25 1.972370993374356e+16 1.6026671181350463e+48 7.677706676827686e+24 5276645.460795459 9.596986253339918e+18 2.8888256710021695e+21 9001819873.418846 2.135816208613282e-289 9.242650036831758e+50 1.336787082544167e+47 26614230679.98216 3.8626383194366457e+20 85
6.687094153605486e+22 4.1360079617585305e+71 1.402210717992621e+64 6005264.379093702 632636.5070308939 2037049053056.332 2.1182722661779e+25 0.33315310710413126 1.6026671181350463e+48 33192.74547412125 7.677706676827686e+24 5276645.460795459 9.596986253339918e+18 2.8888256710021695e+21 8.89459538701687e-06 9.242650036831758e+50 1.336787082544167e+47 754534.0680608671 3.8626383194366457e+20 85
6.687094153605486e+22 4.1360079617585305e+71 1.402210717992621e+64 1.894704409156016e+35 1.643818862450735e+46 15344595559636.764 1.6026671181350463e+48 7.677706676827686e+24 3.1966012651239548e+16 1433997566378713.5 2.8888256710021695e+21 189.42475836918058 8.89459538701687e-06 9.242650036831758e+50 1.336787082544167e+47 84
6.687094153605486e+22 4.1360079617585305e+71 1.402210717992621e+64 632636.5070308939 1.643818862450735e+46 2037049053056.332 2.1182722661779e+25 1.972370993374356e+16 1.6026671181350463e+48 553393134.7038764 7.677706676827686e+24 3.1966012651239548e+16 1433997566378713.5 2.8888256710021695e+21 7.724010436945174 1.336787082544167e+47 85
6.687094153605486e+22 4.1360079617585305e+71 1.402210717992621e+64 30365.496622397197 207522425.51395357 1.643818862450735e+46 2037049053056.332 2.1182722661779e+25 15344595559636.764 1.6026671181350463e+48 33192.74547412125 7.677706676827686e+24 5276645.460795459 9001819873.418846 9.242650036831758e+50 1.336787082544167e+47 85
6.687094153605486e+22 4.1360079617585305e+71 1.402210717992621e+64 1.894704409156016e+35 1.643818862450735e+46 0.023757749882606573 5.220561923393401e+18 15344595559636.764 62680633163.197815 642.8240511871347 1.553714468343936e+17 4753114457131.443 6.976525555950482 8.89459538701687e-06 9.242650036831758e+50 1.336787082544167e+47 84
6.687094153605486e+22 4.1360079617585305e+71 1.402210717992621e+64 85
8.219094312253677e+44 4.1360079617585305e+71 1.402210717992621e+64 3.930988530916692e+18 6.15105737990791e-79 620.4370941068773 84
8.219094312253677e+44 4.1360079617585305e+71 58794.8624463013 30365.496622397197 207522425.51395357 1.643818862450735e+46 1.9488104848836668e+25 5.220561923393401e+18 1.6026671181350463e+48 642.8240511871347 1.553714468343936e+17 3.1966012651239548e+16 1433997566378713.5 2.8888256710021695e+21 9001819873.418846 9.242650036831758e+50 1.336787082544167e+47 26614230679.98216 3.8626383194366457e+20 84
8.219094312253677e+44 0.000797317481468801 58794.8624463013 3.930988530916692e+18 1.894704409156016e+35 1.643818862450735e+46 2037049053056.332 5.220561923393401e+18 0.33315310710413126 1.6026671181350463e+48 9425367.090257369 7.677706676827686e+24 14.071064271151402 9.242650036831758e+50 1.336787082544167e+47 754534.0680608671 84
6.687094153605486e+22 0.000797317481468801 58794.8624463013 3.930988530916692e+18 1.894704409156016e+35 1.643818862450735e+46 2037049053056.332 2.1182722661779e+25 0.33315310710413126 1.6026671181350463e+48 33192.74547412125 7.677706676827686e+24 5276645.460795459 0.05246503099075619 6266016.48469461 9001819873.418846 7.724010436945174 9.242650036831758e+50 1.336787082544167e+47 754534.0680608671 85
8.219094312253677e+44 0.000797317481468801 58794.8624463013 6005264.379093702 1.894704409156016e+35 1.643818862450735e+46 1.9488104848836668e+25 2.1182722661779e+25 0.33315310710413126 1.6026671181350463e+48 9425367.090257369 7.677706676827686e+24 14.071064271151402 9.596986253339918e+18 2.8888256710021695e+21 4.148780365373647e+16 56777.06462678635 9.242650036831758e+50 1.336787082544167e+47 31388.436333877748 84
6.687094153605486e+22 4.1360079617585305e+71 1.402210717992621e+64 0.00014214537473790435 207522425.51395357 2.7407778969805463 2.1182722661779e+25 1.972370993374356e+16 1.6026671181350463e+48 33192.74547412125 674.1813219767513 3.1966012651239548e+16 9.596986253339918e+18 2.8888256710021695e+21 9.242650036831758e+50 103.42164263140373 85
8.219094312253677e+44 4.1360079617585305e+71 1.402210717992621e+64 6.15105737990791e-79 1.643818862450735e+46 2037049053056.332 2.1182722661779e+25 9.005481133536897 1.6026671181350463e+48 14725070923.066422 7.677706676827686e+24 4753114457131.443 1433997566378713.5 6.976525555950482 6266016.48469461 56777.06462678635 9.242650036831758e+50 1.336787082544167e+47 84
6.687094153605486e+22 4.1360079617585305e+71 1.402210717992621e+64 1.894704409156016e+35 1.643818862450735e+46 1.9488104848836668e+25 5.220561923393401e+18 0.33315310710413126 1.6026671181350463e+48 9425367.090257369 7.677706676827686e+24 4753114457131.443 1433997566378713.5 2.8888256710021695e+21 189.42475836918058 9.242650036831758e+50 0.75 84
8.219094312253677e+44 4.1360079617585305e+71 1.402210717992621e+64 3.930988530916692e+18 1.894704409156016e+35 1.643818862450735e+46 0.023757749882606573 5.220561923393401e+18 1.972370993374356e+16 1.6026671181350463e+48 553393134.7038764 7.677706676827686e+24 4753114457131.443 0.05246503099075619 6.976525555950482 4.148780365373647e+16 1.9670836506988194e+23 3.448917777921354e-294 1.336787082544167e+47 31388.436333877748 3.8626383194366457e+20 84
6.687094153605486e+22 4.1360079617585305e+71 1.402210717992621e+64 3.930988530916692e+18 207522425.51395357 1.643818862450735e+46 2037049053056.332 2.1182722661779e+25 1.972370993374356e+16 1.6026671181350463e+48 33192.74547412125 7.677706676827686e+24 3.1966012651239548e+16 1433997566378713.5 2.8888256710021695e+21 189.42475836918058 8.89459538701687e-06 9.242650036831758e+50 1.336787082544167e+47 754534.0680608671 85
8.219094312253677e+44 4.1360079617585305e+71 1.402210717992621e+64 6005264.379093702 1.894704409156016e+35 620.4370941068773 2.1182722661779e+25 1.972370993374356e+16 9425367.090257369 7.677706676827686e+24 4.148780365373647e+16 56777.06462678635 84
6.687094153605486e+22 4.1360079617585305e+71 1.402210717992621e+64 3.930988530916692e+18 632636.5070308939 1.643818862450735e+46 1.9488104848836668e+25 5.220561923393401e+18 0.33315310710413126 62680633163.197815 9425367.090257369 1.553714468343936e+17 3.1966012651239548e+16 1433997566378713.5 4.148780365373647e+16 85
6.687094153605486e+22 4.1360079617585305e+71 1.402210717992621e+64 30365.496622397197 1.894704409156016e+35 1.9488104848836668e+25 5.220561923393401e+18 15344595559636.764 1.6026671181350463e+48 553393134.7038764 7.677706676827686e+24 5276645.460795459 1433997566378713.5 6.976525555950482 56777.06462678635 9.242650036831758e+50 1.336787082544167e+47 31388.436333877748 3.8626383194366457e+20 84
8.219094312253677e+44 4.1360079617585305e+71 1.402210717992621e+64 6005264.379093702 1.9488104848836668e+25 2.1182722661779e+25 15344595559636.764 1.6026671181350463e+48 14725070923.066422 1.553714468343936e+17 5276645.460795459 685940.0618735151 1.336787082544167e+47 26614230679.98216 84
6.687094153605486e+22 4.1360079617585305e+71 1.402210717992621e+64 3.930988530916692e+18 632636.5070308939 1.643818862450735e+46 2037049053056.332 2.1182722661779e+25 1.972370993374356e+16 1.6026671181350463e+48 33192.74547412125 7.677706676827686e+24 3.1966012651239548e+16 189.42475836918058 2.135816208613282e-289 685940.0618735151 1.336787082544167e+47 85
8.219094312253677e+44 4.1360079617585305e+71 1.402210717992621e+64 3.930988530916692e+18 632636.5070308939 1.643818862450735e+46 0.023757749882606573 2.1182722661779e+25 1.972370993374356e+16 1.6026671181350463e+48 553393134.7038764 7.677706676827686e+24 5276645.460795459 1433997566378713.5 238586.0448902637 4.148780365373647e+16 56777.06462678635 9.242650036831758e+50 1.336787082544167e+47 84
8.219094312253677e+44 4.1360079617585305e+71 1.402210717992621e+64 3.930988530916692e+18 632636.5070308939 620.4370941068773 1.9488104848836668e+25 2.1182722661779e+25 1.972370993374356e+16 1.6026671181350463e+48 9425367.090257369 2.480038929503097e-288 3.1966012651239548e+16 9.596986253339918e+18 2.8888256710021695e+21 4.148780365373647e+16 1.9670836506988194e+23 3.448917777921354e-294 1.336787082544167e+47 85
8.219094312253677e+44 4.1360079617585305e+71 58794.8624463013 3.482019395341864e-05 1.894704409156016e+35 1.643818862450735e+46 2037049053056.332 2.1182722661779e+25 1.972370993374356e+16 1.6026671181350463e+48 553393134.7038764 7.677706676827686e+24 3.1966012651239548e+16 1433997566378713.5 2.8888256710021695e+21 4.148780365373647e+16 1.9670836506988194e+23 9.242650036831758e+50 1.336787082544167e+47 754534.0680608671 84
8.219094312253677e+44 4.1360079617585305e+71 1.402210717992621e+64 3.930988530916692e+18 1.894704409156016e+35 1.643818862450735e+46 1.9488104848836668e+25 2.1182722661779e+25 0.00011490664004628152 62680633163.197815 642.8240511871347 7.677706676827686e+24 4753114457131.443 1433997566378713.5 6.976525555950482 6266016.48469461 4.148780365373647e+16 56777.06462678635 9.242650036831758e+50 1.336787082544167e+47 31388.436333877748 84
6.687094153605486e+22 4.1360079617585305e+71 1.402210717992621e+64 3.930988530916692e+18 1.894704409156016e+35 1.643818862450735e+46 2037049053056.332 2.1182722661779e+25 15344595559636.764 1.6026671181350463e+48 9425367.090257369 7.677706676827686e+24 5276645.460795459 9.596986253339918e+18 238586.0448902637 189.42475836918058 9.242650036831758e+50 103.42164263140373 85
8.219094312253677e+44 4.1360079617585305e+71 1.402210717992621e+64 3.482019395341864e-05 1.894704409156016e+35 2037049053056.332 2.1182722661779e+25 15344595559636.764 1.6026671181350463e+48 642.8240511871347 1.553714468343936e+17 4753114457131.443 1433997566378713.5 2.8888256710021695e+21 189.42475836918058 1.9670836506988194e+23 9.242650036831758e+50 1.336787082544167e+47 754534.0680608671 3.8626383194366457e+20 84
6.687094153605486e+22 4.1360079617585305e+71 1.402210717992621e+64 85
6.687094153605486e+22 4.1360079617585305e+71 1.402210717992621e+64 3.930988530916692e+18 632636.5070308939 1.9488104848836668e+25 2.1182722661779e+25 1.972370993374356e+16 1.6026671181350463e+48 33192.74547412125 674.1813219767513 5276645.460795459 1433997566378713.5 2.8888256710021695e+21 189.42475836918058 8.89459538701687e-06 685940.0618735151 1.336787082544167e+47 26614230679.98216 85
6.687094153605486e+22 4.1360079617585305e+71 1.402210717992621e+64 3.930988530916692e+18 632636.5070308939 620.4370941068773 2.7407778969805463 2.1182722661779e+25 15344595559636.764 1.6026671181350463e+48 553393134.7038764 1.553714468343936e+17 4753114457131.443 9.596986253339918e+18 238586.0448902637 6266016.48469461 9001819873.418846 56777.06462678635 685940.0618735151 1.336787082544167e+47 84
6.687094153605486e+22 4.1360079617585305e+71 1.402210717992621e+64 1.894704409156016e+35 0.023757749882606573 5.220561923393401e+18 9.005481133536897 62680633163.197815 14725070923.066422 1.553714468343936e+17 14.071064271151402 9.596986253339918e+18 2.8888256710021695e+21 4.148780365373647e+16 1.9670836506988194e+23 9.242650036831758e+50 1.336787082544167e+47 31388.436333877748 84
8.219094312253677e+44 4.1360079617585305e+71 1.402210717992621e+64 1.894704409156016e+35 1.9488104848836668e+25 1.9632086007199864e-05 9.005481133536897 1.6026671181350463e+48 642.8240511871347 1.553714468343936e+17 14.071064271151402 9.596986253339918e+18 2.8888256710021695e+21 1.9670836506988194e+23 9.242650036831758e+50 103.42164263140373 26614230679.98216 3.8626383194366457e+20 84
8.219094312253677e+44 4.1360079617585305e+71 1.402210717992621e+64 3.482019395341864e-05 1.894704409156016e+35 2037049053056.332 2.1182722661779e+25 15344595559636.764 1.6026671181350463e+48 642.8240511871347 1.553714468343936e+17 4753114457131.443 1433997566378713.5 2.8888256710021695e+21 189.42475836918058 1.9670836506988194e+23 9.242650036831758e+50 1.336787082544167e+47 754534.0680608671 3.8626383194366457e+20 84
8.219094312253677e+44 4.1360079617585305e+71 1.402210717992621e+64 6005264.379093702 1.894704409156016e+35 1.643818862450735e+46 9.005481133536897 1.6026671181350463e+48 553393134.7038764 1.553714468343936e+17 5276645.460795459 4.148780365373647e+16 8.89459538701687e-06 9.242650036831758e+50 4.2401316541630606e-78 26614230679.98216 3.8626383194366457e+20 85
6.687094153605486e+22 4.1360079617585305e+71 1.402210717992621e+64 3.930988530916692e+18 207522425.51395357 1.643818862450735e+46 1.9488104848836668e+25 2.1182722661779e+25 0.33315310710413126 1.6026671181350463e+48 9425367.090257369 7.677706676827686e+24 5276645.460795459 6.976525555950482 6266016.48469461 56777.06462678635 9.242650036831758e+50 1.336787082544167e+47 31388.436333877748 85
8.219094312253677e+44 4.1360079617585305e+71 58794.8624463013 30365.496622397197 632636.5070308939 2037049053056.332 2.1182722661779e+25 1.972370993374356e+16 1.6026671181350463e+48 33192.74547412125 674.1813219767513 3.1966012651239548e+16 9001819873.418846 7.724010436945174 26614230679.98216 3.8626383194366457e+20 84
6.687094153605486e+22 4.1360079617585305e+71 1.402210717992621e+64 0.00014214537473790435 632636.5070308939 1.643818862450735e+46 2037049053056.332 2.1182722661779e+25 1.972370993374356e+16 553393134.7038764 2.480038929503097e-288 3.1966012651239548e+16 9.596986253339918e+18 2.8888256710021695e+21 189.42475836918058 2.135816208613282e-289 685940.0618735151 1.336787082544167e+47 85
8.219094312253677e+44 0.000797317481468801 58794.8624463013 6005264.379093702 1.894704409156016e+35 1.643818862450735e+46 2037049053056.332 5.220561923393401e+18 0.33315310710413126 62680633163.197815 553393134.7038764 7.677706676827686e+24 4753114457131.443 0.05246503099075619 2.8888256710021695e+21 6266016.48469461 9.242650036831758e+50 1.336787082544167e+47 754534.0680608671 85
6.687094153605486e+22 4.1360079617585305e+71 1.402210717992621e+64 3.930988530916692e+18 207522425.51395357 1.643818862450735e+46 2037049053056.332 1.972370993374356e+16 1.6026671181350463e+48 33192.74547412125 7.677706676827686e+24 3.1966012651239548e+16 1433997566378713.5 6.976525555950482 6266016.48469461 4.148780365373647e+16 2.135816208613282e-289 9.242650036831758e+50 1.336787082544167e+47 85
6.687094153605486e+22 4.1360079617585305e+71 1.402210717992621e+64 6005264.379093702 207522425.51395357 1.643818862450735e+46 2037049053056.332 2.1182722661779e+25 15344595559636.764 1.6026671181350463e+48 553393134.7038764 7.677706676827686e+24 14.071064271151402 1433997566378713.5 1.9670836506988194e+23 9.242650036831758e+50 103.42164263140373 84
8.219094312253677e+44 4.1360079617585305e+71 1.402210717992621e+64 3.930988530916692e+18 1.894704409156016e+35 1.643818862450735e+46 0.023757749882606573 5.220561923393401e+18 9.005481133536897 1.6026671181350463e+48 9425367.090257369 1.553714468343936e+17 14.071064271151402 9.596986253339918e+18 2.8888256710021695e+21 4.148780365373647e+16 1.9670836506988194e+23 9.242650036831758e+50 1.336787082544167e+47 754534.0680608671 0.0014747582629057576 84
8.219094312253677e+44 4.1360079617585305e+71 1.402210717992621e+64 30365.496622397197 1.894704409156016e+35 2.7407778969805463 2.1182722661779e+25 1.972370993374356e+16 1.6026671181350463e+48 9425367.090257369 674.1813219767513 3.1966012651239548e+16 9.596986253339918e+18 2.8888256710021695e+21 9001819873.418846 685940.0618735151 103.42164263140373 26614230679.98216 3.8626383194366457e+20 84
8.219094312253677e+44 4.1360079617585305e+71 1.402210717992621e+64 6005264.379093702 1.894704409156016e+35 1.643818862450735e+46 1.9488104848836668e+25 5.220561923393401e+18 15344595559636.764 1.6026671181350463e+48 9425367.090257369 7.677706676827686e+24 4753114457131.443 1433997566378713.5 238586.0448902637 6266016.48469461 189.42475836918058 7.724010436945174 9.242650036831758e+50 1.336787082544167e+47 31388.436333877748 84
6.687094153605486e+22 4.1360079617585305e+71 1.402210717992621e+64 3.930988530916692e+18 207522425.51395357 0.19 1.972370993374356e+16 1.6026671181350463e+48 553393134.7038764 5276645.460795459 9.596986253339918e+18 6.976525555950482 6266016.48469461 9001819873.418846 685940.0618735151 1.336787082544167e+47 85
6.687094153605486e+22 4.1360079617585305e+71 1.402210717992621e+64 3.930988530916692e+18 632636.5070308939 1.643818862450735e+46 2037049053056.332 2.1182722661779e+25 15344595559636.764 1.6026671181350463e+48 33192.74547412125 7.677706676827686e+24 3.1966012651239548e+16 9001819873.418846 685940.0618735151 0.03198977196633106 754534.0680608671 3.8626383194366457e+20 85
8.219094312253677e+44 4.1360079617585305e+71 1.402210717992621e+64 30365.496622397197 1.894704409156016e+35 2.7407778969805463 2.1182722661779e+25 1.972370993374356e+16 1.6026671181350463e+48 9425367.090257369 674.1813219767513 3.1966012651239548e+16 9.596986253339918e+18 2.8888256710021695e+21 9001819873.418846 685940.0618735151 103.42164263140373 26614230679.98216 3.8626383194366457e+20 84
8.219094312253677e+44 4.1360079617585305e+71 1.402210717992621e+64 6005264.379093702 1.894704409156016e+35 1.643818862450735e+46 1.9488104848836668e+25 2.1182722661779e+25 9.005481133536897 62680633163.197815 553393134.7038764 7.677706676827686e+24 5276645.460795459 9.596986253339918e+18 238586.0448902637 6266016.48469461 4.148780365373647e+16 1.9670836506988194e+23 9.242650036831758e+50 1.336787082544167e+47 31388.436333877748 1.1577092408498149e-05 84
6.687094153605486e+22 4.1360079617585305e+71 1.402210717992621e+64 3.930988530916692e+18 632636.5070308939 1.643818862450735e+46 1.9488104848836668e+25 2.1182722661779e+25 1.972370993374356e+16 1.6026671181350463e+48 553393134.7038764 7.677706676827686e+24 3.1966012651239548e+16 85
6.687094153605486e+22 4.1360079617585305e+71 1.402210717992621e+64 3.930988530916692e+18 1.894704409156016e+35 1.643818862450735e+46 2037049053056.332 2.1182722661779e+25 1.6026671181350463e+48 553393134.7038764 7.677706676827686e+24 9.596986253339918e+18 2.8888256710021695e+21 9.242650036831758e+50 1.336787082544167e+47 754534.0680608671 3.8626383194366457e+20 85
8.219094312253677e+44 4.1360079617585305e+71 1.402210717992621e+64 632636.5070308939 2.7407778969805463 2.1182722661779e+25 1.972370993374356e+16 1.6026671181350463e+48 33192.74547412125 7.677706676827686e+24 3.1966012651239548e+16 9.596986253339918e+18 2.8888256710021695e+21 1.9670836506988194e+23 9.242650036831758e+50 1.336787082544167e+47 84
6.687094153605486e+22 4.1360079617585305e+71 1.402210717992621e+64 30365.496622397197 207522425.51395357 1.643818862450735e+46 1.9488104848836668e+25 2.1182722661779e+25 1.972370993374356e+16 1.6026671181350463e+48 9425367.090257369 674.1813219767513 9.596986253339918e+18 2.8888256710021695e+21 189.42475836918058 8.89459538701687e-06 9.242650036831758e+50 1.336787082544167e+47 754534.0680608671 3.8626383194366457e+20 85
8.219094312253677e+44 4.1360079617585305e+71 1.402210717992621e+64 1.894704409156016e+35 1.9488104848836668e+25 5.220561923393401e+18 9.005481133536897 62680633163.197815 1.553714468343936e+17 14.071064271151402 1433997566378713.5 2.8888256710021695e+21 6266016.48469461 9.242650036831758e+50 103.42164263140373 31388.436333877748 3.8626383194366457e+20 84
8.219094312253677e+44 4.1360079617585305e+71 1.402210717992621e+64 1.894704409156016e+35 1.9488104848836668e+25 1.9632086007199864e-05 9.005481133536897 1.6026671181350463e+48 642.8240511871347 1.553714468343936e+17 14.071064271151402 9.596986253339918e+18 2.8888256710021695e+21 1.9670836506988194e+23 9.242650036831758e+50 103.42164263140373 26614230679.98216 3.8626383194366457e+20 84
6.687094153605486e+22 4.1360079617585305e+71 1.402210717992621e+64 30365.496622397197 1.894704409156016e+35 1.643818862450735e+46 1.9488104848836668e+25 2.1182722661779e+25 1.972370993374356e+16 1.6026671181350463e+48 553393134.7038764 7.677706676827686e+24 5276645.460795459 9.596986253339918e+18 6.976525555950482 6266016.48469461 9.242650036831758e+50 1.336787082544167e+47 84
8.219094312253677e+44 4.1360079617585305e+71 1.402210717992621e+64 6005264.379093702 1.894704409156016e+35 0.023757749882606573 5.220561923393401e+18 0.00011490664004628152 62680633163.197815 9425367.090257369 1.553714468343936e+17 4753114457131.443 1433997566378713.5 6.976525555950482 6266016.48469461 9.242650036831758e+50 1.336787082544167e+47 31388.436333877748 3.8626383194366457e+20 85
8.219094312253677e+44 4.1360079617585305e+71 1.402210717992621e+64 3.930988530916692e+18 1.894704409156016e+35 1.643818862450735e+46 1.9488104848836668e+25 5.220561923393401e+18 15344595559636.764 1.6026671181350463e+48 6266016.48469461 9.242650036831758e+50 1.336787082544167e+47 3.8626383194366457e+20 84
6.687094153605486e+22 4.1360079617585305e+71 1.402210717992621e+64 3.930988530916692e+18 632636.5070308939 1.643818862450735e+46 2.7407778969805463 2.1182722661779e+25 15344595559636.764 1.6026671181350463e+48 553393134.7038764 7.677706676827686e+24 3.1966012651239548e+16 9001819873.418846 2.135816208613282e-289 685940.0618735151 1.336787082544167e+47 85
8.219094312253677e+44 4.1360079617585305e+71 1.402210717992621e+64 1.894704409156016e+35 1.9488104848836668e+25 5.220561923393401e+18 15344595559636.764 1.6026671181350463e+48 642.8240511871347 1.553714468343936e+17 14.071064271151402 4.148780365373647e+16 1.9670836506988194e+23 9.242650036831758e+50 103.42164263140373 84
8.219094312253677e+44 4.1360079617585305e+71 1.402210717992621e+64 1.894704409156016e+35 1.643818862450735e+46 1.9488104848836668e+25 5.220561923393401e+18 9.005481133536897 62680633163.197815 14725070923.066422 1.553714468343936e+17 14.071064271151402 0.05246503099075619 6.976525555950482 4.148780365373647e+16 56777.06462678635 9.242650036831758e+50 1.336787082544167e+47 84
6.687094153605486e+22 4.1360079617585305e+71 1.402210717992621e+64 30365.496622397197 207522425.51395357 1.643818862450735e+46 1.9488104848836668e+25 2.1182722661779e+25 9.005481133536897 1.6026671181350463e+48 33192.74547412125 674.1813219767513 4753114457131.443 1433997566378713.5 2.8888256710021695e+21 9001819873.418846 7.724010436945174 9.242650036831758e+50 1.336787082544167e+47 84
8.219094312253677e+44 4.1360079617585305e+71 1.402210717992621e+64 3.930988530916692e+18 1.894704409156016e+35 1.643818862450735e+46 0.023757749882606573 5.220561923393401e+18 9.005481133536897 1.6026671181350463e+48 9425367.090257369 1.553714468343936e+17 14.071064271151402 9.596986253339918e+18 2.8888256710021695e+21 4.148780365373647e+16 1.9670836506988194e+23 9.242650036831758e+50 1.336787082544167e+47 754534.0680608671 0.0014747582629057576 84
8.219094312253677e+44 4.1360079617585305e+71 1.402210717992621e+64 84
6.687094153605486e+22 4.1360079617585305e+71 1.402210717992621e+64 30365.496622397197 207522425.51395357 1.643818862450735e+46 0.023757749882606573 2.1182722661779e+25 15344595559636.764 1.6026671181350463e+48 2.480038929503097e-288 3.1966012651239548e+16 9.596986253339918e+18 2.8888256710021695e+21 9001819873.418846 7.724010436945174 9.242650036831758e+50 1.336787082544167e+47 85
8.219094312253677e+44 4.1360079617585305e+71 1.402210717992621e+64 6005264.379093702 207522425.51395357 0.19 2037049053056.332 2.1182722661779e+25 1.972370993374356e+16 1.6026671181350463e+48 553393134.7038764 674.1813219767513 3.1966012651239548e+16 9.596986253339918e+18 2.8888256710021695e+21 189.42475836918058 1.9670836506988194e+23 9.242650036831758e+50 0.03198977196633106 84
6.687094153605486e+22 4.1360079617585305e+71 1.402210717992621e+64 1.643818862450735e+46 1.9488104848836668e+25 2.1182722661779e+25 1.972370993374356e+16 1.6026671181350463e+48 553393134.7038764 7.677706676827686e+24 5276645.460795459 9.242650036831758e+50 103.42164263140373 85
6.687094153605486e+22 4.1360079617585305e+71 1.402210717992621e+64 30365.496622397197 207522425.51395357 1.643818862450735e+46 0.023757749882606573 2.1182722661779e+25 15344595559636.764 1.6026671181350463e+48 2.480038929503097e-288 3.1966012651239548e+16 9.596986253339918e+18 2.8888256710021695e+21 9001819873.418846 7.724010436945174 9.242650036831758e+50 1.336787082544167e+47 85
6.687094153605486e+22 4.1360079617585305e+71 1.402210717992621e+64 3.930988530916692e+18 632636.5070308939 1.643818862450735e+46 2.1182722661779e+25 1.972370993374356e+16 1.6026671181350463e+48 642.8240511871347 7.677706676827686e+24 5276645.460795459 9.596986253339918e+18 2.8888256710021695e+21 4.148780365373647e+16 9.242650036831758e+50 103.42164263140373 85
6.687094153605486e+22 4.1360079617585305e+71 1.402210717992621e+64 3.930988530916692e+18 632636.5070308939 620.4370941068773 1.9488104848836668e+25 2.1182722661779e+25 1.972370993374356e+16 674.1813219767513 5276645.460795459 9001819873.418846 9.242650036831758e+50 103.42164263140373 85
8.219094312253677e+44 4.1360079617585305e+71 1.402210717992621e+64 3.930988530916692e+18 1.894704409156016e+35 1.643818862450735e+46 1.9488104848836668e+25 5.220561923393401e+18 9.005481133536897 1.6026671181350463e+48 14725070923.066422 1.553714468343936e+17 4753114457131.443 1433997566378713.5 2.8888256710021695e+21 189.42475836918058 56777.06462678635 9.242650036831758e+50 1.336787082544167e+47 84
8.219094312253677e+44 4.1360079617585305e+71 1.402210717992621e+64 3.930988530916692e+18 1.894704409156016e+35 1.643818862450735e+46 0.023757749882606573 5.220561923393401e+18 15344595559636.764 62680633163.197815 553393134.7038764 7.677706676827686e+24 4753114457131.443 1433997566378713.5 2.8888256710021695e+21 189.42475836918058 1.9670836506988194e+23 9.242650036831758e+50 1.336787082544167e+47 26614230679.98216 3.8626383194366457e+20 84
6.687094153605486e+22 4.1360079617585305e+71 1.402210717992621e+64 3.930988530916692e+18 1.894704409156016e+35 1.643818862450735e+46 2037049053056.332 2.1182722661779e+25 0.33315310710413126 1.6026671181350463e+48 9425367.090257369 674.1813219767513 3.1966012651239548e+16 1433997566378713.5 2.8888256710021695e+21 9001819873.418846 9.242650036831758e+50 103.42164263140373 754534.0680608671 3.8626383194366457e+20 85
6.687094153605486e+22 4.1360079617585305e+71 58794.8624463013 6005264.379093702 1.9488104848836668e+25 5.220561923393401e+18 9.005481133536897 62680633163.197815 553393134.7038764 1.553714468343936e+17 4753114457131.443 6.976525555950482 6266016.48469461 4.148780365373647e+16 1.9670836506988194e+23 1.336787082544167e+47 754534.0680608671 84
6.687094153605486e+22 4.1360079617585305e+71 1.402210717992621e+64 6005264.379093702 632636.5070308939 2037049053056.332 2.1182722661779e+25 0.33315310710413126 1.6026671181350463e+48 33192.74547412125 7.677706676827686e+24 5276645.460795459 9.596986253339918e+18 2.8888256710021695e+21 8.89459538701687e-06 9.242650036831758e+50 1.336787082544167e+47 754534.0680608671 3.8626383194366457e+20 85
8.219094312253677e+44 4.1360079617585305e+71 1.402210717992621e+64 30365.496622397197 1.894704409156016e+35 1.643818862450735e+46 2.7407778969805463 5.220561923393401e+18 15344595559636.764 1.6026671181350463e+48 642.8240511871347 7.677706676827686e+24 4753114457131.443 685940.0618735151 1.336787082544167e+47 754534.0680608671 84
8.219094312253677e+44 4.1360079617585305e+71 1.402210717992621e+64 1.9488104848836668e+25 5.220561923393401e+18 15344595559636.764 62680633163.197815 14725070923.066422 7.677706676827686e+24 4753114457131.443 0.05246503099075619 238586.0448902637 4.148780365373647e+16 1.9670836506988194e+23 9.242650036831758e+50 1.336787082544167e+47 84
6.687094153605486e+22 4.1360079617585305e+71 1.402210717992621e+64 3.930988530916692e+18 632636.5070308939 1.9488104848836668e+25 2.1182722661779e+25 1.972370993374356e+16 1.6026671181350463e+48 33192.74547412125 674.1813219767513 5276645.460795459 1433997566378713.5 2.8888256710021695e+21 189.42475836918058 8.89459538701687e-06 685940.0618735151 1.336787082544167e+47 26614230679.98216 85
8.219094312253677e+44 4.1360079617585305e+71 1.402210717992621e+64 6005264.379093702 1.894704409156016e+35 1.643818862450735e+46 2037049053056.332 2.1182722661779e+25 0.00011490664004628152 62680633163.197815 14725070923.066422 1.553714468343936e+17 14.071064271151402 0.05246503099075619 2.8888256710021695e+21 4.148780365373647e+16 56777.06462678635 9.242650036831758e+50 1.336787082544167e+47 26614230679.98216 84
8.219094312253677e+44 4.1360079617585305e+71 1.402210717992621e+64 1.894704409156016e+35 1.643818862450735e+46 1.9488104848836668e+25 1.9632086007199864e-05 0.00011490664004628152 62680633163.197815 9425367.090257369 7.677706676827686e+24 5276645.460795459 1433997566378713.5 2.8888256710021695e+21 4.148780365373647e+16 1.9670836506988194e+23 9.242650036831758e+50 1.336787082544167e+47 84
6.687094153605486e+22 4.1360079617585305e+71 1.402210717992621e+64 30365.496622397197 207522425.51395357 1.643818862450735e+46 2037049053056.332 2.1182722661779e+25 15344595559636.764 1.6026671181350463e+48 33192.74547412125 7.677706676827686e+24 5276645.460795459 9001819873.418846 9.242650036831758e+50 1.336787082544167e+47 85
8.219094312253677e+44 4.1360079617585305e+71 1.402210717992621e+64 3.930988530916692e+18 207522425.51395357 620.4370941068773 1.9488104848836668e+25 2.1182722661779e+25 1.972370993374356e+16 1.6026671181350463e+48 7.677706676827686e+24 5276645.460795459 9.596986253339918e+18 2.8888256710021695e+21 9001819873.418846 2.135816208613282e-289 9.242650036831758e+50 1.336787082544167e+47 26614230679.98216 3.8626383194366457e+20 85
8.219094312253677e+44 4.1360079617585305e+71 1.402210717992621e+64 3.930988530916692e+18 632636.5070308939 1.643818862450735e+46 2037049053056.332 0.26 0.33315310710413126 1.6026671181350463e+48 9425367.090257369 2.480038929503097e-288 84
6.687094153605486e+22 4.1360079617585305e+71 1.402210717992621e+64 207522425.51395357 1.643818862450735e+46 2037049053056.332 15344595559636.764 1.6026671181350463e+48 1433997566378713.5 6.976525555950482 6266016.48469461 9.242650036831758e+50 1.336787082544167e+47 85
8.219094312253677e+44 4.1360079617585305e+71 58794.8624463013 3.930988530916692e+18 1.894704409156016e+35 1.643818862450735e+46 62680633163.197815 9.242650036831758e+50 1.336787082544167e+47 84
8.219094312253677e+44 4.1360079617585305e+71 1.402210717992621e+64 3.930988530916692e+18 207522425.51395357 620.4370941068773 1.9488104848836668e+25 2.1182722661779e+25 1.972370993374356e+16 1.6026671181350463e+48 7.677706676827686e+24 5276645.460795459 9.596986253339918e+18 2.8888256710021695e+21 9001819873.418846 2.135816208613282e-289 9.242650036831758e+50 1.336787082544167e+47 26614230679.98216 3.8626383194366457e+20 85
8.219094312253677e+44 4.1360079617585305e+71 1.402210717992621e+64 6005264.379093702 1.894704409156016e+35 1.643818862450735e+46 1.9488104848836668e+25 5.220561923393401e+18 1.972370993374356e+16 1.6026671181350463e+48 9425367.090257369 7.677706676827686e+24 3.1966012651239548e+16 1433997566378713.5 2.8888256710021695e+21 9.242650036831758e+50 1.336787082544167e+47 31388.436333877748 84
6.687094153605486e+22 4.1360079617585305e+71 1.402210717992621e+64 3.482019395341864e-05 632636.5070308939 1.643818862450735e+46 2037049053056.332 2.1182722661779e+25 1.972370993374356e+16 1.6026671181350463e+48 9425367.090257369 674.1813219767513 3.1966012651239548e+16 189.42475836918058 8.89459538701687e-06 9.242650036831758e+50 103.42164263140373 85
6.687094153605486e+22 4.1360079617585305e+71 1.402210717992621e+64 6005264.379093702 632636.5070308939 1.643818862450735e+46 2.7407778969805463 2.1182722661779e+25 0.33315310710413126 1.6026671181350463e+48 33192.74547412125 674.1813219767513 9001819873.418846 7.724010436945174 9.242650036831758e+50 0.03198977196633106 85
8.219094312253677e+44 4.1360079617585305e+71 1.402210717992621e+64 3.930988530916692e+18 632636.5070308939 1.643818862450735e+46 2037049053056.332 2.1182722661779e+25 1.972370993374356e+16 1.6026671181350463e+48 553393134.7038764 674.1813219767513 3.1966012651239548e+16 0.0010483221386920446 7.724010436945174 9.242650036831758e+50 1.336787082544167e+47 754534.0680608671 85
6.687094153605486e+22 4.1360079617585305e+71 1.402210717992621e+64 6005264.379093702 1.894704409156016e+35 620.4370941068773 1.9488104848836668e+25 62680633163.197815 553393134.7038764 7.677706676827686e+24 5276645.460795459 1433997566378713.5 2.8888256710021695e+21 189.42475836918058 9.242650036831758e+50 1.336787082544167e+47 754534.0680608671 85
8.219094312253677e+44 4.1360079617585305e+71 1.402210717992621e+64 6005264.379093702 1.9488104848836668e+25 2.1182722661779e+25 15344595559636.764 1.6026671181350463e+48 14725070923.066422 1.553714468343936e+17 5276645.460795459 685940.0618735151 1.336787082544167e+47 26614230679.98216 84
8.219094312253677e+44 0.000797317481468801 1.402210717992621e+64 3.930988530916692e+18 1.894704409156016e+35 1.643818862450735e+46 5.220561923393401e+18 1.6026671181350463e+48 9425367.090257369 1.553714468343936e+17 9.242650036831758e+50 103.42164263140373 84
8.219094312253677e+44 4.1360079617585305e+71 1.402210717992621e+64 6005264.379093702 632636.5070308939 1.643818862450735e+46 2.7407778969805463 2.1182722661779e+25 9.005481133536897 9425367.090257369 7.677706676827686e+24 3.1966012651239548e+16 9001819873.418846 9.242650036831758e+50 1.336787082544167e+47 84
6.687094153605486e+22 4.1360079617585305e+71 1.402210717992621e+64 1.643818862450735e+46 1.9488104848836668e+25 2.1182722661779e+25 1.972370993374356e+16 1.6026671181350463e+48 553393134.7038764 7.677706676827686e+24 5276645.460795459 9.242650036831758e+50 103.42164263140373 85
8.219094312253677e+44 4.1360079617585305e+71 1.402210717992621e+64 3.930988530916692e+18 207522425.51395357 1.643818862450735e+46 2037049053056.332 2.1182722661779e+25 0.00011490664004628152 1.6026671181350463e+48 642.8240511871347 7.677706676827686e+24 3.1966012651239548e+16 1433997566378713.5 6.976525555950482 6266016.48469461 9001819873.418846 9.242650036831758e+50 1.336787082544167e+47 26614230679.98216 3.8626383194366457e+20 84
8.219094312253677e+44 4.1360079617585305e+71 1.402210717992621e+64 1.894704409156016e+35 1.9488104848836668e+25 5.220561923393401e+18 9.005481133536897 62680633163.197815 1.553714468343936e+17 14.071064271151402 1433997566378713.5 2.8888256710021695e+21 6266016.48469461 9.242650036831758e+50 103.42164263140373 31388.436333877748 3.8626383194366457e+20 84
6.687094153605486e+22 4.1360079617585305e+71 1.402210717992621e+64 1.9488104848836668e+25 5.220561923393401e+18 1.972370993374356e+16 1.6026671181350463e+48 14725070923.066422 7.677706676827686e+24 4753114457131.443 9.596986253339918e+18 2.8888256710021695e+21 4.148780365373647e+16 1.9670836506988194e+23 9.242650036831758e+50 1.336787082544167e+47 84
6.687094153605486e+22 4.1360079617585305e+71 1.402210717992621e+64 3.930988530916692e+18 1.894704409156016e+35 1.643818862450735e+46 2.7407778969805463 0.26 0.33315310710413126 1.6026671181350463e+48 33192.74547412125 674.1813219767513 3.1966012651239548e+16 0.05246503099075619 2.8888256710021695e+21 9001819873.418846 7.724010436945174 9.242650036831758e+50 103.42164263140373 85
8.219094312253677e+44 4.1360079617585305e+71 58794.8624463013 30365.496622397197 632636.5070308939 620.4370941068773 1.9488104848836668e+25 2.1182722661779e+25 1.972370993374356e+16 62680633163.197815 33192.74547412125 674.1813219767513 3.1966012651239548e+16 4.148780365373647e+16 8.89459538701687e-06 9.242650036831758e+50 1.336787082544167e+47 31388.436333877748 0.0014747582629057576 84
8.219094312253677e+44 4.1360079617585305e+71 1.402210717992621e+64 1.894704409156016e+35 1.9488104848836668e+25 5.220561923393401e+18 9.005481133536897 62680633163.197815 1.553714468343936e+17 14.071064271151402 1433997566378713.5 2.8888256710021695e+21 6266016.48469461 9.242650036831758e+50 103.42164263140373 31388.436333877748 3.8626383194366457e+20 84
6.687094153605486e+22 4.1360079617585305e+71 1.402210717992621e+64 3.930988530916692e+18 1.894704409156016e+35 1.643818862450735e+46 5.220561923393401e+18 0.00011490664004628152 62680633163.197815 3.1966012651239548e+16 9.596986253339918e+18 238586.0448902637 1.9670836506988194e+23 9.242650036831758e+50 1.336787082544167e+47 26614230679.98216 3.8626383194366457e+20 85
8.219094312253677e+44 4.1360079617585305e+71 1.402210717992621e+64 30365.496622397197 632636.5070308939 1.643818862450735e+46 4.148780365373647e+16 7.724010436945174 685940.0618735151 0.03198977196633106 754534.0680608671 3.8626383194366457e+20 85
6.687094153605486e+22 4.1360079617585305e+71 1.402210717992621e+64 3.930988530916692e+18 632636.5070308939 1.643818862450735e+46 2037049053056.332 2.1182722661779e+25 1.972370993374356e+16 1.6026671181350463e+48 33192.74547412125 7.677706676827686e+24 3.1966012651239548e+16 189.42475836918058 2.135816208613282e-289 685940.0618735151 1.336787082544167e+47 85
8.219094312253677e+44 4.1360079617585305e+71 1.402210717992621e+64 3.930988530916692e+18 1.894704409156016e+35 2037049053056.332 15344595559636.764 1.6026671181350463e+48 9425367.090257369 674.1813219767513 3.1966012651239548e+16 9.596986253339918e+18 2.8888256710021695e+21 4.148780365373647e+16 56777.06462678635 9.242650036831758e+50 1.336787082544167e+47 26614230679.98216 3.8626383194366457e+20 84
8.219094312253677e+44 4.1360079617585305e+71 1.402210717992621e+64 30365.496622397197 1.894704409156016e+35 1.643818862450735e+46 1.9488104848836668e+25 2.1182722661779e+25 9.005481133536897 62680633163.197815 642.8240511871347 1.553714468343936e+17 4753114457131.443 9.596986253339918e+18 2.8888256710021695e+21 685940.0618735151 0.03198977196633106 31388.436333877748 3.8626383194366457e+20 85
8.219094312253677e+44 4.1360079617585305e+71 1.402210717992621e+64 6005264.379093702 1.894704409156016e+35 1.643818862450735e+46 1.9488104848836668e+25 5.220561923393401e+18 15344595559636.764 62680633163.197815 9425367.090257369 7.677706676827686e+24 4753114457131.443 1433997566378713.5 238586.0448902637 6266016.48469461 189.42475836918058 7.724010436945174 9.242650036831758e+50 1.336787082544167e+47 31388.436333877748 84
6.687094153605486e+22 4.1360079617585305e+71 1.402210717992621e+64 3.930988530916692e+18 207522425.51395357 0.19 1.972370993374356e+16 1.6026671181350463e+48 553393134.7038764 5276645.460795459 9.596986253339918e+18 6.976525555950482 6266016.48469461 9001819873.418846 685940.0618735151 1.336787082544167e+47 85
6.687094153605486e+22 4.1360079617585305e+71 1.402210717992621e+64 3.930988530916692e+18 207522425.51395357 620.4370941068773 2037049053056.332 2.1182722661779e+25 1.972370993374356e+16 1.6026671181350463e+48 33192.74547412125 7.677706676827686e+24 9.596986253339918e+18 2.8888256710021695e+21 189.42475836918058 8.89459538701687e-06 9.242650036831758e+50 1.336787082544167e+47 26614230679.98216 3.8626383194366457e+20 85
8.219094312253677e+44 4.1360079617585305e+71 1.402210717992621e+64 1.894704409156016e+35 0.19 9.005481133536897 1.6026671181350463e+48 642.8240511871347 2.8888256710021695e+21 6266016.48469461 26614230679.98216 3.8626383194366457e+20 84
6.687094153605486e+22 4.1360079617585305e+71 1.402210717992621e+64 3.930988530916692e+18 1.894704409156016e+35 1.643818862450735e+46 2037049053056.332 2.1182722661779e+25 15344595559636.764 1.6026671181350463e+48 553393134.7038764 5276645.460795459 1433997566378713.5 2.8888256710021695e+21 189.42475836918058 1.9670836506988194e+23 9.242650036831758e+50 1.336787082544167e+47 26614230679.98216 3.8626383194366457e+20 85
6.687094153605486e+22 4.1360079617585305e+71 1.402210717992621e+64 3.930988530916692e+18 632636.5070308939 1.643818862450735e+46 1.9488104848836668e+25 5.220561923393401e+18 0.33315310710413126 62680633163.197815 9425367.090257369 1.553714468343936e+17 3.1966012651239548e+16 1433997566378713.5 4.148780365373647e+16 85
6.687094153605486e+22 4.1360079617585305e+71 1.402210717992621e+64 30365.496622397197 1.894704409156016e+35 1.9488104848836668e+25 5.220561923393401e+18 15344595559636.764 1.6026671181350463e+48 553393134.7038764 7.677706676827686e+24 5276645.460795459 1433997566378713.5 6.976525555950482 56777.06462678635 9.242650036831758e+50 1.336787082544167e+47 31388.436333877748 3.8626383194366457e+20 84
6.687094153605486e+22 4.1360079617585305e+71 1.402210717992621e+64 6005264.379093702 1.894704409156016e+35 1.643818862450735e+46 1.9488104848836668e+25 5.220561923393401e+18 0.0006041178426360935 62680633163.197815 9425367.090257369 1.553714468343936e+17 4753114457131.443 9.596986253339918e+18 238586.0448902637 189.42475836918058 1.9670836506988194e+23 9.242650036831758e+50 1.336787082544167e+47 26614230679.98216 3.8626383194366457e+20 85
8.219094312253677e+44 4.1360079617585305e+71 1.402210717992621e+64 1.894704409156016e+35 1.643818862450735e+46 1.9488104848836668e+25 5.220561923393401e+18 9.005481133536897 62680633163.197815 14725070923.066422 1.553714468343936e+17 14.071064271151402 0.05246503099075619 6.976525555950482 4.148780365373647e+16 56777.06462678635 9.242650036831758e+50 1.336787082544167e+47 84
6.687094153605486e+22 4.1360079617585305e+71 1.402210717992621e+64 3.930988530916692e+18 632636.5070308939 1.643818862450735e+46 1.9488104848836668e+25 2.1182722661779e+25 1.972370993374356e+16 1.6026671181350463e+48 553393134.7038764 7.677706676827686e+24 3.1966012651239548e+16 85
8.219094312253677e+44 4.1360079617585305e+71 1.402210717992621e+64 6005264.379093702 1.9488104848836668e+25 2.1182722661779e+25 15344595559636.764 1.6026671181350463e+48 14725070923.066422 1.553714468343936e+17 5276645.460795459 685940.0618735151 1.336787082544167e+47 26614230679.98216 84
8.219094312253677e+44 4.1360079617585305e+71 1.402210717992621e+64 3.930988530916692e+18 1.894704409156016e+35 1.643818862450735e+46 2.7407778969805463 5.220561923393401e+18 1.972370993374356e+16 1.6026671181350463e+48 9425367.090257369 1.553714468343936e+17 4753114457131.443 0.05246503099075619 238586.0448902637 6266016.48469461 4.148780365373647e+16 1.9670836506988194e+23 9.242650036831758e+50 1.336787082544167e+47 84
6.687094153605486e+22 4.1360079617585305e+71 1.402210717992621e+64 6005264.379093702 1.894704409156016e+35 1.643818862450735e+46 0.023757749882606573 5.220561923393401e+18 0.0006041178426360935 7.677706676827686e+24 4753114457131.443 9.242650036831758e+50 1.336787082544167e+47 85
8.219094312253677e+44 4.1360079617585305e+71 1.402210717992621e+64 6005264.379093702 1.894704409156016e+35 2037049053056.332 2.1182722661779e+25 0.00011490664004628152 62680633163.197815 553393134.7038764 7.677706676827686e+24 5276645.460795459 1433997566378713.5 238586.0448902637 4.148780365373647e+16 56777.06462678635 9.242650036831758e+50 1.336787082544167e+47 84
6.687094153605486e+22 4.1360079617585305e+71 1.402210717992621e+64 3.482019395341864e-05 1.894704409156016e+35 1.643818862450735e+46 1.9488104848836668e+25 5.220561923393401e+18 62680633163.197815 14725070923.066422 1.553714468343936e+17 14.071064271151402 189.42475836918058 1.9670836506988194e+23 9.242650036831758e+50 1.336787082544167e+47 85
6.687094153605486e+22 4.1360079617585305e+71 1.402210717992621e+64 6005264.379093702 1.894704409156016e+35 1.643818862450735e+46 1.9488104848836668e+25 5.220561923393401e+18 0.00011490664004628152 553393134.7038764 7.677706676827686e+24 4753114457131.443 238586.0448902637 9.242650036831758e+50 1.336787082544167e+47 31388.436333877748 0.0014747582629057576 84
8.219094312253677e+44 4.1360079617585305e+71 1.402210717992621e+64 6005264.379093702 632636.5070308939 1.643818862450735e+46 2.7407778969805463 2.1182722661779e+25 9.005481133536897 9425367.090257369 7.677706676827686e+24 3.1966012651239548e+16 9001819873.418846 9.242650036831758e+50 1.336787082544167e+47 84
8.219094312253677e+44 4.1360079617585305e+71 1.402210717992621e+64 3.930988530916692e+18 207522425.51395357 1.643818862450735e+46 2037049053056.332 2.1182722661779e+25 0.00011490664004628152 1.6026671181350463e+48 642.8240511871347 7.677706676827686e+24 3.1966012651239548e+16 1433997566378713.5 6.976525555950482 6266016.48469461 9001819873.418846 9.242650036831758e+50 1.336787082544167e+47 26614230679.98216 3.8626383194366457e+20 84
8.219094312253677e+44 4.1360079617585305e+71 1.402210717992621e+64 3.930988530916692e+18 632636.5070308939 620.4370941068773 2037049053056.332 2.1182722661779e+25 1.972370993374356e+16 1.6026671181350463e+48 553393134.7038764 7.677706676827686e+24 4753114457131.443 1433997566378713.5 2.8888256710021695e+21 4.148780365373647e+16 1.9670836506988194e+23 9.242650036831758e+50 103.42164263140373 84
8.219094312253677e+44 4.1360079617585305e+71 1.402210717992621e+64 3.482019395341864e-05 1.894704409156016e+35 2037049053056.332 2.1182722661779e+25 15344595559636.764 1.6026671181350463e+48 642.8240511871347 1.553714468343936e+17 4753114457131.443 1433997566378713.5 2.8888256710021695e+21 189.42475836918058 1.9670836506988194e+23 9.242650036831758e+50 1.336787082544167e+47 754534.0680608671 3.8626383194366457e+20 84
6.687094153605486e+22 4.1360079617585305e+71 1.402210717992621e+64 6005264.379093702 632636.5070308939 1.643818862450735e+46 2.7407778969805463 2.1182722661779e+25 0.33315310710413126 1.6026671181350463e+48 33192.74547412125 674.1813219767513 9001819873.418846 7.724010436945174 9.242650036831758e+50 0.03198977196633106 85
8.219094312253677e+44 4.1360079617585305e+71 1.402210717992621e+64 6005264.379093702 1.643818862450735e+46 1.9488104848836668e+25 2.1182722661779e+25 15344595559636.764 1.6026671181350463e+48 642.8240511871347 1.553714468343936e+17 5276645.460795459 1433997566378713.5 685940.0618735151 1.336787082544167e+47 754534.0680608671 3.8626383194366457e+20 84
8.219094312253677e+44 4.1360079617585305e+71 1.402210717992621e+64 0.023757749882606573 5.220561923393401e+18 62680633163.197815 9425367.090257369 1.553714468343936e+17 3.1966012651239548e+16 9.242650036831758e+50 103.42164263140373 31388.436333877748 3.8626383194366457e+20 84
8.219094312253677e+44 0.000797317481468801 1.402210717992621e+64 3.930988530916692e+18 1.894704409156016e+35 1.643818862450735e+46 5.220561923393401e+18 1.6026671181350463e+48 9425367.090257369 1.553714468343936e+17 9.242650036831758e+50 103.42164263140373 84
6.687094153605486e+22 4.1360079617585305e+71 1.402210717992621e+64 6005264.379093702 1.894704409156016e+35 1.643818862450735e+46 2037049053056.332 2.1182722661779e+25 0.00011490664004628152 1.6026671181350463e+48 553393134.7038764 7.677706676827686e+24 5276645.460795459 1433997566378713.5 2.8888256710021695e+21 189.42475836918058 2.135816208613282e-289 9.242650036831758e+50 1.336787082544167e+47 26614230679.98216 3.8626383194366457e+20 85
6.687094153605486e+22 4.1360079617585305e+71 1.402210717992621e+64 3.930988530916692e+18 632636.5070308939 1.643818862450735e+46 2037049053056.332 2.1182722661779e+25 1.972370993374356e+16 1.6026671181350463e+48 553393134.7038764 674.1813219767513 5276645.460795459 9001819873.418846 685940.0618735151 1.336787082544167e+47 85
6.687094153605486e+22 4.1360079617585305e+71 1.402210717992621e+64 30365.496622397197 1.894704409156016e+35 1.643818862450735e+46 1.9488104848836668e+25 1.6026671181350463e+48 553393134.7038764 4753114457131.443 1433997566378713.5 238586.0448902637 6266016.48469461 4.148780365373647e+16 56777.06462678635 9.242650036831758e+50 1.336787082544167e+47 84
8.219094312253677e+44 4.1360079617585305e+71 1.402210717992621e+64 3.930988530916692e+18 6.15105737990791e-79 620.4370941068773 84
8.219094312253677e+44 4.1360079617585305e+71 1.402210717992621e+64 3.930988530916692e+18 1.894704409156016e+35 1.643818862450735e+46 1.9488104848836668e+25 2.1182722661779e+25 1.972370993374356e+16 1.6026671181350463e+48 553393134.7038764 1.553714468343936e+17 3.1966012651239548e+16 1433997566378713.5 238586.0448902637 4.148780365373647e+16 56777.06462678635 9.242650036831758e+50 0.75 754534.0680608671 3.8626383194366457e+20 84
8.219094312253677e+44 4.1360079617585305e+71 1.402210717992621e+64 207522425.51395357 1.643818862450735e+46 1.9488104848836668e+25 5.220561923393401e+18 9.005481133536897 1.6026671181350463e+48 553393134.7038764 1.553714468343936e+17 4753114457131.443 1433997566378713.5 2.8888256710021695e+21 4.148780365373647e+16 56777.06462678635 9.242650036831758e+50 1.336787082544167e+47 84
8.219094312253677e+44 4.1360079617585305e+71 1.402210717992621e+64 6005264.379093702 1.894704409156016e+35 1.643818862450735e+46 9.005481133536897 1.6026671181350463e+48 553393134.7038764 1.553714468343936e+17 5276645.460795459 4.148780365373647e+16 8.89459538701687e-06 9.242650036831758e+50 4.2401316541630606e-78 26614230679.98216 3.8626383194366457e+20 85
6.687094153605486e+22 4.1360079617585305e+71 1.402210717992621e+64 30365.496622397197 207522425.51395357 1.643818862450735e+46 0.023757749882606573 2.1182722661779e+25 15344595559636.764 1.6026671181350463e+48 2.480038929503097e-288 3.1966012651239548e+16 9.596986253339918e+18 2.8888256710021695e+21 9001819873.418846 7.724010436945174 9.242650036831758e+50 1.336787082544167e+47 85
8.219094312253677e+44 4.1360079617585305e+71 1.402210717992621e+64 9.242650036831758e+50 1.336787082544167e+47 84
6.687094153605486e+22 0.000797317481468801 58794.8624463013 3.930988530916692e+18 1.894704409156016e+35 1.643818862450735e+46 2037049053056.332 2.1182722661779e+25 0.33315310710413126 1.6026671181350463e+48 33192.74547412125 7.677706676827686e+24 5276645.460795459 0.05246503099075619 6266016.48469461 9001819873.418846 7.724010436945174 9.242650036831758e+50 1.336787082544167e+47 754534.0680608671 85
8.219094312253677e+44 4.1360079617585305e+71 1.402210717992621e+64 30365.496622397197 1.894704409156016e+35 1.643818862450735e+46 1.9488104848836668e+25 2.1182722661779e+25 9.005481133536897 62680633163.197815 642.8240511871347 1.553714468343936e+17 4753114457131.443 9.596986253339918e+18 2.8888256710021695e+21 685940.0618735151 0.03198977196633106 31388.436333877748 3.8626383194366457e+20 85
6.687094153605486e+22 4.1360079617585305e+71 1.402210717992621e+64 3.930988530916692e+18 1.894704409156016e+35 1.643818862450735e+46 2037049053056.332 2.1182722661779e+25 15344595559636.764 1.6026671181350463e+48 553393134.7038764 5276645.460795459 1433997566378713.5 2.8888256710021695e+21 189.42475836918058 1.9670836506988194e+23 9.242650036831758e+50 1.336787082544167e+47 26614230679.98216 3.8626383194366457e+20 85
6.687094153605486e+22 4.1360079617585305e+71 1.402210717992621e+64 30365.496622397197 632636.5070308939 1.643818862450735e+46 2037049053056.332 2.1182722661779e+25 15344595559636.764 1.6026671181350463e+48 674.1813219767513 3.1966012651239548e+16 9001819873.418846 685940.0618735151 1.336787082544167e+47 85
8.219094312253677e+44 4.1360079617585305e+71 1.402210717992621e+64 30365.496622397197 1.894704409156016e+35 1.643818862450735e+46 1.9488104848836668e+25 5.220561923393401e+18 1.972370993374356e+16 1.6026671181350463e+48 553393134.7038764 7.677706676827686e+24 5276645.460795459 1433997566378713.5 238586.0448902637 6266016.48469461 189.42475836918058 56777.06462678635 685940.0618735151 1.336787082544167e+47 84
8.219094312253677e+44 4.1360079617585305e+71 58794.8624463013 3.930988530916692e+18 1.894704409156016e+35 1.643818862450735e+46 62680633163.197815 9.242650036831758e+50 1.336787082544167e+47 84
8.219094312253677e+44 4.1360079617585305e+71 1.402210717992621e+64 6005264.379093702 1.894704409156016e+35 1.643818862450735e+46 2.7407778969805463 5.220561923393401e+18 1.972370993374356e+16 1.6026671181350463e+48 7.677706676827686e+24 3.1966012651239548e+16 9.596986253339918e+18 238586.0448902637 6266016.48469461 9001819873.418846 1.9670836506988194e+23 9.242650036831758e+50 1.336787082544167e+47 84
8.219094312253677e+44 4.1360079617585305e+71 1.402210717992621e+64 1.894704409156016e+35 620.4370941068773 2037049053056.332 2.1182722661779e+25 9.005481133536897 1.6026671181350463e+48 14725070923.066422 7.677706676827686e+24 4753114457131.443 6.976525555950482 6266016.48469461 9.242650036831758e+50 1.336787082544167e+47 754534.0680608671 84
6.687094153605486e+22 4.1360079617585305e+71 1.402210717992621e+64 30365.496622397197 207522425.51395357 1.643818862450735e+46 0.023757749882606573 2.1182722661779e+25 15344595559636.764 1.6026671181350463e+48 2.480038929503097e-288 3.1966012651239548e+16 9.596986253339918e+18 2.8888256710021695e+21 9001819873.418846 7.724010436945174 9.242650036831758e+50 1.336787082544167e+47 85
6.687094153605486e+22 4.1360079617585305e+71 1.402210717992621e+64 3.930988530916692e+18 207522425.51395357 1.643818862450735e+46 2037049053056.332 1.972370993374356e+16 1.6026671181350463e+48 33192.74547412125 7.677706676827686e+24 3.1966012651239548e+16 1433997566378713.5 6.976525555950482 6266016.48469461 4.148780365373647e+16 2.135816208613282e-289 9.242650036831758e+50 1.336787082544167e+47 85
8.219094312253677e+44 4.1360079617585305e+71 1.402210717992621e+64 3.930988530916692e+18 1.894704409156016e+35 1.643818862450735e+46 1.9488104848836668e+25 5.220561923393401e+18 15344595559636.764 1.6026671181350463e+48 6266016.48469461 9.242650036831758e+50 1.336787082544167e+47 3.8626383194366457e+20 84
8.219094312253677e+44 4.1360079617585305e+71 1.402210717992621e+64 30365.496622397197 1.894704409156016e+35 1.643818862450735e+46 1.9488104848836668e+25 15344595559636.764 1.6026671181350463e+48 642.8240511871347 2.480038929503097e-288 14.071064271151402 1433997566378713.5 238586.0448902637 6266016.48469461 9001819873.418846 1.9670836506988194e+23 9.242650036831758e+50 1.336787082544167e+47 754534.0680608671 84
8.219094312253677e+44 4.1360079617585305e+71 1.402210717992621e+64 1.894704409156016e+35 1.643818862450735e+46 1.9488104848836668e+25 1.9632086007199864e-05 0.00011490664004628152 62680633163.197815 9425367.090257369 7.677706676827686e+24 5276645.460795459 1433997566378713.5 2.8888256710021695e+21 4.148780365373647e+16 1.9670836506988194e+23 9.242650036831758e+50 1.336787082544167e+47 84
8.219094312253677e+44 4.1360079617585305e+71 1.402210717992621e+64 3.930988530916692e+18 1.894704409156016e+35 1.643818862450735e+46 1.9488104848836668e+25 5.220561923393401e+18 9.005481133536897 1.6026671181350463e+48 14725070923.066422 1.553714468343936e+17 4753114457131.443 1433997566378713.5 2.8888256710021695e+21 189.42475836918058 56777.06462678635 9.242650036831758e+50 1.336787082544167e+47 84
6.687094153605486e+22 4.1360079617585305e+71 1.402210717992621e+64 3.930988530916692e+18 632636.5070308939 1.643818862450735e+46 2037049053056.332 2.1182722661779e+25 1.972370993374356e+16 1.6026671181350463e+48 33192.74547412125 7.677706676827686e+24 3.1966012651239548e+16 189.42475836918058 2.135816208613282e-289 685940.0618735151 1.336787082544167e+47 85
6.687094153605486e+22 4.1360079617585305e+71 1.402210717992621e+64 6005264.379093702 1.894704409156016e+35 1.643818862450735e+46 0.023757749882606573 5.220561923393401e+18 0.0006041178426360935 7.677706676827686e+24 4753114457131.443 9.242650036831758e+50 1.336787082544167e+47 85
8.219094312253677e+44 4.1360079617585305e+71 1.402210717992621e+64 1.894704409156016e+35 1.643818862450735e+46 1.9488104848836668e+25 2.1182722661779e+25 15344595559636.764 1.6026671181350463e+48 553393134.7038764 7.677706676827686e+24 5276645.460795459 9.596986253339918e+18 2.8888256710021695e+21 189.42475836918058 56777.06462678635 1.612913208997965e-79 103.42164263140373 26614230679.98216 3.8626383194366457e+20 84
6.687094153605486e+22 4.1360079617585305e+71 1.402210717992621e+64 30365.496622397197 207522425.51395357 1.643818862450735e+46 0.023757749882606573 2.1182722661779e+25 15344595559636.764 1.6026671181350463e+48 2.480038929503097e-288 3.1966012651239548e+16 9.596986253339918e+18 2.8888256710021695e+21 9001819873.418846 7.724010436945174 9.242650036831758e+50 1.336787082544167e+47 85
8.219094312253677e+44 4.1360079617585305e+71 1.402210717992621e+64 30365.496622397197 1.894704409156016e+35 1.643818862450735e+46 1.9488104848836668e+25 15344595559636.764 1.6026671181350463e+48 642.8240511871347 2.480038929503097e-288 14.071064271151402 1433997566378713.5 238586.0448902637 6266016.48469461 9001819873.418846 1.9670836506988194e+23 9.242650036831758e+50 1.336787082544167e+47 754534.0680608671 84
8.219094312253677e+44 4.1360079617585305e+71 1.402210717992621e+64 30365.496622397197 1.894704409156016e+35 1.643818862450735e+46 1.9488104848836668e+25 5.220561923393401e+18 9.005481133536897 62680633163.197815 642.8240511871347 1.553714468343936e+17 1433997566378713.5 2.8888256710021695e+21 1.9670836506988194e+23 9.242650036831758e+50 103.42164263140373 31388.436333877748 3.8626383194366457e+20 84
8.219094312253677e+44 4.1360079617585305e+71 1.402210717992621e+64 1.894704409156016e+35 620.4370941068773 2037049053056.332 2.1182722661779e+25 9.005481133536897 1.6026671181350463e+48 14725070923.066422 7.677706676827686e+24 4753114457131.443 6.976525555950482 6266016.48469461 9.242650036831758e+50 1.336787082544167e+47 754534.0680608671 84
8.219094312253677e+44 4.1360079617585305e+71 1.402210717992621e+64 1.894704409156016e+35 0.19 9.005481133536897 1.6026671181350463e+48 642.8240511871347 2.8888256710021695e+21 6266016.48469461 26614230679.98216 3.8626383194366457e+20 84
6.687094153605486e+22 4.1360079617585305e+71 1.402210717992621e+64 3.930988530916692e+18 1.894704409156016e+35 1.643818862450735e+46 5.220561923393401e+18 0.00011490664004628152 62680633163.197815 3.1966012651239548e+16 9.596986253339918e+18 238586.0448902637 1.9670836506988194e+23 9.242650036831758e+50 1.336787082544167e+47 26614230679.98216 3.8626383194366457e+20 85
8.219094312253677e+44 4.1360079617585305e+71 58794.8624463013 3.930988530916692e+18 1.894704409156016e+35 1.643818862450735e+46 62680633163.197815 9.242650036831758e+50 1.336787082544167e+47 84
8.219094312253677e+44 4.1360079617585305e+71 1.402210717992621e+64 30365.496622397197 1.894704409156016e+35 1.643818862450735e+46 1.9488104848836668e+25 5.220561923393401e+18 9.005481133536897 62680633163.197815 642.8240511871347 1.553714468343936e+17 1433997566378713.5 2.8888256710021695e+21 1.9670836506988194e+23 9.242650036831758e+50 103.42164263140373 31388.436333877748 3.8626383194366457e+20 84
8.219094312253677e+44 4.1360079617585305e+71 1.402210717992621e+64 30365.496622397197 207522425.51395357 1.643818862450735e+46 2.1182722661779e+25 0.33315310710413126 1.6026671181350463e+48 553393134.7038764 7.677706676827686e+24 4753114457131.443 1433997566378713.5 2.8888256710021695e+21 189.42475836918058 1.9670836506988194e+23 9.242650036831758e+50 103.42164263140373 84
6.687094153605486e+22 4.1360079617585305e+71 1.402210717992621e+64 1.894704409156016e+35 1.643818862450735e+46 15344595559636.764 1.6026671181350463e+48 7.677706676827686e+24 3.1966012651239548e+16 1433997566378713.5 2.8888256710021695e+21 189.42475836918058 8.89459538701687e-06 9.242650036831758e+50 1.336787082544167e+47 84
8.219094312253677e+44 4.1360079617585305e+71 58794.8624463013 3.930988530916692e+18 1.643818862450735e+46 1.9488104848836668e+25 5.220561923393401e+18 0.0006041178426360935 62680633163.197815 14725070923.066422 14.071064271151402 9.596986253339918e+18 2.8888256710021695e+21 9.242650036831758e+50 1.336787082544167e+47 84
8.219094312253677e+44 4.1360079617585305e+71 1.402210717992621e+64 1.894704409156016e+35 1.9488104848836668e+25 1.6026671181350463e+48 1.553714468343936e+17 5276645.460795459 1433997566378713.5 2.8888256710021695e+21 189.42475836918058 56777.06462678635 9.242650036831758e+50 1.336787082544167e+47 84
8.219094312253677e+44 4.1360079617585305e+71 1.402210717992621e+64 30365.496622397197 207522425.51395357 620.4370941068773 2037049053056.332 15344595559636.764 1.6026671181350463e+48 553393134.7038764 674.1813219767513 4753114457131.443 1433997566378713.5 2.8888256710021695e+21 189.42475836918058 2.135816208613282e-289 9.242650036831758e+50 1.336787082544167e+47 26614230679.98216 84
8.219094312253677e+44 4.1360079617585305e+71 1.402210717992621e+64 6005264.379093702 207522425.51395357 1.643818862450735e+46 1.9488104848836668e+25 2.1182722661779e+25 1.972370993374356e+16 1.6026671181350463e+48 642.8240511871347 7.677706676827686e+24 3.1966012651239548e+16 189.42475836918058 9.242650036831758e+50 103.42164263140373 84
6.687094153605486e+22 4.1360079617585305e+71 1.402210717992621e+64 3.930988530916692e+18 632636.5070308939 1.643818862450735e+46 1.9488104848836668e+25 5.220561923393401e+18 0.33315310710413126 62680633163.197815 9425367.090257369 1.553714468343936e+17 3.1966012651239548e+16 1433997566378713.5 4.148780365373647e+16 85
6.687094153605486e+22 4.1360079617585305e+71 58794.8624463013 3.930988530916692e+18 632636.5070308939 1.643818862450735e+46 1.9488104848836668e+25 5.220561923393401e+18 15344595559636.764 62680633163.197815 9425367.090257369 7.677706676827686e+24 3.1966012651239548e+16 1433997566378713.5 2.8888256710021695e+21 189.42475836918058 685940.0618735151 1.336787082544167e+47 31388.436333877748 84
6.687094153605486e+22 4.1360079617585305e+71 1.402210717992621e+64 3.930988530916692e+18 207522425.51395357 1.643818862450735e+46 2037049053056.332 2.1182722661779e+25 1.972370993374356e+16 1.6026671181350463e+48 33192.74547412125 7.677706676827686e+24 3.1966012651239548e+16 1433997566378713.5 2.8888256710021695e+21 189.42475836918058 8.89459538701687e-06 9.242650036831758e+50 1.336787082544167e+47 754534.0680608671 85
6.687094153605486e+22 4.1360079617585305e+71 1.402210717992621e+64 30365.496622397197 632636.5070308939 620.4370941068773 1.9488104848836668e+25 2.1182722661779e+25 1.972370993374356e+16 1.6026671181350463e+48 553393134.7038764 674.1813219767513 5276645.460795459 1433997566378713.5 189.42475836918058 2.135816208613282e-289 9.242650036831758e+50 1.336787082544167e+47 754534.0680608671 3.8626383194366457e+20 85
6.687094153605486e+22 4.1360079617585305e+71 1.402210717992621e+64 3.930988530916692e+18 1.894704409156016e+35 1.643818862450735e+46 2037049053056.332 2.1182722661779e+25 0.33315310710413126 1.6026671181350463e+48 9425367.090257369 674.1813219767513 3.1966012651239548e+16 1433997566378713.5 2.8888256710021695e+21 9001819873.418846 9.242650036831758e+50 103.42164263140373 754534.0680608671 3.8626383194366457e+20 85
6.687094153605486e+22 4.1360079617585305e+71 1.402210717992621e+64 3.930988530916692e+18 207522425.51395357 1.643818862450735e+46 2037049053056.332 1.972370993374356e+16 1.6026671181350463e+48 33192.74547412125 7.677706676827686e+24 3.1966012651239548e+16 1433997566378713.5 6.976525555950482 6266016.48469461 4.148780365373647e+16 2.135816208613282e-289 9.242650036831758e+50 1.336787082544167e+47 85
8.219094312253677e+44 4.1360079617585305e+71 1.402210717992621e+64 3.930988530916692e+18 632636.5070308939 1.643818862450735e+46 1.9488104848836668e+25 2.1182722661779e+25 0.33315310710413126 1.6026671181350463e+48 553393134.7038764 7.677706676827686e+24 4753114457131.443 1433997566378713.5 2.8888256710021695e+21 9001819873.418846 1.9670836506988194e+23 9.242650036831758e+50 1.336787082544167e+47 26614230679.98216 3.8626383194366457e+20 84
6.687094153605486e+22 4.1360079617585305e+71 1.402210717992621e+64 6005264.379093702 632636.5070308939 0.19 1.9488104848836668e+25 2.1182722661779e+25 1.972370993374356e+16 1.6026671181350463e+48 9425367.090257369 7.677706676827686e+24 5276645.460795459 8.89459538701687e-06 685940.0618735151 103.42164263140373 85
6.687094153605486e+22 4.1360079617585305e+71 1.402210717992621e+64 3.930988530916692e+18 632636.5070308939 1.643818862450735e+46 2037049053056.332 2.1182722661779e+25 15344595559636.764 1.6026671181350463e+48 33192.74547412125 7.677706676827686e+24 3.1966012651239548e+16 9001819873.418846 685940.0618735151 0.03198977196633106 754534.0680608671 3.8626383194366457e+20 85
8.219094312253677e+44 4.1360079617585305e+71 1.402210717992621e+64 1.894704409156016e+35 1.643818862450735e+46 0.023757749882606573 9.005481133536897 62680633163.197815 9425367.090257369 1.553714468343936e+17 1.9670836506988194e+23 9.242650036831758e+50 103.42164263140373 85
6.687094153605486e+22 4.1360079617585305e+71 1.402210717992621e+64 1.894704409156016e+35 1.643818862450735e+46 1.9488104848836668e+25 5.220561923393401e+18 9.005481133536897 62680633163.197815 14725070923.066422 1.553714468343936e+17 5276645.460795459 4.148780365373647e+16 9.242650036831758e+50 1.336787082544167e+47 31388.436333877748 3.8626383194366457e+20 85
8.219094312253677e+44 4.1360079617585305e+71 1.402210717992621e+64 3.930988530916692e+18 1.894704409156016e+35 5.220561923393401e+18 1.6026671181350463e+48 14725070923.066422 7.677706676827686e+24 3.1966012651239548e+16 2.8888256710021695e+21 9001819873.418846 7.724010436945174 9.242650036831758e+50 0.75 754534.0680608671 3.8626383194366457e+20 84
8.219094312253677e+44 4.1360079617585305e+71 1.402210717992621e+64 6005264.379093702 1.643818862450735e+46 1.9488104848836668e+25 2.1182722661779e+25 15344595559636.764 1.6026671181350463e+48 642.8240511871347 1.553714468343936e+17 5276645.460795459 1433997566378713.5 685940.0618735151 1.336787082544167e+47 754534.0680608671 3.8626383194366457e+20 84
8.219094312253677e+44 4.1360079617585305e+71 1.402210717992621e+64 1.612913208997965e-79 1.336787082544167e+47 84
8.219094312253677e+44 4.1360079617585305e+71 1.402210717992621e+64 3.930988530916692e+18 6.15105737990791e-79 1.643818862450735e+46 1.9488104848836668e+25 2.1182722661779e+25 1.972370993374356e+16 1.6026671181350463e+48 642.8240511871347 2.480038929503097e-288 5276645.460795459 0.05246503099075619 6.976525555950482 6266016.48469461 189.42475836918058 9.242650036831758e+50 103.42164263140373 26614230679.98216 3.8626383194366457e+20 85
6.687094153605486e+22 4.1360079617585305e+71 1.402210717992621e+64 3.930988530916692e+18 632636.5070308939 1.643818862450735e+46 2037049053056.332 2.1182722661779e+25 1.972370993374356e+16 1.6026671181350463e+48 553393134.7038764 674.1813219767513 5276645.460795459 9001819873.418846 685940.0618735151 1.336787082544167e+47 85
6.687094153605486e+22 4.1360079617585305e+71 1.402210717992621e+64 0.00014214537473790435 632636.5070308939 1.643818862450735e+46 2.7407778969805463 2.1182722661779e+25 15344595559636.764 1.6026671181350463e+48 33192.74547412125 7.677706676827686e+24 5276645.460795459 9.596986253339918e+18 2.8888256710021695e+21 9001819873.418846 1.9670836506988194e+23 9.242650036831758e+50 0.03198977196633106 85
6.687094153605486e+22 4.1360079617585305e+71 1.402210717992621e+64 30365.496622397197 1.894704409156016e+35 1.643818862450735e+46 1.9488104848836668e+25 1.6026671181350463e+48 553393134.7038764 4753114457131.443 1433997566378713.5 238586.0448902637 6266016.48469461 4.148780365373647e+16 56777.06462678635 9.242650036831758e+50 1.336787082544167e+47 84
8.219094312253677e+44 4.1360079617585305e+71 1.402210717992621e+64 6005264.379093702 1.894704409156016e+35 1.643818862450735e+46 2037049053056.332 2.1182722661779e+25 0.00011490664004628152 62680633163.197815 14725070923.066422 1.553714468343936e+17 14.071064271151402 0.05246503099075619 2.8888256710021695e+21 4.148780365373647e+16 56777.06462678635 9.242650036831758e+50 1.336787082544167e+47 26614230679.98216 84
4.1360079617585305e+71 1.402210717992621e+64 3.930988530916692e+18 1.894704409156016e+35 1.643818862450735e+46 2.1182722661779e+25 9.005481133536897 62680633163.197815 9425367.090257369 1.9670836506988194e+23 84
8.219094312253677e+44 0.000797317481468801 58794.8624463013 6005264.379093702 1.894704409156016e+35 1.643818862450735e+46 1.9488104848836668e+25 2.1182722661779e+25 0.33315310710413126 1.6026671181350463e+48 9425367.090257369 7.677706676827686e+24 14.071064271151402 9.596986253339918e+18 2.8888256710021695e+21 4.148780365373647e+16 56777.06462678635 9.242650036831758e+50 1.336787082544167e+47 31388.436333877748 84
8.219094312253677e+44 0.000797317481468801 1.402210717992621e+64 3.482019395341864e-05 1.894704409156016e+35 1.643818862450735e+46 674.1813219767513 1433997566378713.5 9001819873.418846 685940.0618735151 1.336787082544167e+47 754534.0680608671 3.8626383194366457e+20 84
8.219094312253677e+44 4.1360079617585305e+71 58794.8624463013 30365.496622397197 207522425.51395357 1.643818862450735e+46 1.9488104848836668e+25 5.220561923393401e+18 1.6026671181350463e+48 642.8240511871347 1.553714468343936e+17 3.1966012651239548e+16 1433997566378713.5 2.8888256710021695e+21 9001819873.418846 9.242650036831758e+50 1.336787082544167e+47 26614230679.98216 3.8626383194366457e+20 84
8.219094312253677e+44 4.1360079617585305e+71 1.402210717992621e+64 3.930988530916692e+18 632636.5070308939 620.4370941068773 2037049053056.332 2.1182722661779e+25 1.972370993374356e+16 1.6026671181350463e+48 553393134.7038764 7.677706676827686e+24 4753114457131.443 1433997566378713.5 2.8888256710021695e+21 4.148780365373647e+16 1.9670836506988194e+23 9.242650036831758e+50 103.42164263140373 84
8.219094312253677e+44 4.1360079617585305e+71 1.402210717992621e+64 6005264.379093702 1.894704409156016e+35 1.643818862450735e+46 0.0006041178426360935 62680633163.197815 642.8240511871347 1.553714468343936e+17 4753114457131.443 9.596986253339918e+18 4.148780365373647e+16 1.9670836506988194e+23 9.242650036831758e+50 103.42164263140373 84
8.219094312253677e+44 4.1360079617585305e+71 1.402210717992621e+64 30365.496622397197 1.894704409156016e+35 1.643818862450735e+46 1.9488104848836668e+25 5.220561923393401e+18 0.0006041178426360935 1.6026671181350463e+48 9425367.090257369 1.553714468343936e+17 14.071064271151402 0.05246503099075619 238586.0448902637 6266016.48469461 4.148780365373647e+16 1.9670836506988194e+23 9.242650036831758e+50 0.75 85
6.687094153605486e+22 4.1360079617585305e+71 1.402210717992621e+64 30365.496622397197 1.894704409156016e+35 1.643818862450735e+46 1.9488104848836668e+25 2.1182722661779e+25 1.972370993374356e+16 1.6026671181350463e+48 553393134.7038764 7.677706676827686e+24 5276645.460795459 9.596986253339918e+18 6.976525555950482 6266016.48469461 9.242650036831758e+50 1.336787082544167e+47 84
8.219094312253677e+44 4.1360079617585305e+71 1.402210717992621e+64 6005264.379093702 1.894704409156016e+35 620.4370941068773 2.1182722661779e+25 1.972370993374356e+16 9425367.090257369 7.677706676827686e+24 4.148780365373647e+16 56777.06462678635 84
8.219094312253677e+44 4.1360079617585305e+71 1.402210717992621e+64 3.482019395341864e-05 1.894704409156016e+35 1.643818862450735e+46 1.9488104848836668e+25 5.220561923393401e+18 15344595559636.764 1.6026671181350463e+48 9425367.090257369 1.553714468343936e+17 4753114457131.443 9.596986253339918e+18 6.976525555950482 6266016.48469461 9.242650036831758e+50 103.42164263140373 31388.436333877748 3.8626383194366457e+20 84
8.219094312253677e+44 4.1360079617585305e+71 1.402210717992621e+64 1.894704409156016e+35 620.4370941068773 0.023757749882606573 1.9632086007199864e-05 9.005481133536897 1.6026671181350463e+48 9425367.090257369 7.677706676827686e+24 3.1966012651239548e+16 1433997566378713.5 2.8888256710021695e+21 6266016.48469461 4.148780365373647e+16 56777.06462678635 9.242650036831758e+50 1.336787082544167e+47 31388.436333877748 84
6.687094153605486e+22 4.1360079617585305e+71 1.402210717992621e+64 632636.5070308939 1.643818862450735e+46 1.6026671181350463e+48 9.242650036831758e+50 1.336787082544167e+47 26614230679.98216 3.8626383194366457e+20 84
8.219094312253677e+44 4.1360079617585305e+71 1.402210717992621e+64 6005264.379093702 1.894704409156016e+35 1.643818862450735e+46 0.0006041178426360935 62680633163.197815 642.8240511871347 1.553714468343936e+17 4753114457131.443 9.596986253339918e+18 4.148780365373647e+16 1.9670836506988194e+23 9.242650036831758e+50 103.42164263140373 84
8.219094312253677e+44 4.1360079617585305e+71 1.402210717992621e+64 3.930988530916692e+18 1.894704409156016e+35 1.643818862450735e+46 1.9488104848836668e+25 9.005481133536897 62680633163.197815 14725070923.066422 1.553714468343936e+17 14.071064271151402 1433997566378713.5 238586.0448902637 4.148780365373647e+16 1.9670836506988194e+23 9.242650036831758e+50 1.336787082544167e+47 84
8.219094312253677e+44 4.1360079617585305e+71 1.402210717992621e+64 30365.496622397197 1.894704409156016e+35 1.643818862450735e+46 2037049053056.332 15344595559636.764 62680633163.197815 553393134.7038764 7.677706676827686e+24 5276645.460795459 4.148780365373647e+16 1.9670836506988194e+23 31388.436333877748 84
6.687094153605486e+22 4.1360079617585305e+71 1.402210717992621e+64 632636.5070308939 1.643818862450735e+46 1.6026671181350463e+48 9.242650036831758e+50 1.336787082544167e+47 26614230679.98216 3.8626383194366457e+20 84
8.219094312253677e+44 4.1360079617585305e+71 1.402210717992621e+64 6005264.379093702 6.15105737990791e-79 1.643818862450735e+46 2.7407778969805463 15344595559636.764 1.6026671181350463e+48 9425367.090257369 7.677706676827686e+24 685940.0618735151 103.42164263140373 3.8626383194366457e+20 84
6.687094153605486e+22 4.1360079617585305e+71 1.402210717992621e+64 3.930988530916692e+18 632636.5070308939 1.643818862450735e+46 1.9488104848836668e+25 1.972370993374356e+16 1.6026671181350463e+48 9425367.090257369 9.242650036831758e+50 1.336787082544167e+47 85
