1.7669449974852911e+46 8.828106045516171e+73 2.4554902717989884e+66 2.483347254902141e+36 0.03529618490337793 3.100047239739446e+19 0.004037255907320443 226924486700.20996 64978039295.15832 6822968131524073.0 139.70566473720814 3.686437668331353e+16 1.1624299961854282e+22 1.99665337445333e+54 6.419870071111406e+49 102928.83131356369 9.300141719218332e+19 84
1.7669449974852911e+46 8.828106045516171e+73 2.4554902717989884e+66 2.483347254902141e+36 0.19 21.94484113032337 5.180657536292135e+50 5780.941571876698 3.1287367181709906e+21 3747619.7374207135 13059203442.272697 9.300141719218332e+19 84
1.7669449974852911e+46 8.828106045516171e+73 2.4554902717989884e+66 3.526975277670045e+22 2.483347254902141e+36 3.100047239739446e+19 5.180657536292135e+50 64978039295.15832 1.0184683115903669e+27 7.827464630190797e+18 3.1287367181709906e+21 8134743954952.904 3854.541577162293 1.99665337445333e+54 0.75 6785554.178975862 9.300141719218332e+19 84
1.7669449974852911e+46 8.828106045516171e+73 2.4554902717989884e+66 12005947.639426414 2.483347254902141e+36 204.91703617817896 9.392865721972774e+27 1.1853857575132513e+18 3436839.129611152 1.0184683115903669e+27 3.686437668331353e+16 27859.652397544778 84
4.898575158011793e+24 8.828106045516171e+73 2.4554902717989884e+66 3.526975277670045e+22 10232338361.475574 335.69291626009425 1.1853857575132513e+18 226924486700.20996 6697027406.293694 1.0184683115903669e+27 7.827464630190797e+18 1.2803890538591306e+17 3.1287367181709906e+21 1.5941726395537156e-199 371594.7242003426 6.419870071111406e+49 85
1.7669449974852911e+46 8.828106045516171e+73 528744.4814786387 12224.241630505638 4667663.060325881 204.91703617817896 3.135737829270607e+25 9.392865721972774e+27 1.1853857575132513e+18 226924486700.20996 1101616.8758379566 1488.0640676037458 7.827464630190797e+18 3.686437668331353e+16 1.5941726395537156e-199 1.99665337445333e+54 6.419870071111406e+49 102928.83131356369 0.04015568168975325 84
4.898575158011793e+24 8.828106045516171e+73 528744.4814786387 3.526975277670045e+22 4667663.060325881 9.73866041287211e+49 3.135737829270607e+25 3.100047239739446e+19 371251350719824.56 226924486700.20996 3436839.129611152 1.0184683115903669e+27 7.827464630190797e+18 1.2803890538591306e+17 3.1287367181709906e+21 509.6157899336391 371594.7242003426 6.419870071111406e+49 102928.83131356369 84
1.7669449974852911e+46 8.828106045516171e+73 2.4554902717989884e+66 84
4.898575158011793e+24 8.828106045516171e+73 2.4554902717989884e+66 12224.241630505638 10232338361.475574 9.73866041287211e+49 0.03529618490337793 9.392865721972774e+27 371251350719824.56 5.180657536292135e+50 0.007002836287217797 7.827464630190797e+18 3.817300935192007e+17 3.1287367181709906e+21 8134743954952.904 3854.541577162293 1.99665337445333e+54 6.419870071111406e+49 85
4.898575158011793e+24 8.828106045516171e+73 2.4554902717989884e+66 12005947.639426414 10232338361.475574 9.73866041287211e+49 1101616.8758379566 1488.0640676037458 3.817300935192007e+17 3.1287367181709906e+21 8134743954952.904 371594.7242003426 0.008668225918658597 85
1.7669449974852911e+46 8.828106045516171e+73 2.4554902717989884e+66 12224.241630505638 2.483347254902141e+36 9.73866041287211e+49 0.04015568168975325 84
1.7669449974852911e+46 0.005882697483896321 528744.4814786387 3.526975277670045e+22 2.483347254902141e+36 9.73866041287211e+49 0.03529618490337793 3.662632902350239e-197 0.004037255907320443 6697027406.293694 1.0184683115903669e+27 3825463860894.3813 8134743954952.904 1.99665337445333e+54 6.419870071111406e+49 102928.83131356369 9.300141719218332e+19 84
1.7669449974852911e+46 8.828106045516171e+73 2.4554902717989884e+66 12005947.639426414 2.483347254902141e+36 9.73866041287211e+49 0.03529618490337793 3.100047239739446e+19 4.9441829672595665e-197 226924486700.20996 3436839.129611152 1.0184683115903669e+27 3825463860894.3813 3.817300935192007e+17 12.633476482220651 27859.652397544778 1.99665337445333e+54 6.419870071111406e+49 102928.83131356369 84
1.7669449974852911e+46 8.828106045516171e+73 2.4554902717989884e+66 3.526975277670045e+22 2.483347254902141e+36 9.73866041287211e+49 27216383519661.465 9.392865721972774e+27 371251350719824.56 5.180657536292135e+50 6697027406.293694 1.0184683115903669e+27 7.827464630190797e+18 1.2803890538591306e+17 3.1287367181709906e+21 509.6157899336391 1.5941726395537156e-199 1.99665337445333e+54 842.4367042880691 84
1.7669449974852911e+46 8.828106045516171e+73 2.4554902717989884e+66 3.526975277670045e+22 4667663.060325881 9.73866041287211e+49 27216383519661.465 9.392865721972774e+27 1.1853857575132513e+18 5.180657536292135e+50 6697027406.293694 1488.0640676037458 7.827464630190797e+18 0.007005826427409003 3854.541577162293 1.99665337445333e+54 6.419870071111406e+49 6785554.178975862 85
4.898575158011793e+24 8.828106045516171e+73 2.4554902717989884e+66 3.526975277670045e+22 2.483347254902141e+36 0.004037255907320443 85
4.898575158011793e+24 8.828106045516171e+73 2.4554902717989884e+66 1.6885171696625225e-199 4667663.060325881 9.73866041287211e+49 27216383519661.465 9.392865721972774e+27 1.1853857575132513e+18 5.180657536292135e+50 3436839.129611152 1488.0640676037458 7.827464630190797e+18 509.6157899336391 1.5941726395537156e-199 1.99665337445333e+54 842.4367042880691 85
1.7669449974852911e+46 8.828106045516171e+73 2.4554902717989884e+66 0.00023315020393068823 2.483347254902141e+36 3.135737829270607e+25 3.100047239739446e+19 0.004037255907320443 5.180657536292135e+50 64978039295.15832 6822968131524073.0 7.827464630190797e+18 1.2803890538591306e+17 12.633476482220651 509.6157899336391 3854.541577162293 1.99665337445333e+54 6.419870071111406e+49 102928.83131356369 9.300141719218332e+19 84
1.7669449974852911e+46 8.828106045516171e+73 2.4554902717989884e+66 3.526975277670045e+22 2.483347254902141e+36 9.73866041287211e+49 0.03529618490337793 3.100047239739446e+19 371251350719824.56 226924486700.20996 6697027406.293694 1.0184683115903669e+27 3825463860894.3813 1.2803890538591306e+17 3.1287367181709906e+21 509.6157899336391 1.1624299961854282e+22 1.99665337445333e+54 6.419870071111406e+49 13059203442.272697 9.300141719218332e+19 84
4.898575158011793e+24 8.828106045516171e+73 2.4554902717989884e+66 3.526975277670045e+22 2.483347254902141e+36 9.73866041287211e+49 3.100047239739446e+19 4.9441829672595665e-197 226924486700.20996 7.827464630190797e+18 3.817300935192007e+17 5785.800802173846 1.1624299961854282e+22 1.99665337445333e+54 6.419870071111406e+49 13059203442.272697 9.300141719218332e+19 85
1.7669449974852911e+46 8.828106045516171e+73 2.4554902717989884e+66 3.526975277670045e+22 4667663.060325881 204.91703617817896 27216383519661.465 9.392865721972774e+27 1.1853857575132513e+18 5.180657536292135e+50 6697027406.293694 1.0184683115903669e+27 3825463860894.3813 1.2803890538591306e+17 3.1287367181709906e+21 3.686437668331353e+16 1.1624299961854282e+22 1.99665337445333e+54 842.4367042880691 84
4.898575158011793e+24 8.828106045516171e+73 2.4554902717989884e+66 12005947.639426414 4667663.060325881 0.19 3.135737829270607e+25 9.392865721972774e+27 1.1853857575132513e+18 5.180657536292135e+50 3436839.129611152 1.0184683115903669e+27 3155890.305196391 1.5941726395537156e-199 371594.7242003426 842.4367042880691 85
1.7669449974852911e+46 8.828106045516171e+73 2.4554902717989884e+66 3.526975277670045e+22 4667663.060325881 9.73866041287211e+49 0.03529618490337793 9.392865721972774e+27 1.1853857575132513e+18 5.180657536292135e+50 6697027406.293694 1.0184683115903669e+27 3155890.305196391 1.2803890538591306e+17 5785.800802173846 3.686437668331353e+16 27859.652397544778 1.99665337445333e+54 6.419870071111406e+49 84
4.898575158011793e+24 8.828106045516171e+73 2.4554902717989884e+66 12005947.639426414 2.483347254902141e+36 9.73866041287211e+49 335.69291626009425 9.071310641200656 5.180657536292135e+50 3436839.129611152 1488.0640676037458 3155890.305196391 3.817300935192007e+17 3.1287367181709906e+21 3.686437668331353e+16 27859.652397544778 1.99665337445333e+54 6.419870071111406e+49 84
1.7669449974852911e+46 8.828106045516171e+73 2.4554902717989884e+66 3.526975277670045e+22 10232338361.475574 9.73866041287211e+49 27216383519661.465 9.392865721972774e+27 1.1853857575132513e+18 5.180657536292135e+50 6697027406.293694 1.0184683115903669e+27 3825463860894.3813 3.817300935192007e+17 3.1287367181709906e+21 509.6157899336391 1.1624299961854282e+22 1.99665337445333e+54 6.419870071111406e+49 84
1.7669449974852911e+46 8.828106045516171e+73 2.4554902717989884e+66 3.526975277670045e+22 2.483347254902141e+36 9.73866041287211e+49 27216383519661.465 9.392865721972774e+27 1.1853857575132513e+18 5.180657536292135e+50 6697027406.293694 1488.0640676037458 3.686437668331353e+16 27859.652397544778 1.99665337445333e+54 6.419870071111406e+49 13059203442.272697 0.04015568168975325 84
1.7669449974852911e+46 8.828106045516171e+73 2.4554902717989884e+66 3.526975277670045e+22 10232338361.475574 1.1853857575132513e+18 5.180657536292135e+50 7.827464630190797e+18 1.2803890538591306e+17 3.1287367181709906e+21 1.99665337445333e+54 6.419870071111406e+49 84
4.898575158011793e+24 8.828106045516171e+73 2.4554902717989884e+66 3.526975277670045e+22 4667663.060325881 9.73866041287211e+49 27216383519661.465 9.392865721972774e+27 371251350719824.56 5.180657536292135e+50 6697027406.293694 1.0184683115903669e+27 7.827464630190797e+18 8134743954952.904 3854.541577162293 371594.7242003426 6.419870071111406e+49 85
4.898575158011793e+24 8.828106045516171e+73 2.4554902717989884e+66 3.526975277670045e+22 2.483347254902141e+36 27216383519661.465 9.392865721972774e+27 4.9441829672595665e-197 226924486700.20996 6697027406.293694 1.0184683115903669e+27 7.827464630190797e+18 3.817300935192007e+17 12.633476482220651 3747619.7374207135 509.6157899336391 27859.652397544778 1.99665337445333e+54 842.4367042880691 6785554.178975862 9.300141719218332e+19 84
4.898575158011793e+24 0.005882697483896321 528744.4814786387 12005947.639426414 2.483347254902141e+36 9.73866041287211e+49 5.180657536292135e+50 1.967009254723927e-72 6.419870071111406e+49 85
4.898575158011793e+24 0.005882697483896321 528744.4814786387 3.526975277670045e+22 2.483347254902141e+36 9.73866041287211e+49 27216383519661.465 9.392865721972774e+27 9.071310641200656 5.180657536292135e+50 1101616.8758379566 1.0184683115903669e+27 3155890.305196391 0.07794574166162627 3747619.7374207135 1.99665337445333e+54 6.419870071111406e+49 6785554.178975862 9.300141719218332e+19 85
1.7669449974852911e+46 8.828106045516171e+73 2.4554902717989884e+66 3.526975277670045e+22 3.5230016502518094e-73 204.91703617817896 84
4.898575158011793e+24 8.828106045516171e+73 2.4554902717989884e+66 0.00023315020393068823 10232338361.475574 335.69291626009425 9.392865721972774e+27 1.1853857575132513e+18 5.180657536292135e+50 1101616.8758379566 1488.0640676037458 7.827464630190797e+18 3.817300935192007e+17 3.1287367181709906e+21 1.99665337445333e+54 842.4367042880691 85
4.898575158011793e+24 8.828106045516171e+73 2.4554902717989884e+66 2.483347254902141e+36 9.73866041287211e+49 3.135737829270607e+25 3.100047239739446e+19 9.071310641200656 5.180657536292135e+50 3436839.129611152 1.0184683115903669e+27 3825463860894.3813 1.2803890538591306e+17 3.1287367181709906e+21 509.6157899336391 1.99665337445333e+54 0.75 84
4.898575158011793e+24 8.828106045516171e+73 2.4554902717989884e+66 12224.241630505638 10232338361.475574 9.73866041287211e+49 3.135737829270607e+25 9.392865721972774e+27 1.1853857575132513e+18 5.180657536292135e+50 3436839.129611152 1488.0640676037458 3.817300935192007e+17 3.1287367181709906e+21 509.6157899336391 1.5941726395537156e-199 1.99665337445333e+54 6.419870071111406e+49 6785554.178975862 9.300141719218332e+19 85
1.7669449974852911e+46 8.828106045516171e+73 2.4554902717989884e+66 12005947.639426414 10232338361.475574 9.73866041287211e+49 3.135737829270607e+25 9.392865721972774e+27 1.1853857575132513e+18 5.180657536292135e+50 5780.941571876698 1.0184683115903669e+27 7.827464630190797e+18 509.6157899336391 1.99665337445333e+54 842.4367042880691 84
1.7669449974852911e+46 8.828106045516171e+73 2.4554902717989884e+66 3.526975277670045e+22 2.483347254902141e+36 9.73866041287211e+49 3.135737829270607e+25 9.392865721972774e+27 1.1853857575132513e+18 5.180657536292135e+50 6697027406.293694 6822968131524073.0 7.827464630190797e+18 1.2803890538591306e+17 5785.800802173846 3.686437668331353e+16 27859.652397544778 1.99665337445333e+54 0.75 6785554.178975862 9.300141719218332e+19 84
4.898575158011793e+24 8.828106045516171e+73 2.4554902717989884e+66 12224.241630505638 10232338361.475574 9.73866041287211e+49 27216383519661.465 9.392865721972774e+27 371251350719824.56 5.180657536292135e+50 1101616.8758379566 1.0184683115903669e+27 3155890.305196391 8134743954952.904 1.99665337445333e+54 6.419870071111406e+49 85
4.898575158011793e+24 8.828106045516171e+73 2.4554902717989884e+66 3.526975277670045e+22 2.483347254902141e+36 9.73866041287211e+49 3.135737829270607e+25 9.392865721972774e+27 371251350719824.56 226924486700.20996 6697027406.293694 1.0184683115903669e+27 3155890.305196391 0.07794574166162627 12.633476482220651 3.686437668331353e+16 27859.652397544778 1.99665337445333e+54 6.419870071111406e+49 13059203442.272697 9.300141719218332e+19 85
1.7669449974852911e+46 8.828106045516171e+73 2.4554902717989884e+66 12005947.639426414 2.483347254902141e+36 204.91703617817896 9.392865721972774e+27 1.1853857575132513e+18 3436839.129611152 1.0184683115903669e+27 3.686437668331353e+16 27859.652397544778 84
4.898575158011793e+24 8.828106045516171e+73 2.4554902717989884e+66 12005947.639426414 2.483347254902141e+36 204.91703617817896 3.135737829270607e+25 226924486700.20996 6697027406.293694 1.0184683115903669e+27 3155890.305196391 1.2803890538591306e+17 3.1287367181709906e+21 509.6157899336391 1.99665337445333e+54 6.419870071111406e+49 6785554.178975862 85
4.898575158011793e+24 8.828106045516171e+73 2.4554902717989884e+66 3.526975277670045e+22 2.483347254902141e+36 9.73866041287211e+49 3.100047239739446e+19 4.9441829672595665e-197 226924486700.20996 7.827464630190797e+18 3.817300935192007e+17 5785.800802173846 1.1624299961854282e+22 1.99665337445333e+54 6.419870071111406e+49 13059203442.272697 9.300141719218332e+19 85
1.7669449974852911e+46 8.828106045516171e+73 2.4554902717989884e+66 12005947.639426414 3.5230016502518094e-73 9.73866041287211e+49 335.69291626009425 371251350719824.56 5.180657536292135e+50 3436839.129611152 1.0184683115903669e+27 371594.7242003426 842.4367042880691 9.300141719218332e+19 84
1.7669449974852911e+46 8.828106045516171e+73 2.4554902717989884e+66 12224.241630505638 2.483347254902141e+36 9.73866041287211e+49 335.69291626009425 21.94484113032337 5.180657536292135e+50 6697027406.293694 3825463860894.3813 5785.800802173846 3747619.7374207135 509.6157899336391 27859.652397544778 1.99665337445333e+54 6.419870071111406e+49 13059203442.272697 84
4.898575158011793e+24 8.828106045516171e+73 2.4554902717989884e+66 3.526975277670045e+22 10232338361.475574 9.73866041287211e+49 335.69291626009425 3.100047239739446e+19 371251350719824.56 1.0862588421609745e-72 6697027406.293694 1488.0640676037458 3155890.305196391 1.2803890538591306e+17 5785.800802173846 27859.652397544778 1.99665337445333e+54 6.419870071111406e+49 85
8.828106045516171e+73 2.4554902717989884e+66 3.526975277670045e+22 2.483347254902141e+36 9.73866041287211e+49 9.392865721972774e+27 21.94484113032337 226924486700.20996 3436839.129611152 1.1624299961854282e+22 84
4.898575158011793e+24 8.828106045516171e+73 2.4554902717989884e+66 12005947.639426414 2.483347254902141e+36 9.73866041287211e+49 27216383519661.465 9.392865721972774e+27 4.9441829672595665e-197 5.180657536292135e+50 6697027406.293694 1.0184683115903669e+27 3155890.305196391 1.2803890538591306e+17 3.1287367181709906e+21 509.6157899336391 0.0006135898587222775 1.99665337445333e+54 6.419870071111406e+49 13059203442.272697 9.300141719218332e+19 85
1.7669449974852911e+46 8.828106045516171e+73 2.4554902717989884e+66 3.526975277670045e+22 2.483347254902141e+36 3.135737829270607e+25 3.100047239739446e+19 21.94484113032337 226924486700.20996 64978039295.15832 6822968131524073.0 3825463860894.3813 1.2803890538591306e+17 3.1287367181709906e+21 3.686437668331353e+16 27859.652397544778 1.99665337445333e+54 6.419870071111406e+49 13059203442.272697 9.300141719218332e+19 84
4.898575158011793e+24 8.828106045516171e+73 2.4554902717989884e+66 0.00023315020393068823 10232338361.475574 335.69291626009425 9.392865721972774e+27 1.1853857575132513e+18 5.180657536292135e+50 1101616.8758379566 1488.0640676037458 7.827464630190797e+18 3.817300935192007e+17 3.1287367181709906e+21 1.99665337445333e+54 842.4367042880691 85
1.7669449974852911e+46 8.828106045516171e+73 528744.4814786387 3.526975277670045e+22 9.73866041287211e+49 3.135737829270607e+25 3.100047239739446e+19 0.004037255907320443 226924486700.20996 64978039295.15832 139.70566473720814 3.817300935192007e+17 3.1287367181709906e+21 1.99665337445333e+54 6.419870071111406e+49 84
4.898575158011793e+24 8.828106045516171e+73 2.4554902717989884e+66 3.526975277670045e+22 10232338361.475574 9.73866041287211e+49 3.135737829270607e+25 3.100047239739446e+19 21.94484113032337 5.180657536292135e+50 1101616.8758379566 6822968131524073.0 3155890.305196391 1.2803890538591306e+17 3747619.7374207135 1.5941726395537156e-199 1.99665337445333e+54 6.419870071111406e+49 6785554.178975862 85
4.898575158011793e+24 8.828106045516171e+73 2.4554902717989884e+66 12224.241630505638 10232338361.475574 9.73866041287211e+49 27216383519661.465 9.392865721972774e+27 371251350719824.56 5.180657536292135e+50 1101616.8758379566 1.0184683115903669e+27 3155890.305196391 8134743954952.904 1.99665337445333e+54 6.419870071111406e+49 85
4.898575158011793e+24 8.828106045516171e+73 2.4554902717989884e+66 1.6885171696625225e-199 10232338361.475574 9.73866041287211e+49 9.392865721972774e+27 9.071310641200656 226924486700.20996 6697027406.293694 6822968131524073.0 7.827464630190797e+18 1.2803890538591306e+17 5785.800802173846 3747619.7374207135 1.5941726395537156e-199 1.99665337445333e+54 6.419870071111406e+49 85
4.898575158011793e+24 8.828106045516171e+73 2.4554902717989884e+66 3.526975277670045e+22 4667663.060325881 204.91703617817896 3.135737829270607e+25 9.392865721972774e+27 1.1853857575132513e+18 1488.0640676037458 3155890.305196391 8134743954952.904 1.99665337445333e+54 842.4367042880691 85
1.7669449974852911e+46 8.828106045516171e+73 2.4554902717989884e+66 2.483347254902141e+36 3.100047239739446e+19 6822968131524073.0 139.70566473720814 1.1624299961854282e+22 84
1.7669449974852911e+46 8.828106045516171e+73 2.4554902717989884e+66 2.483347254902141e+36 3.135737829270607e+25 3.100047239739446e+19 0.004037255907320443 226924486700.20996 64978039295.15832 1.0184683115903669e+27 3825463860894.3813 3.817300935192007e+17 12.633476482220651 3.686437668331353e+16 1.1624299961854282e+22 1.99665337445333e+54 6.419870071111406e+49 102928.83131356369 84
4.898575158011793e+24 8.828106045516171e+73 2.4554902717989884e+66 12224.241630505638 10232338361.475574 9.73866041287211e+49 0.03529618490337793 9.392865721972774e+27 371251350719824.56 5.180657536292135e+50 0.007002836287217797 7.827464630190797e+18 3.817300935192007e+17 3.1287367181709906e+21 8134743954952.904 3854.541577162293 1.99665337445333e+54 6.419870071111406e+49 85
8.828106045516171e+73 2.4554902717989884e+66 3.526975277670045e+22 10232338361.475574 9.73866041287211e+49 3.135737829270607e+25 9.392865721972774e+27 371251350719824.56 5.180657536292135e+50 5780.941571876698 1.0184683115903669e+27 7.827464630190797e+18 1.2803890538591306e+17 3.1287367181709906e+21 509.6157899336391 1.1624299961854282e+22 1.99665337445333e+54 842.4367042880691 13059203442.272697 9.300141719218332e+19 84
1.7669449974852911e+46 8.828106045516171e+73 528744.4814786387 12224.241630505638 4667663.060325881 204.91703617817896 3.135737829270607e+25 9.392865721972774e+27 1.1853857575132513e+18 226924486700.20996 1101616.8758379566 1488.0640676037458 7.827464630190797e+18 3.686437668331353e+16 1.5941726395537156e-199 1.99665337445333e+54 6.419870071111406e+49 102928.83131356369 0.04015568168975325 84
1.7669449974852911e+46 8.828106045516171e+73 2.4554902717989884e+66 12224.241630505638 2.483347254902141e+36 9.73866041287211e+49 3.135737829270607e+25 0.004037255907320443 226924486700.20996 64978039295.15832 6822968131524073.0 3825463860894.3813 1.2803890538591306e+17 5785.800802173846 8134743954952.904 1.1624299961854282e+22 1.99665337445333e+54 6.419870071111406e+49 102928.83131356369 9.300141719218332e+19 84
1.7669449974852911e+46 0.005882697483896321 528744.4814786387 3.526975277670045e+22 2.483347254902141e+36 9.73866041287211e+49 27216383519661.465 3.100047239739446e+19 9.071310641200656 5.180657536292135e+50 3436839.129611152 1.0184683115903669e+27 139.70566473720814 1.99665337445333e+54 6.419870071111406e+49 6785554.178975862 84
1.7669449974852911e+46 8.828106045516171e+73 2.4554902717989884e+66 3.526975277670045e+22 2.483347254902141e+36 27216383519661.465 371251350719824.56 5.180657536292135e+50 3436839.129611152 1488.0640676037458 7.827464630190797e+18 3.817300935192007e+17 3.1287367181709906e+21 3.686437668331353e+16 27859.652397544778 1.99665337445333e+54 6.419870071111406e+49 13059203442.272697 9.300141719218332e+19 84
4.898575158011793e+24 8.828106045516171e+73 2.4554902717989884e+66 3.526975277670045e+22 10232338361.475574 9.73866041287211e+49 27216383519661.465 9.392865721972774e+27 371251350719824.56 5.180657536292135e+50 3436839.129611152 1488.0640676037458 3.817300935192007e+17 3.1287367181709906e+21 3.686437668331353e+16 1.1624299961854282e+22 1.99665337445333e+54 6.419870071111406e+49 85
1.7669449974852911e+46 8.828106045516171e+73 2.4554902717989884e+66 2.483347254902141e+36 21.94484113032337 226924486700.20996 64978039295.15832 6822968131524073.0 139.70566473720814 3.817300935192007e+17 3.1287367181709906e+21 1.1624299961854282e+22 5.861005296403014e-136 842.4367042880691 85
4.898575158011793e+24 8.828106045516171e+73 2.4554902717989884e+66 12224.241630505638 2.483347254902141e+36 9.73866041287211e+49 3.135737829270607e+25 5.180657536292135e+50 6697027406.293694 3825463860894.3813 1.2803890538591306e+17 5785.800802173846 3747619.7374207135 3.686437668331353e+16 27859.652397544778 1.99665337445333e+54 6.419870071111406e+49 84
4.898575158011793e+24 8.828106045516171e+73 2.4554902717989884e+66 3.526975277670045e+22 2.483347254902141e+36 9.73866041287211e+49 27216383519661.465 9.392865721972774e+27 371251350719824.56 5.180657536292135e+50 3436839.129611152 1.0184683115903669e+27 3155890.305196391 3.817300935192007e+17 5785.800802173846 509.6157899336391 1.99665337445333e+54 842.4367042880691 85
1.7669449974852911e+46 8.828106045516171e+73 2.4554902717989884e+66 12224.241630505638 2.483347254902141e+36 9.73866041287211e+49 3.135737829270607e+25 3.100047239739446e+19 371251350719824.56 5.180657536292135e+50 6697027406.293694 1.0184683115903669e+27 3825463860894.3813 0.07794574166162627 3.1287367181709906e+21 3.686437668331353e+16 27859.652397544778 1.99665337445333e+54 6.419870071111406e+49 102928.83131356369 9.300141719218332e+19 84
1.7669449974852911e+46 0.005882697483896321 528744.4814786387 12005947.639426414 2.483347254902141e+36 9.73866041287211e+49 84
4.898575158011793e+24 8.828106045516171e+73 2.4554902717989884e+66 3.526975277670045e+22 10232338361.475574 204.91703617817896 27216383519661.465 9.392865721972774e+27 1.1853857575132513e+18 5.180657536292135e+50 1101616.8758379566 1.0184683115903669e+27 3.817300935192007e+17 3.1287367181709906e+21 509.6157899336391 1.5941726395537156e-199 1.99665337445333e+54 6.419870071111406e+49 13059203442.272697 9.300141719218332e+19 85
4.898575158011793e+24 8.828106045516171e+73 2.4554902717989884e+66 4667663.060325881 9.73866041287211e+49 5.180657536292135e+50 1.99665337445333e+54 6.419870071111406e+49 13059203442.272697 9.300141719218332e+19 84
4.898575158011793e+24 8.828106045516171e+73 528744.4814786387 3.526975277670045e+22 4667663.060325881 9.73866041287211e+49 3.135737829270607e+25 3.100047239739446e+19 371251350719824.56 226924486700.20996 3436839.129611152 1.0184683115903669e+27 7.827464630190797e+18 1.2803890538591306e+17 3.1287367181709906e+21 509.6157899336391 371594.7242003426 6.419870071111406e+49 102928.83131356369 84
1.7669449974852911e+46 8.828106045516171e+73 2.4554902717989884e+66 2.483347254902141e+36 21.94484113032337 226924486700.20996 64978039295.15832 6822968131524073.0 139.70566473720814 3.817300935192007e+17 3.1287367181709906e+21 1.1624299961854282e+22 5.861005296403014e-136 842.4367042880691 85
4.898575158011793e+24 8.828106045516171e+73 2.4554902717989884e+66 3.526975277670045e+22 2.483347254902141e+36 9.73866041287211e+49 3.135737829270607e+25 9.392865721972774e+27 371251350719824.56 226924486700.20996 6697027406.293694 1.0184683115903669e+27 3155890.305196391 0.07794574166162627 12.633476482220651 3.686437668331353e+16 27859.652397544778 1.99665337445333e+54 6.419870071111406e+49 13059203442.272697 9.300141719218332e+19 85
1.7669449974852911e+46 8.828106045516171e+73 2.4554902717989884e+66 2.483347254902141e+36 9.73866041287211e+49 3.135737829270607e+25 3.662632902350239e-197 4.9441829672595665e-197 226924486700.20996 3436839.129611152 1.0184683115903669e+27 3155890.305196391 1.2803890538591306e+17 3.1287367181709906e+21 3.686437668331353e+16 1.1624299961854282e+22 1.99665337445333e+54 6.419870071111406e+49 84
4.898575158011793e+24 8.828106045516171e+73 2.4554902717989884e+66 3.526975277670045e+22 2.483347254902141e+36 9.73866041287211e+49 335.69291626009425 0.26 9.071310641200656 5.180657536292135e+50 1101616.8758379566 1488.0640676037458 7.827464630190797e+18 0.07794574166162627 3.1287367181709906e+21 8134743954952.904 3854.541577162293 1.99665337445333e+54 842.4367042880691 85
1.7669449974852911e+46 8.828106045516171e+73 2.4554902717989884e+66 12224.241630505638 2.483347254902141e+36 9.73866041287211e+49 3.135737829270607e+25 3.100047239739446e+19 21.94484113032337 226924486700.20996 5780.941571876698 6822968131524073.0 1.2803890538591306e+17 3.1287367181709906e+21 1.1624299961854282e+22 1.99665337445333e+54 842.4367042880691 102928.83131356369 9.300141719218332e+19 84
1.7669449974852911e+46 8.828106045516171e+73 2.4554902717989884e+66 3.526975277670045e+22 2.483347254902141e+36 9.73866041287211e+49 0.03529618490337793 3.100047239739446e+19 21.94484113032337 5.180657536292135e+50 3436839.129611152 6822968131524073.0 139.70566473720814 3.817300935192007e+17 3.1287367181709906e+21 3.686437668331353e+16 1.1624299961854282e+22 1.99665337445333e+54 6.419870071111406e+49 6785554.178975862 0.04015568168975325 84
1.7669449974852911e+46 8.828106045516171e+73 2.4554902717989884e+66 12005947.639426414 2.483347254902141e+36 9.73866041287211e+49 335.69291626009425 3.100047239739446e+19 1.1853857575132513e+18 5.180657536292135e+50 1.0184683115903669e+27 7.827464630190797e+18 3.817300935192007e+17 5785.800802173846 3747619.7374207135 8134743954952.904 1.1624299961854282e+22 1.99665337445333e+54 6.419870071111406e+49 84
1.7669449974852911e+46 8.828106045516171e+73 2.4554902717989884e+66 2.483347254902141e+36 9.73866041287211e+49 27216383519661.465 371251350719824.56 226924486700.20996 3436839.129611152 1.0184683115903669e+27 3155890.305196391 1.2803890538591306e+17 3.686437668331353e+16 1.1624299961854282e+22 371594.7242003426 6.419870071111406e+49 84
1.7669449974852911e+46 8.828106045516171e+73 2.4554902717989884e+66 2.483347254902141e+36 9.73866041287211e+49 0.03529618490337793 21.94484113032337 226924486700.20996 3436839.129611152 6822968131524073.0 1.1624299961854282e+22 1.99665337445333e+54 842.4367042880691 85
1.7669449974852911e+46 8.828106045516171e+73 2.4554902717989884e+66 4667663.060325881 335.69291626009425 9.392865721972774e+27 1.1853857575132513e+18 5.180657536292135e+50 1101616.8758379566 1.0184683115903669e+27 7.827464630190797e+18 3.817300935192007e+17 3.1287367181709906e+21 1.1624299961854282e+22 1.99665337445333e+54 6.419870071111406e+49 84
1.7669449974852911e+46 8.828106045516171e+73 2.4554902717989884e+66 12005947.639426414 2.483347254902141e+36 9.73866041287211e+49 335.69291626009425 3.100047239739446e+19 1.1853857575132513e+18 5.180657536292135e+50 1.0184683115903669e+27 7.827464630190797e+18 3.817300935192007e+17 5785.800802173846 3747619.7374207135 8134743954952.904 1.1624299961854282e+22 1.99665337445333e+54 6.419870071111406e+49 84
4.898575158011793e+24 8.828106045516171e+73 2.4554902717989884e+66 3.526975277670045e+22 4667663.060325881 9.73866041287211e+49 3.135737829270607e+25 3.100047239739446e+19 9.071310641200656 226924486700.20996 3436839.129611152 6822968131524073.0 7.827464630190797e+18 1.2803890538591306e+17 3.686437668331353e+16 85
1.7669449974852911e+46 8.828106045516171e+73 2.4554902717989884e+66 2.483347254902141e+36 21.94484113032337 226924486700.20996 64978039295.15832 6822968131524073.0 139.70566473720814 3.817300935192007e+17 3.1287367181709906e+21 1.1624299961854282e+22 5.861005296403014e-136 842.4367042880691 85
1.7669449974852911e+46 8.828106045516171e+73 2.4554902717989884e+66 84
1.7669449974852911e+46 8.828106045516171e+73 2.4554902717989884e+66 3.526975277670045e+22 2.483347254902141e+36 9.73866041287211e+49 27216383519661.465 3.100047239739446e+19 9.071310641200656 226924486700.20996 3436839.129611152 1.0184683115903669e+27 3825463860894.3813 5785.800802173846 3747619.7374207135 3.686437668331353e+16 1.99665337445333e+54 6.419870071111406e+49 13059203442.272697 84
1.7669449974852911e+46 8.828106045516171e+73 528744.4814786387 3.526975277670045e+22 2.483347254902141e+36 9.73866041287211e+49 226924486700.20996 1.99665337445333e+54 6.419870071111406e+49 84
1.7669449974852911e+46 8.828106045516171e+73 2.4554902717989884e+66 3.526975277670045e+22 3.5230016502518094e-73 9.73866041287211e+49 3.135737829270607e+25 9.392865721972774e+27 1.1853857575132513e+18 5.180657536292135e+50 5780.941571876698 0.007002836287217797 3155890.305196391 0.07794574166162627 12.633476482220651 3747619.7374207135 509.6157899336391 1.99665337445333e+54 842.4367042880691 13059203442.272697 9.300141719218332e+19 85
1.7669449974852911e+46 8.828106045516171e+73 2.4554902717989884e+66 3.526975277670045e+22 2.483347254902141e+36 3.100047239739446e+19 5.180657536292135e+50 64978039295.15832 1.0184683115903669e+27 7.827464630190797e+18 3.1287367181709906e+21 8134743954952.904 3854.541577162293 1.99665337445333e+54 0.75 6785554.178975862 9.300141719218332e+19 84
1.7669449974852911e+46 8.828106045516171e+73 2.4554902717989884e+66 2.483347254902141e+36 9.73866041287211e+49 3.135737829270607e+25 1.1853857575132513e+18 5.180657536292135e+50 6822968131524073.0 0.07794574166162627 5785.800802173846 1.1624299961854282e+22 1.99665337445333e+54 842.4367042880691 84
1.7669449974852911e+46 8.828106045516171e+73 2.4554902717989884e+66 12005947.639426414 2.483347254902141e+36 9.73866041287211e+49 0.03529618490337793 3.662632902350239e-197 0.004037255907320443 5.180657536292135e+50 3436839.129611152 6822968131524073.0 7.827464630190797e+18 3.817300935192007e+17 12.633476482220651 3747619.7374207135 27859.652397544778 1.99665337445333e+54 6.419870071111406e+49 102928.83131356369 9.300141719218332e+19 84
1.7669449974852911e+46 8.828106045516171e+73 2.4554902717989884e+66 3.526975277670045e+22 10232338361.475574 204.91703617817896 3.135737829270607e+25 9.392865721972774e+27 1.1853857575132513e+18 5.180657536292135e+50 1.0184683115903669e+27 3155890.305196391 3.817300935192007e+17 3.1287367181709906e+21 8134743954952.904 0.0006135898587222775 1.99665337445333e+54 6.419870071111406e+49 13059203442.272697 9.300141719218332e+19 85
1.7669449974852911e+46 8.828106045516171e+73 2.4554902717989884e+66 12005947.639426414 2.483347254902141e+36 9.73866041287211e+49 3.135737829270607e+25 3.100047239739446e+19 21.94484113032337 5.180657536292135e+50 6822968131524073.0 12.633476482220651 3747619.7374207135 1.99665337445333e+54 6.419870071111406e+49 84
4.898575158011793e+24 8.828106045516171e+73 528744.4814786387 3.526975277670045e+22 4667663.060325881 9.73866041287211e+49 3.135737829270607e+25 3.100047239739446e+19 371251350719824.56 226924486700.20996 3436839.129611152 1.0184683115903669e+27 7.827464630190797e+18 1.2803890538591306e+17 3.1287367181709906e+21 509.6157899336391 371594.7242003426 6.419870071111406e+49 102928.83131356369 84
1.7669449974852911e+46 8.828106045516171e+73 2.4554902717989884e+66 12005947.639426414 4667663.060325881 9.73866041287211e+49 335.69291626009425 9.392865721972774e+27 21.94484113032337 3436839.129611152 1.0184683115903669e+27 7.827464630190797e+18 8134743954952.904 1.99665337445333e+54 6.419870071111406e+49 84
1.7669449974852911e+46 0.005882697483896321 528744.4814786387 1.99665337445333e+54 6.419870071111406e+49 84
1.7669449974852911e+46 8.828106045516171e+73 2.4554902717989884e+66 12005947.639426414 2.483347254902141e+36 9.73866041287211e+49 27216383519661.465 9.392865721972774e+27 4.9441829672595665e-197 226924486700.20996 64978039295.15832 6822968131524073.0 139.70566473720814 0.07794574166162627 3.1287367181709906e+21 3.686437668331353e+16 27859.652397544778 1.99665337445333e+54 6.419870071111406e+49 13059203442.272697 84
1.7669449974852911e+46 8.828106045516171e+73 2.4554902717989884e+66 3.526975277670045e+22 3.5230016502518094e-73 204.91703617817896 84
1.7669449974852911e+46 8.828106045516171e+73 2.4554902717989884e+66 3.526975277670045e+22 10232338361.475574 204.91703617817896 3.135737829270607e+25 9.392865721972774e+27 1.1853857575132513e+18 5.180657536292135e+50 1.0184683115903669e+27 3155890.305196391 3.817300935192007e+17 3.1287367181709906e+21 8134743954952.904 0.0006135898587222775 1.99665337445333e+54 6.419870071111406e+49 13059203442.272697 9.300141719218332e+19 85
1.7669449974852911e+46 8.828106045516171e+73 2.4554902717989884e+66 2.483347254902141e+36 9.73866041287211e+49 3.135737829270607e+25 3.662632902350239e-197 4.9441829672595665e-197 226924486700.20996 3436839.129611152 1.0184683115903669e+27 3155890.305196391 1.2803890538591306e+17 3.1287367181709906e+21 3.686437668331353e+16 1.1624299961854282e+22 1.99665337445333e+54 6.419870071111406e+49 84
4.898575158011793e+24 8.828106045516171e+73 2.4554902717989884e+66 12005947.639426414 2.483347254902141e+36 9.73866041287211e+49 3.135737829270607e+25 3.100047239739446e+19 1.1853857575132513e+18 226924486700.20996 3436839.129611152 1.0184683115903669e+27 3825463860894.3813 1.2803890538591306e+17 3.1287367181709906e+21 3747619.7374207135 8134743954952.904 1.1624299961854282e+22 1.99665337445333e+54 6.419870071111406e+49 102928.83131356369 9.300141719218332e+19 84
4.898575158011793e+24 8.828106045516171e+73 2.4554902717989884e+66 12005947.639426414 2.483347254902141e+36 9.73866041287211e+49 3.135737829270607e+25 3.100047239739446e+19 0.004037255907320443 226924486700.20996 3436839.129611152 6822968131524073.0 3825463860894.3813 3.817300935192007e+17 5785.800802173846 509.6157899336391 1.1624299961854282e+22 1.99665337445333e+54 6.419870071111406e+49 13059203442.272697 9.300141719218332e+19 85
4.898575158011793e+24 8.828106045516171e+73 2.4554902717989884e+66 3.526975277670045e+22 2.483347254902141e+36 27216383519661.465 9.392865721972774e+27 4.9441829672595665e-197 226924486700.20996 6697027406.293694 1.0184683115903669e+27 7.827464630190797e+18 3.817300935192007e+17 12.633476482220651 3747619.7374207135 509.6157899336391 27859.652397544778 1.99665337445333e+54 842.4367042880691 6785554.178975862 9.300141719218332e+19 84
4.898575158011793e+24 8.828106045516171e+73 2.4554902717989884e+66 4667663.060325881 9.73866041287211e+49 5.180657536292135e+50 1.99665337445333e+54 6.419870071111406e+49 13059203442.272697 9.300141719218332e+19 84
1.7669449974852911e+46 8.828106045516171e+73 2.4554902717989884e+66 12224.241630505638 2.483347254902141e+36 9.73866041287211e+49 27216383519661.465 1.1853857575132513e+18 5.180657536292135e+50 64978039295.15832 1.0184683115903669e+27 7.827464630190797e+18 3.1287367181709906e+21 371594.7242003426 842.4367042880691 13059203442.272697 9.300141719218332e+19 84
4.898575158011793e+24 8.828106045516171e+73 2.4554902717989884e+66 3.526975277670045e+22 2.483347254902141e+36 9.73866041287211e+49 3.135737829270607e+25 0.26 9.071310641200656 5.180657536292135e+50 6697027406.293694 0.007002836287217797 7.827464630190797e+18 1.2803890538591306e+17 5785.800802173846 8134743954952.904 3854.541577162293 1.99665337445333e+54 6.419870071111406e+49 85
4.898575158011793e+24 8.828106045516171e+73 2.4554902717989884e+66 85
1.7669449974852911e+46 8.828106045516171e+73 2.4554902717989884e+66 3.526975277670045e+22 2.483347254902141e+36 9.73866041287211e+49 27216383519661.465 9.392865721972774e+27 371251350719824.56 5.180657536292135e+50 5780.941571876698 6822968131524073.0 3825463860894.3813 1.2803890538591306e+17 3.1287367181709906e+21 3.686437668331353e+16 27859.652397544778 1.99665337445333e+54 6.419870071111406e+49 6785554.178975862 9.300141719218332e+19 84
1.7669449974852911e+46 0.005882697483896321 528744.4814786387 3.526975277670045e+22 2.483347254902141e+36 9.73866041287211e+49 27216383519661.465 9.392865721972774e+27 1.1853857575132513e+18 5.180657536292135e+50 6697027406.293694 1.0184683115903669e+27 3155890.305196391 0.007005826427409003 3854.541577162293 1.99665337445333e+54 6.419870071111406e+49 84
1.7669449974852911e+46 8.828106045516171e+73 2.4554902717989884e+66 3.526975277670045e+22 2.483347254902141e+36 9.73866041287211e+49 27216383519661.465 3.100047239739446e+19 371251350719824.56 5.180657536292135e+50 64978039295.15832 1.0184683115903669e+27 7.827464630190797e+18 3.817300935192007e+17 3.1287367181709906e+21 509.6157899336391 1.99665337445333e+54 6.419870071111406e+49 102928.83131356369 9.300141719218332e+19 84
4.898575158011793e+24 8.828106045516171e+73 2.4554902717989884e+66 3.526975277670045e+22 4667663.060325881 9.73866041287211e+49 1.1853857575132513e+18 5.180657536292135e+50 1.967009254723927e-72 6.419870071111406e+49 84
1.7669449974852911e+46 8.828106045516171e+73 2.4554902717989884e+66 3.526975277670045e+22 2.483347254902141e+36 9.73866041287211e+49 27216383519661.465 9.392865721972774e+27 1.1853857575132513e+18 5.180657536292135e+50 6697027406.293694 1488.0640676037458 3.686437668331353e+16 27859.652397544778 1.99665337445333e+54 6.419870071111406e+49 13059203442.272697 0.04015568168975325 84
4.898575158011793e+24 8.828106045516171e+73 2.4554902717989884e+66 85
1.7669449974852911e+46 8.828106045516171e+73 2.4554902717989884e+66 3.526975277670045e+22 2.483347254902141e+36 9.73866041287211e+49 3.135737829270607e+25 3.100047239739446e+19 371251350719824.56 5.180657536292135e+50 3747619.7374207135 1.99665337445333e+54 6.419870071111406e+49 9.300141719218332e+19 84
1.7669449974852911e+46 8.828106045516171e+73 2.4554902717989884e+66 12005947.639426414 2.483347254902141e+36 9.73866041287211e+49 0.03529618490337793 3.100047239739446e+19 4.9441829672595665e-197 226924486700.20996 3436839.129611152 1.0184683115903669e+27 3825463860894.3813 3.817300935192007e+17 12.633476482220651 27859.652397544778 1.99665337445333e+54 6.419870071111406e+49 102928.83131356369 84
1.7669449974852911e+46 8.828106045516171e+73 2.4554902717989884e+66 0.00023315020393068823 2.483347254902141e+36 3.135737829270607e+25 3.100047239739446e+19 0.004037255907320443 5.180657536292135e+50 64978039295.15832 6822968131524073.0 7.827464630190797e+18 1.2803890538591306e+17 12.633476482220651 509.6157899336391 3854.541577162293 1.99665337445333e+54 6.419870071111406e+49 102928.83131356369 9.300141719218332e+19 84
4.898575158011793e+24 8.828106045516171e+73 2.4554902717989884e+66 12005947.639426414 10232338361.475574 9.73866041287211e+49 1101616.8758379566 1488.0640676037458 3.817300935192007e+17 3.1287367181709906e+21 8134743954952.904 371594.7242003426 0.008668225918658597 85
1.7669449974852911e+46 8.828106045516171e+73 528744.4814786387 3.526975277670045e+22 9.73866041287211e+49 3.135737829270607e+25 3.100047239739446e+19 0.004037255907320443 226924486700.20996 64978039295.15832 139.70566473720814 3.817300935192007e+17 3.1287367181709906e+21 1.99665337445333e+54 6.419870071111406e+49 84
4.898575158011793e+24 8.828106045516171e+73 2.4554902717989884e+66 4667663.060325881 9.73866041287211e+49 5.180657536292135e+50 1.99665337445333e+54 6.419870071111406e+49 13059203442.272697 9.300141719218332e+19 84
1.7669449974852911e+46 8.828106045516171e+73 2.4554902717989884e+66 12005947.639426414 2.483347254902141e+36 9.73866041287211e+49 335.69291626009425 3.100047239739446e+19 1.1853857575132513e+18 5.180657536292135e+50 1.0184683115903669e+27 7.827464630190797e+18 3.817300935192007e+17 5785.800802173846 3747619.7374207135 8134743954952.904 1.1624299961854282e+22 1.99665337445333e+54 6.419870071111406e+49 84
4.898575158011793e+24 8.828106045516171e+73 2.4554902717989884e+66 3.526975277670045e+22 4667663.060325881 9.73866041287211e+49 27216383519661.465 9.392865721972774e+27 1.1853857575132513e+18 5.180657536292135e+50 6697027406.293694 1488.0640676037458 3155890.305196391 8134743954952.904 371594.7242003426 6.419870071111406e+49 85
4.898575158011793e+24 8.828106045516171e+73 2.4554902717989884e+66 85
1.7669449974852911e+46 8.828106045516171e+73 2.4554902717989884e+66 4667663.060325881 335.69291626009425 9.392865721972774e+27 1.1853857575132513e+18 5.180657536292135e+50 1101616.8758379566 1.0184683115903669e+27 7.827464630190797e+18 3.817300935192007e+17 3.1287367181709906e+21 1.1624299961854282e+22 1.99665337445333e+54 6.419870071111406e+49 84
1.7669449974852911e+46 8.828106045516171e+73 2.4554902717989884e+66 12224.241630505638 2.483347254902141e+36 9.73866041287211e+49 3.135737829270607e+25 3.100047239739446e+19 21.94484113032337 226924486700.20996 5780.941571876698 6822968131524073.0 1.2803890538591306e+17 3.1287367181709906e+21 1.1624299961854282e+22 1.99665337445333e+54 842.4367042880691 102928.83131356369 9.300141719218332e+19 84
4.898575158011793e+24 8.828106045516171e+73 2.4554902717989884e+66 3.526975277670045e+22 2.483347254902141e+36 9.73866041287211e+49 27216383519661.465 9.392865721972774e+27 9.071310641200656 5.180657536292135e+50 3436839.129611152 1488.0640676037458 7.827464630190797e+18 1.2803890538591306e+17 3.1287367181709906e+21 8134743954952.904 1.99665337445333e+54 842.4367042880691 6785554.178975862 9.300141719218332e+19 85
1.7669449974852911e+46 8.828106045516171e+73 2.4554902717989884e+66 3.526975277670045e+22 10232338361.475574 9.73866041287211e+49 27216383519661.465 3.100047239739446e+19 371251350719824.56 5.180657536292135e+50 5780.941571876698 6822968131524073.0 7.827464630190797e+18 1.2803890538591306e+17 12.633476482220651 3747619.7374207135 0.007005826427409003 1.1624299961854282e+22 1.99665337445333e+54 6.419870071111406e+49 6785554.178975862 9.300141719218332e+19 84
1.7669449974852911e+46 8.828106045516171e+73 2.4554902717989884e+66 12224.241630505638 2.483347254902141e+36 9.73866041287211e+49 3.135737829270607e+25 3.100047239739446e+19 371251350719824.56 5.180657536292135e+50 6697027406.293694 1.0184683115903669e+27 3825463860894.3813 0.07794574166162627 3.1287367181709906e+21 3.686437668331353e+16 27859.652397544778 1.99665337445333e+54 6.419870071111406e+49 102928.83131356369 9.300141719218332e+19 84
4.898575158011793e+24 8.828106045516171e+73 2.4554902717989884e+66 12224.241630505638 10232338361.475574 9.73866041287211e+49 0.03529618490337793 9.392865721972774e+27 371251350719824.56 5.180657536292135e+50 0.007002836287217797 7.827464630190797e+18 3.817300935192007e+17 3.1287367181709906e+21 8134743954952.904 3854.541577162293 1.99665337445333e+54 6.419870071111406e+49 85
4.898575158011793e+24 8.828106045516171e+73 2.4554902717989884e+66 3.526975277670045e+22 2.483347254902141e+36 9.73866041287211e+49 3.135737829270607e+25 9.392865721972774e+27 371251350719824.56 226924486700.20996 6697027406.293694 1.0184683115903669e+27 3155890.305196391 0.07794574166162627 12.633476482220651 3.686437668331353e+16 27859.652397544778 1.99665337445333e+54 6.419870071111406e+49 13059203442.272697 9.300141719218332e+19 85
1.7669449974852911e+46 8.828106045516171e+73 2.4554902717989884e+66 12005947.639426414 2.483347254902141e+36 204.91703617817896 9.392865721972774e+27 1.1853857575132513e+18 3436839.129611152 1.0184683115903669e+27 3.686437668331353e+16 27859.652397544778 84
1.7669449974852911e+46 8.828106045516171e+73 2.4554902717989884e+66 12224.241630505638 2.483347254902141e+36 9.73866041287211e+49 27216383519661.465 3.100047239739446e+19 0.004037255907320443 226924486700.20996 6697027406.293694 6822968131524073.0 3155890.305196391 1.2803890538591306e+17 12.633476482220651 3747619.7374207135 27859.652397544778 1.99665337445333e+54 6.419870071111406e+49 102928.83131356369 84
1.7669449974852911e+46 8.828106045516171e+73 2.4554902717989884e+66 3.526975277670045e+22 2.483347254902141e+36 9.73866041287211e+49 3.135737829270607e+25 3.100047239739446e+19 21.94484113032337 5.180657536292135e+50 3436839.129611152 1.0184683115903669e+27 3825463860894.3813 12.633476482220651 3747619.7374207135 3.686437668331353e+16 1.1624299961854282e+22 1.99665337445333e+54 0.008668225918658597 85
1.7669449974852911e+46 8.828106045516171e+73 2.4554902717989884e+66 12005947.639426414 10232338361.475574 204.91703617817896 1.1853857575132513e+18 1101616.8758379566 1488.0640676037458 371594.7242003426 842.4367042880691 85
1.7669449974852911e+46 8.828106045516171e+73 2.4554902717989884e+66 2.483347254902141e+36 3.135737829270607e+25 3.100047239739446e+19 0.004037255907320443 226924486700.20996 64978039295.15832 1.0184683115903669e+27 3825463860894.3813 3.817300935192007e+17 12.633476482220651 3.686437668331353e+16 1.1624299961854282e+22 1.99665337445333e+54 6.419870071111406e+49 102928.83131356369 84
1.7669449974852911e+46 8.828106045516171e+73 2.4554902717989884e+66 12005947.639426414 2.483347254902141e+36 9.73866041287211e+49 0.004037255907320443 226924486700.20996 5780.941571876698 6822968131524073.0 3825463860894.3813 3.817300935192007e+17 3.686437668331353e+16 1.1624299961854282e+22 1.99665337445333e+54 842.4367042880691 84
1.7669449974852911e+46 8.828106045516171e+73 2.4554902717989884e+66 12224.241630505638 2.483347254902141e+36 9.73866041287211e+49 0.04015568168975325 84
4.898575158011793e+24 8.828106045516171e+73 2.4554902717989884e+66 2.483347254902141e+36 9.73866041287211e+49 3.135737829270607e+25 9.392865721972774e+27 1.1853857575132513e+18 5.180657536292135e+50 6697027406.293694 1.0184683115903669e+27 7.827464630190797e+18 1.2803890538591306e+17 3.1287367181709906e+21 8134743954952.904 1.99665337445333e+54 6.419870071111406e+49 84
4.898575158011793e+24 8.828106045516171e+73 2.4554902717989884e+66 3.526975277670045e+22 4667663.060325881 9.73866041287211e+49 27216383519661.465 9.392865721972774e+27 1.1853857575132513e+18 5.180657536292135e+50 1101616.8758379566 1488.0640676037458 7.827464630190797e+18 8134743954952.904 3854.541577162293 1.99665337445333e+54 6.419870071111406e+49 85
1.7669449974852911e+46 8.828106045516171e+73 2.4554902717989884e+66 3.526975277670045e+22 10232338361.475574 204.91703617817896 3.135737829270607e+25 9.392865721972774e+27 1.1853857575132513e+18 5.180657536292135e+50 1.0184683115903669e+27 3155890.305196391 3.817300935192007e+17 3.1287367181709906e+21 8134743954952.904 0.0006135898587222775 1.99665337445333e+54 6.419870071111406e+49 13059203442.272697 9.300141719218332e+19 85
4.898575158011793e+24 8.828106045516171e+73 2.4554902717989884e+66 3.526975277670045e+22 4667663.060325881 9.73866041287211e+49 27216383519661.465 9.392865721972774e+27 371251350719824.56 5.180657536292135e+50 6697027406.293694 1.0184683115903669e+27 7.827464630190797e+18 8134743954952.904 3854.541577162293 371594.7242003426 6.419870071111406e+49 85
1.7669449974852911e+46 8.828106045516171e+73 2.4554902717989884e+66 3.526975277670045e+22 2.483347254902141e+36 9.73866041287211e+49 0.03529618490337793 3.100047239739446e+19 21.94484113032337 226924486700.20996 64978039295.15832 6822968131524073.0 139.70566473720814 3.686437668331353e+16 1.1624299961854282e+22 1.99665337445333e+54 6.419870071111406e+49 84
1.7669449974852911e+46 8.828106045516171e+73 2.4554902717989884e+66 12224.241630505638 2.483347254902141e+36 9.73866041287211e+49 3.135737829270607e+25 3.100047239739446e+19 371251350719824.56 5.180657536292135e+50 6697027406.293694 1.0184683115903669e+27 3825463860894.3813 0.07794574166162627 3.1287367181709906e+21 3.686437668331353e+16 27859.652397544778 1.99665337445333e+54 6.419870071111406e+49 102928.83131356369 9.300141719218332e+19 84
1.7669449974852911e+46 8.828106045516171e+73 2.4554902717989884e+66 3.526975277670045e+22 2.483347254902141e+36 9.73866041287211e+49 3.135737829270607e+25 9.392865721972774e+27 4.9441829672595665e-197 226924486700.20996 5780.941571876698 1.0184683115903669e+27 3825463860894.3813 1.2803890538591306e+17 12.633476482220651 3747619.7374207135 3.686437668331353e+16 27859.652397544778 1.99665337445333e+54 6.419870071111406e+49 102928.83131356369 84
4.898575158011793e+24 8.828106045516171e+73 2.4554902717989884e+66 12224.241630505638 2.483347254902141e+36 3.135737829270607e+25 3.100047239739446e+19 371251350719824.56 5.180657536292135e+50 6697027406.293694 1.0184683115903669e+27 3155890.305196391 1.2803890538591306e+17 12.633476482220651 27859.652397544778 1.99665337445333e+54 6.419870071111406e+49 102928.83131356369 9.300141719218332e+19 84
1.7669449974852911e+46 8.828106045516171e+73 528744.4814786387 3.526975277670045e+22 2.483347254902141e+36 9.73866041287211e+49 226924486700.20996 1.99665337445333e+54 6.419870071111406e+49 84
8.828106045516171e+73 2.4554902717989884e+66 3.526975277670045e+22 2.483347254902141e+36 9.73866041287211e+49 9.392865721972774e+27 21.94484113032337 226924486700.20996 3436839.129611152 1.1624299961854282e+22 84
1.7669449974852911e+46 8.828106045516171e+73 2.4554902717989884e+66 12224.241630505638 2.483347254902141e+36 9.73866041287211e+49 27216383519661.465 3.100047239739446e+19 9.071310641200656 5.180657536292135e+50 5780.941571876698 1.0184683115903669e+27 3825463860894.3813 3.817300935192007e+17 8134743954952.904 1.1624299961854282e+22 371594.7242003426 6.419870071111406e+49 13059203442.272697 84
1.7669449974852911e+46 8.828106045516171e+73 2.4554902717989884e+66 2.483347254902141e+36 3.135737829270607e+25 3.100047239739446e+19 4.9441829672595665e-197 226924486700.20996 3436839.129611152 6822968131524073.0 3825463860894.3813 12.633476482220651 3.686437668331353e+16 27859.652397544778 1.99665337445333e+54 6.419870071111406e+49 13059203442.272697 9.300141719218332e+19 84
4.898575158011793e+24 8.828106045516171e+73 2.4554902717989884e+66 2.483347254902141e+36 9.73866041287211e+49 3.135737829270607e+25 3.100047239739446e+19 21.94484113032337 226924486700.20996 64978039295.15832 6822968131524073.0 3155890.305196391 3.686437668331353e+16 1.99665337445333e+54 6.419870071111406e+49 102928.83131356369 9.300141719218332e+19 85
1.7669449974852911e+46 8.828106045516171e+73 2.4554902717989884e+66 3.526975277670045e+22 4667663.060325881 9.73866041287211e+49 3.135737829270607e+25 5.180657536292135e+50 1101616.8758379566 1.0184683115903669e+27 3155890.305196391 1.99665337445333e+54 0.008668225918658597 6785554.178975862 9.300141719218332e+19 84
4.898575158011793e+24 8.828106045516171e+73 2.4554902717989884e+66 12224.241630505638 2.483347254902141e+36 9.73866041287211e+49 3.135737829270607e+25 9.392865721972774e+27 1.1853857575132513e+18 5.180657536292135e+50 6697027406.293694 1.0184683115903669e+27 3155890.305196391 3.817300935192007e+17 12.633476482220651 3747619.7374207135 1.99665337445333e+54 6.419870071111406e+49 84
4.898575158011793e+24 8.828106045516171e+73 2.4554902717989884e+66 9.73866041287211e+49 3.135737829270607e+25 9.392865721972774e+27 1.1853857575132513e+18 5.180657536292135e+50 6697027406.293694 1.0184683115903669e+27 3155890.305196391 1.99665337445333e+54 842.4367042880691 85
4.898575158011793e+24 0.005882697483896321 528744.4814786387 3.526975277670045e+22 2.483347254902141e+36 9.73866041287211e+49 27216383519661.465 9.392865721972774e+27 9.071310641200656 5.180657536292135e+50 1101616.8758379566 1.0184683115903669e+27 3155890.305196391 0.07794574166162627 3747619.7374207135 1.99665337445333e+54 6.419870071111406e+49 6785554.178975862 9.300141719218332e+19 85
4.898575158011793e+24 8.828106045516171e+73 2.4554902717989884e+66 1.6885171696625225e-199 2.483347254902141e+36 9.73866041287211e+49 27216383519661.465 9.392865721972774e+27 4.9441829672595665e-197 226924486700.20996 3436839.129611152 0.007002836287217797 7.827464630190797e+18 1.2803890538591306e+17 3.1287367181709906e+21 0.007005826427409003 0.0006135898587222775 1.99665337445333e+54 6.419870071111406e+49 13059203442.272697 9.300141719218332e+19 85
4.898575158011793e+24 8.828106045516171e+73 2.4554902717989884e+66 12224.241630505638 2.483347254902141e+36 9.73866041287211e+49 3.135737829270607e+25 9.392865721972774e+27 1.1853857575132513e+18 5.180657536292135e+50 6697027406.293694 1.0184683115903669e+27 3155890.305196391 3.817300935192007e+17 12.633476482220651 3747619.7374207135 1.99665337445333e+54 6.419870071111406e+49 84
1.7669449974852911e+46 8.828106045516171e+73 2.4554902717989884e+66 84
1.7669449974852911e+46 8.828106045516171e+73 2.4554902717989884e+66 12224.241630505638 4667663.060325881 9.73866041287211e+49 3.135737829270607e+25 3.100047239739446e+19 1.1853857575132513e+18 5.180657536292135e+50 6697027406.293694 1.0184683115903669e+27 3155890.305196391 509.6157899336391 1.99665337445333e+54 842.4367042880691 84
1.7669449974852911e+46 8.828106045516171e+73 528744.4814786387 12224.241630505638 4667663.060325881 204.91703617817896 3.135737829270607e+25 9.392865721972774e+27 1.1853857575132513e+18 226924486700.20996 1101616.8758379566 1488.0640676037458 7.827464630190797e+18 3.686437668331353e+16 1.5941726395537156e-199 1.99665337445333e+54 6.419870071111406e+49 102928.83131356369 0.04015568168975325 84
1.7669449974852911e+46 8.828106045516171e+73 2.4554902717989884e+66 1.99665337445333e+54 6.419870071111406e+49 84
4.898575158011793e+24 8.828106045516171e+73 2.4554902717989884e+66 12224.241630505638 4667663.060325881 9.73866041287211e+49 27216383519661.465 9.392865721972774e+27 371251350719824.56 5.180657536292135e+50 1488.0640676037458 7.827464630190797e+18 8134743954952.904 371594.7242003426 6.419870071111406e+49 85
1.7669449974852911e+46 8.828106045516171e+73 2.4554902717989884e+66 2.483347254902141e+36 204.91703617817896 0.03529618490337793 3.662632902350239e-197 21.94484113032337 5.180657536292135e+50 3436839.129611152 1.0184683115903669e+27 7.827464630190797e+18 1.2803890538591306e+17 3.1287367181709906e+21 3747619.7374207135 3.686437668331353e+16 27859.652397544778 1.99665337445333e+54 6.419870071111406e+49 102928.83131356369 84
1.7669449974852911e+46 8.828106045516171e+73 2.4554902717989884e+66 3.526975277670045e+22 2.483347254902141e+36 27216383519661.465 371251350719824.56 5.180657536292135e+50 3436839.129611152 1488.0640676037458 7.827464630190797e+18 3.817300935192007e+17 3.1287367181709906e+21 3.686437668331353e+16 27859.652397544778 1.99665337445333e+54 6.419870071111406e+49 13059203442.272697 9.300141719218332e+19 84
1.7669449974852911e+46 8.828106045516171e+73 2.4554902717989884e+66 3.526975277670045e+22 10232338361.475574 1.1853857575132513e+18 5.180657536292135e+50 7.827464630190797e+18 1.2803890538591306e+17 3.1287367181709906e+21 1.99665337445333e+54 6.419870071111406e+49 84
1.7669449974852911e+46 8.828106045516171e+73 2.4554902717989884e+66 0.03529618490337793 3.100047239739446e+19 226924486700.20996 3436839.129611152 6822968131524073.0 7.827464630190797e+18 1.99665337445333e+54 842.4367042880691 102928.83131356369 9.300141719218332e+19 84
1.7669449974852911e+46 8.828106045516171e+73 2.4554902717989884e+66 12224.241630505638 4667663.060325881 9.73866041287211e+49 3.135737829270607e+25 3.100047239739446e+19 1.1853857575132513e+18 5.180657536292135e+50 6697027406.293694 1.0184683115903669e+27 3155890.305196391 509.6157899336391 1.99665337445333e+54 842.4367042880691 84
1.7669449974852911e+46 8.828106045516171e+73 528744.4814786387 12224.241630505638 4667663.060325881 204.91703617817896 3.135737829270607e+25 9.392865721972774e+27 1.1853857575132513e+18 226924486700.20996 1101616.8758379566 1488.0640676037458 7.827464630190797e+18 3.686437668331353e+16 1.5941726395537156e-199 1.99665337445333e+54 6.419870071111406e+49 102928.83131356369 0.04015568168975325 84
4.898575158011793e+24 8.828106045516171e+73 2.4554902717989884e+66 12224.241630505638 10232338361.475574 9.73866041287211e+49 27216383519661.465 9.392865721972774e+27 1.1853857575132513e+18 5.180657536292135e+50 1101616.8758379566 1488.0640676037458 7.827464630190797e+18 3.817300935192007e+17 3.1287367181709906e+21 8134743954952.904 1.99665337445333e+54 6.419870071111406e+49 85
1.7669449974852911e+46 8.828106045516171e+73 2.4554902717989884e+66 12005947.639426414 2.483347254902141e+36 9.73866041287211e+49 3.135737829270607e+25 9.392865721972774e+27 21.94484113032337 226924486700.20996 6697027406.293694 1.0184683115903669e+27 3155890.305196391 3.817300935192007e+17 5785.800802173846 3747619.7374207135 3.686437668331353e+16 1.1624299961854282e+22 1.99665337445333e+54 6.419870071111406e+49 102928.83131356369 2.0749548641810266e-199 84
1.7669449974852911e+46 8.828106045516171e+73 2.4554902717989884e+66 12224.241630505638 4667663.060325881 9.73866041287211e+49 3.686437668331353e+16 3854.541577162293 371594.7242003426 0.008668225918658597 6785554.178975862 9.300141719218332e+19 85
1.7669449974852911e+46 8.828106045516171e+73 2.4554902717989884e+66 3.526975277670045e+22 4667663.060325881 9.73866041287211e+49 0.03529618490337793 9.392865721972774e+27 1.1853857575132513e+18 5.180657536292135e+50 6697027406.293694 1.0184683115903669e+27 3155890.305196391 1.2803890538591306e+17 5785.800802173846 3.686437668331353e+16 27859.652397544778 1.99665337445333e+54 6.419870071111406e+49 84
4.898575158011793e+24 8.828106045516171e+73 2.4554902717989884e+66 3.526975277670045e+22 10232338361.475574 9.73866041287211e+49 27216383519661.465 9.392865721972774e+27 371251350719824.56 5.180657536292135e+50 3436839.129611152 1488.0640676037458 3.817300935192007e+17 3.1287367181709906e+21 3.686437668331353e+16 1.1624299961854282e+22 1.99665337445333e+54 6.419870071111406e+49 85
4.898575158011793e+24 8.828106045516171e+73 2.4554902717989884e+66 12005947.639426414 10232338361.475574 9.73866041287211e+49 3.135737829270607e+25 9.392865721972774e+27 1.1853857575132513e+18 5.180657536292135e+50 1101616.8758379566 1.0184683115903669e+27 3155890.305196391 1.2803890538591306e+17 3.1287367181709906e+21 509.6157899336391 1.5941726395537156e-199 1.99665337445333e+54 6.419870071111406e+49 6785554.178975862 85
1.7669449974852911e+46 8.828106045516171e+73 2.4554902717989884e+66 3.135737829270607e+25 3.100047239739446e+19 371251350719824.56 226924486700.20996 64978039295.15832 1.0184683115903669e+27 3825463860894.3813 0.07794574166162627 5785.800802173846 3.686437668331353e+16 1.1624299961854282e+22 1.99665337445333e+54 6.419870071111406e+49 84
4.898575158011793e+24 8.828106045516171e+73 528744.4814786387 3.526975277670045e+22 2.483347254902141e+36 204.91703617817896 3.135737829270607e+25 9.392865721972774e+27 1.1853857575132513e+18 226924486700.20996 5780.941571876698 3825463860894.3813 3.817300935192007e+17 12.633476482220651 1.99665337445333e+54 6.419870071111406e+49 84
4.898575158011793e+24 8.828106045516171e+73 2.4554902717989884e+66 3.526975277670045e+22 2.483347254902141e+36 9.73866041287211e+49 27216383519661.465 9.392865721972774e+27 371251350719824.56 5.180657536292135e+50 6697027406.293694 3155890.305196391 1.2803890538591306e+17 3.1287367181709906e+21 509.6157899336391 1.1624299961854282e+22 1.99665337445333e+54 6.419870071111406e+49 13059203442.272697 9.300141719218332e+19 85
4.898575158011793e+24 8.828106045516171e+73 2.4554902717989884e+66 0.00023315020393068823 4667663.060325881 9.73866041287211e+49 335.69291626009425 9.392865721972774e+27 371251350719824.56 5.180657536292135e+50 1101616.8758379566 1.0184683115903669e+27 3155890.305196391 3.817300935192007e+17 3.1287367181709906e+21 8134743954952.904 1.1624299961854282e+22 1.99665337445333e+54 0.008668225918658597 85
4.898575158011793e+24 8.828106045516171e+73 2.4554902717989884e+66 12224.241630505638 10232338361.475574 9.73866041287211e+49 0.03529618490337793 9.392865721972774e+27 371251350719824.56 5.180657536292135e+50 0.007002836287217797 7.827464630190797e+18 3.817300935192007e+17 3.1287367181709906e+21 8134743954952.904 3854.541577162293 1.99665337445333e+54 6.419870071111406e+49 85
1.7669449974852911e+46 0.005882697483896321 528744.4814786387 12005947.639426414 2.483347254902141e+36 9.73866041287211e+49 84
1.7669449974852911e+46 8.828106045516171e+73 2.4554902717989884e+66 3.526975277670045e+22 10232338361.475574 9.73866041287211e+49 27216383519661.465 9.392865721972774e+27 4.9441829672595665e-197 5.180657536292135e+50 5780.941571876698 1.0184683115903669e+27 7.827464630190797e+18 1.2803890538591306e+17 12.633476482220651 3747619.7374207135 8134743954952.904 1.99665337445333e+54 6.419870071111406e+49 13059203442.272697 9.300141719218332e+19 84
4.898575158011793e+24 8.828106045516171e+73 2.4554902717989884e+66 12224.241630505638 2.483347254902141e+36 9.73866041287211e+49 0.03529618490337793 3.100047239739446e+19 0.004037255907320443 226924486700.20996 3436839.129611152 6822968131524073.0 3825463860894.3813 3.817300935192007e+17 3.1287367181709906e+21 3.686437668331353e+16 1.1624299961854282e+22 1.99665337445333e+54 6.419870071111406e+49 13059203442.272697 9.300141719218332e+19 84
1.7669449974852911e+46 8.828106045516171e+73 2.4554902717989884e+66 12224.241630505638 4667663.060325881 9.73866041287211e+49 3.135737829270607e+25 3.100047239739446e+19 1.1853857575132513e+18 5.180657536292135e+50 6697027406.293694 1.0184683115903669e+27 3155890.305196391 509.6157899336391 1.99665337445333e+54 842.4367042880691 84
4.898575158011793e+24 8.828106045516171e+73 2.4554902717989884e+66 1.6885171696625225e-199 2.483347254902141e+36 9.73866041287211e+49 27216383519661.465 9.392865721972774e+27 4.9441829672595665e-197 226924486700.20996 3436839.129611152 0.007002836287217797 7.827464630190797e+18 1.2803890538591306e+17 3.1287367181709906e+21 0.007005826427409003 0.0006135898587222775 1.99665337445333e+54 6.419870071111406e+49 13059203442.272697 9.300141719218332e+19 85
1.7669449974852911e+46 0.005882697483896321 528744.4814786387 2.483347254902141e+36 9.73866041287211e+49 3.135737829270607e+25 3.100047239739446e+19 21.94484113032337 226924486700.20996 5780.941571876698 6822968131524073.0 3825463860894.3813 0.07794574166162627 3.686437668331353e+16 1.1624299961854282e+22 1.99665337445333e+54 6.419870071111406e+49 102928.83131356369 9.300141719218332e+19 85
4.898575158011793e+24 8.828106045516171e+73 2.4554902717989884e+66 12005947.639426414 2.483347254902141e+36 9.73866041287211e+49 3.135737829270607e+25 3.100047239739446e+19 0.004037255907320443 5.180657536292135e+50 64978039295.15832 6822968131524073.0 7.827464630190797e+18 12.633476482220651 3.686437668331353e+16 1.99665337445333e+54 6.419870071111406e+49 9.300141719218332e+19 85
1.7669449974852911e+46 0.005882697483896321 528744.4814786387 12005947.639426414 2.483347254902141e+36 9.73866041287211e+49 84
1.7669449974852911e+46 8.828106045516171e+73 528744.4814786387 3.526975277670045e+22 2.483347254902141e+36 9.73866041287211e+49 27216383519661.465 226924486700.20996 1.0184683115903669e+27 3825463860894.3813 8134743954952.904 84
4.898575158011793e+24 8.828106045516171e+73 2.4554902717989884e+66 3.526975277670045e+22 10232338361.475574 9.73866041287211e+49 3.135737829270607e+25 3.100047239739446e+19 21.94484113032337 5.180657536292135e+50 1101616.8758379566 6822968131524073.0 3155890.305196391 1.2803890538591306e+17 3747619.7374207135 1.5941726395537156e-199 1.99665337445333e+54 6.419870071111406e+49 6785554.178975862 85
4.898575158011793e+24 8.828106045516171e+73 2.4554902717989884e+66 12005947.639426414 4667663.060325881 9.73866041287211e+49 5.180657536292135e+50 1.99665337445333e+54 6.419870071111406e+49 85
4.898575158011793e+24 8.828106045516171e+73 2.4554902717989884e+66 3.526975277670045e+22 10232338361.475574 9.73866041287211e+49 3.135737829270607e+25 9.392865721972774e+27 9.071310641200656 5.180657536292135e+50 3436839.129611152 1.0184683115903669e+27 3155890.305196391 12.633476482220651 3747619.7374207135 27859.652397544778 1.99665337445333e+54 6.419870071111406e+49 102928.83131356369 85
4.898575158011793e+24 8.828106045516171e+73 2.4554902717989884e+66 12005947.639426414 2.483347254902141e+36 204.91703617817896 3.135737829270607e+25 226924486700.20996 6697027406.293694 1.0184683115903669e+27 3155890.305196391 1.2803890538591306e+17 3.1287367181709906e+21 509.6157899336391 1.99665337445333e+54 6.419870071111406e+49 6785554.178975862 85
4.898575158011793e+24 8.828106045516171e+73 2.4554902717989884e+66 3.526975277670045e+22 10232338361.475574 9.73866041287211e+49 27216383519661.465 9.392865721972774e+27 1.1853857575132513e+18 5.180657536292135e+50 1488.0640676037458 7.827464630190797e+18 1.2803890538591306e+17 3.1287367181709906e+21 3.686437668331353e+16 0.0006135898587222775 1.99665337445333e+54 6.419870071111406e+49 85
4.898575158011793e+24 8.828106045516171e+73 2.4554902717989884e+66 3.526975277670045e+22 4667663.060325881 204.91703617817896 3.135737829270607e+25 9.392865721972774e+27 1.1853857575132513e+18 1488.0640676037458 3155890.305196391 8134743954952.904 1.99665337445333e+54 842.4367042880691 85
1.7669449974852911e+46 8.828106045516171e+73 2.4554902717989884e+66 12224.241630505638 2.483347254902141e+36 335.69291626009425 9.392865721972774e+27 1.1853857575132513e+18 5.180657536292135e+50 6697027406.293694 1.0184683115903669e+27 3825463860894.3813 1.2803890538591306e+17 3.1287367181709906e+21 3.686437668331353e+16 1.1624299961854282e+22 1.99665337445333e+54 6.419870071111406e+49 84
1.7669449974852911e+46 8.828106045516171e+73 2.4554902717989884e+66 12005947.639426414 10232338361.475574 0.19 27216383519661.465 9.392865721972774e+27 1.1853857575132513e+18 5.180657536292135e+50 6697027406.293694 1488.0640676037458 7.827464630190797e+18 3.817300935192007e+17 3.1287367181709906e+21 509.6157899336391 1.1624299961854282e+22 1.99665337445333e+54 0.008668225918658597 84
1.7669449974852911e+46 8.828106045516171e+73 2.4554902717989884e+66 3.526975277670045e+22 3.5230016502518094e-73 9.73866041287211e+49 3.135737829270607e+25 9.392865721972774e+27 1.1853857575132513e+18 5.180657536292135e+50 5780.941571876698 0.007002836287217797 3155890.305196391 0.07794574166162627 12.633476482220651 3747619.7374207135 509.6157899336391 1.99665337445333e+54 842.4367042880691 13059203442.272697 9.300141719218332e+19 85
4.898575158011793e+24 8.828106045516171e+73 2.4554902717989884e+66 12224.241630505638 10232338361.475574 9.73866041287211e+49 3.135737829270607e+25 9.392865721972774e+27 1.1853857575132513e+18 5.180657536292135e+50 3436839.129611152 1488.0640676037458 3.817300935192007e+17 3.1287367181709906e+21 509.6157899336391 1.5941726395537156e-199 1.99665337445333e+54 6.419870071111406e+49 6785554.178975862 9.300141719218332e+19 85
1.7669449974852911e+46 8.828106045516171e+73 2.4554902717989884e+66 3.526975277670045e+22 2.483347254902141e+36 9.73866041287211e+49 3.135737829270607e+25 3.100047239739446e+19 21.94484113032337 5.180657536292135e+50 3436839.129611152 1.0184683115903669e+27 3825463860894.3813 12.633476482220651 3747619.7374207135 3.686437668331353e+16 1.1624299961854282e+22 1.99665337445333e+54 0.008668225918658597 85
1.7669449974852911e+46 8.828106045516171e+73 2.4554902717989884e+66 2.483347254902141e+36 9.73866041287211e+49 27216383519661.465 371251350719824.56 226924486700.20996 3436839.129611152 1.0184683115903669e+27 3155890.305196391 1.2803890538591306e+17 3.686437668331353e+16 1.1624299961854282e+22 371594.7242003426 6.419870071111406e+49 84
1.7669449974852911e+46 8.828106045516171e+73 2.4554902717989884e+66 2.483347254902141e+36 3.135737829270607e+25 5.180657536292135e+50 6822968131524073.0 3155890.305196391 1.2803890538591306e+17 3.1287367181709906e+21 509.6157899336391 27859.652397544778 1.99665337445333e+54 6.419870071111406e+49 84
1.7669449974852911e+46 8.828106045516171e+73 528744.4814786387 3.526975277670045e+22 2.483347254902141e+36 9.73866041287211e+49 226924486700.20996 1.99665337445333e+54 6.419870071111406e+49 84
4.898575158011793e+24 8.828106045516171e+73 2.4554902717989884e+66 3.526975277670045e+22 2.483347254902141e+36 9.73866041287211e+49 27216383519661.465 9.392865721972774e+27 371251350719824.56 5.180657536292135e+50 6697027406.293694 3155890.305196391 1.2803890538591306e+17 3.1287367181709906e+21 509.6157899336391 1.1624299961854282e+22 1.99665337445333e+54 6.419870071111406e+49 13059203442.272697 9.300141719218332e+19 85
4.898575158011793e+24 8.828106045516171e+73 2.4554902717989884e+66 3.526975277670045e+22 4667663.060325881 204.91703617817896 27216383519661.465 9.392865721972774e+27 1.1853857575132513e+18 5.180657536292135e+50 1101616.8758379566 1488.0640676037458 7.827464630190797e+18 1.99665337445333e+54 0.008668225918658597 85
1.7669449974852911e+46 8.828106045516171e+73 2.4554902717989884e+66 12224.241630505638 2.483347254902141e+36 9.73866041287211e+49 3.135737829270607e+25 3.100047239739446e+19 0.004037255907320443 5.180657536292135e+50 3436839.129611152 6822968131524073.0 139.70566473720814 0.07794574166162627 5785.800802173846 3747619.7374207135 3.686437668331353e+16 1.1624299961854282e+22 1.99665337445333e+54 0.75 85
1.7669449974852911e+46 8.828106045516171e+73 528744.4814786387 12224.241630505638 4667663.060325881 204.91703617817896 3.135737829270607e+25 9.392865721972774e+27 1.1853857575132513e+18 226924486700.20996 1101616.8758379566 1488.0640676037458 7.827464630190797e+18 3.686437668331353e+16 1.5941726395537156e-199 1.99665337445333e+54 6.419870071111406e+49 102928.83131356369 0.04015568168975325 84
4.898575158011793e+24 8.828106045516171e+73 2.4554902717989884e+66 3.526975277670045e+22 2.483347254902141e+36 9.73866041287211e+49 0.03529618490337793 3.100047239739446e+19 1.1853857575132513e+18 5.180657536292135e+50 3436839.129611152 6822968131524073.0 3825463860894.3813 1.2803890538591306e+17 5785.800802173846 3747619.7374207135 1.99665337445333e+54 6.419870071111406e+49 6785554.178975862 9.300141719218332e+19 85
1.7669449974852911e+46 8.828106045516171e+73 2.4554902717989884e+66 3.526975277670045e+22 4667663.060325881 9.73866041287211e+49 3.135737829270607e+25 5.180657536292135e+50 1101616.8758379566 1.0184683115903669e+27 3155890.305196391 1.99665337445333e+54 0.008668225918658597 6785554.178975862 9.300141719218332e+19 84
1.7669449974852911e+46 8.828106045516171e+73 2.4554902717989884e+66 12224.241630505638 2.483347254902141e+36 9.73866041287211e+49 3.135737829270607e+25 371251350719824.56 5.180657536292135e+50 5780.941571876698 0.007002836287217797 139.70566473720814 1.2803890538591306e+17 5785.800802173846 3747619.7374207135 8134743954952.904 1.1624299961854282e+22 1.99665337445333e+54 6.419870071111406e+49 6785554.178975862 84
1.7669449974852911e+46 8.828106045516171e+73 2.4554902717989884e+66 0.00023315020393068823 10232338361.475574 9.73866041287211e+49 335.69291626009425 9.392865721972774e+27 9.071310641200656 5.180657536292135e+50 3436839.129611152 1.0184683115903669e+27 3825463860894.3813 12.633476482220651 3747619.7374207135 3.686437668331353e+16 1.1624299961854282e+22 84
4.898575158011793e+24 8.828106045516171e+73 2.4554902717989884e+66 12005947.639426414 2.483347254902141e+36 9.73866041287211e+49 335.69291626009425 9.071310641200656 5.180657536292135e+50 3436839.129611152 1488.0640676037458 3155890.305196391 3.817300935192007e+17 3.1287367181709906e+21 3.686437668331353e+16 27859.652397544778 1.99665337445333e+54 6.419870071111406e+49 84
4.898575158011793e+24 8.828106045516171e+73 2.4554902717989884e+66 3.526975277670045e+22 4667663.060325881 204.91703617817896 3.135737829270607e+25 9.392865721972774e+27 1.1853857575132513e+18 1488.0640676037458 3155890.305196391 8134743954952.904 1.99665337445333e+54 842.4367042880691 85
1.7669449974852911e+46 8.828106045516171e+73 2.4554902717989884e+66 3.526975277670045e+22 2.483347254902141e+36 9.73866041287211e+49 335.69291626009425 3.100047239739446e+19 1.1853857575132513e+18 5.180657536292135e+50 3436839.129611152 6822968131524073.0 3825463860894.3813 0.07794574166162627 5785.800802173846 3747619.7374207135 3.686437668331353e+16 1.1624299961854282e+22 1.99665337445333e+54 6.419870071111406e+49 84
1.7669449974852911e+46 8.828106045516171e+73 2.4554902717989884e+66 12005947.639426414 10232338361.475574 9.73866041287211e+49 27216383519661.465 9.392865721972774e+27 9.071310641200656 5.180657536292135e+50 3436839.129611152 1.0184683115903669e+27 3155890.305196391 3.817300935192007e+17 3.1287367181709906e+21 509.6157899336391 27859.652397544778 1.99665337445333e+54 6.419870071111406e+49 13059203442.272697 84
4.898575158011793e+24 8.828106045516171e+73 2.4554902717989884e+66 12005947.639426414 2.483347254902141e+36 9.73866041287211e+49 27216383519661.465 9.392865721972774e+27 371251350719824.56 5.180657536292135e+50 5780.941571876698 0.007002836287217797 3155890.305196391 3.817300935192007e+17 3.1287367181709906e+21 1.99665337445333e+54 6.419870071111406e+49 6785554.178975862 84
4.898575158011793e+24 8.828106045516171e+73 2.4554902717989884e+66 2.483347254902141e+36 9.73866041287211e+49 3.135737829270607e+25 3.100047239739446e+19 9.071310641200656 5.180657536292135e+50 3436839.129611152 1.0184683115903669e+27 3825463860894.3813 1.2803890538591306e+17 3.1287367181709906e+21 509.6157899336391 1.99665337445333e+54 0.75 84
4.898575158011793e+24 8.828106045516171e+73 2.4554902717989884e+66 3.526975277670045e+22 4667663.060325881 204.91703617817896 3.135737829270607e+25 9.392865721972774e+27 1.1853857575132513e+18 1488.0640676037458 3155890.305196391 8134743954952.904 1.99665337445333e+54 842.4367042880691 85
1.7669449974852911e+46 8.828106045516171e+73 2.4554902717989884e+66 12224.241630505638 2.483347254902141e+36 9.73866041287211e+49 371251350719824.56 226924486700.20996 5780.941571876698 6822968131524073.0 3155890.305196391 1.2803890538591306e+17 12.633476482220651 3747619.7374207135 3.686437668331353e+16 27859.652397544778 1.99665337445333e+54 6.419870071111406e+49 102928.83131356369 9.300141719218332e+19 84
4.898575158011793e+24 8.828106045516171e+73 2.4554902717989884e+66 3.526975277670045e+22 4667663.060325881 204.91703617817896 27216383519661.465 9.392865721972774e+27 1.1853857575132513e+18 5.180657536292135e+50 1101616.8758379566 1488.0640676037458 7.827464630190797e+18 1.99665337445333e+54 0.008668225918658597 85
1.7669449974852911e+46 8.828106045516171e+73 2.4554902717989884e+66 3.526975277670045e+22 2.483347254902141e+36 204.91703617817896 3.135737829270607e+25 3.100047239739446e+19 4.9441829672595665e-197 5.180657536292135e+50 6697027406.293694 1.0184683115903669e+27 7.827464630190797e+18 1.2803890538591306e+17 3.1287367181709906e+21 3747619.7374207135 0.007005826427409003 1.1624299961854282e+22 1.99665337445333e+54 6.419870071111406e+49 13059203442.272697 9.300141719218332e+19 84
1.7669449974852911e+46 8.828106045516171e+73 528744.4814786387 3.526975277670045e+22 2.483347254902141e+36 9.73866041287211e+49 27216383519661.465 226924486700.20996 1.0184683115903669e+27 3825463860894.3813 8134743954952.904 84
1.7669449974852911e+46 8.828106045516171e+73 2.4554902717989884e+66 2.483347254902141e+36 9.73866041287211e+49 3.135737829270607e+25 3.662632902350239e-197 4.9441829672595665e-197 226924486700.20996 3436839.129611152 1.0184683115903669e+27 3155890.305196391 1.2803890538591306e+17 3.1287367181709906e+21 3.686437668331353e+16 1.1624299961854282e+22 1.99665337445333e+54 6.419870071111406e+49 84
1.7669449974852911e+46 8.828106045516171e+73 2.4554902717989884e+66 2.483347254902141e+36 9.73866041287211e+49 3.135737829270607e+25 3.100047239739446e+19 21.94484113032337 226924486700.20996 64978039295.15832 6822968131524073.0 139.70566473720814 3.817300935192007e+17 3.1287367181709906e+21 3.686437668331353e+16 1.99665337445333e+54 842.4367042880691 102928.83131356369 9.300141719218332e+19 84
1.7669449974852911e+46 8.828106045516171e+73 2.4554902717989884e+66 84
1.7669449974852911e+46 8.828106045516171e+73 2.4554902717989884e+66 10232338361.475574 9.73866041287211e+49 3.135737829270607e+25 3.100047239739446e+19 21.94484113032337 5.180657536292135e+50 6697027406.293694 6822968131524073.0 3825463860894.3813 1.2803890538591306e+17 3.1287367181709906e+21 3.686437668331353e+16 27859.652397544778 1.99665337445333e+54 6.419870071111406e+49 84
1.7669449974852911e+46 8.828106045516171e+73 2.4554902717989884e+66 2.483347254902141e+36 0.03529618490337793 3.100047239739446e+19 0.004037255907320443 226924486700.20996 64978039295.15832 6822968131524073.0 139.70566473720814 3.686437668331353e+16 1.1624299961854282e+22 1.99665337445333e+54 6.419870071111406e+49 102928.83131356369 9.300141719218332e+19 84
1.7669449974852911e+46 8.828106045516171e+73 2.4554902717989884e+66 3.526975277670045e+22 4667663.060325881 204.91703617817896 3.135737829270607e+25 9.392865721972774e+27 1.1853857575132513e+18 5.180657536292135e+50 3436839.129611152 0.007002836287217797 7.827464630190797e+18 3.817300935192007e+17 3.1287367181709906e+21 3.686437668331353e+16 1.1624299961854282e+22 5.947196550761882e-136 6.419870071111406e+49 85
1.7669449974852911e+46 8.828106045516171e+73 528744.4814786387 1.6885171696625225e-199 3.5230016502518094e-73 9.73866041287211e+49 1.99665337445333e+54 6.419870071111406e+49 84
8.828106045516171e+73 2.4554902717989884e+66 3.526975277670045e+22 10232338361.475574 9.73866041287211e+49 3.135737829270607e+25 9.392865721972774e+27 371251350719824.56 5.180657536292135e+50 5780.941571876698 1.0184683115903669e+27 7.827464630190797e+18 1.2803890538591306e+17 3.1287367181709906e+21 509.6157899336391 1.1624299961854282e+22 1.99665337445333e+54 842.4367042880691 13059203442.272697 9.300141719218332e+19 84
4.898575158011793e+24 8.828106045516171e+73 2.4554902717989884e+66 12005947.639426414 2.483347254902141e+36 9.73866041287211e+49 3.135737829270607e+25 3.100047239739446e+19 1.1853857575132513e+18 226924486700.20996 3436839.129611152 1.0184683115903669e+27 3825463860894.3813 1.2803890538591306e+17 3.1287367181709906e+21 3747619.7374207135 8134743954952.904 1.1624299961854282e+22 1.99665337445333e+54 6.419870071111406e+49 102928.83131356369 9.300141719218332e+19 84
4.898575158011793e+24 0.005882697483896321 528744.4814786387 3.526975277670045e+22 2.483347254902141e+36 27216383519661.465 1.1853857575132513e+18 5.180657536292135e+50 64978039295.15832 1.0184683115903669e+27 7.827464630190797e+18 1.2803890538591306e+17 3.1287367181709906e+21 509.6157899336391 1.99665337445333e+54 6.419870071111406e+49 6785554.178975862 9.300141719218332e+19 85
4.898575158011793e+24 8.828106045516171e+73 2.4554902717989884e+66 12224.241630505638 4667663.060325881 9.73866041287211e+49 4.9441829672595665e-197 5.180657536292135e+50 1.99665337445333e+54 6.419870071111406e+49 85
1.7669449974852911e+46 8.828106045516171e+73 2.4554902717989884e+66 3.526975277670045e+22 4667663.060325881 9.73866041287211e+49 3.135737829270607e+25 5.180657536292135e+50 1101616.8758379566 1.0184683115903669e+27 3155890.305196391 1.99665337445333e+54 0.008668225918658597 6785554.178975862 9.300141719218332e+19 84
4.898575158011793e+24 8.828106045516171e+73 2.4554902717989884e+66 3.526975277670045e+22 2.483347254902141e+36 9.73866041287211e+49 27216383519661.465 9.392865721972774e+27 371251350719824.56 5.180657536292135e+50 6697027406.293694 3155890.305196391 1.2803890538591306e+17 3.1287367181709906e+21 509.6157899336391 1.1624299961854282e+22 1.99665337445333e+54 6.419870071111406e+49 13059203442.272697 9.300141719218332e+19 85
1.7669449974852911e+46 8.828106045516171e+73 2.4554902717989884e+66 12224.241630505638 10232338361.475574 9.73866041287211e+49 9.392865721972774e+27 9.071310641200656 5.180657536292135e+50 6697027406.293694 1.0184683115903669e+27 3825463860894.3813 1.2803890538591306e+17 3.1287367181709906e+21 509.6157899336391 1.1624299961854282e+22 1.99665337445333e+54 842.4367042880691 84
1.7669449974852911e+46 8.828106045516171e+73 2.4554902717989884e+66 12224.241630505638 2.483347254902141e+36 9.73866041287211e+49 3.135737829270607e+25 3.100047239739446e+19 21.94484113032337 5.180657536292135e+50 5780.941571876698 1.0184683115903669e+27 3155890.305196391 3.686437668331353e+16 27859.652397544778 1.99665337445333e+54 6.419870071111406e+49 102928.83131356369 9.300141719218332e+19 84
1.7669449974852911e+46 8.828106045516171e+73 2.4554902717989884e+66 2.483347254902141e+36 9.73866041287211e+49 0.03529618490337793 3.100047239739446e+19 21.94484113032337 226924486700.20996 64978039295.15832 6822968131524073.0 3.1287367181709906e+21 3.686437668331353e+16 1.1624299961854282e+22 84
