3.5801499901320055e+23 1.0617302281628929e+71 3.5581512400476664e+63 2.577708882204379e+21 1.0809972009248764e+36 128.59652180944366 3.7451688882870914e+22 2.7969912148285793e+27 83589508504128.14 1.9062012266385132e+48 2895037287.199686 4.255595915565661e+25 8.304846903648764e+17 1.7508101139668698e+16 1.3073199673121602e+20 0.005297245106215283 9.050211710568005e-06 1.3386880532001496e+53 3.92132823765637e+48 85
3.5801499901320055e+23 1.0617302281628929e+71 3.5581512400476664e+63 6366.980943390848 5329500460.526692 2.326448531012262e+48 335.6928961185235 2.4038665430106445e+17 83589508504128.14 1.9062012266385132e+48 34563.61083555031 4.255595915565661e+25 1132281.6407418316 0.05369246253955991 1.3073199673121602e+20 1344584.448380925 1.3386880532001496e+53 3.92132823765637e+48 85
3.5801499901320055e+23 1.0617302281628929e+71 3.5581512400476664e+63 2.577708882204379e+21 1.0809972009248764e+36 2.326448531012262e+48 3.7451688882870914e+22 2.7969912148285793e+27 83589508504128.14 331722908047.2175 2895037287.199686 4.255595915565661e+25 1132281.6407418316 0.05369246253955991 7.222778108326722 9110881203162516.0 12043.363424667878 1.3386880532001496e+53 3.92132823765637e+48 5645322710.039388 1.7379359105997603e+19 85
2.00289948358276e+44 1.0617302281628929e+71 3.5581512400476664e+63 1.0809972009248764e+36 2.326448531012262e+48 3.7451688882870914e+22 1.043832215234026e+17 1.9062012266385132e+48 285092788104087.06 0.05369246253955991 2075.8503908615576 3.672572618117488e+20 1.3386880532001496e+53 107.69297196799091 84
2.00289948358276e+44 0.00405226132374037 302292.4019787378 6253282.697733294 1.0809972009248764e+36 2.326448531012262e+48 84
3.5801499901320055e+23 1.0617302281628929e+71 3.5581512400476664e+63 2.577708882204379e+21 1.0809972009248764e+36 2.326448531012262e+48 0.024313567942442223 2.4038665430106445e+17 1.043832215234026e+17 1.9062012266385132e+48 1964900.6128617956 285092788104087.06 1037784942208.9578 3.812720479654298e+16 2075.8503908615576 1344584.448380925 1.3386880532001496e+53 3.92132823765637e+48 3879419.1587271336 1.7379359105997603e+19 85
3.5801499901320055e+23 0.00405226132374037 302292.4019787378 6253282.697733294 1.0809972009248764e+36 2.326448531012262e+48 1.9062012266385132e+48 1.9751089946831822e-76 3.92132823765637e+48 85
2.00289948358276e+44 1.0617302281628929e+71 3.5581512400476664e+63 2.577708882204379e+21 1.0809972009248764e+36 2.4038665430106445e+17 1.9062012266385132e+48 16059059391.632004 4.255595915565661e+25 8.304846903648764e+17 1.3073199673121602e+20 1141467917775.3955 946.0436163340208 1.3386880532001496e+53 0.75 3879419.1587271336 1.7379359105997603e+19 84
3.5801499901320055e+23 1.0617302281628929e+71 3.5581512400476664e+63 2.577708882204379e+21 133419.17741654173 2.326448531012262e+48 2.7969912148285793e+27 1.043832215234026e+17 1.9062012266385132e+48 673.2539275437093 4.255595915565661e+25 1132281.6407418316 1.7508101139668698e+16 1.3073199673121602e+20 9110881203162516.0 1.3386880532001496e+53 107.69297196799091 85
2.00289948358276e+44 1.0617302281628929e+71 3.5581512400476664e+63 6253282.697733294 1.0809972009248764e+36 2.326448531012262e+48 0.024313567942442223 1.9745916459421093e-05 0.0030526497222257564 1.9062012266385132e+48 1964900.6128617956 285092788104087.06 8.304846903648764e+17 1.7508101139668698e+16 7.222778108326722 1344584.448380925 12043.363424667878 1.3386880532001496e+53 3.92132823765637e+48 33643.39761856925 1.7379359105997603e+19 84
3.5801499901320055e+23 1.0617302281628929e+71 3.5581512400476664e+63 6366.980943390848 133419.17741654173 128.59652180944366 3.7451688882870914e+22 2.7969912148285793e+27 1.043832215234026e+17 1.9062012266385132e+48 2895037287.199686 706.0955825458416 1132281.6407418316 3.812720479654298e+16 200.69900279080773 4.702887614115132e-277 1.3386880532001496e+53 3.92132823765637e+48 3879419.1587271336 1.7379359105997603e+19 85
3.5801499901320055e+23 1.0617302281628929e+71 3.5581512400476664e+63 0.00014631436577116922 5329500460.526692 335.6928961185235 2.7969912148285793e+27 1.043832215234026e+17 1.9062012266385132e+48 34563.61083555031 706.0955825458416 8.304846903648764e+17 1.7508101139668698e+16 1.3073199673121602e+20 1.3386880532001496e+53 107.69297196799091 85
3.5801499901320055e+23 1.0617302281628929e+71 3.5581512400476664e+63 6366.980943390848 133419.17741654173 128.59652180944366 3.7451688882870914e+22 2.7969912148285793e+27 1.043832215234026e+17 1.9062012266385132e+48 2895037287.199686 706.0955825458416 1132281.6407418316 3.812720479654298e+16 200.69900279080773 4.702887614115132e-277 1.3386880532001496e+53 3.92132823765637e+48 3879419.1587271336 1.7379359105997603e+19 85
3.5801499901320055e+23 1.0617302281628929e+71 3.5581512400476664e+63 6366.980943390848 5329500460.526692 2.326448531012262e+48 335.6928961185235 2.4038665430106445e+17 83589508504128.14 1.9062012266385132e+48 34563.61083555031 4.255595915565661e+25 1132281.6407418316 0.05369246253955991 1.3073199673121602e+20 1344584.448380925 1.3386880532001496e+53 3.92132823765637e+48 85
2.00289948358276e+44 0.00405226132374037 3.5581512400476664e+63 6253282.697733294 1.0809972009248764e+36 3.7451688882870914e+22 2.4038665430106445e+17 2.3271972970032008e-05 331722908047.2175 1964900.6128617956 4.255595915565661e+25 1.3386880532001496e+53 3.92132823765637e+48 5645322710.039388 1.7379359105997603e+19 84
2.00289948358276e+44 1.0617302281628929e+71 3.5581512400476664e+63 2.577708882204379e+21 5329500460.526692 10718468328741.389 2.7969912148285793e+27 1.043832215234026e+17 1.9062012266385132e+48 34563.61083555031 1.0815859994932687e-272 14.822606251850607 3.812720479654298e+16 2075.8503908615576 9110881203162516.0 3.672572618117488e+20 84
3.5801499901320055e+23 1.0617302281628929e+71 302292.4019787378 6253282.697733294 3.7451688882870914e+22 2.4038665430106445e+17 9.486468001184388 331722908047.2175 2895037287.199686 285092788104087.06 1037784942208.9578 7.222778108326722 1344584.448380925 9110881203162516.0 3.672572618117488e+20 3.92132823765637e+48 3879419.1587271336 84
2.00289948358276e+44 1.0617302281628929e+71 302292.4019787378 6366.980943390848 133419.17741654173 128.59652180944366 3.7451688882870914e+22 2.7969912148285793e+27 1.043832215234026e+17 331722908047.2175 34563.61083555031 706.0955825458416 8.304846903648764e+17 9110881203162516.0 9.050211710568005e-06 1.3386880532001496e+53 3.92132823765637e+48 33643.39761856925 0.03658282367651293 84
3.5801499901320055e+23 1.0617302281628929e+71 3.5581512400476664e+63 2.577708882204379e+21 1.0809972009248764e+36 2.326448531012262e+48 335.6928961185235 0.26 1.6834459572032392 1.9062012266385132e+48 34563.61083555031 706.0955825458416 8.304846903648764e+17 0.05369246253955991 1.3073199673121602e+20 1141467917775.3955 946.0436163340208 1.3386880532001496e+53 107.69297196799091 85
2.00289948358276e+44 1.0617302281628929e+71 3.5581512400476664e+63 6366.980943390848 1.0809972009248764e+36 2.326448531012262e+48 3.7451688882870914e+22 2.7969912148285793e+27 9.486468001184388 1.9062012266385132e+48 16059059391.632004 4.255595915565661e+25 1037784942208.9578 3.812720479654298e+16 7.222778108326722 1344584.448380925 9110881203162516.0 1.3386880532001496e+53 3.92132823765637e+48 84
3.5801499901320055e+23 1.0617302281628929e+71 3.5581512400476664e+63 2.577708882204379e+21 1.0809972009248764e+36 0.0030526497222257564 85
2.00289948358276e+44 1.0617302281628929e+71 3.5581512400476664e+63 6366.980943390848 1.0809972009248764e+36 2.326448531012262e+48 83589508504128.14 331722908047.2175 673.2539275437093 285092788104087.06 1132281.6407418316 3.812720479654298e+16 7.222778108326722 1344584.448380925 9110881203162516.0 12043.363424667878 1.3386880532001496e+53 3.92132823765637e+48 33643.39761856925 1.7379359105997603e+19 84
3.5801499901320055e+23 1.0617302281628929e+71 3.5581512400476664e+63 6366.980943390848 5329500460.526692 2.326448531012262e+48 0.024313567942442223 2.7969912148285793e+27 83589508504128.14 1.9062012266385132e+48 1.0815859994932687e-272 8.304846903648764e+17 1.7508101139668698e+16 1.3073199673121602e+20 1141467917775.3955 946.0436163340208 1.3386880532001496e+53 3.92132823765637e+48 85
2.00289948358276e+44 1.0617302281628929e+71 3.5581512400476664e+63 2.577708882204379e+21 133419.17741654173 2.326448531012262e+48 10718468328741.389 2.7969912148285793e+27 1.043832215234026e+17 1.9062012266385132e+48 2895037287.199686 706.0955825458416 8.304846903648764e+17 0.005297245106215283 946.0436163340208 1.3386880532001496e+53 3.92132823765637e+48 3879419.1587271336 85
2.00289948358276e+44 1.0617302281628929e+71 3.5581512400476664e+63 6253282.697733294 1.0809972009248764e+36 10718468328741.389 2.7969912148285793e+27 2.3271972970032008e-05 331722908047.2175 2895037287.199686 4.255595915565661e+25 1132281.6407418316 3.812720479654298e+16 2075.8503908615576 9110881203162516.0 12043.363424667878 1.3386880532001496e+53 3.92132823765637e+48 84
2.00289948358276e+44 0.00405226132374037 3.5581512400476664e+63 2.577708882204379e+21 1.0809972009248764e+36 2.326448531012262e+48 2.4038665430106445e+17 1.9062012266385132e+48 1964900.6128617956 285092788104087.06 1.3386880532001496e+53 107.69297196799091 84
2.00289948358276e+44 1.0617302281628929e+71 3.5581512400476664e+63 2.577708882204379e+21 1.0809972009248764e+36 2.326448531012262e+48 10718468328741.389 2.4038665430106445e+17 1.6834459572032392 331722908047.2175 1964900.6128617956 4.255595915565661e+25 1037784942208.9578 2075.8503908615576 1344584.448380925 9110881203162516.0 1.3386880532001496e+53 3.92132823765637e+48 5645322710.039388 84
2.00289948358276e+44 1.0617302281628929e+71 3.5581512400476664e+63 6253282.697733294 1.0809972009248764e+36 2.326448531012262e+48 0.0030526497222257564 331722908047.2175 673.2539275437093 285092788104087.06 1037784942208.9578 1.7508101139668698e+16 9110881203162516.0 3.672572618117488e+20 1.3386880532001496e+53 107.69297196799091 84
2.00289948358276e+44 1.0617302281628929e+71 3.5581512400476664e+63 1.0809972009248764e+36 3.7451688882870914e+22 1.9745916459421093e-05 9.486468001184388 1.9062012266385132e+48 673.2539275437093 285092788104087.06 14.822606251850607 1.7508101139668698e+16 1.3073199673121602e+20 3.672572618117488e+20 1.3386880532001496e+53 107.69297196799091 5645322710.039388 1.7379359105997603e+19 84
3.5801499901320055e+23 1.0617302281628929e+71 3.5581512400476664e+63 6366.980943390848 1.0809972009248764e+36 2.326448531012262e+48 3.7451688882870914e+22 0.26 9.486468001184388 331722908047.2175 673.2539275437093 4.255595915565661e+25 1037784942208.9578 0.05369246253955991 1.3073199673121602e+20 9110881203162516.0 12043.363424667878 1.3386880532001496e+53 33643.39761856925 1.7379359105997603e+19 84
2.00289948358276e+44 1.0617302281628929e+71 3.5581512400476664e+63 1.0809972009248764e+36 2.326448531012262e+48 335.6928961185235 1.6834459572032392 1.9062012266385132e+48 16059059391.632004 4.255595915565661e+25 1037784942208.9578 3.812720479654298e+16 2075.8503908615576 1.3386880532001496e+53 3.92132823765637e+48 84
2.00289948358276e+44 1.0617302281628929e+71 3.5581512400476664e+63 2.577708882204379e+21 1.0809972009248764e+36 10718468328741.389 83589508504128.14 1.9062012266385132e+48 1964900.6128617956 706.0955825458416 8.304846903648764e+17 1.7508101139668698e+16 1.3073199673121602e+20 9110881203162516.0 12043.363424667878 1.3386880532001496e+53 3.92132823765637e+48 5645322710.039388 1.7379359105997603e+19 84
2.00289948358276e+44 1.0617302281628929e+71 3.5581512400476664e+63 6366.980943390848 1.0809972009248764e+36 2.326448531012262e+48 335.6928961185235 2.4038665430106445e+17 83589508504128.14 1.9062012266385132e+48 673.2539275437093 4.255595915565661e+25 1037784942208.9578 29810.605484808195 3.92132823765637e+48 3879419.1587271336 84
2.00289948358276e+44 1.0617302281628929e+71 3.5581512400476664e+63 6366.980943390848 133419.17741654173 2.326448531012262e+48 3.7451688882870914e+22 2.4038665430106445e+17 1.043832215234026e+17 1.9062012266385132e+48 2895037287.199686 4.255595915565661e+25 1132281.6407418316 200.69900279080773 1.3386880532001496e+53 107.69297196799091 84
1.0617302281628929e+71 3.5581512400476664e+63 2.577708882204379e+21 5329500460.526692 2.326448531012262e+48 3.7451688882870914e+22 2.7969912148285793e+27 83589508504128.14 1.9062012266385132e+48 673.2539275437093 4.255595915565661e+25 8.304846903648764e+17 3.812720479654298e+16 1.3073199673121602e+20 200.69900279080773 3.672572618117488e+20 1.3386880532001496e+53 107.69297196799091 5645322710.039388 1.7379359105997603e+19 84
3.5801499901320055e+23 1.0617302281628929e+71 3.5581512400476664e+63 6366.980943390848 5329500460.526692 2.326448531012262e+48 85
3.5801499901320055e+23 1.0617302281628929e+71 3.5581512400476664e+63 6366.980943390848 133419.17741654173 2.326448531012262e+48 2.3271972970032008e-05 1.9062012266385132e+48 1.3386880532001496e+53 3.92132823765637e+48 85
2.00289948358276e+44 1.0617302281628929e+71 3.5581512400476664e+63 2.577708882204379e+21 5329500460.526692 2.326448531012262e+48 10718468328741.389 2.7969912148285793e+27 2.3271972970032008e-05 1.9062012266385132e+48 673.2539275437093 4.255595915565661e+25 8.304846903648764e+17 3.812720479654298e+16 7.222778108326722 1344584.448380925 1141467917775.3955 1.3386880532001496e+53 3.92132823765637e+48 5645322710.039388 1.7379359105997603e+19 84
2.00289948358276e+44 1.0617302281628929e+71 3.5581512400476664e+63 6253282.697733294 1.0809972009248764e+36 2.326448531012262e+48 3.7451688882870914e+22 2.4038665430106445e+17 1.043832215234026e+17 1.9062012266385132e+48 1964900.6128617956 4.255595915565661e+25 8.304846903648764e+17 3.812720479654298e+16 1.3073199673121602e+20 1.3386880532001496e+53 3.92132823765637e+48 33643.39761856925 84
3.5801499901320055e+23 1.0617302281628929e+71 3.5581512400476664e+63 6366.980943390848 5329500460.526692 2.326448531012262e+48 0.024313567942442223 2.7969912148285793e+27 83589508504128.14 1.9062012266385132e+48 1.0815859994932687e-272 8.304846903648764e+17 1.7508101139668698e+16 1.3073199673121602e+20 1141467917775.3955 946.0436163340208 1.3386880532001496e+53 3.92132823765637e+48 85
3.5801499901320055e+23 0.00405226132374037 302292.4019787378 2.577708882204379e+21 1.0809972009248764e+36 2.326448531012262e+48 10718468328741.389 2.7969912148285793e+27 1.6834459572032392 1.9062012266385132e+48 34563.61083555031 4.255595915565661e+25 1132281.6407418316 0.05369246253955991 1344584.448380925 1.3386880532001496e+53 3.92132823765637e+48 3879419.1587271336 1.7379359105997603e+19 85
3.5801499901320055e+23 1.0617302281628929e+71 3.5581512400476664e+63 2.577708882204379e+21 5329500460.526692 128.59652180944366 10718468328741.389 2.7969912148285793e+27 1.043832215234026e+17 1.9062012266385132e+48 34563.61083555031 4.255595915565661e+25 1.7508101139668698e+16 1.3073199673121602e+20 200.69900279080773 9.050211710568005e-06 1.3386880532001496e+53 3.92132823765637e+48 5645322710.039388 1.7379359105997603e+19 85
2.00289948358276e+44 1.0617302281628929e+71 3.5581512400476664e+63 1.4365415413600008e-06 1.0809972009248764e+36 2.326448531012262e+48 3.7451688882870914e+22 2.4038665430106445e+17 83589508504128.14 1.9062012266385132e+48 1964900.6128617956 285092788104087.06 1037784942208.9578 1.7508101139668698e+16 7.222778108326722 1344584.448380925 1.3386880532001496e+53 107.69297196799091 33643.39761856925 1.7379359105997603e+19 84
2.00289948358276e+44 1.0617302281628929e+71 302292.4019787378 6253282.697733294 1.0809972009248764e+36 2.326448531012262e+48 335.6928961185235 2.4038665430106445e+17 1.043832215234026e+17 1.9062012266385132e+48 4.255595915565661e+25 8.304846903648764e+17 1.7508101139668698e+16 2075.8503908615576 1.3386880532001496e+53 3.92132823765637e+48 84
2.00289948358276e+44 1.0617302281628929e+71 3.5581512400476664e+63 6253282.697733294 1.0809972009248764e+36 128.59652180944366 2.7969912148285793e+27 1.043832215234026e+17 1964900.6128617956 4.255595915565661e+25 9110881203162516.0 12043.363424667878 84
2.00289948358276e+44 1.0617302281628929e+71 3.5581512400476664e+63 2.577708882204379e+21 133419.17741654173 128.59652180944366 10718468328741.389 2.7969912148285793e+27 1.043832215234026e+17 1.9062012266385132e+48 34563.61083555031 1.0815859994932687e-272 8.304846903648764e+17 3.812720479654298e+16 1.3073199673121602e+20 1141467917775.3955 9.050211710568005e-06 1.3386880532001496e+53 3.92132823765637e+48 84
3.5801499901320055e+23 1.0617302281628929e+71 3.5581512400476664e+63 1.4365415413600008e-06 1.0809972009248764e+36 3.7451688882870914e+22 2.4038665430106445e+17 2.3271972970032008e-05 331722908047.2175 673.2539275437093 4.255595915565661e+25 14.822606251850607 3.812720479654298e+16 1.3073199673121602e+20 9110881203162516.0 3.672572618117488e+20 85
3.5801499901320055e+23 1.0617302281628929e+71 3.5581512400476664e+63 1.4365415413600008e-06 1.0809972009248764e+36 335.6928961185235 0.26 1.043832215234026e+17 1.9062012266385132e+48 34563.61083555031 1.0815859994932687e-272 1132281.6407418316 3.812720479654298e+16 1.3073199673121602e+20 1141467917775.3955 946.0436163340208 1.3386880532001496e+53 3.92132823765637e+48 85
3.5801499901320055e+23 1.0617302281628929e+71 3.5581512400476664e+63 2.577708882204379e+21 5329500460.526692 0.19 1.043832215234026e+17 1.9062012266385132e+48 2895037287.199686 1132281.6407418316 1.7508101139668698e+16 7.222778108326722 1344584.448380925 1141467917775.3955 29810.605484808195 3.92132823765637e+48 85
2.00289948358276e+44 1.0617302281628929e+71 3.5581512400476664e+63 6253282.697733294 1.0809972009248764e+36 128.59652180944366 2.7969912148285793e+27 1.043832215234026e+17 1964900.6128617956 4.255595915565661e+25 9110881203162516.0 12043.363424667878 84
3.5801499901320055e+23 1.0617302281628929e+71 3.5581512400476664e+63 6253282.697733294 1.0809972009248764e+36 2.326448531012262e+48 3.7451688882870914e+22 2.4038665430106445e+17 1.043832215234026e+17 331722908047.2175 1964900.6128617956 4.255595915565661e+25 1037784942208.9578 3.812720479654298e+16 1.3073199673121602e+20 1344584.448380925 1141467917775.3955 3.672572618117488e+20 1.3386880532001496e+53 3.92132823765637e+48 33643.39761856925 1.7379359105997603e+19 84
3.5801499901320055e+23 1.0617302281628929e+71 3.5581512400476664e+63 6366.980943390848 1.0809972009248764e+36 2.326448531012262e+48 3.7451688882870914e+22 2.7969912148285793e+27 1.043832215234026e+17 1.9062012266385132e+48 2895037287.199686 4.255595915565661e+25 1132281.6407418316 1.7508101139668698e+16 7.222778108326722 1344584.448380925 1.3386880532001496e+53 3.92132823765637e+48 84
3.5801499901320055e+23 1.0617302281628929e+71 3.5581512400476664e+63 2.577708882204379e+21 133419.17741654173 2.326448531012262e+48 10718468328741.389 2.7969912148285793e+27 1.043832215234026e+17 1.9062012266385132e+48 2895037287.199686 706.0955825458416 1132281.6407418316 1141467917775.3955 29810.605484808195 3.92132823765637e+48 85
3.5801499901320055e+23 1.0617302281628929e+71 302292.4019787378 6253282.697733294 3.7451688882870914e+22 2.4038665430106445e+17 9.486468001184388 331722908047.2175 2895037287.199686 285092788104087.06 1037784942208.9578 7.222778108326722 1344584.448380925 9110881203162516.0 3.672572618117488e+20 3.92132823765637e+48 3879419.1587271336 84
3.5801499901320055e+23 1.0617302281628929e+71 3.5581512400476664e+63 6253282.697733294 1.0809972009248764e+36 2.326448531012262e+48 10718468328741.389 2.7969912148285793e+27 2.3271972970032008e-05 1.9062012266385132e+48 2895037287.199686 4.255595915565661e+25 1132281.6407418316 3.812720479654298e+16 1.3073199673121602e+20 200.69900279080773 4.702887614115132e-277 1.3386880532001496e+53 3.92132823765637e+48 5645322710.039388 1.7379359105997603e+19 85
3.5801499901320055e+23 1.0617302281628929e+71 3.5581512400476664e+63 0.00014631436577116922 5329500460.526692 335.6928961185235 2.7969912148285793e+27 1.043832215234026e+17 1.9062012266385132e+48 34563.61083555031 706.0955825458416 8.304846903648764e+17 1.7508101139668698e+16 1.3073199673121602e+20 1.3386880532001496e+53 107.69297196799091 85
2.00289948358276e+44 1.0617302281628929e+71 3.5581512400476664e+63 6253282.697733294 1.0809972009248764e+36 2.326448531012262e+48 3.7451688882870914e+22 2.4038665430106445e+17 83589508504128.14 1.9062012266385132e+48 1964900.6128617956 4.255595915565661e+25 1037784942208.9578 3.812720479654298e+16 2075.8503908615576 1344584.448380925 200.69900279080773 946.0436163340208 1.3386880532001496e+53 3.92132823765637e+48 33643.39761856925 84
2.00289948358276e+44 1.0617302281628929e+71 302292.4019787378 6366.980943390848 5329500460.526692 2.326448531012262e+48 3.7451688882870914e+22 2.4038665430106445e+17 1.9062012266385132e+48 673.2539275437093 285092788104087.06 8.304846903648764e+17 3.812720479654298e+16 1.3073199673121602e+20 1141467917775.3955 1.3386880532001496e+53 3.92132823765637e+48 5645322710.039388 1.7379359105997603e+19 84
2.00289948358276e+44 1.0617302281628929e+71 3.5581512400476664e+63 2.577708882204379e+21 1.0809972009248764e+36 128.59652180944366 3.7451688882870914e+22 2.4038665430106445e+17 2.3271972970032008e-05 1.9062012266385132e+48 2895037287.199686 4.255595915565661e+25 8.304846903648764e+17 3.812720479654298e+16 1.3073199673121602e+20 1344584.448380925 0.005297245106215283 3.672572618117488e+20 1.3386880532001496e+53 3.92132823765637e+48 5645322710.039388 1.7379359105997603e+19 84
2.00289948358276e+44 1.0617302281628929e+71 3.5581512400476664e+63 1.0809972009248764e+36 3.7451688882870914e+22 2.4038665430106445e+17 0.0030526497222257564 331722908047.2175 16059059391.632004 4.255595915565661e+25 1037784942208.9578 1.7508101139668698e+16 7.222778108326722 9110881203162516.0 3.672572618117488e+20 1.3386880532001496e+53 3.92132823765637e+48 33643.39761856925 84
2.00289948358276e+44 0.00405226132374037 3.5581512400476664e+63 1.4365415413600008e-06 1.0809972009248764e+36 2.326448531012262e+48 706.0955825458416 3.812720479654298e+16 1141467917775.3955 29810.605484808195 3.92132823765637e+48 3879419.1587271336 1.7379359105997603e+19 84
2.00289948358276e+44 1.0617302281628929e+71 3.5581512400476664e+63 1.0809972009248764e+36 2.326448531012262e+48 3.7451688882870914e+22 2.4038665430106445e+17 9.486468001184388 331722908047.2175 16059059391.632004 285092788104087.06 14.822606251850607 1.7508101139668698e+16 1.3073199673121602e+20 9110881203162516.0 1.3386880532001496e+53 107.69297196799091 33643.39761856925 1.7379359105997603e+19 84
3.5801499901320055e+23 1.0617302281628929e+71 3.5581512400476664e+63 6253282.697733294 1.0809972009248764e+36 3.7451688882870914e+22 2.4038665430106445e+17 2.3271972970032008e-05 1.9062012266385132e+48 1964900.6128617956 4.255595915565661e+25 8.304846903648764e+17 1.7508101139668698e+16 1.3073199673121602e+20 9110881203162516.0 946.0436163340208 1.3386880532001496e+53 3.92132823765637e+48 84
2.00289948358276e+44 1.0617302281628929e+71 3.5581512400476664e+63 2.577708882204379e+21 133419.17741654173 2.326448531012262e+48 10718468328741.389 0.26 1.6834459572032392 1.9062012266385132e+48 1964900.6128617956 1.0815859994932687e-272 84
3.5801499901320055e+23 1.0617302281628929e+71 3.5581512400476664e+63 2.577708882204379e+21 5329500460.526692 2.326448531012262e+48 3.7451688882870914e+22 2.7969912148285793e+27 1.6834459572032392 1.9062012266385132e+48 1964900.6128617956 4.255595915565661e+25 1132281.6407418316 7.222778108326722 1344584.448380925 12043.363424667878 1.3386880532001496e+53 3.92132823765637e+48 33643.39761856925 85
2.00289948358276e+44 1.0617302281628929e+71 3.5581512400476664e+63 6253282.697733294 133419.17741654173 2.326448531012262e+48 335.6928961185235 2.7969912148285793e+27 9.486468001184388 1964900.6128617956 4.255595915565661e+25 8.304846903648764e+17 1141467917775.3955 1.3386880532001496e+53 3.92132823765637e+48 84
3.5801499901320055e+23 1.0617302281628929e+71 3.5581512400476664e+63 2.577708882204379e+21 5329500460.526692 128.59652180944366 10718468328741.389 2.7969912148285793e+27 1.043832215234026e+17 1.9062012266385132e+48 34563.61083555031 4.255595915565661e+25 1.7508101139668698e+16 1.3073199673121602e+20 200.69900279080773 9.050211710568005e-06 1.3386880532001496e+53 3.92132823765637e+48 5645322710.039388 1.7379359105997603e+19 85
2.00289948358276e+44 1.0617302281628929e+71 3.5581512400476664e+63 2.577708882204379e+21 5329500460.526692 1.043832215234026e+17 1.9062012266385132e+48 8.304846903648764e+17 3.812720479654298e+16 1.3073199673121602e+20 1.3386880532001496e+53 3.92132823765637e+48 84
2.00289948358276e+44 1.0617302281628929e+71 3.5581512400476664e+63 6253282.697733294 1.0809972009248764e+36 2.326448531012262e+48 0.024313567942442223 2.4038665430106445e+17 2.3271972970032008e-05 331722908047.2175 1964900.6128617956 4.255595915565661e+25 1037784942208.9578 1.7508101139668698e+16 7.222778108326722 12043.363424667878 1.3386880532001496e+53 3.92132823765637e+48 33643.39761856925 84
3.5801499901320055e+23 1.0617302281628929e+71 3.5581512400476664e+63 2.577708882204379e+21 5329500460.526692 2.326448531012262e+48 335.6928961185235 2.7969912148285793e+27 83589508504128.14 1.9062012266385132e+48 34563.61083555031 4.255595915565661e+25 1132281.6407418316 3.812720479654298e+16 1.3073199673121602e+20 200.69900279080773 3.672572618117488e+20 1.3386880532001496e+53 0.006554218521249418 3879419.1587271336 1.7379359105997603e+19 85
2.00289948358276e+44 1.0617302281628929e+71 3.5581512400476664e+63 6253282.697733294 5329500460.526692 0.19 10718468328741.389 2.7969912148285793e+27 1.043832215234026e+17 1.9062012266385132e+48 2895037287.199686 706.0955825458416 8.304846903648764e+17 1.7508101139668698e+16 1.3073199673121602e+20 200.69900279080773 3.672572618117488e+20 1.3386880532001496e+53 0.006554218521249418 84
2.00289948358276e+44 1.0617302281628929e+71 3.5581512400476664e+63 1.0809972009248764e+36 2.326448531012262e+48 3.7451688882870914e+22 1.9745916459421093e-05 2.3271972970032008e-05 331722908047.2175 1964900.6128617956 4.255595915565661e+25 1132281.6407418316 3.812720479654298e+16 1.3073199673121602e+20 9110881203162516.0 3.672572618117488e+20 1.3386880532001496e+53 3.92132823765637e+48 84
2.00289948358276e+44 1.0617302281628929e+71 3.5581512400476664e+63 1.0809972009248764e+36 2.326448531012262e+48 10718468328741.389 83589508504128.14 331722908047.2175 1964900.6128617956 4.255595915565661e+25 1132281.6407418316 3.812720479654298e+16 9110881203162516.0 3.672572618117488e+20 29810.605484808195 3.92132823765637e+48 84
2.00289948358276e+44 1.0617302281628929e+71 3.5581512400476664e+63 6366.980943390848 133419.17741654173 2.326448531012262e+48 3.7451688882870914e+22 2.4038665430106445e+17 1.043832215234026e+17 1.9062012266385132e+48 2895037287.199686 4.255595915565661e+25 1132281.6407418316 200.69900279080773 1.3386880532001496e+53 107.69297196799091 84
2.00289948358276e+44 1.0617302281628929e+71 3.5581512400476664e+63 84
3.5801499901320055e+23 1.0617302281628929e+71 3.5581512400476664e+63 2.577708882204379e+21 1.0809972009248764e+36 2.326448531012262e+48 10718468328741.389 2.7969912148285793e+27 1.043832215234026e+17 331722908047.2175 34563.61083555031 4.255595915565661e+25 8.304846903648764e+17 200.69900279080773 29810.605484808195 107.69297196799091 85
2.00289948358276e+44 1.0617302281628929e+71 3.5581512400476664e+63 1.0809972009248764e+36 2.326448531012262e+48 3.7451688882870914e+22 2.4038665430106445e+17 9.486468001184388 331722908047.2175 16059059391.632004 285092788104087.06 14.822606251850607 1.7508101139668698e+16 1.3073199673121602e+20 9110881203162516.0 1.3386880532001496e+53 107.69297196799091 33643.39761856925 1.7379359105997603e+19 84
2.00289948358276e+44 0.00405226132374037 3.5581512400476664e+63 6253282.697733294 1.0809972009248764e+36 3.7451688882870914e+22 2.4038665430106445e+17 2.3271972970032008e-05 331722908047.2175 1964900.6128617956 4.255595915565661e+25 1.3386880532001496e+53 3.92132823765637e+48 5645322710.039388 1.7379359105997603e+19 84
2.00289948358276e+44 1.0617302281628929e+71 3.5581512400476664e+63 2.577708882204379e+21 5329500460.526692 10718468328741.389 2.7969912148285793e+27 1.043832215234026e+17 1.9062012266385132e+48 34563.61083555031 1.0815859994932687e-272 14.822606251850607 3.812720479654298e+16 2075.8503908615576 9110881203162516.0 3.672572618117488e+20 84
3.5801499901320055e+23 1.0617302281628929e+71 3.5581512400476664e+63 2.577708882204379e+21 1.0809972009248764e+36 0.0030526497222257564 85
3.5801499901320055e+23 1.0617302281628929e+71 3.5581512400476664e+63 2.577708882204379e+21 133419.17741654173 2.326448531012262e+48 3.7451688882870914e+22 2.4038665430106445e+17 1.6834459572032392 331722908047.2175 1964900.6128617956 285092788104087.06 8.304846903648764e+17 3.812720479654298e+16 9110881203162516.0 85
3.5801499901320055e+23 1.0617302281628929e+71 3.5581512400476664e+63 6366.980943390848 5329500460.526692 2.326448531012262e+48 0.024313567942442223 2.7969912148285793e+27 83589508504128.14 1.9062012266385132e+48 1.0815859994932687e-272 8.304846903648764e+17 1.7508101139668698e+16 1.3073199673121602e+20 1141467917775.3955 946.0436163340208 1.3386880532001496e+53 3.92132823765637e+48 85
3.5801499901320055e+23 1.0617302281628929e+71 3.5581512400476664e+63 6366.980943390848 5329500460.526692 2.326448531012262e+48 10718468328741.389 2.7969912148285793e+27 83589508504128.14 1.9062012266385132e+48 34563.61083555031 4.255595915565661e+25 1132281.6407418316 1141467917775.3955 1.3386880532001496e+53 3.92132823765637e+48 85
3.5801499901320055e+23 0.00405226132374037 302292.4019787378 1.0809972009248764e+36 2.326448531012262e+48 0.024313567942442223 1.9745916459421093e-05 9.486468001184388 331722908047.2175 16059059391.632004 285092788104087.06 14.822606251850607 84
2.00289948358276e+44 1.0617302281628929e+71 3.5581512400476664e+63 1.0809972009248764e+36 2.326448531012262e+48 335.6928961185235 1.6834459572032392 1.9062012266385132e+48 16059059391.632004 4.255595915565661e+25 1037784942208.9578 3.812720479654298e+16 2075.8503908615576 1.3386880532001496e+53 3.92132823765637e+48 84
3.5801499901320055e+23 1.0617302281628929e+71 3.5581512400476664e+63 6253282.697733294 1.0809972009248764e+36 2.326448531012262e+48 335.6928961185235 1.6834459572032392 1.9062012266385132e+48 1964900.6128617956 706.0955825458416 1132281.6407418316 1.7508101139668698e+16 1.3073199673121602e+20 9110881203162516.0 12043.363424667878 1.3386880532001496e+53 3.92132823765637e+48 84
2.00289948358276e+44 1.0617302281628929e+71 3.5581512400476664e+63 6366.980943390848 133419.17741654173 0.17 2.7969912148285793e+27 9.486468001184388 1.9062012266385132e+48 2895037287.199686 4.255595915565661e+25 8.304846903648764e+17 1.7508101139668698e+16 1.3073199673121602e+20 200.69900279080773 4.702887614115132e-277 1.9751089946831822e-76 3.92132823765637e+48 33643.39761856925 84
2.00289948358276e+44 1.0617302281628929e+71 3.5581512400476664e+63 0.024313567942442223 2.4038665430106445e+17 331722908047.2175 1964900.6128617956 285092788104087.06 8.304846903648764e+17 1.3386880532001496e+53 107.69297196799091 33643.39761856925 1.7379359105997603e+19 84
3.5801499901320055e+23 1.0617302281628929e+71 3.5581512400476664e+63 1.0809972009248764e+36 2.326448531012262e+48 3.7451688882870914e+22 2.4038665430106445e+17 1.6834459572032392 1.9062012266385132e+48 1964900.6128617956 4.255595915565661e+25 1037784942208.9578 3.812720479654298e+16 1.3073199673121602e+20 200.69900279080773 1.3386880532001496e+53 0.75 84
2.00289948358276e+44 1.0617302281628929e+71 3.5581512400476664e+63 2.577708882204379e+21 1.0809972009248764e+36 2.326448531012262e+48 3.7451688882870914e+22 2.4038665430106445e+17 2.3271972970032008e-05 331722908047.2175 4.255595915565661e+25 1037784942208.9578 3.812720479654298e+16 7.222778108326722 9110881203162516.0 3.672572618117488e+20 1.3386880532001496e+53 6.169710876275835e-75 84
3.5801499901320055e+23 1.0617302281628929e+71 3.5581512400476664e+63 335.6928961185235 2.7969912148285793e+27 83589508504128.14 1.9062012266385132e+48 1964900.6128617956 4.255595915565661e+25 1132281.6407418316 3.812720479654298e+16 1.3073199673121602e+20 200.69900279080773 4.702887614115132e-277 85
2.00289948358276e+44 0.00405226132374037 302292.4019787378 2.577708882204379e+21 1.0809972009248764e+36 2.326448531012262e+48 10718468328741.389 2.4038665430106445e+17 1.6834459572032392 1.9062012266385132e+48 1964900.6128617956 4.255595915565661e+25 14.822606251850607 1.3386880532001496e+53 3.92132823765637e+48 3879419.1587271336 84
2.00289948358276e+44 1.0617302281628929e+71 3.5581512400476664e+63 2.577708882204379e+21 1.0809972009248764e+36 2.326448531012262e+48 10718468328741.389 2.7969912148285793e+27 83589508504128.14 1.9062012266385132e+48 673.2539275437093 285092788104087.06 1037784942208.9578 3.812720479654298e+16 1.3073199673121602e+20 9110881203162516.0 12043.363424667878 1.3386880532001496e+53 3.92132823765637e+48 3879419.1587271336 1.7379359105997603e+19 84
2.00289948358276e+44 0.00405226132374037 302292.4019787378 2.577708882204379e+21 1.0809972009248764e+36 2.326448531012262e+48 10718468328741.389 2.7969912148285793e+27 1.043832215234026e+17 1.9062012266385132e+48 2895037287.199686 4.255595915565661e+25 1132281.6407418316 0.005297245106215283 946.0436163340208 1.3386880532001496e+53 3.92132823765637e+48 84
3.5801499901320055e+23 1.0617302281628929e+71 3.5581512400476664e+63 6366.980943390848 5329500460.526692 2.326448531012262e+48 1.043832215234026e+17 1.9062012266385132e+48 4.255595915565661e+25 1.3386880532001496e+53 3.92132823765637e+48 3879419.1587271336 1.1779640639152006e-05 85
2.00289948358276e+44 1.0617302281628929e+71 3.5581512400476664e+63 6366.980943390848 1.0809972009248764e+36 2.326448531012262e+48 3.7451688882870914e+22 2.4038665430106445e+17 0.0030526497222257564 1.9062012266385132e+48 1964900.6128617956 285092788104087.06 14.822606251850607 0.05369246253955991 2075.8503908615576 1344584.448380925 9110881203162516.0 3.672572618117488e+20 1.3386880532001496e+53 0.75 85
3.5801499901320055e+23 1.0617302281628929e+71 3.5581512400476664e+63 1.4365415413600008e-06 133419.17741654173 2.326448531012262e+48 10718468328741.389 2.7969912148285793e+27 1.043832215234026e+17 1.9062012266385132e+48 1964900.6128617956 706.0955825458416 8.304846903648764e+17 200.69900279080773 9.050211710568005e-06 1.3386880532001496e+53 107.69297196799091 85
2.00289948358276e+44 1.0617302281628929e+71 3.5581512400476664e+63 2.577708882204379e+21 1.0809972009248764e+36 2.326448531012262e+48 10718468328741.389 2.7969912148285793e+27 83589508504128.14 1.9062012266385132e+48 673.2539275437093 285092788104087.06 1037784942208.9578 3.812720479654298e+16 1.3073199673121602e+20 9110881203162516.0 12043.363424667878 1.3386880532001496e+53 3.92132823765637e+48 3879419.1587271336 1.7379359105997603e+19 84
2.00289948358276e+44 1.0617302281628929e+71 3.5581512400476664e+63 6253282.697733294 1.0809972009248764e+36 2.326448531012262e+48 3.7451688882870914e+22 2.4038665430106445e+17 83589508504128.14 331722908047.2175 1964900.6128617956 4.255595915565661e+25 1037784942208.9578 3.812720479654298e+16 2075.8503908615576 1344584.448380925 200.69900279080773 946.0436163340208 1.3386880532001496e+53 3.92132823765637e+48 33643.39761856925 84
2.00289948358276e+44 1.0617302281628929e+71 3.5581512400476664e+63 1.0809972009248764e+36 0.19 9.486468001184388 1.9062012266385132e+48 673.2539275437093 1.3073199673121602e+20 1344584.448380925 5645322710.039388 1.7379359105997603e+19 84
2.00289948358276e+44 1.0617302281628929e+71 3.5581512400476664e+63 6366.980943390848 1.0809972009248764e+36 2.326448531012262e+48 10718468328741.389 2.4038665430106445e+17 1.6834459572032392 1.9062012266385132e+48 673.2539275437093 4.255595915565661e+25 1037784942208.9578 1.7508101139668698e+16 1141467917775.3955 3.672572618117488e+20 29810.605484808195 3.92132823765637e+48 5645322710.039388 84
2.00289948358276e+44 1.0617302281628929e+71 3.5581512400476664e+63 6366.980943390848 1.0809972009248764e+36 2.326448531012262e+48 10718468328741.389 83589508504128.14 331722908047.2175 2895037287.199686 4.255595915565661e+25 1132281.6407418316 9110881203162516.0 3.672572618117488e+20 33643.39761856925 84
3.5801499901320055e+23 0.00405226132374037 302292.4019787378 2.577708882204379e+21 1.0809972009248764e+36 2.326448531012262e+48 10718468328741.389 2.7969912148285793e+27 1.6834459572032392 1.9062012266385132e+48 34563.61083555031 4.255595915565661e+25 1132281.6407418316 0.05369246253955991 1344584.448380925 1.3386880532001496e+53 3.92132823765637e+48 3879419.1587271336 1.7379359105997603e+19 85
2.00289948358276e+44 1.0617302281628929e+71 3.5581512400476664e+63 2.577708882204379e+21 1.0809972009248764e+36 2.326448531012262e+48 10718468328741.389 83589508504128.14 331722908047.2175 285092788104087.06 14.822606251850607 3.812720479654298e+16 7.222778108326722 1344584.448380925 3.672572618117488e+20 1.3386880532001496e+53 107.69297196799091 84
3.5801499901320055e+23 1.0617302281628929e+71 3.5581512400476664e+63 1.4365415413600008e-06 1.0809972009248764e+36 335.6928961185235 0.26 1.043832215234026e+17 1.9062012266385132e+48 34563.61083555031 1.0815859994932687e-272 1132281.6407418316 3.812720479654298e+16 1.3073199673121602e+20 1141467917775.3955 946.0436163340208 1.3386880532001496e+53 3.92132823765637e+48 85
2.00289948358276e+44 1.0617302281628929e+71 3.5581512400476664e+63 2.577708882204379e+21 1.0809972009248764e+36 2.326448531012262e+48 335.6928961185235 2.4038665430106445e+17 1.043832215234026e+17 1.9062012266385132e+48 1964900.6128617956 285092788104087.06 1037784942208.9578 0.05369246253955991 2075.8503908615576 1344584.448380925 9110881203162516.0 3.672572618117488e+20 1.3386880532001496e+53 3.92132823765637e+48 84
3.5801499901320055e+23 1.0617302281628929e+71 302292.4019787378 2.577708882204379e+21 1.0809972009248764e+36 128.59652180944366 3.7451688882870914e+22 2.7969912148285793e+27 1.043832215234026e+17 331722908047.2175 673.2539275437093 1037784942208.9578 1.7508101139668698e+16 7.222778108326722 1.3386880532001496e+53 3.92132823765637e+48 84
2.00289948358276e+44 1.0617302281628929e+71 3.5581512400476664e+63 1.0809972009248764e+36 3.7451688882870914e+22 2.4038665430106445e+17 0.0030526497222257564 331722908047.2175 16059059391.632004 4.255595915565661e+25 1037784942208.9578 1.7508101139668698e+16 7.222778108326722 9110881203162516.0 3.672572618117488e+20 1.3386880532001496e+53 3.92132823765637e+48 33643.39761856925 84
2.00289948358276e+44 1.0617302281628929e+71 3.5581512400476664e+63 6253282.697733294 1.0809972009248764e+36 2.326448531012262e+48 0.024313567942442223 2.4038665430106445e+17 1.6834459572032392 331722908047.2175 673.2539275437093 285092788104087.06 14.822606251850607 9110881203162516.0 3.672572618117488e+20 1.3386880532001496e+53 107.69297196799091 33643.39761856925 1.7379359105997603e+19 84
3.5801499901320055e+23 1.0617302281628929e+71 3.5581512400476664e+63 2.577708882204379e+21 5329500460.526692 2.326448531012262e+48 10718468328741.389 2.7969912148285793e+27 1.043832215234026e+17 1.9062012266385132e+48 706.0955825458416 8.304846903648764e+17 3.812720479654298e+16 1.3073199673121602e+20 9110881203162516.0 4.702887614115132e-277 1.3386880532001496e+53 3.92132823765637e+48 85
3.5801499901320055e+23 1.0617302281628929e+71 3.5581512400476664e+63 2.577708882204379e+21 5329500460.526692 128.59652180944366 10718468328741.389 2.7969912148285793e+27 1.043832215234026e+17 1.9062012266385132e+48 34563.61083555031 4.255595915565661e+25 1.7508101139668698e+16 1.3073199673121602e+20 200.69900279080773 9.050211710568005e-06 1.3386880532001496e+53 3.92132823765637e+48 5645322710.039388 1.7379359105997603e+19 85
3.5801499901320055e+23 0.00405226132374037 302292.4019787378 6253282.697733294 1.0809972009248764e+36 2.326448531012262e+48 29810.605484808195 3.92132823765637e+48 85
3.5801499901320055e+23 1.0617302281628929e+71 3.5581512400476664e+63 2.577708882204379e+21 133419.17741654173 128.59652180944366 3.7451688882870914e+22 2.7969912148285793e+27 1.043832215234026e+17 706.0955825458416 1132281.6407418316 1141467917775.3955 1.3386880532001496e+53 107.69297196799091 85
2.00289948358276e+44 1.0617302281628929e+71 3.5581512400476664e+63 2.577708882204379e+21 1.2499197313302868e-76 128.59652180944366 84
3.5801499901320055e+23 1.0617302281628929e+71 3.5581512400476664e+63 5329500460.526692 2.326448531012262e+48 10718468328741.389 83589508504128.14 1.9062012266385132e+48 3.812720479654298e+16 7.222778108326722 1344584.448380925 1.3386880532001496e+53 3.92132823765637e+48 85
2.00289948358276e+44 1.0617302281628929e+71 3.5581512400476664e+63 2.577708882204379e+21 1.0809972009248764e+36 2.326448531012262e+48 10718468328741.389 83589508504128.14 331722908047.2175 285092788104087.06 14.822606251850607 3.812720479654298e+16 7.222778108326722 1344584.448380925 3.672572618117488e+20 1.3386880532001496e+53 107.69297196799091 84
2.00289948358276e+44 1.0617302281628929e+71 3.5581512400476664e+63 1.0809972009248764e+36 2.326448531012262e+48 3.7451688882870914e+22 2.4038665430106445e+17 9.486468001184388 331722908047.2175 16059059391.632004 285092788104087.06 14.822606251850607 1.7508101139668698e+16 1.3073199673121602e+20 9110881203162516.0 1.3386880532001496e+53 107.69297196799091 33643.39761856925 1.7379359105997603e+19 84
3.5801499901320055e+23 1.0617302281628929e+71 3.5581512400476664e+63 2.577708882204379e+21 1.0809972009248764e+36 2.326448531012262e+48 10718468328741.389 2.7969912148285793e+27 83589508504128.14 1.9062012266385132e+48 2895037287.199686 1132281.6407418316 3.812720479654298e+16 1.3073199673121602e+20 200.69900279080773 3.672572618117488e+20 1.3386880532001496e+53 3.92132823765637e+48 5645322710.039388 1.7379359105997603e+19 85
2.00289948358276e+44 1.0617302281628929e+71 3.5581512400476664e+63 1.0809972009248764e+36 2.326448531012262e+48 3.7451688882870914e+22 1.9745916459421093e-05 2.3271972970032008e-05 331722908047.2175 1964900.6128617956 4.255595915565661e+25 1132281.6407418316 3.812720479654298e+16 1.3073199673121602e+20 9110881203162516.0 3.672572618117488e+20 1.3386880532001496e+53 3.92132823765637e+48 84
2.00289948358276e+44 1.0617302281628929e+71 3.5581512400476664e+63 2.577708882204379e+21 1.0809972009248764e+36 10718468328741.389 83589508504128.14 1.9062012266385132e+48 1964900.6128617956 706.0955825458416 8.304846903648764e+17 1.7508101139668698e+16 1.3073199673121602e+20 9110881203162516.0 12043.363424667878 1.3386880532001496e+53 3.92132823765637e+48 5645322710.039388 1.7379359105997603e+19 84
2.00289948358276e+44 1.0617302281628929e+71 3.5581512400476664e+63 6253282.697733294 1.0809972009248764e+36 2.326448531012262e+48 335.6928961185235 2.4038665430106445e+17 1.043832215234026e+17 1.9062012266385132e+48 4.255595915565661e+25 8.304846903648764e+17 1.7508101139668698e+16 2075.8503908615576 1344584.448380925 1141467917775.3955 3.672572618117488e+20 1.3386880532001496e+53 3.92132823765637e+48 84
3.5801499901320055e+23 1.0617302281628929e+71 3.5581512400476664e+63 0.00014631436577116922 133419.17741654173 2.326448531012262e+48 10718468328741.389 2.7969912148285793e+27 1.043832215234026e+17 2895037287.199686 1.0815859994932687e-272 8.304846903648764e+17 1.7508101139668698e+16 1.3073199673121602e+20 200.69900279080773 4.702887614115132e-277 29810.605484808195 3.92132823765637e+48 85
3.5801499901320055e+23 1.0617302281628929e+71 3.5581512400476664e+63 6366.980943390848 1.0809972009248764e+36 2.326448531012262e+48 3.7451688882870914e+22 2.4038665430106445e+17 2.3271972970032008e-05 331722908047.2175 673.2539275437093 706.0955825458416 1132281.6407418316 1.7508101139668698e+16 2075.8503908615576 0.005297245106215283 946.0436163340208 1.3386880532001496e+53 3.92132823765637e+48 5645322710.039388 1.7379359105997603e+19 85
3.5801499901320055e+23 1.0617302281628929e+71 3.5581512400476664e+63 2.577708882204379e+21 5329500460.526692 2.326448531012262e+48 3.7451688882870914e+22 2.7969912148285793e+27 1.6834459572032392 1.9062012266385132e+48 1964900.6128617956 4.255595915565661e+25 1132281.6407418316 7.222778108326722 1344584.448380925 12043.363424667878 1.3386880532001496e+53 3.92132823765637e+48 33643.39761856925 85
3.5801499901320055e+23 1.0617302281628929e+71 3.5581512400476664e+63 2.577708882204379e+21 133419.17741654173 2.326448531012262e+48 1.043832215234026e+17 1.9062012266385132e+48 1.9751089946831822e-76 3.92132823765637e+48 84
2.00289948358276e+44 1.0617302281628929e+71 3.5581512400476664e+63 1.0809972009248764e+36 0.024313567942442223 2.4038665430106445e+17 0.0030526497222257564 331722908047.2175 16059059391.632004 285092788104087.06 14.822606251850607 9110881203162516.0 3.672572618117488e+20 1.3386880532001496e+53 3.92132823765637e+48 33643.39761856925 1.7379359105997603e+19 84
3.5801499901320055e+23 0.00405226132374037 302292.4019787378 2.577708882204379e+21 1.0809972009248764e+36 10718468328741.389 1.043832215234026e+17 1.9062012266385132e+48 16059059391.632004 4.255595915565661e+25 8.304846903648764e+17 3.812720479654298e+16 1.3073199673121602e+20 200.69900279080773 1.3386880532001496e+53 3.92132823765637e+48 3879419.1587271336 1.7379359105997603e+19 85
3.5801499901320055e+23 1.0617302281628929e+71 3.5581512400476664e+63 5329500460.526692 2.326448531012262e+48 10718468328741.389 83589508504128.14 1.9062012266385132e+48 3.812720479654298e+16 7.222778108326722 1344584.448380925 1.3386880532001496e+53 3.92132823765637e+48 85
2.00289948358276e+44 1.0617302281628929e+71 3.5581512400476664e+63 1.0809972009248764e+36 2.326448531012262e+48 3.7451688882870914e+22 2.7969912148285793e+27 83589508504128.14 1.9062012266385132e+48 2895037287.199686 4.255595915565661e+25 1132281.6407418316 1.7508101139668698e+16 1.3073199673121602e+20 200.69900279080773 12043.363424667878 1.9751089946831822e-76 107.69297196799091 5645322710.039388 1.7379359105997603e+19 84
2.00289948358276e+44 1.0617302281628929e+71 3.5581512400476664e+63 1.4365415413600008e-06 1.0809972009248764e+36 2.326448531012262e+48 0.024313567942442223 2.4038665430106445e+17 0.0030526497222257564 331722908047.2175 4.255595915565661e+25 1.3386880532001496e+53 84
2.00289948358276e+44 1.0617302281628929e+71 3.5581512400476664e+63 2.577708882204379e+21 1.0809972009248764e+36 2.326448531012262e+48 3.7451688882870914e+22 2.4038665430106445e+17 9.486468001184388 1.9062012266385132e+48 16059059391.632004 285092788104087.06 1037784942208.9578 3.812720479654298e+16 1.3073199673121602e+20 200.69900279080773 12043.363424667878 1.3386880532001496e+53 3.92132823765637e+48 84
3.5801499901320055e+23 1.0617302281628929e+71 3.5581512400476664e+63 6366.980943390848 1.0809972009248764e+36 2.326448531012262e+48 3.7451688882870914e+22 83589508504128.14 331722908047.2175 1964900.6128617956 1.0815859994932687e-272 8.304846903648764e+17 4.702887614115132e-277 5.996276059715086e-144 33643.39761856925 0.03658282367651293 85
3.5801499901320055e+23 1.0617302281628929e+71 3.5581512400476664e+63 6366.980943390848 1.2499197313302868e-76 128.59652180944366 10718468328741.389 2.7969912148285793e+27 1.043832215234026e+17 1.9062012266385132e+48 1964900.6128617956 4.255595915565661e+25 8.304846903648764e+17 3.812720479654298e+16 1.3073199673121602e+20 9110881203162516.0 946.0436163340208 29810.605484808195 3.92132823765637e+48 85
2.00289948358276e+44 1.0617302281628929e+71 3.5581512400476664e+63 6253282.697733294 1.0809972009248764e+36 0.024313567942442223 2.4038665430106445e+17 2.3271972970032008e-05 331722908047.2175 1964900.6128617956 285092788104087.06 1037784942208.9578 3.812720479654298e+16 7.222778108326722 1344584.448380925 1.3386880532001496e+53 3.92132823765637e+48 33643.39761856925 1.7379359105997603e+19 85
2.00289948358276e+44 1.0617302281628929e+71 3.5581512400476664e+63 2.577708882204379e+21 133419.17741654173 2.326448531012262e+48 3.7451688882870914e+22 2.7969912148285793e+27 1.6834459572032392 1.9062012266385132e+48 2895037287.199686 4.255595915565661e+25 1037784942208.9578 3.812720479654298e+16 1.3073199673121602e+20 1141467917775.3955 3.672572618117488e+20 1.3386880532001496e+53 3.92132823765637e+48 5645322710.039388 1.7379359105997603e+19 84
2.00289948358276e+44 1.0617302281628929e+71 3.5581512400476664e+63 6253282.697733294 1.0809972009248764e+36 2.326448531012262e+48 3.7451688882870914e+22 2.4038665430106445e+17 1.043832215234026e+17 1.9062012266385132e+48 1964900.6128617956 4.255595915565661e+25 8.304846903648764e+17 3.812720479654298e+16 1.3073199673121602e+20 1.3386880532001496e+53 3.92132823765637e+48 33643.39761856925 84
3.5801499901320055e+23 1.0617302281628929e+71 3.5581512400476664e+63 2.577708882204379e+21 133419.17741654173 2.326448531012262e+48 335.6928961185235 2.7969912148285793e+27 83589508504128.14 1.9062012266385132e+48 2895037287.199686 4.255595915565661e+25 8.304846903648764e+17 1141467917775.3955 4.702887614115132e-277 29810.605484808195 3.92132823765637e+48 85
3.5801499901320055e+23 1.0617302281628929e+71 3.5581512400476664e+63 2.577708882204379e+21 5329500460.526692 2.326448531012262e+48 3.7451688882870914e+22 2.4038665430106445e+17 9.486468001184388 1.9062012266385132e+48 34563.61083555031 285092788104087.06 1132281.6407418316 3.812720479654298e+16 1344584.448380925 9.050211710568005e-06 1.3386880532001496e+53 3.92132823765637e+48 3879419.1587271336 85
2.00289948358276e+44 1.0617302281628929e+71 3.5581512400476664e+63 0.00014631436577116922 1.0809972009248764e+36 3.7451688882870914e+22 2.4038665430106445e+17 0.0030526497222257564 1.9062012266385132e+48 16059059391.632004 285092788104087.06 8.304846903648764e+17 3.812720479654298e+16 7.222778108326722 200.69900279080773 946.0436163340208 1.3386880532001496e+53 3.92132823765637e+48 33643.39761856925 1.7379359105997603e+19 84
2.00289948358276e+44 1.0617302281628929e+71 3.5581512400476664e+63 2.577708882204379e+21 5329500460.526692 2.326448531012262e+48 10718468328741.389 2.7969912148285793e+27 2.3271972970032008e-05 1.9062012266385132e+48 673.2539275437093 4.255595915565661e+25 8.304846903648764e+17 3.812720479654298e+16 7.222778108326722 1344584.448380925 1141467917775.3955 1.3386880532001496e+53 3.92132823765637e+48 5645322710.039388 1.7379359105997603e+19 84
3.5801499901320055e+23 1.0617302281628929e+71 3.5581512400476664e+63 2.577708882204379e+21 5329500460.526692 128.59652180944366 10718468328741.389 2.7969912148285793e+27 1.043832215234026e+17 1.9062012266385132e+48 34563.61083555031 4.255595915565661e+25 1.7508101139668698e+16 1.3073199673121602e+20 200.69900279080773 9.050211710568005e-06 1.3386880532001496e+53 3.92132823765637e+48 5645322710.039388 1.7379359105997603e+19 85
3.5801499901320055e+23 1.0617302281628929e+71 3.5581512400476664e+63 2.577708882204379e+21 133419.17741654173 128.59652180944366 10718468328741.389 2.7969912148285793e+27 1.043832215234026e+17 1.9062012266385132e+48 34563.61083555031 706.0955825458416 8.304846903648764e+17 1.3386880532001496e+53 0.006554218521249418 85
2.00289948358276e+44 1.0617302281628929e+71 3.5581512400476664e+63 2.577708882204379e+21 133419.17741654173 2.326448531012262e+48 10718468328741.389 0.26 1.6834459572032392 1.9062012266385132e+48 1964900.6128617956 1.0815859994932687e-272 84
2.00289948358276e+44 1.0617302281628929e+71 3.5581512400476664e+63 6253282.697733294 1.0809972009248764e+36 2.326448531012262e+48 3.7451688882870914e+22 2.4038665430106445e+17 9.486468001184388 1.9062012266385132e+48 285092788104087.06 7.222778108326722 1344584.448380925 1.3386880532001496e+53 3.92132823765637e+48 84
2.00289948358276e+44 1.0617302281628929e+71 3.5581512400476664e+63 6253282.697733294 1.0809972009248764e+36 2.326448531012262e+48 3.7451688882870914e+22 2.4038665430106445e+17 83589508504128.14 331722908047.2175 1964900.6128617956 4.255595915565661e+25 1037784942208.9578 3.812720479654298e+16 2075.8503908615576 1344584.448380925 200.69900279080773 946.0436163340208 1.3386880532001496e+53 3.92132823765637e+48 33643.39761856925 84
2.00289948358276e+44 1.0617302281628929e+71 3.5581512400476664e+63 2.577708882204379e+21 1.0809972009248764e+36 2.4038665430106445e+17 1.9062012266385132e+48 16059059391.632004 4.255595915565661e+25 8.304846903648764e+17 1.3073199673121602e+20 1141467917775.3955 946.0436163340208 1.3386880532001496e+53 0.75 3879419.1587271336 1.7379359105997603e+19 84
2.00289948358276e+44 1.0617302281628929e+71 3.5581512400476664e+63 6253282.697733294 1.0809972009248764e+36 2.326448531012262e+48 3.7451688882870914e+22 2.7969912148285793e+27 9.486468001184388 331722908047.2175 2895037287.199686 4.255595915565661e+25 1132281.6407418316 1.7508101139668698e+16 2075.8503908615576 1344584.448380925 9110881203162516.0 3.672572618117488e+20 1.3386880532001496e+53 3.92132823765637e+48 33643.39761856925 1.1779640639152006e-05 84
2.00289948358276e+44 1.0617302281628929e+71 3.5581512400476664e+63 2.577708882204379e+21 1.0809972009248764e+36 2.326448531012262e+48 0.024313567942442223 2.4038665430106445e+17 83589508504128.14 331722908047.2175 2895037287.199686 4.255595915565661e+25 1037784942208.9578 3.812720479654298e+16 1.3073199673121602e+20 200.69900279080773 3.672572618117488e+20 1.3386880532001496e+53 3.92132823765637e+48 5645322710.039388 1.7379359105997603e+19 84
3.5801499901320055e+23 1.0617302281628929e+71 3.5581512400476664e+63 1.0809972009248764e+36 0.024313567942442223 2.4038665430106445e+17 9.486468001184388 331722908047.2175 16059059391.632004 285092788104087.06 14.822606251850607 1.7508101139668698e+16 1.3073199673121602e+20 9110881203162516.0 3.672572618117488e+20 1.3386880532001496e+53 3.92132823765637e+48 33643.39761856925 84
3.5801499901320055e+23 1.0617302281628929e+71 3.5581512400476664e+63 6366.980943390848 1.0809972009248764e+36 2.326448531012262e+48 3.7451688882870914e+22 2.4038665430106445e+17 2.3271972970032008e-05 331722908047.2175 673.2539275437093 706.0955825458416 1132281.6407418316 1.7508101139668698e+16 2075.8503908615576 0.005297245106215283 946.0436163340208 1.3386880532001496e+53 3.92132823765637e+48 5645322710.039388 1.7379359105997603e+19 85
3.5801499901320055e+23 1.0617302281628929e+71 3.5581512400476664e+63 6253282.697733294 1.0809972009248764e+36 2.326448531012262e+48 335.6928961185235 2.7969912148285793e+27 1.043832215234026e+17 1.9062012266385132e+48 34563.61083555031 706.0955825458416 8.304846903648764e+17 3.812720479654298e+16 0.005297245106215283 1.3386880532001496e+53 3.92132823765637e+48 5645322710.039388 1.7379359105997603e+19 85
3.5801499901320055e+23 1.0617302281628929e+71 3.5581512400476664e+63 6366.980943390848 133419.17741654173 2.326448531012262e+48 10718468328741.389 2.7969912148285793e+27 83589508504128.14 1.9062012266385132e+48 706.0955825458416 8.304846903648764e+17 1141467917775.3955 29810.605484808195 3.92132823765637e+48 85
3.5801499901320055e+23 1.0617302281628929e+71 3.5581512400476664e+63 2.577708882204379e+21 1.0809972009248764e+36 2.326448531012262e+48 10718468328741.389 2.7969912148285793e+27 83589508504128.14 1.9062012266385132e+48 2895037287.199686 1132281.6407418316 3.812720479654298e+16 1.3073199673121602e+20 200.69900279080773 3.672572618117488e+20 1.3386880532001496e+53 3.92132823765637e+48 5645322710.039388 1.7379359105997603e+19 85
3.5801499901320055e+23 1.0617302281628929e+71 3.5581512400476664e+63 6366.980943390848 5329500460.526692 2.326448531012262e+48 10718468328741.389 2.7969912148285793e+27 1.043832215234026e+17 1.9062012266385132e+48 34563.61083555031 706.0955825458416 8.304846903648764e+17 1.7508101139668698e+16 1.3073199673121602e+20 1141467917775.3955 1.3386880532001496e+53 3.92132823765637e+48 85
2.00289948358276e+44 0.00405226132374037 302292.4019787378 2.577708882204379e+21 1.0809972009248764e+36 2.326448531012262e+48 10718468328741.389 2.7969912148285793e+27 1.043832215234026e+17 1.9062012266385132e+48 2895037287.199686 4.255595915565661e+25 1132281.6407418316 0.005297245106215283 946.0436163340208 1.3386880532001496e+53 3.92132823765637e+48 84
2.00289948358276e+44 1.0617302281628929e+71 3.5581512400476664e+63 1.3386880532001496e+53 3.92132823765637e+48 84
2.00289948358276e+44 1.0617302281628929e+71 3.5581512400476664e+63 1.4365415413600008e-06 1.0809972009248764e+36 2.326448531012262e+48 0.024313567942442223 2.4038665430106445e+17 0.0030526497222257564 331722908047.2175 4.255595915565661e+25 1.3386880532001496e+53 84
2.00289948358276e+44 1.0617302281628929e+71 3.5581512400476664e+63 2.577708882204379e+21 1.0809972009248764e+36 2.326448531012262e+48 3.7451688882870914e+22 2.7969912148285793e+27 2.3271972970032008e-05 331722908047.2175 673.2539275437093 4.255595915565661e+25 1037784942208.9578 3.812720479654298e+16 7.222778108326722 1344584.448380925 9110881203162516.0 12043.363424667878 1.3386880532001496e+53 3.92132823765637e+48 33643.39761856925 84
2.00289948358276e+44 1.0617302281628929e+71 3.5581512400476664e+63 6366.980943390848 5329500460.526692 2.326448531012262e+48 2.7969912148285793e+27 1.6834459572032392 1.9062012266385132e+48 2895037287.199686 4.255595915565661e+25 1037784942208.9578 3.812720479654298e+16 1.3073199673121602e+20 200.69900279080773 3.672572618117488e+20 1.3386880532001496e+53 107.69297196799091 84
2.00289948358276e+44 0.00405226132374037 302292.4019787378 2.577708882204379e+21 1.0809972009248764e+36 2.326448531012262e+48 10718468328741.389 2.7969912148285793e+27 1.043832215234026e+17 1.9062012266385132e+48 2895037287.199686 4.255595915565661e+25 1132281.6407418316 0.005297245106215283 946.0436163340208 1.3386880532001496e+53 3.92132823765637e+48 84
3.5801499901320055e+23 1.0617302281628929e+71 3.5581512400476664e+63 6366.980943390848 5329500460.526692 2.326448531012262e+48 1.043832215234026e+17 1.9062012266385132e+48 4.255595915565661e+25 1.3386880532001496e+53 3.92132823765637e+48 3879419.1587271336 1.1779640639152006e-05 85
2.00289948358276e+44 1.0617302281628929e+71 3.5581512400476664e+63 2.577708882204379e+21 1.2499197313302868e-76 2.326448531012262e+48 3.7451688882870914e+22 2.7969912148285793e+27 1.043832215234026e+17 1.9062012266385132e+48 673.2539275437093 1.0815859994932687e-272 1132281.6407418316 0.05369246253955991 7.222778108326722 1344584.448380925 200.69900279080773 1.3386880532001496e+53 107.69297196799091 5645322710.039388 1.7379359105997603e+19 85
3.5801499901320055e+23 0.00405226132374037 302292.4019787378 2.577708882204379e+21 1.0809972009248764e+36 2.326448531012262e+48 10718468328741.389 2.7969912148285793e+27 1.6834459572032392 1.9062012266385132e+48 34563.61083555031 4.255595915565661e+25 1132281.6407418316 0.05369246253955991 1344584.448380925 1.3386880532001496e+53 3.92132823765637e+48 3879419.1587271336 1.7379359105997603e+19 85
2.00289948358276e+44 1.0617302281628929e+71 3.5581512400476664e+63 6253282.697733294 5329500460.526692 0.19 10718468328741.389 2.7969912148285793e+27 1.043832215234026e+17 1.9062012266385132e+48 2895037287.199686 706.0955825458416 8.304846903648764e+17 1.7508101139668698e+16 1.3073199673121602e+20 200.69900279080773 3.672572618117488e+20 1.3386880532001496e+53 0.006554218521249418 84
2.00289948358276e+44 1.0617302281628929e+71 3.5581512400476664e+63 2.577708882204379e+21 133419.17741654173 128.59652180944366 3.7451688882870914e+22 2.7969912148285793e+27 1.043832215234026e+17 1.9062012266385132e+48 1964900.6128617956 1.0815859994932687e-272 8.304846903648764e+17 1.7508101139668698e+16 1.3073199673121602e+20 9110881203162516.0 3.672572618117488e+20 5.996276059715086e-144 3.92132823765637e+48 85
3.5801499901320055e+23 1.0617302281628929e+71 3.5581512400476664e+63 1.4365415413600008e-06 133419.17741654173 2.326448531012262e+48 10718468328741.389 2.7969912148285793e+27 1.043832215234026e+17 1.9062012266385132e+48 1964900.6128617956 706.0955825458416 8.304846903648764e+17 200.69900279080773 9.050211710568005e-06 1.3386880532001496e+53 107.69297196799091 85
2.00289948358276e+44 1.0617302281628929e+71 3.5581512400476664e+63 2.577708882204379e+21 1.0809972009248764e+36 128.59652180944366 10718468328741.389 2.7969912148285793e+27 1.6834459572032392 1.9062012266385132e+48 1964900.6128617956 706.0955825458416 8.304846903648764e+17 1.7508101139668698e+16 1.3073199673121602e+20 1141467917775.3955 12043.363424667878 1.3386880532001496e+53 107.69297196799091 33643.39761856925 1.7379359105997603e+19 84
2.00289948358276e+44 1.0617302281628929e+71 3.5581512400476664e+63 1.0809972009248764e+36 3.7451688882870914e+22 2.4038665430106445e+17 9.486468001184388 331722908047.2175 285092788104087.06 14.822606251850607 3.812720479654298e+16 1.3073199673121602e+20 1344584.448380925 1.3386880532001496e+53 107.69297196799091 33643.39761856925 1.7379359105997603e+19 84
2.00289948358276e+44 1.0617302281628929e+71 3.5581512400476664e+63 2.577708882204379e+21 1.0809972009248764e+36 2.326448531012262e+48 335.6928961185235 2.4038665430106445e+17 9.486468001184388 1.9062012266385132e+48 673.2539275437093 4.255595915565661e+25 1037784942208.9578 3.812720479654298e+16 200.69900279080773 12043.363424667878 33643.39761856925 84
3.5801499901320055e+23 0.00405226132374037 302292.4019787378 2.577708882204379e+21 1.0809972009248764e+36 10718468328741.389 1.043832215234026e+17 1.9062012266385132e+48 16059059391.632004 4.255595915565661e+25 8.304846903648764e+17 3.812720479654298e+16 1.3073199673121602e+20 200.69900279080773 1.3386880532001496e+53 3.92132823765637e+48 3879419.1587271336 1.7379359105997603e+19 85
2.00289948358276e+44 1.0617302281628929e+71 3.5581512400476664e+63 2.577708882204379e+21 5329500460.526692 2.326448531012262e+48 2.7969912148285793e+27 1.043832215234026e+17 1.9062012266385132e+48 2895037287.199686 1.0815859994932687e-272 1132281.6407418316 200.69900279080773 1.3386880532001496e+53 3.92132823765637e+48 3879419.1587271336 1.1779640639152006e-05 84
3.5801499901320055e+23 0.00405226132374037 302292.4019787378 6253282.697733294 1.0809972009248764e+36 2.326448531012262e+48 29810.605484808195 3.92132823765637e+48 85
3.5801499901320055e+23 1.0617302281628929e+71 3.5581512400476664e+63 2.577708882204379e+21 1.0809972009248764e+36 2.326448531012262e+48 3.7451688882870914e+22 2.4038665430106445e+17 83589508504128.14 706.0955825458416 8.304846903648764e+17 3.812720479654298e+16 1.3073199673121602e+20 9110881203162516.0 1.3386880532001496e+53 107.69297196799091 5645322710.039388 1.7379359105997603e+19 85
2.00289948358276e+44 1.0617302281628929e+71 3.5581512400476664e+63 2.577708882204379e+21 1.0809972009248764e+36 2.326448531012262e+48 3.7451688882870914e+22 9.486468001184388 331722908047.2175 16059059391.632004 285092788104087.06 14.822606251850607 3.812720479654298e+16 2075.8503908615576 9110881203162516.0 3.672572618117488e+20 1.3386880532001496e+53 3.92132823765637e+48 84
2.00289948358276e+44 1.0617302281628929e+71 3.5581512400476664e+63 6366.980943390848 1.0809972009248764e+36 2.326448531012262e+48 3.7451688882870914e+22 2.4038665430106445e+17 1.043832215234026e+17 1.9062012266385132e+48 2895037287.199686 4.255595915565661e+25 1132281.6407418316 3.812720479654298e+16 2075.8503908615576 1344584.448380925 200.69900279080773 12043.363424667878 29810.605484808195 3.92132823765637e+48 84
2.00289948358276e+44 1.0617302281628929e+71 3.5581512400476664e+63 6253282.697733294 1.0809972009248764e+36 2.326448531012262e+48 9.486468001184388 1.9062012266385132e+48 2895037287.199686 285092788104087.06 1132281.6407418316 9110881203162516.0 9.050211710568005e-06 1.3386880532001496e+53 6.169710876275835e-75 5645322710.039388 1.7379359105997603e+19 85
2.00289948358276e+44 1.0617302281628929e+71 302292.4019787378 1.4365415413600008e-06 1.2499197313302868e-76 2.326448531012262e+48 1.3386880532001496e+53 3.92132823765637e+48 84
2.00289948358276e+44 1.0617302281628929e+71 3.5581512400476664e+63 6366.980943390848 1.0809972009248764e+36 2.326448531012262e+48 3.7451688882870914e+22 2.7969912148285793e+27 9.486468001184388 331722908047.2175 673.2539275437093 285092788104087.06 1037784942208.9578 1.7508101139668698e+16 1.3073199673121602e+20 29810.605484808195 0.006554218521249418 33643.39761856925 1.7379359105997603e+19 85
2.00289948358276e+44 1.0617302281628929e+71 3.5581512400476664e+63 2.577708882204379e+21 133419.17741654173 128.59652180944366 3.7451688882870914e+22 2.7969912148285793e+27 1.043832215234026e+17 1.9062012266385132e+48 1964900.6128617956 1.0815859994932687e-272 8.304846903648764e+17 1.7508101139668698e+16 1.3073199673121602e+20 9110881203162516.0 3.672572618117488e+20 5.996276059715086e-144 3.92132823765637e+48 85
2.00289948358276e+44 1.0617302281628929e+71 3.5581512400476664e+63 2.577708882204379e+21 1.0809972009248764e+36 2.326448531012262e+48 0.024313567942442223 2.4038665430106445e+17 9.486468001184388 331722908047.2175 16059059391.632004 285092788104087.06 14.822606251850607 9110881203162516.0 3.672572618117488e+20 1.3386880532001496e+53 3.92132823765637e+48 84
2.00289948358276e+44 1.0617302281628929e+71 3.5581512400476664e+63 2.577708882204379e+21 1.0809972009248764e+36 2.326448531012262e+48 3.7451688882870914e+22 2.7969912148285793e+27 2.3271972970032008e-05 331722908047.2175 673.2539275437093 4.255595915565661e+25 1037784942208.9578 3.812720479654298e+16 7.222778108326722 1344584.448380925 9110881203162516.0 12043.363424667878 1.3386880532001496e+53 3.92132823765637e+48 33643.39761856925 84
2.00289948358276e+44 1.0617302281628929e+71 3.5581512400476664e+63 84
2.00289948358276e+44 0.00405226132374037 3.5581512400476664e+63 2.577708882204379e+21 1.0809972009248764e+36 2.326448531012262e+48 2.4038665430106445e+17 1.9062012266385132e+48 1964900.6128617956 285092788104087.06 1.3386880532001496e+53 107.69297196799091 84
3.5801499901320055e+23 1.0617302281628929e+71 3.5581512400476664e+63 2.577708882204379e+21 133419.17741654173 2.326448531012262e+48 3.7451688882870914e+22 1.043832215234026e+17 1.9062012266385132e+48 1964900.6128617956 1.3386880532001496e+53 3.92132823765637e+48 85
2.00289948358276e+44 1.0617302281628929e+71 3.5581512400476664e+63 1.4365415413600008e-06 1.0809972009248764e+36 2.326448531012262e+48 3.7451688882870914e+22 2.4038665430106445e+17 83589508504128.14 1.9062012266385132e+48 1964900.6128617956 285092788104087.06 1037784942208.9578 1.7508101139668698e+16 7.222778108326722 1344584.448380925 1.3386880532001496e+53 107.69297196799091 33643.39761856925 1.7379359105997603e+19 84
2.00289948358276e+44 0.00405226132374037 302292.4019787378 6253282.697733294 1.0809972009248764e+36 2.326448531012262e+48 0.024313567942442223 2.7969912148285793e+27 0.0030526497222257564 331722908047.2175 1964900.6128617956 285092788104087.06 14.822606251850607 1.7508101139668698e+16 2075.8503908615576 1344584.448380925 200.69900279080773 1.3386880532001496e+53 3.92132823765637e+48 33643.39761856925 1.1779640639152006e-05 84
3.5801499901320055e+23 1.0617302281628929e+71 3.5581512400476664e+63 2.577708882204379e+21 133419.17741654173 2.326448531012262e+48 3.7451688882870914e+22 2.4038665430106445e+17 1.6834459572032392 331722908047.2175 1964900.6128617956 285092788104087.06 8.304846903648764e+17 3.812720479654298e+16 9110881203162516.0 85
3.5801499901320055e+23 1.0617302281628929e+71 3.5581512400476664e+63 2.577708882204379e+21 5329500460.526692 128.59652180944366 10718468328741.389 2.7969912148285793e+27 1.043832215234026e+17 1.9062012266385132e+48 34563.61083555031 4.255595915565661e+25 1.7508101139668698e+16 1.3073199673121602e+20 200.69900279080773 9.050211710568005e-06 1.3386880532001496e+53 3.92132823765637e+48 5645322710.039388 1.7379359105997603e+19 85
3.5801499901320055e+23 1.0617302281628929e+71 3.5581512400476664e+63 6366.980943390848 133419.17741654173 2.326448531012262e+48 3.7451688882870914e+22 2.7969912148285793e+27 83589508504128.14 1.9062012266385132e+48 2895037287.199686 1.0815859994932687e-272 1037784942208.9578 3.812720479654298e+16 1.3073199673121602e+20 3.672572618117488e+20 5.996276059715086e-144 3.92132823765637e+48 3879419.1587271336 1.7379359105997603e+19 84
3.5801499901320055e+23 1.0617302281628929e+71 3.5581512400476664e+63 6253282.697733294 1.0809972009248764e+36 2.326448531012262e+48 3.7451688882870914e+22 2.4038665430106445e+17 0.0030526497222257564 331722908047.2175 1964900.6128617956 285092788104087.06 1037784942208.9578 1.7508101139668698e+16 2075.8503908615576 200.69900279080773 3.672572618117488e+20 1.3386880532001496e+53 3.92132823765637e+48 5645322710.039388 1.7379359105997603e+19 85
3.5801499901320055e+23 1.0617302281628929e+71 3.5581512400476664e+63 6253282.697733294 5329500460.526692 2.326448531012262e+48 10718468328741.389 2.7969912148285793e+27 83589508504128.14 1.9062012266385132e+48 2895037287.199686 4.255595915565661e+25 14.822606251850607 3.812720479654298e+16 3.672572618117488e+20 1.3386880532001496e+53 107.69297196799091 84
2.00289948358276e+44 1.0617302281628929e+71 3.5581512400476664e+63 1.0809972009248764e+36 2.326448531012262e+48 0.024313567942442223 2.4038665430106445e+17 9.486468001184388 331722908047.2175 16059059391.632004 285092788104087.06 1.3073199673121602e+20 9110881203162516.0 3.672572618117488e+20 84
2.00289948358276e+44 1.0617302281628929e+71 302292.4019787378 1.4365415413600008e-06 1.0809972009248764e+36 2.326448531012262e+48 10718468328741.389 2.7969912148285793e+27 1.043832215234026e+17 1.9062012266385132e+48 2895037287.199686 4.255595915565661e+25 8.304846903648764e+17 3.812720479654298e+16 1.3073199673121602e+20 9110881203162516.0 3.672572618117488e+20 1.3386880532001496e+53 3.92132823765637e+48 3879419.1587271336 84
2.00289948358276e+44 1.0617302281628929e+71 3.5581512400476664e+63 1.0809972009248764e+36 2.326448531012262e+48 3.7451688882870914e+22 2.7969912148285793e+27 83589508504128.14 1.9062012266385132e+48 2895037287.199686 4.255595915565661e+25 1132281.6407418316 1.7508101139668698e+16 1.3073199673121602e+20 200.69900279080773 12043.363424667878 1.9751089946831822e-76 107.69297196799091 5645322710.039388 1.7379359105997603e+19 84
2.00289948358276e+44 1.0617302281628929e+71 3.5581512400476664e+63 1.0809972009248764e+36 2.326448531012262e+48 331722908047.2175 16059059391.632004 14.822606251850607 0.05369246253955991 1.3073199673121602e+20 3.672572618117488e+20 84
2.00289948358276e+44 1.0617302281628929e+71 3.5581512400476664e+63 6253282.697733294 2.326448531012262e+48 3.7451688882870914e+22 2.7969912148285793e+27 83589508504128.14 1.9062012266385132e+48 673.2539275437093 285092788104087.06 1132281.6407418316 3.812720479654298e+16 29810.605484808195 3.92132823765637e+48 3879419.1587271336 1.7379359105997603e+19 84
3.5801499901320055e+23 1.0617302281628929e+71 3.5581512400476664e+63 6366.980943390848 1.0809972009248764e+36 2.326448531012262e+48 3.7451688882870914e+22 0.26 9.486468001184388 331722908047.2175 673.2539275437093 4.255595915565661e+25 1037784942208.9578 0.05369246253955991 1.3073199673121602e+20 9110881203162516.0 12043.363424667878 1.3386880532001496e+53 33643.39761856925 1.7379359105997603e+19 84
3.5801499901320055e+23 1.0617302281628929e+71 3.5581512400476664e+63 2.577708882204379e+21 1.0809972009248764e+36 2.326448531012262e+48 335.6928961185235 2.7969912148285793e+27 1.6834459572032392 1.9062012266385132e+48 34563.61083555031 4.255595915565661e+25 8.304846903648764e+17 1.7508101139668698e+16 1.3073199673121602e+20 1.3386880532001496e+53 107.69297196799091 85
2.00289948358276e+44 1.0617302281628929e+71 3.5581512400476664e+63 6253282.697733294 1.0809972009248764e+36 10718468328741.389 2.7969912148285793e+27 2.3271972970032008e-05 331722908047.2175 2895037287.199686 4.255595915565661e+25 1132281.6407418316 3.812720479654298e+16 2075.8503908615576 9110881203162516.0 12043.363424667878 1.3386880532001496e+53 3.92132823765637e+48 84
2.00289948358276e+44 1.0617302281628929e+71 3.5581512400476664e+63 2.577708882204379e+21 133419.17741654173 2.326448531012262e+48 1.9062012266385132e+48 1.3386880532001496e+53 3.92132823765637e+48 84
2.00289948358276e+44 0.00405226132374037 3.5581512400476664e+63 6253282.697733294 1.0809972009248764e+36 3.7451688882870914e+22 2.4038665430106445e+17 2.3271972970032008e-05 331722908047.2175 1964900.6128617956 4.255595915565661e+25 1.3386880532001496e+53 3.92132823765637e+48 5645322710.039388 1.7379359105997603e+19 84
3.5801499901320055e+23 0.00405226132374037 302292.4019787378 1.0809972009248764e+36 2.326448531012262e+48 0.024313567942442223 1.9745916459421093e-05 9.486468001184388 331722908047.2175 16059059391.632004 285092788104087.06 14.822606251850607 84
2.00289948358276e+44 1.0617302281628929e+71 3.5581512400476664e+63 1.0809972009248764e+36 2.326448531012262e+48 0.024313567942442223 2.4038665430106445e+17 9.486468001184388 331722908047.2175 16059059391.632004 285092788104087.06 1.3073199673121602e+20 9110881203162516.0 3.672572618117488e+20 84
2.00289948358276e+44 1.0617302281628929e+71 3.5581512400476664e+63 1.4365415413600008e-06 1.0809972009248764e+36 2.326448531012262e+48 3.7451688882870914e+22 2.4038665430106445e+17 83589508504128.14 1.9062012266385132e+48 1964900.6128617956 285092788104087.06 1037784942208.9578 1.7508101139668698e+16 7.222778108326722 1344584.448380925 1.3386880532001496e+53 107.69297196799091 33643.39761856925 1.7379359105997603e+19 84
3.5801499901320055e+23 1.0617302281628929e+71 3.5581512400476664e+63 2.577708882204379e+21 5329500460.526692 2.326448531012262e+48 335.6928961185235 2.7969912148285793e+27 1.043832215234026e+17 1.9062012266385132e+48 34563.61083555031 1132281.6407418316 3.812720479654298e+16 1.3073199673121602e+20 9.050211710568005e-06 1.3386880532001496e+53 3.92132823765637e+48 85
2.00289948358276e+44 1.0617302281628929e+71 3.5581512400476664e+63 6366.980943390848 1.0809972009248764e+36 2.326448531012262e+48 335.6928961185235 2.4038665430106445e+17 83589508504128.14 1.9062012266385132e+48 673.2539275437093 4.255595915565661e+25 1037784942208.9578 29810.605484808195 3.92132823765637e+48 3879419.1587271336 84
3.5801499901320055e+23 1.0617302281628929e+71 3.5581512400476664e+63 6366.980943390848 1.0809972009248764e+36 2.326448531012262e+48 3.7451688882870914e+22 1.9062012266385132e+48 2895037287.199686 1037784942208.9578 3.812720479654298e+16 2075.8503908615576 1344584.448380925 9110881203162516.0 12043.363424667878 1.3386880532001496e+53 3.92132823765637e+48 84
3.5801499901320055e+23 1.0617302281628929e+71 3.5581512400476664e+63 6366.980943390848 1.0809972009248764e+36 2.326448531012262e+48 3.7451688882870914e+22 2.7969912148285793e+27 1.043832215234026e+17 1.9062012266385132e+48 2895037287.199686 4.255595915565661e+25 1132281.6407418316 1.7508101139668698e+16 7.222778108326722 1344584.448380925 1.3386880532001496e+53 3.92132823765637e+48 84
2.00289948358276e+44 1.0617302281628929e+71 3.5581512400476664e+63 2.577708882204379e+21 1.0809972009248764e+36 2.326448531012262e+48 3.7451688882870914e+22 2.7969912148285793e+27 1.043832215234026e+17 1.9062012266385132e+48 2895037287.199686 285092788104087.06 8.304846903648764e+17 3.812720479654298e+16 2075.8503908615576 9110881203162516.0 12043.363424667878 1.3386880532001496e+53 0.75 3879419.1587271336 1.7379359105997603e+19 84
2.00289948358276e+44 1.0617302281628929e+71 302292.4019787378 2.577708882204379e+21 2.326448531012262e+48 3.7451688882870914e+22 2.4038665430106445e+17 0.0030526497222257564 331722908047.2175 16059059391.632004 14.822606251850607 1.7508101139668698e+16 1.3073199673121602e+20 1.3386880532001496e+53 3.92132823765637e+48 84
2.00289948358276e+44 1.0617302281628929e+71 3.5581512400476664e+63 2.577708882204379e+21 133419.17741654173 128.59652180944366 10718468328741.389 2.7969912148285793e+27 1.043832215234026e+17 1.9062012266385132e+48 2895037287.199686 4.255595915565661e+25 1037784942208.9578 3.812720479654298e+16 1.3073199673121602e+20 9110881203162516.0 3.672572618117488e+20 1.3386880532001496e+53 107.69297196799091 84
2.00289948358276e+44 1.0617302281628929e+71 3.5581512400476664e+63 2.577708882204379e+21 1.0809972009248764e+36 2.326448531012262e+48 3.7451688882870914e+22 2.4038665430106445e+17 9.486468001184388 1.9062012266385132e+48 1964900.6128617956 4.255595915565661e+25 1037784942208.9578 7.222778108326722 1344584.448380925 9110881203162516.0 3.672572618117488e+20 1.3386880532001496e+53 0.006554218521249418 85
2.00289948358276e+44 1.0617302281628929e+71 3.5581512400476664e+63 2.577708882204379e+21 133419.17741654173 2.326448531012262e+48 3.7451688882870914e+22 2.7969912148285793e+27 1.6834459572032392 1.9062012266385132e+48 2895037287.199686 4.255595915565661e+25 1037784942208.9578 3.812720479654298e+16 1.3073199673121602e+20 1141467917775.3955 3.672572618117488e+20 1.3386880532001496e+53 3.92132823765637e+48 5645322710.039388 1.7379359105997603e+19 84
2.00289948358276e+44 1.0617302281628929e+71 3.5581512400476664e+63 2.577708882204379e+21 5329500460.526692 2.326448531012262e+48 10718468328741.389 2.7969912148285793e+27 1.6834459572032392 1.9062012266385132e+48 34563.61083555031 1.0815859994932687e-272 8.304846903648764e+17 1.7508101139668698e+16 1.3073199673121602e+20 1141467917775.3955 1.3386880532001496e+53 3.92132823765637e+48 85
3.5801499901320055e+23 1.0617302281628929e+71 3.5581512400476664e+63 2.577708882204379e+21 5329500460.526692 335.6928961185235 1.043832215234026e+17 331722908047.2175 2895037287.199686 4.255595915565661e+25 8.304846903648764e+17 3.812720479654298e+16 1.3073199673121602e+20 9.050211710568005e-06 29810.605484808195 3.92132823765637e+48 85
3.5801499901320055e+23 1.0617302281628929e+71 3.5581512400476664e+63 2.577708882204379e+21 1.0809972009248764e+36 0.0030526497222257564 85
2.00289948358276e+44 1.0617302281628929e+71 3.5581512400476664e+63 6366.980943390848 1.0809972009248764e+36 2.326448531012262e+48 10718468328741.389 2.4038665430106445e+17 1.6834459572032392 1.9062012266385132e+48 673.2539275437093 4.255595915565661e+25 1037784942208.9578 1.7508101139668698e+16 1141467917775.3955 3.672572618117488e+20 29810.605484808195 3.92132823765637e+48 5645322710.039388 84
3.5801499901320055e+23 1.0617302281628929e+71 3.5581512400476664e+63 1.4365415413600008e-06 1.0809972009248764e+36 3.7451688882870914e+22 2.4038665430106445e+17 2.3271972970032008e-05 331722908047.2175 673.2539275437093 4.255595915565661e+25 14.822606251850607 3.812720479654298e+16 1.3073199673121602e+20 9110881203162516.0 3.672572618117488e+20 85
3.5801499901320055e+23 1.0617302281628929e+71 3.5581512400476664e+63 2.577708882204379e+21 133419.17741654173 2.326448531012262e+48 2.7969912148285793e+27 1.043832215234026e+17 1.9062012266385132e+48 673.2539275437093 4.255595915565661e+25 1132281.6407418316 1.7508101139668698e+16 1.3073199673121602e+20 9110881203162516.0 1.3386880532001496e+53 107.69297196799091 85
3.5801499901320055e+23 1.0617302281628929e+71 3.5581512400476664e+63 2.326448531012262e+48 3.7451688882870914e+22 2.7969912148285793e+27 1.043832215234026e+17 1.9062012266385132e+48 2895037287.199686 4.255595915565661e+25 1132281.6407418316 1.3386880532001496e+53 107.69297196799091 85
2.00289948358276e+44 1.0617302281628929e+71 3.5581512400476664e+63 6253282.697733294 1.0809972009248764e+36 2.326448531012262e+48 0.024313567942442223 1.9745916459421093e-05 0.0030526497222257564 1.9062012266385132e+48 1964900.6128617956 285092788104087.06 8.304846903648764e+17 1.7508101139668698e+16 7.222778108326722 1344584.448380925 12043.363424667878 1.3386880532001496e+53 3.92132823765637e+48 33643.39761856925 1.7379359105997603e+19 84
3.5801499901320055e+23 1.0617302281628929e+71 3.5581512400476664e+63 2.577708882204379e+21 5329500460.526692 2.326448531012262e+48 335.6928961185235 2.4038665430106445e+17 83589508504128.14 1.0907318328847424e-76 2895037287.199686 706.0955825458416 1132281.6407418316 3.812720479654298e+16 2075.8503908615576 12043.363424667878 1.3386880532001496e+53 3.92132823765637e+48 85
2.00289948358276e+44 1.0617302281628929e+71 3.5581512400476664e+63 2.577708882204379e+21 1.0809972009248764e+36 3.7451688882870914e+22 2.4038665430106445e+17 9.486468001184388 331722908047.2175 16059059391.632004 285092788104087.06 1037784942208.9578 3.812720479654298e+16 1.3073199673121602e+20 9110881203162516.0 12043.363424667878 1.3386880532001496e+53 3.92132823765637e+48 5645322710.039388 1.7379359105997603e+19 84
2.00289948358276e+44 1.0617302281628929e+71 3.5581512400476664e+63 6253282.697733294 1.0809972009248764e+36 2.326448531012262e+48 0.024313567942442223 1.9745916459421093e-05 0.0030526497222257564 1.9062012266385132e+48 1964900.6128617956 285092788104087.06 8.304846903648764e+17 1.7508101139668698e+16 7.222778108326722 1344584.448380925 12043.363424667878 1.3386880532001496e+53 3.92132823765637e+48 33643.39761856925 1.7379359105997603e+19 84
2.00289948358276e+44 1.0617302281628929e+71 3.5581512400476664e+63 1.0809972009248764e+36 3.7451688882870914e+22 2.4038665430106445e+17 9.486468001184388 331722908047.2175 285092788104087.06 14.822606251850607 3.812720479654298e+16 1.3073199673121602e+20 1344584.448380925 1.3386880532001496e+53 107.69297196799091 33643.39761856925 1.7379359105997603e+19 84
3.5801499901320055e+23 1.0617302281628929e+71 3.5581512400476664e+63 2.577708882204379e+21 133419.17741654173 2.326448531012262e+48 1.043832215234026e+17 1.9062012266385132e+48 1.9751089946831822e-76 3.92132823765637e+48 84
3.5801499901320055e+23 1.0617302281628929e+71 3.5581512400476664e+63 6366.980943390848 1.0809972009248764e+36 2.326448531012262e+48 0.024313567942442223 2.4038665430106445e+17 0.0030526497222257564 331722908047.2175 1964900.6128617956 285092788104087.06 1037784942208.9578 1.7508101139668698e+16 1.3073199673121602e+20 9110881203162516.0 3.672572618117488e+20 1.3386880532001496e+53 3.92132823765637e+48 5645322710.039388 1.7379359105997603e+19 84
3.5801499901320055e+23 1.0617302281628929e+71 3.5581512400476664e+63 6366.980943390848 5329500460.526692 2.326448531012262e+48 3.7451688882870914e+22 2.7969912148285793e+27 9.486468001184388 1.9062012266385132e+48 34563.61083555031 706.0955825458416 1037784942208.9578 3.812720479654298e+16 1.3073199673121602e+20 1141467917775.3955 946.0436163340208 1.3386880532001496e+53 3.92132823765637e+48 84
2.00289948358276e+44 1.0617302281628929e+71 3.5581512400476664e+63 6253282.697733294 1.0809972009248764e+36 2.326448531012262e+48 335.6928961185235 2.4038665430106445e+17 1.043832215234026e+17 1.9062012266385132e+48 4.255595915565661e+25 8.304846903648764e+17 1.7508101139668698e+16 2075.8503908615576 1344584.448380925 1141467917775.3955 3.672572618117488e+20 1.3386880532001496e+53 3.92132823765637e+48 84
2.00289948358276e+44 1.0617302281628929e+71 3.5581512400476664e+63 6253282.697733294 1.0809972009248764e+36 2.326448531012262e+48 10718468328741.389 2.7969912148285793e+27 2.3271972970032008e-05 331722908047.2175 16059059391.632004 285092788104087.06 14.822606251850607 0.05369246253955991 1.3073199673121602e+20 9110881203162516.0 12043.363424667878 1.3386880532001496e+53 3.92132823765637e+48 5645322710.039388 84
2.00289948358276e+44 1.0617302281628929e+71 302292.4019787378 1.4365415413600008e-06 1.2499197313302868e-76 2.326448531012262e+48 1.3386880532001496e+53 3.92132823765637e+48 84
2.00289948358276e+44 1.0617302281628929e+71 3.5581512400476664e+63 2.577708882204379e+21 1.0809972009248764e+36 2.326448531012262e+48 0.024313567942442223 2.4038665430106445e+17 83589508504128.14 331722908047.2175 2895037287.199686 4.255595915565661e+25 1037784942208.9578 3.812720479654298e+16 1.3073199673121602e+20 200.69900279080773 3.672572618117488e+20 1.3386880532001496e+53 3.92132823765637e+48 5645322710.039388 1.7379359105997603e+19 84
2.00289948358276e+44 0.00405226132374037 302292.4019787378 6253282.697733294 1.0809972009248764e+36 2.326448531012262e+48 84
2.00289948358276e+44 1.0617302281628929e+71 3.5581512400476664e+63 6366.980943390848 1.0809972009248764e+36 2.326448531012262e+48 83589508504128.14 331722908047.2175 673.2539275437093 285092788104087.06 1132281.6407418316 3.812720479654298e+16 7.222778108326722 1344584.448380925 9110881203162516.0 12043.363424667878 1.3386880532001496e+53 3.92132823765637e+48 33643.39761856925 1.7379359105997603e+19 84
2.00289948358276e+44 1.0617302281628929e+71 3.5581512400476664e+63 6366.980943390848 1.0809972009248764e+36 2.326448531012262e+48 3.7451688882870914e+22 2.4038665430106445e+17 83589508504128.14 1.9062012266385132e+48 2895037287.199686 4.255595915565661e+25 1037784942208.9578 0.05369246253955991 1.3073199673121602e+20 9110881203162516.0 12043.363424667878 1.3386880532001496e+53 3.92132823765637e+48 33643.39761856925 1.7379359105997603e+19 84
