2.0129659270812696e+23 7.81349488736914e+72 9.805587519184437e+65 0.0002052417610209053 465626436.0508085 78.29473796925669 6.742731549493137e+27 4.040202181294566e+18 2.669687566956196e+50 4375403.122413158 1213.4713119094033 6.547913880029126e+18 1.0883829367262985e+18 8.696015848595832e+21 9.531388911226505e+53 741.5956876967001 85
2.0129659270812696e+23 7.81349488736914e+72 9.805587519184437e+65 1.4493359747659716e+21 5.486844064061705e+36 5.417473659259532e+49 90427352103544.66 6.742731549493137e+27 2.062464265327803 2.669687566956196e+50 687868.6715201696 1213.4713119094033 6.547913880029126e+18 2.143730444620057e+16 8.696015848595832e+21 7345946851924.0625 9.531388911226505e+53 741.5956876967001 1358099.6847962325 5.877021752616301e+19 85
2.0129659270812696e+23 7.81349488736914e+72 9.805587519184437e+65 2.398275659086435e-221 5.486844064061705e+36 78.29473796925669 0.26 4.040202181294566e+18 2.669687566956196e+50 4375403.122413158 0.031595958997781656 2384008.1869827863 2.143730444620057e+16 8.696015848595832e+21 7345946851924.0625 946.043597413152 9.531388911226505e+53 2.987485159754045e+49 85
3.436672210280744e+46 7.81349488736914e+72 9.805587519184437e+65 1.4493359747659716e+21 465626436.0508085 90427352103544.66 6.742731549493137e+27 4.040202181294566e+18 2.669687566956196e+50 4375403.122413158 0.031595958997781656 27.25752041125225 2.143730444620057e+16 4370.683205873831 2.514760713881222e+16 2.992926696863493e+22 84
3.436672210280744e+46 7.81349488736914e+72 9.805587519184437e+65 2.398275659086435e-221 5.486844064061705e+36 5.417473659259532e+49 0.0318736429493172 1.9590072508721005e+19 2.669687566956196e+50 687868.6715201696 4422981232278010.0 2676997081405.902 2.514760713881222e+16 9.531388911226505e+53 741.5956876967001 10381271287.539648 5.877021752616301e+19 84
3.436672210280744e+46 7.81349488736914e+72 9.805587519184437e+65 10043343.687175361 5.417473659259532e+49 4.281301969675641e+24 6.742731549493137e+27 246878806758469.38 2.669687566956196e+50 1157.0307857740822 4422981232278010.0 2384008.1869827863 2.143730444620057e+16 287958.1641255096 2.987485159754045e+49 1358099.6847962325 5.877021752616301e+19 84
3.436672210280744e+46 7.81349488736914e+72 9.805587519184437e+65 1.4493359747659716e+21 4215056.592469927 180.38814025054867 90427352103544.66 6.742731549493137e+27 4.040202181294566e+18 2.669687566956196e+50 1241670496.1354895 6.602208570560354e+26 2676997081405.902 2.143730444620057e+16 8.696015848595832e+21 2.514760713881222e+16 2.992926696863493e+22 9.531388911226505e+53 741.5956876967001 84
2.0129659270812696e+23 7.81349488736914e+72 9.805587519184437e+65 10043343.687175361 5.486844064061705e+36 5.417473659259532e+49 90427352103544.66 6.742731549493137e+27 246878806758469.38 2.669687566956196e+50 1157.0307857740822 0.031595958997781656 2384008.1869827863 1.0883829367262985e+18 8.696015848595832e+21 9.531388911226505e+53 2.987485159754045e+49 1358099.6847962325 84
3.436672210280744e+46 7.81349488736914e+72 9.805587519184437e+65 5.486844064061705e+36 17.44481306320144 698439409622.398 44325780529.099846 4422981232278010.0 27.25752041125225 1.0883829367262985e+18 8.696015848595832e+21 2.992926696863493e+22 3.2976631609477316e-150 741.5956876967001 85
2.0129659270812696e+23 7.81349488736914e+72 9.805587519184437e+65 10043343.687175361 4215056.592469927 90427352103544.66 6.742731549493137e+27 2.062464265327803 2.669687566956196e+50 4375403.122413158 6.602208570560354e+26 2384008.1869827863 1.0883829367262985e+18 8.696015848595832e+21 8.881535054781707e-222 9.531388911226505e+53 2.987485159754045e+49 1358099.6847962325 5.877021752616301e+19 85
3.436672210280744e+46 7.81349488736914e+72 9.805587519184437e+65 0.0002052417610209053 465626436.0508085 5.417473659259532e+49 78.29473796925669 6.742731549493137e+27 2.062464265327803 2.669687566956196e+50 687868.6715201696 6.602208570560354e+26 2676997081405.902 2.528536455849913 660285.5507865872 2.514760713881222e+16 2.992926696863493e+22 84
3.436672210280744e+46 7.81349488736914e+72 9.805587519184437e+65 43844.324298715735 5.486844064061705e+36 5.417473659259532e+49 246878806758469.38 2.669687566956196e+50 687868.6715201696 6.602208570560354e+26 2676997081405.902 8.67522499686066e-151 0.008029863683461133 5.877021752616301e+19 85
3.436672210280744e+46 7.81349488736914e+72 9.805587519184437e+65 1.4493359747659716e+21 5.486844064061705e+36 5.417473659259532e+49 0.0318736429493172 1.9590072508721005e+19 17.44481306320144 698439409622.398 44325780529.099846 4422981232278010.0 27.25752041125225 2.514760713881222e+16 2.992926696863493e+22 9.531388911226505e+53 2.987485159754045e+49 84
2.0129659270812696e+23 7.81349488736914e+72 9.805587519184437e+65 1.4493359747659716e+21 465626436.0508085 0.19 4.040202181294566e+18 2.669687566956196e+50 1241670496.1354895 2384008.1869827863 1.0883829367262985e+18 2.528536455849913 660285.5507865872 7345946851924.0625 287958.1641255096 2.987485159754045e+49 85
3.436672210280744e+46 7.81349488736914e+72 9.805587519184437e+65 5.486844064061705e+36 1.9590072508721005e+19 4422981232278010.0 27.25752041125225 2.992926696863493e+22 84
3.436672210280744e+46 7.81349488736914e+72 9.805587519184437e+65 1.4493359747659716e+21 4215056.592469927 5.417473659259532e+49 4.281301969675641e+24 2.669687566956196e+50 4375403.122413158 6.602208570560354e+26 2384008.1869827863 9.531388911226505e+53 0.008029863683461133 1358099.6847962325 5.877021752616301e+19 84
3.436672210280744e+46 7.81349488736914e+72 9.805587519184437e+65 5.486844064061705e+36 5.417473659259532e+49 698439409622.398 44325780529.099846 27.25752041125225 0.07038762817974216 8.696015848595832e+21 2.992926696863493e+22 84
7.81349488736914e+72 9.805587519184437e+65 1.4493359747659716e+21 465626436.0508085 5.417473659259532e+49 4.281301969675641e+24 6.742731549493137e+27 246878806758469.38 2.669687566956196e+50 1157.0307857740822 6.602208570560354e+26 6.547913880029126e+18 2.143730444620057e+16 8.696015848595832e+21 394.9141918777727 2.992926696863493e+22 9.531388911226505e+53 741.5956876967001 10381271287.539648 5.877021752616301e+19 84
2.0129659270812696e+23 7.81349488736914e+72 9.805587519184437e+65 10043343.687175361 4215056.592469927 0.19 4.281301969675641e+24 6.742731549493137e+27 4.040202181294566e+18 2.669687566956196e+50 687868.6715201696 6.602208570560354e+26 2384008.1869827863 8.881535054781707e-222 287958.1641255096 741.5956876967001 85
3.436672210280744e+46 7.81349488736914e+72 9.805587519184437e+65 10043343.687175361 5.486844064061705e+36 5.417473659259532e+49 4.281301969675641e+24 1.9590072508721005e+19 246878806758469.38 2.669687566956196e+50 687868.6715201696 6.602208570560354e+26 2676997081405.902 2.143730444620057e+16 4370.683205873831 660285.5507865872 394.9141918777727 946.043597413152 9.531388911226505e+53 2.987485159754045e+49 75796.45255338568 84
3.436672210280744e+46 7.81349488736914e+72 9.805587519184437e+65 10043343.687175361 5.486844064061705e+36 90427352103544.66 6.742731549493137e+27 3.393302731892808e-220 698439409622.398 1241670496.1354895 6.602208570560354e+26 2384008.1869827863 2.143730444620057e+16 4370.683205873831 2.514760713881222e+16 22146.727582787113 9.531388911226505e+53 2.987485159754045e+49 84
2.0129659270812696e+23 7.81349488736914e+72 105825.94946464148 1.4493359747659716e+21 5.486844064061705e+36 180.38814025054867 4.281301969675641e+24 6.742731549493137e+27 4.040202181294566e+18 698439409622.398 1157.0307857740822 2676997081405.902 1.0883829367262985e+18 2.528536455849913 9.531388911226505e+53 2.987485159754045e+49 84
3.436672210280744e+46 7.81349488736914e+72 9.805587519184437e+65 43844.324298715735 5.486844064061705e+36 5.417473659259532e+49 4.281301969675641e+24 0.003739936510105185 698439409622.398 44325780529.099846 4422981232278010.0 2676997081405.902 2.143730444620057e+16 4370.683205873831 7345946851924.0625 2.992926696863493e+22 9.531388911226505e+53 2.987485159754045e+49 75796.45255338568 5.877021752616301e+19 84
2.0129659270812696e+23 7.81349488736914e+72 9.805587519184437e+65 10043343.687175361 5.486844064061705e+36 5.417473659259532e+49 78.29473796925669 2.062464265327803 2.669687566956196e+50 687868.6715201696 1213.4713119094033 2384008.1869827863 1.0883829367262985e+18 8.696015848595832e+21 2.514760713881222e+16 22146.727582787113 9.531388911226505e+53 2.987485159754045e+49 84
3.436672210280744e+46 7.81349488736914e+72 9.805587519184437e+65 1.4493359747659716e+21 5.486844064061705e+36 5.417473659259532e+49 4.281301969675641e+24 1.9590072508721005e+19 246878806758469.38 2.669687566956196e+50 660285.5507865872 9.531388911226505e+53 2.987485159754045e+49 5.877021752616301e+19 84
3.436672210280744e+46 7.81349488736914e+72 9.805587519184437e+65 1.4493359747659716e+21 5.486844064061705e+36 5.417473659259532e+49 90427352103544.66 6.742731549493137e+27 246878806758469.38 2.669687566956196e+50 687868.6715201696 4422981232278010.0 2384008.1869827863 2.143730444620057e+16 2.528536455849913 660285.5507865872 22146.727582787113 9.531388911226505e+53 2.987485159754045e+49 84
2.0129659270812696e+23 7.81349488736914e+72 9.805587519184437e+65 43844.324298715735 465626436.0508085 5.417473659259532e+49 0.0318736429493172 6.742731549493137e+27 246878806758469.38 2.669687566956196e+50 0.031595958997781656 6.547913880029126e+18 1.0883829367262985e+18 8.696015848595832e+21 7345946851924.0625 946.043597413152 9.531388911226505e+53 2.987485159754045e+49 85
3.436672210280744e+46 7.81349488736914e+72 9.805587519184437e+65 1.4493359747659716e+21 5.486844064061705e+36 5.417473659259532e+49 90427352103544.66 1.9590072508721005e+19 2.062464265327803 698439409622.398 687868.6715201696 6.602208570560354e+26 2676997081405.902 4370.683205873831 660285.5507865872 2.514760713881222e+16 9.531388911226505e+53 2.987485159754045e+49 10381271287.539648 84
3.436672210280744e+46 7.81349488736914e+72 9.805587519184437e+65 10043343.687175361 5.486844064061705e+36 5.417473659259532e+49 4.281301969675641e+24 1.9590072508721005e+19 246878806758469.38 698439409622.398 687868.6715201696 6.602208570560354e+26 2676997081405.902 2.143730444620057e+16 4370.683205873831 660285.5507865872 394.9141918777727 946.043597413152 9.531388911226505e+53 2.987485159754045e+49 75796.45255338568 84
3.436672210280744e+46 7.81349488736914e+72 9.805587519184437e+65 1.4493359747659716e+21 4215056.592469927 5.417473659259532e+49 4.281301969675641e+24 2.669687566956196e+50 4375403.122413158 6.602208570560354e+26 2384008.1869827863 9.531388911226505e+53 0.008029863683461133 1358099.6847962325 5.877021752616301e+19 84
2.0129659270812696e+23 7.81349488736914e+72 9.805587519184437e+65 1.4493359747659716e+21 465626436.0508085 5.417473659259532e+49 78.29473796925669 6.742731549493137e+27 4.040202181294566e+18 2.669687566956196e+50 4375403.122413158 2384008.1869827863 2.143730444620057e+16 8.696015848595832e+21 8.881535054781707e-222 9.531388911226505e+53 2.987485159754045e+49 85
2.0129659270812696e+23 7.81349488736914e+72 9.805587519184437e+65 43844.324298715735 5.486844064061705e+36 5.417473659259532e+49 4.281301969675641e+24 246878806758469.38 698439409622.398 687868.6715201696 0.031595958997781656 6.547913880029126e+18 0.0005830826749251039 8.67522499686066e-151 75796.45255338568 0.03914470027876689 85
3.436672210280744e+46 7.81349488736914e+72 9.805587519184437e+65 43844.324298715735 465626436.0508085 5.417473659259532e+49 6.742731549493137e+27 2.062464265327803 2.669687566956196e+50 1241670496.1354895 6.602208570560354e+26 2676997081405.902 2.143730444620057e+16 8.696015848595832e+21 394.9141918777727 2.992926696863493e+22 9.531388911226505e+53 741.5956876967001 84
2.0129659270812696e+23 7.81349488736914e+72 9.805587519184437e+65 43844.324298715735 465626436.0508085 5.417473659259532e+49 4.281301969675641e+24 6.742731549493137e+27 17.44481306320144 2.669687566956196e+50 4375403.122413158 1213.4713119094033 2676997081405.902 2.143730444620057e+16 8.696015848595832e+21 7345946851924.0625 946.043597413152 9.531388911226505e+53 2.987485159754045e+49 84
2.0129659270812696e+23 7.81349488736914e+72 9.805587519184437e+65 5.486844064061705e+36 5.417473659259532e+49 4.281301969675641e+24 1.9590072508721005e+19 17.44481306320144 698439409622.398 44325780529.099846 4422981232278010.0 2384008.1869827863 2.514760713881222e+16 9.531388911226505e+53 2.987485159754045e+49 75796.45255338568 5.877021752616301e+19 85
3.436672210280744e+46 0.0053122738248861994 9.805587519184437e+65 10043343.687175361 5.486844064061705e+36 4.281301969675641e+24 1.9590072508721005e+19 3.393302731892808e-220 698439409622.398 687868.6715201696 6.602208570560354e+26 9.531388911226505e+53 2.987485159754045e+49 10381271287.539648 5.877021752616301e+19 84
2.0129659270812696e+23 7.81349488736914e+72 9.805587519184437e+65 10043343.687175361 5.486844064061705e+36 5.417473659259532e+49 90427352103544.66 6.742731549493137e+27 246878806758469.38 2.669687566956196e+50 1157.0307857740822 0.031595958997781656 2384008.1869827863 1.0883829367262985e+18 8.696015848595832e+21 9.531388911226505e+53 2.987485159754045e+49 1358099.6847962325 84
3.436672210280744e+46 7.81349488736914e+72 9.805587519184437e+65 1.4493359747659716e+21 4215056.592469927 180.38814025054867 4.281301969675641e+24 6.742731549493137e+27 4.040202181294566e+18 2.669687566956196e+50 687868.6715201696 0.031595958997781656 6.547913880029126e+18 1.0883829367262985e+18 8.696015848595832e+21 2.514760713881222e+16 2.992926696863493e+22 8.67522499686066e-151 2.987485159754045e+49 85
3.436672210280744e+46 7.81349488736914e+72 9.805587519184437e+65 43844.324298715735 5.486844064061705e+36 5.417473659259532e+49 246878806758469.38 698439409622.398 1157.0307857740822 4422981232278010.0 2384008.1869827863 2.143730444620057e+16 2.528536455849913 660285.5507865872 2.514760713881222e+16 22146.727582787113 9.531388911226505e+53 2.987485159754045e+49 75796.45255338568 5.877021752616301e+19 84
3.436672210280744e+46 7.81349488736914e+72 9.805587519184437e+65 1.4493359747659716e+21 5.486844064061705e+36 5.417473659259532e+49 90427352103544.66 6.742731549493137e+27 246878806758469.38 2.669687566956196e+50 1241670496.1354895 6.602208570560354e+26 6.547913880029126e+18 2.143730444620057e+16 8.696015848595832e+21 394.9141918777727 8.881535054781707e-222 9.531388911226505e+53 741.5956876967001 84
3.436672210280744e+46 7.81349488736914e+72 9.805587519184437e+65 5.486844064061705e+36 5.417473659259532e+49 4.281301969675641e+24 1.9590072508721005e+19 17.44481306320144 698439409622.398 44325780529.099846 4422981232278010.0 27.25752041125225 0.07038762817974216 2.528536455849913 2.514760713881222e+16 22146.727582787113 9.531388911226505e+53 2.987485159754045e+49 84
3.436672210280744e+46 7.81349488736914e+72 9.805587519184437e+65 1.4493359747659716e+21 5.486844064061705e+36 5.417473659259532e+49 4.281301969675641e+24 6.742731549493137e+27 3.393302731892808e-220 698439409622.398 1157.0307857740822 6.602208570560354e+26 2676997081405.902 2.143730444620057e+16 2.528536455849913 660285.5507865872 2.514760713881222e+16 22146.727582787113 9.531388911226505e+53 2.987485159754045e+49 75796.45255338568 84
3.436672210280744e+46 7.81349488736914e+72 9.805587519184437e+65 10043343.687175361 5.486844064061705e+36 5.417473659259532e+49 4.281301969675641e+24 1.9590072508721005e+19 246878806758469.38 698439409622.398 687868.6715201696 6.602208570560354e+26 2676997081405.902 2.143730444620057e+16 4370.683205873831 660285.5507865872 394.9141918777727 946.043597413152 9.531388911226505e+53 2.987485159754045e+49 75796.45255338568 84
2.0129659270812696e+23 7.81349488736914e+72 9.805587519184437e+65 10043343.687175361 465626436.0508085 90427352103544.66 6.742731549493137e+27 4.040202181294566e+18 2.669687566956196e+50 4375403.122413158 6.602208570560354e+26 6.547913880029126e+18 7345946851924.0625 0.0005830826749251039 8.089281556246539e-08 741.5956876967001 85
3.436672210280744e+46 7.81349488736914e+72 9.805587519184437e+65 10043343.687175361 5.486844064061705e+36 5.417473659259532e+49 90427352103544.66 6.742731549493137e+27 3.393302731892808e-220 698439409622.398 44325780529.099846 4422981232278010.0 27.25752041125225 0.07038762817974216 8.696015848595832e+21 2.514760713881222e+16 22146.727582787113 9.531388911226505e+53 2.987485159754045e+49 10381271287.539648 84
3.436672210280744e+46 7.81349488736914e+72 9.805587519184437e+65 10043343.687175361 5.486844064061705e+36 5.417473659259532e+49 4.281301969675641e+24 1.9590072508721005e+19 17.44481306320144 2.669687566956196e+50 4422981232278010.0 2.528536455849913 660285.5507865872 9.531388911226505e+53 2.987485159754045e+49 84
2.0129659270812696e+23 7.81349488736914e+72 9.805587519184437e+65 10043343.687175361 5.486844064061705e+36 5.417473659259532e+49 78.29473796925669 6.742731549493137e+27 4.040202181294566e+18 2.669687566956196e+50 4375403.122413158 1213.4713119094033 6.547913880029126e+18 2.143730444620057e+16 0.0015136579875291766 9.531388911226505e+53 2.987485159754045e+49 10381271287.539648 5.877021752616301e+19 85
3.436672210280744e+46 7.81349488736914e+72 9.805587519184437e+65 5.486844064061705e+36 5.417473659259532e+49 4.281301969675641e+24 1.9590072508721005e+19 17.44481306320144 698439409622.398 44325780529.099846 4422981232278010.0 27.25752041125225 0.07038762817974216 2.528536455849913 2.514760713881222e+16 22146.727582787113 9.531388911226505e+53 2.987485159754045e+49 84
3.436672210280744e+46 7.81349488736914e+72 9.805587519184437e+65 5.486844064061705e+36 17.44481306320144 698439409622.398 44325780529.099846 4422981232278010.0 27.25752041125225 1.0883829367262985e+18 8.696015848595832e+21 2.992926696863493e+22 3.2976631609477316e-150 741.5956876967001 85
3.436672210280744e+46 0.0053122738248861994 9.805587519184437e+65 1.4493359747659716e+21 5.486844064061705e+36 5.417473659259532e+49 1.9590072508721005e+19 2.669687566956196e+50 687868.6715201696 4422981232278010.0 9.531388911226505e+53 741.5956876967001 84
3.436672210280744e+46 7.81349488736914e+72 105825.94946464148 1.4493359747659716e+21 5.417473659259532e+49 4.281301969675641e+24 1.9590072508721005e+19 0.003739936510105185 698439409622.398 44325780529.099846 27.25752041125225 1.0883829367262985e+18 8.696015848595832e+21 9.531388911226505e+53 2.987485159754045e+49 84
2.0129659270812696e+23 7.81349488736914e+72 9.805587519184437e+65 1.4493359747659716e+21 4215056.592469927 5.417473659259532e+49 90427352103544.66 6.742731549493137e+27 246878806758469.38 2.669687566956196e+50 1241670496.1354895 6.602208570560354e+26 6.547913880029126e+18 7345946851924.0625 946.043597413152 287958.1641255096 2.987485159754045e+49 85
2.0129659270812696e+23 7.81349488736914e+72 9.805587519184437e+65 10043343.687175361 4215056.592469927 5.417473659259532e+49 2.669687566956196e+50 9.531388911226505e+53 2.987485159754045e+49 85
2.0129659270812696e+23 7.81349488736914e+72 9.805587519184437e+65 1.4493359747659716e+21 5.486844064061705e+36 5.417473659259532e+49 78.29473796925669 6.742731549493137e+27 2.062464265327803 2.669687566956196e+50 4375403.122413158 6.602208570560354e+26 6.547913880029126e+18 1.0883829367262985e+18 8.696015848595832e+21 9.531388911226505e+53 741.5956876967001 85
3.436672210280744e+46 7.81349488736914e+72 105825.94946464148 43844.324298715735 4215056.592469927 90427352103544.66 6.742731549493137e+27 4.040202181294566e+18 2.669687566956196e+50 4375403.122413158 1213.4713119094033 6.547913880029126e+18 7345946851924.0625 946.043597413152 10381271287.539648 5.877021752616301e+19 84
2.0129659270812696e+23 7.81349488736914e+72 9.805587519184437e+65 5.486844064061705e+36 5.417473659259532e+49 4.281301969675641e+24 1.1105354376558782e-219 246878806758469.38 2.669687566956196e+50 1157.0307857740822 4422981232278010.0 27.25752041125225 2.143730444620057e+16 8.696015848595832e+21 394.9141918777727 2.992926696863493e+22 9.531388911226505e+53 2.987485159754045e+49 84
2.0129659270812696e+23 7.81349488736914e+72 9.805587519184437e+65 43844.324298715735 465626436.0508085 5.417473659259532e+49 0.0318736429493172 6.742731549493137e+27 246878806758469.38 2.669687566956196e+50 0.031595958997781656 6.547913880029126e+18 1.0883829367262985e+18 8.696015848595832e+21 7345946851924.0625 946.043597413152 9.531388911226505e+53 2.987485159754045e+49 85
3.436672210280744e+46 7.81349488736914e+72 9.805587519184437e+65 1.4493359747659716e+21 5.486844064061705e+36 1.9590072508721005e+19 0.003739936510105185 698439409622.398 687868.6715201696 4422981232278010.0 2384008.1869827863 2.143730444620057e+16 2.528536455849913 660285.5507865872 2.514760713881222e+16 22146.727582787113 9.531388911226505e+53 2.987485159754045e+49 1.156009324590635e-221 84
3.436672210280744e+46 7.81349488736914e+72 9.805587519184437e+65 1.4493359747659716e+21 5.486844064061705e+36 5.417473659259532e+49 90427352103544.66 6.742731549493137e+27 4.040202181294566e+18 2.669687566956196e+50 1241670496.1354895 1213.4713119094033 2.514760713881222e+16 22146.727582787113 9.531388911226505e+53 2.987485159754045e+49 10381271287.539648 0.03914470027876689 84
3.436672210280744e+46 7.81349488736914e+72 9.805587519184437e+65 1.4493359747659716e+21 4215056.592469927 5.417473659259532e+49 2.669687566956196e+50 9.531388911226505e+53 2.987485159754045e+49 84
3.436672210280744e+46 7.81349488736914e+72 9.805587519184437e+65 1.4493359747659716e+21 4215056.592469927 5.417473659259532e+49 4.281301969675641e+24 6.742731549493137e+27 2.062464265327803 2.669687566956196e+50 1241670496.1354895 6.602208570560354e+26 2676997081405.902 2.143730444620057e+16 8.696015848595832e+21 7345946851924.0625 2.992926696863493e+22 9.531388911226505e+53 2.987485159754045e+49 10381271287.539648 5.877021752616301e+19 84
3.436672210280744e+46 7.81349488736914e+72 9.805587519184437e+65 5.486844064061705e+36 5.417473659259532e+49 4.281301969675641e+24 4.040202181294566e+18 2.669687566956196e+50 4422981232278010.0 0.07038762817974216 4370.683205873831 2.992926696863493e+22 9.531388911226505e+53 741.5956876967001 84
2.0129659270812696e+23 7.81349488736914e+72 9.805587519184437e+65 43844.324298715735 465626436.0508085 5.417473659259532e+49 85
3.436672210280744e+46 7.81349488736914e+72 9.805587519184437e+65 43844.324298715735 5.486844064061705e+36 5.417473659259532e+49 90427352103544.66 1.9590072508721005e+19 2.062464265327803 2.669687566956196e+50 1157.0307857740822 6.602208570560354e+26 2676997081405.902 1.0883829367262985e+18 7345946851924.0625 2.992926696863493e+22 287958.1641255096 2.987485159754045e+49 10381271287.539648 84
2.0129659270812696e+23 7.81349488736914e+72 9.805587519184437e+65 1.4493359747659716e+21 5.486844064061705e+36 5.417473659259532e+49 0.0318736429493172 1.9590072508721005e+19 17.44481306320144 698439409622.398 687868.6715201696 4422981232278010.0 27.25752041125225 1.0883829367262985e+18 8.696015848595832e+21 9.531388911226505e+53 0.75 10381271287.539648 5.877021752616301e+19 85
2.0129659270812696e+23 7.81349488736914e+72 9.805587519184437e+65 43844.324298715735 5.486844064061705e+36 4.281301969675641e+24 1.9590072508721005e+19 246878806758469.38 2.669687566956196e+50 1241670496.1354895 6.602208570560354e+26 2384008.1869827863 2.143730444620057e+16 2.528536455849913 22146.727582787113 9.531388911226505e+53 2.987485159754045e+49 75796.45255338568 5.877021752616301e+19 84
2.0129659270812696e+23 7.81349488736914e+72 9.805587519184437e+65 1.4493359747659716e+21 4215056.592469927 5.417473659259532e+49 4.040202181294566e+18 2.669687566956196e+50 8.089281556246539e-08 2.987485159754045e+49 84
2.0129659270812696e+23 7.81349488736914e+72 9.805587519184437e+65 2.398275659086435e-221 5.486844064061705e+36 78.29473796925669 0.26 4.040202181294566e+18 2.669687566956196e+50 4375403.122413158 0.031595958997781656 2384008.1869827863 2.143730444620057e+16 8.696015848595832e+21 7345946851924.0625 946.043597413152 9.531388911226505e+53 2.987485159754045e+49 85
2.0129659270812696e+23 7.81349488736914e+72 105825.94946464148 10043343.687175361 4.281301969675641e+24 1.9590072508721005e+19 17.44481306320144 698439409622.398 1241670496.1354895 4422981232278010.0 2676997081405.902 2.528536455849913 660285.5507865872 2.514760713881222e+16 2.992926696863493e+22 2.987485159754045e+49 1358099.6847962325 84
3.436672210280744e+46 7.81349488736914e+72 9.805587519184437e+65 1.4493359747659716e+21 5.486844064061705e+36 5.417473659259532e+49 0.0318736429493172 1.9590072508721005e+19 4.040202181294566e+18 2.669687566956196e+50 1241670496.1354895 6.602208570560354e+26 2676997081405.902 0.07038762817974216 2.528536455849913 2.514760713881222e+16 2.992926696863493e+22 8.67522499686066e-151 2.987485159754045e+49 75796.45255338568 5.877021752616301e+19 84
3.436672210280744e+46 7.81349488736914e+72 105825.94946464148 1.4493359747659716e+21 5.486844064061705e+36 5.417473659259532e+49 90427352103544.66 698439409622.398 6.602208570560354e+26 2676997081405.902 7345946851924.0625 84
3.436672210280744e+46 7.81349488736914e+72 9.805587519184437e+65 5.486844064061705e+36 4.281301969675641e+24 2.669687566956196e+50 4422981232278010.0 2384008.1869827863 2.143730444620057e+16 8.696015848595832e+21 394.9141918777727 22146.727582787113 9.531388911226505e+53 2.987485159754045e+49 84
2.0129659270812696e+23 7.81349488736914e+72 9.805587519184437e+65 1.4493359747659716e+21 465626436.0508085 5.417473659259532e+49 78.29473796925669 1.9590072508721005e+19 246878806758469.38 4.467215187777939e-08 1241670496.1354895 1213.4713119094033 2384008.1869827863 2.143730444620057e+16 4370.683205873831 22146.727582787113 9.531388911226505e+53 2.987485159754045e+49 85
3.436672210280744e+46 7.81349488736914e+72 9.805587519184437e+65 1.4493359747659716e+21 5.486844064061705e+36 5.417473659259532e+49 0.0318736429493172 1.9590072508721005e+19 246878806758469.38 698439409622.398 1241670496.1354895 6.602208570560354e+26 2676997081405.902 2.143730444620057e+16 8.696015848595832e+21 394.9141918777727 2.992926696863493e+22 9.531388911226505e+53 2.987485159754045e+49 10381271287.539648 5.877021752616301e+19 84
3.436672210280744e+46 7.81349488736914e+72 9.805587519184437e+65 10043343.687175361 5.486844064061705e+36 5.417473659259532e+49 4.281301969675641e+24 1.9590072508721005e+19 17.44481306320144 2.669687566956196e+50 4422981232278010.0 2.528536455849913 660285.5507865872 9.531388911226505e+53 2.987485159754045e+49 84
3.436672210280744e+46 7.81349488736914e+72 9.805587519184437e+65 10043343.687175361 5.486844064061705e+36 5.417473659259532e+49 0.003739936510105185 698439409622.398 1157.0307857740822 4422981232278010.0 2676997081405.902 1.0883829367262985e+18 2.514760713881222e+16 2.992926696863493e+22 9.531388911226505e+53 741.5956876967001 84
2.0129659270812696e+23 7.81349488736914e+72 9.805587519184437e+65 5.486844064061705e+36 5.417473659259532e+49 4.281301969675641e+24 1.1105354376558782e-219 246878806758469.38 2.669687566956196e+50 1157.0307857740822 4422981232278010.0 27.25752041125225 2.143730444620057e+16 8.696015848595832e+21 394.9141918777727 2.992926696863493e+22 9.531388911226505e+53 2.987485159754045e+49 84
3.436672210280744e+46 0.0053122738248861994 105825.94946464148 1.4493359747659716e+21 5.486844064061705e+36 5.417473659259532e+49 0.0318736429493172 1.1105354376558782e-219 0.003739936510105185 1241670496.1354895 6.602208570560354e+26 2676997081405.902 7345946851924.0625 9.531388911226505e+53 2.987485159754045e+49 75796.45255338568 5.877021752616301e+19 84
3.436672210280744e+46 7.81349488736914e+72 9.805587519184437e+65 43844.324298715735 5.486844064061705e+36 5.417473659259532e+49 0.03914470027876689 84
3.436672210280744e+46 7.81349488736914e+72 9.805587519184437e+65 1.4493359747659716e+21 465626436.0508085 5.417473659259532e+49 90427352103544.66 6.742731549493137e+27 4.040202181294566e+18 2.669687566956196e+50 1241670496.1354895 6.602208570560354e+26 2676997081405.902 1.0883829367262985e+18 8.696015848595832e+21 394.9141918777727 2.992926696863493e+22 9.531388911226505e+53 2.987485159754045e+49 84
2.0129659270812696e+23 7.81349488736914e+72 9.805587519184437e+65 1.4493359747659716e+21 5.486844064061705e+36 5.417473659259532e+49 0.0318736429493172 1.9590072508721005e+19 4.040202181294566e+18 2.669687566956196e+50 687868.6715201696 4422981232278010.0 2676997081405.902 2.143730444620057e+16 4370.683205873831 660285.5507865872 9.531388911226505e+53 2.987485159754045e+49 1358099.6847962325 5.877021752616301e+19 85
2.0129659270812696e+23 7.81349488736914e+72 9.805587519184437e+65 10043343.687175361 5.486844064061705e+36 5.417473659259532e+49 78.29473796925669 6.742731549493137e+27 4.040202181294566e+18 2.669687566956196e+50 4375403.122413158 1213.4713119094033 6.547913880029126e+18 2.143730444620057e+16 0.0015136579875291766 9.531388911226505e+53 2.987485159754045e+49 10381271287.539648 5.877021752616301e+19 85
2.0129659270812696e+23 7.81349488736914e+72 9.805587519184437e+65 1.4493359747659716e+21 5.486844064061705e+36 5.417473659259532e+49 90427352103544.66 6.742731549493137e+27 2.669687566956196e+50 1241670496.1354895 6.602208570560354e+26 1.0883829367262985e+18 8.696015848595832e+21 9.531388911226505e+53 2.987485159754045e+49 1358099.6847962325 5.877021752616301e+19 85
3.436672210280744e+46 7.81349488736914e+72 9.805587519184437e+65 1.4493359747659716e+21 5.486844064061705e+36 5.417473659259532e+49 90427352103544.66 6.742731549493137e+27 4.040202181294566e+18 2.669687566956196e+50 1241670496.1354895 1213.4713119094033 2.514760713881222e+16 22146.727582787113 9.531388911226505e+53 2.987485159754045e+49 10381271287.539648 0.03914470027876689 84
2.0129659270812696e+23 7.81349488736914e+72 9.805587519184437e+65 1.4493359747659716e+21 4215056.592469927 5.417473659259532e+49 90427352103544.66 6.742731549493137e+27 246878806758469.38 2.669687566956196e+50 1241670496.1354895 6.602208570560354e+26 6.547913880029126e+18 7345946851924.0625 946.043597413152 287958.1641255096 2.987485159754045e+49 85
3.436672210280744e+46 7.81349488736914e+72 9.805587519184437e+65 1.4493359747659716e+21 5.486844064061705e+36 180.38814025054867 4.281301969675641e+24 1.9590072508721005e+19 3.393302731892808e-220 2.669687566956196e+50 1241670496.1354895 6.602208570560354e+26 6.547913880029126e+18 2.143730444620057e+16 8.696015848595832e+21 660285.5507865872 0.0015136579875291766 2.992926696863493e+22 9.531388911226505e+53 2.987485159754045e+49 10381271287.539648 5.877021752616301e+19 84
3.436672210280744e+46 7.81349488736914e+72 9.805587519184437e+65 2.398275659086435e-221 5.486844064061705e+36 5.417473659259532e+49 4.281301969675641e+24 1.9590072508721005e+19 2.669687566956196e+50 1157.0307857740822 6.602208570560354e+26 27.25752041125225 84
3.436672210280744e+46 7.81349488736914e+72 9.805587519184437e+65 43844.324298715735 5.486844064061705e+36 5.417473659259532e+49 4.281301969675641e+24 6.742731549493137e+27 17.44481306320144 698439409622.398 1157.0307857740822 4422981232278010.0 2676997081405.902 1.0883829367262985e+18 8.696015848595832e+21 287958.1641255096 0.008029863683461133 75796.45255338568 5.877021752616301e+19 85
3.436672210280744e+46 7.81349488736914e+72 9.805587519184437e+65 1.4493359747659716e+21 5.486844064061705e+36 5.417473659259532e+49 0.0318736429493172 1.9590072508721005e+19 4.040202181294566e+18 2.669687566956196e+50 1241670496.1354895 6.602208570560354e+26 2676997081405.902 0.07038762817974216 2.528536455849913 2.514760713881222e+16 2.992926696863493e+22 8.67522499686066e-151 2.987485159754045e+49 75796.45255338568 5.877021752616301e+19 84
3.436672210280744e+46 7.81349488736914e+72 9.805587519184437e+65 10043343.687175361 5.486844064061705e+36 5.417473659259532e+49 0.0318736429493172 1.9590072508721005e+19 3.393302731892808e-220 698439409622.398 687868.6715201696 6.602208570560354e+26 2676997081405.902 1.0883829367262985e+18 2.528536455849913 22146.727582787113 9.531388911226505e+53 2.987485159754045e+49 75796.45255338568 84
3.436672210280744e+46 0.0053122738248861994 105825.94946464148 1.4493359747659716e+21 5.486844064061705e+36 5.417473659259532e+49 90427352103544.66 1.9590072508721005e+19 2.062464265327803 2.669687566956196e+50 687868.6715201696 6.602208570560354e+26 27.25752041125225 9.531388911226505e+53 2.987485159754045e+49 1358099.6847962325 84
3.436672210280744e+46 7.81349488736914e+72 9.805587519184437e+65 1.4493359747659716e+21 5.486844064061705e+36 5.417473659259532e+49 4.281301969675641e+24 1.9590072508721005e+19 17.44481306320144 2.669687566956196e+50 687868.6715201696 6.602208570560354e+26 2676997081405.902 2.528536455849913 660285.5507865872 2.514760713881222e+16 2.992926696863493e+22 9.531388911226505e+53 0.008029863683461133 85
3.436672210280744e+46 0.0053122738248861994 9.805587519184437e+65 10043343.687175361 5.486844064061705e+36 4.281301969675641e+24 1.9590072508721005e+19 3.393302731892808e-220 698439409622.398 687868.6715201696 6.602208570560354e+26 9.531388911226505e+53 2.987485159754045e+49 10381271287.539648 5.877021752616301e+19 84
2.0129659270812696e+23 7.81349488736914e+72 9.805587519184437e+65 2.398275659086435e-221 5.486844064061705e+36 4.281301969675641e+24 1.9590072508721005e+19 3.393302731892808e-220 698439409622.398 1157.0307857740822 6.602208570560354e+26 27.25752041125225 2.143730444620057e+16 8.696015848595832e+21 2.514760713881222e+16 2.992926696863493e+22 85
2.0129659270812696e+23 7.81349488736914e+72 9.805587519184437e+65 10043343.687175361 465626436.0508085 90427352103544.66 6.742731549493137e+27 4.040202181294566e+18 2.669687566956196e+50 4375403.122413158 6.602208570560354e+26 6.547913880029126e+18 7345946851924.0625 0.0005830826749251039 8.089281556246539e-08 741.5956876967001 85
2.0129659270812696e+23 7.81349488736914e+72 9.805587519184437e+65 10043343.687175361 5.486844064061705e+36 5.417473659259532e+49 4.281301969675641e+24 1.9590072508721005e+19 4.040202181294566e+18 698439409622.398 687868.6715201696 6.602208570560354e+26 2676997081405.902 2.143730444620057e+16 8.696015848595832e+21 660285.5507865872 7345946851924.0625 2.992926696863493e+22 9.531388911226505e+53 2.987485159754045e+49 75796.45255338568 5.877021752616301e+19 84
2.0129659270812696e+23 7.81349488736914e+72 9.805587519184437e+65 5.486844064061705e+36 5.417473659259532e+49 0.0318736429493172 1.9590072508721005e+19 246878806758469.38 698439409622.398 1157.0307857740822 4422981232278010.0 2676997081405.902 2.528536455849913 8.881535054781707e-222 9.531388911226505e+53 2.987485159754045e+49 84
2.0129659270812696e+23 7.81349488736914e+72 9.805587519184437e+65 1.4493359747659716e+21 465626436.0508085 78.29473796925669 4.040202181294566e+18 698439409622.398 1241670496.1354895 6.602208570560354e+26 6.547913880029126e+18 2.143730444620057e+16 8.696015848595832e+21 8.881535054781707e-222 287958.1641255096 2.987485159754045e+49 85
2.0129659270812696e+23 7.81349488736914e+72 9.805587519184437e+65 1.4493359747659716e+21 5.486844064061705e+36 5.417473659259532e+49 78.29473796925669 0.26 2.062464265327803 2.669687566956196e+50 4375403.122413158 1213.4713119094033 6.547913880029126e+18 0.07038762817974216 8.696015848595832e+21 7345946851924.0625 946.043597413152 9.531388911226505e+53 741.5956876967001 85
2.0129659270812696e+23 7.81349488736914e+72 9.805587519184437e+65 10043343.687175361 5.486844064061705e+36 180.38814025054867 4.281301969675641e+24 698439409622.398 1241670496.1354895 6.602208570560354e+26 2384008.1869827863 2.143730444620057e+16 8.696015848595832e+21 394.9141918777727 9.531388911226505e+53 2.987485159754045e+49 1358099.6847962325 85
2.0129659270812696e+23 7.81349488736914e+72 9.805587519184437e+65 1.4493359747659716e+21 5.486844064061705e+36 5.417473659259532e+49 0.0318736429493172 1.9590072508721005e+19 17.44481306320144 698439409622.398 687868.6715201696 4422981232278010.0 27.25752041125225 1.0883829367262985e+18 8.696015848595832e+21 9.531388911226505e+53 0.75 10381271287.539648 5.877021752616301e+19 85
2.0129659270812696e+23 7.81349488736914e+72 9.805587519184437e+65 5.486844064061705e+36 5.417473659259532e+49 4.281301969675641e+24 1.9590072508721005e+19 17.44481306320144 698439409622.398 44325780529.099846 4422981232278010.0 2384008.1869827863 2.514760713881222e+16 9.531388911226505e+53 2.987485159754045e+49 75796.45255338568 5.877021752616301e+19 85
2.0129659270812696e+23 7.81349488736914e+72 9.805587519184437e+65 2.398275659086435e-221 5.486844064061705e+36 5.417473659259532e+49 90427352103544.66 6.742731549493137e+27 3.393302731892808e-220 698439409622.398 687868.6715201696 0.031595958997781656 6.547913880029126e+18 2.143730444620057e+16 8.696015848595832e+21 0.0015136579875291766 0.0005830826749251039 9.531388911226505e+53 2.987485159754045e+49 10381271287.539648 5.877021752616301e+19 85
3.436672210280744e+46 7.81349488736914e+72 9.805587519184437e+65 1.4493359747659716e+21 465626436.0508085 5.417473659259532e+49 90427352103544.66 6.742731549493137e+27 3.393302731892808e-220 2.669687566956196e+50 1157.0307857740822 6.602208570560354e+26 6.547913880029126e+18 2.143730444620057e+16 2.528536455849913 660285.5507865872 7345946851924.0625 9.531388911226505e+53 2.987485159754045e+49 10381271287.539648 5.877021752616301e+19 84
3.436672210280744e+46 7.81349488736914e+72 9.805587519184437e+65 43844.324298715735 5.486844064061705e+36 5.417473659259532e+49 78.29473796925669 17.44481306320144 2.669687566956196e+50 1241670496.1354895 2676997081405.902 4370.683205873831 660285.5507865872 394.9141918777727 22146.727582787113 9.531388911226505e+53 2.987485159754045e+49 10381271287.539648 84
3.436672210280744e+46 7.81349488736914e+72 9.805587519184437e+65 10043343.687175361 465626436.0508085 5.417473659259532e+49 4.281301969675641e+24 6.742731549493137e+27 4.040202181294566e+18 2.669687566956196e+50 1157.0307857740822 6.602208570560354e+26 6.547913880029126e+18 394.9141918777727 9.531388911226505e+53 741.5956876967001 84
2.0129659270812696e+23 7.81349488736914e+72 9.805587519184437e+65 1.4493359747659716e+21 5.486844064061705e+36 5.417473659259532e+49 0.0318736429493172 1.9590072508721005e+19 17.44481306320144 698439409622.398 687868.6715201696 4422981232278010.0 27.25752041125225 1.0883829367262985e+18 8.696015848595832e+21 9.531388911226505e+53 0.75 10381271287.539648 5.877021752616301e+19 85
3.436672210280744e+46 7.81349488736914e+72 9.805587519184437e+65 1.4493359747659716e+21 5.486844064061705e+36 5.417473659259532e+49 4.281301969675641e+24 6.742731549493137e+27 3.393302731892808e-220 698439409622.398 1157.0307857740822 6.602208570560354e+26 2676997081405.902 2.143730444620057e+16 2.528536455849913 660285.5507865872 2.514760713881222e+16 22146.727582787113 9.531388911226505e+53 2.987485159754045e+49 75796.45255338568 84
3.436672210280744e+46 7.81349488736914e+72 105825.94946464148 10043343.687175361 5.486844064061705e+36 5.417473659259532e+49 78.29473796925669 1.9590072508721005e+19 4.040202181294566e+18 2.669687566956196e+50 6.602208570560354e+26 6.547913880029126e+18 1.0883829367262985e+18 4370.683205873831 9.531388911226505e+53 2.987485159754045e+49 84
2.0129659270812696e+23 7.81349488736914e+72 9.805587519184437e+65 5.486844064061705e+36 5.417473659259532e+49 4.281301969675641e+24 1.9590072508721005e+19 17.44481306320144 698439409622.398 44325780529.099846 4422981232278010.0 2384008.1869827863 2.514760713881222e+16 9.531388911226505e+53 2.987485159754045e+49 75796.45255338568 5.877021752616301e+19 85
3.436672210280744e+46 7.81349488736914e+72 9.805587519184437e+65 43844.324298715735 5.486844064061705e+36 5.417473659259532e+49 90427352103544.66 1.9590072508721005e+19 2.062464265327803 2.669687566956196e+50 1157.0307857740822 6.602208570560354e+26 2676997081405.902 1.0883829367262985e+18 7345946851924.0625 2.992926696863493e+22 287958.1641255096 2.987485159754045e+49 10381271287.539648 84
3.436672210280744e+46 7.81349488736914e+72 9.805587519184437e+65 43844.324298715735 5.486844064061705e+36 5.417473659259532e+49 4.281301969675641e+24 1.9590072508721005e+19 246878806758469.38 2.669687566956196e+50 1241670496.1354895 6.602208570560354e+26 2676997081405.902 0.07038762817974216 8.696015848595832e+21 2.514760713881222e+16 22146.727582787113 9.531388911226505e+53 2.987485159754045e+49 75796.45255338568 5.877021752616301e+19 84
2.0129659270812696e+23 7.81349488736914e+72 9.805587519184437e+65 1.4493359747659716e+21 5.486844064061705e+36 5.417473659259532e+49 4.281301969675641e+24 1.9590072508721005e+19 246878806758469.38 1213.4713119094033 6.547913880029126e+18 2.143730444620057e+16 8.696015848595832e+21 2.514760713881222e+16 9.531388911226505e+53 741.5956876967001 10381271287.539648 5.877021752616301e+19 85
3.436672210280744e+46 7.81349488736914e+72 9.805587519184437e+65 5.486844064061705e+36 4.281301969675641e+24 1.9590072508721005e+19 246878806758469.38 2.669687566956196e+50 1157.0307857740822 4422981232278010.0 27.25752041125225 2.514760713881222e+16 2.992926696863493e+22 9.531388911226505e+53 741.5956876967001 84
2.0129659270812696e+23 7.81349488736914e+72 105825.94946464148 1.4493359747659716e+21 5.486844064061705e+36 180.38814025054867 4.281301969675641e+24 6.742731549493137e+27 4.040202181294566e+18 698439409622.398 1157.0307857740822 2676997081405.902 1.0883829367262985e+18 2.528536455849913 9.531388911226505e+53 2.987485159754045e+49 84
2.0129659270812696e+23 7.81349488736914e+72 9.805587519184437e+65 4215056.592469927 5.417473659259532e+49 90427352103544.66 6.742731549493137e+27 4.040202181294566e+18 2.669687566956196e+50 1241670496.1354895 6.602208570560354e+26 6.547913880029126e+18 2.143730444620057e+16 8.696015848595832e+21 946.043597413152 2.987485159754045e+49 85
3.436672210280744e+46 0.0053122738248861994 105825.94946464148 10043343.687175361 5.486844064061705e+36 5.417473659259532e+49 0.0318736429493172 6.742731549493137e+27 0.003739936510105185 698439409622.398 687868.6715201696 4422981232278010.0 27.25752041125225 1.0883829367262985e+18 4370.683205873831 660285.5507865872 394.9141918777727 9.531388911226505e+53 2.987485159754045e+49 75796.45255338568 1.156009324590635e-221 84
3.436672210280744e+46 7.81349488736914e+72 9.805587519184437e+65 43844.324298715735 4215056.592469927 180.38814025054867 4.281301969675641e+24 6.742731549493137e+27 246878806758469.38 2.669687566956196e+50 0.031595958997781656 2384008.1869827863 2.143730444620057e+16 8.696015848595832e+21 7345946851924.0625 22146.727582787113 9.531388911226505e+53 2.987485159754045e+49 10381271287.539648 5.877021752616301e+19 84
2.0129659270812696e+23 0.0053122738248861994 105825.94946464148 10043343.687175361 5.486844064061705e+36 5.417473659259532e+49 2.669687566956196e+50 8.089281556246539e-08 2.987485159754045e+49 85
3.436672210280744e+46 7.81349488736914e+72 9.805587519184437e+65 5.486844064061705e+36 5.417473659259532e+49 0.0318736429493172 17.44481306320144 698439409622.398 687868.6715201696 4422981232278010.0 2.992926696863493e+22 9.531388911226505e+53 741.5956876967001 85
3.436672210280744e+46 7.81349488736914e+72 9.805587519184437e+65 43844.324298715735 4215056.592469927 5.417473659259532e+49 2.514760713881222e+16 946.043597413152 287958.1641255096 0.008029863683461133 1358099.6847962325 5.877021752616301e+19 85
2.0129659270812696e+23 7.81349488736914e+72 9.805587519184437e+65 10043343.687175361 5.486844064061705e+36 5.417473659259532e+49 4.281301969675641e+24 1.9590072508721005e+19 4.040202181294566e+18 698439409622.398 687868.6715201696 6.602208570560354e+26 2676997081405.902 2.143730444620057e+16 8.696015848595832e+21 660285.5507865872 7345946851924.0625 2.992926696863493e+22 9.531388911226505e+53 2.987485159754045e+49 75796.45255338568 5.877021752616301e+19 84
2.0129659270812696e+23 7.81349488736914e+72 9.805587519184437e+65 4.281301969675641e+24 1.9590072508721005e+19 4.040202181294566e+18 2.669687566956196e+50 44325780529.099846 6.602208570560354e+26 2676997081405.902 1.0883829367262985e+18 8.696015848595832e+21 2.514760713881222e+16 2.992926696863493e+22 9.531388911226505e+53 2.987485159754045e+49 84
3.436672210280744e+46 7.81349488736914e+72 9.805587519184437e+65 1.4493359747659716e+21 5.486844064061705e+36 5.417473659259532e+49 4.281301969675641e+24 6.742731549493137e+27 4.040202181294566e+18 2.669687566956196e+50 1241670496.1354895 4422981232278010.0 6.547913880029126e+18 2.143730444620057e+16 4370.683205873831 2.514760713881222e+16 22146.727582787113 9.531388911226505e+53 0.75 1358099.6847962325 5.877021752616301e+19 84
3.436672210280744e+46 7.81349488736914e+72 105825.94946464148 43844.324298715735 465626436.0508085 5.417473659259532e+49 4.281301969675641e+24 1.9590072508721005e+19 2.669687566956196e+50 1157.0307857740822 4422981232278010.0 6.547913880029126e+18 2.143730444620057e+16 8.696015848595832e+21 7345946851924.0625 9.531388911226505e+53 2.987485159754045e+49 10381271287.539648 5.877021752616301e+19 84
3.436672210280744e+46 7.81349488736914e+72 9.805587519184437e+65 5.486844064061705e+36 5.417473659259532e+49 4.281301969675641e+24 1.1105354376558782e-219 3.393302731892808e-220 698439409622.398 687868.6715201696 6.602208570560354e+26 2384008.1869827863 2.143730444620057e+16 8.696015848595832e+21 2.514760713881222e+16 2.992926696863493e+22 9.531388911226505e+53 2.987485159754045e+49 84
3.436672210280744e+46 7.81349488736914e+72 9.805587519184437e+65 10043343.687175361 5.486844064061705e+36 5.417473659259532e+49 4.281301969675641e+24 1.9590072508721005e+19 246878806758469.38 2.669687566956196e+50 687868.6715201696 6.602208570560354e+26 2676997081405.902 2.143730444620057e+16 4370.683205873831 660285.5507865872 394.9141918777727 946.043597413152 9.531388911226505e+53 2.987485159754045e+49 75796.45255338568 84
3.436672210280744e+46 0.0053122738248861994 9.805587519184437e+65 1.4493359747659716e+21 5.486844064061705e+36 5.417473659259532e+49 1.9590072508721005e+19 2.669687566956196e+50 687868.6715201696 4422981232278010.0 9.531388911226505e+53 741.5956876967001 84
3.436672210280744e+46 7.81349488736914e+72 9.805587519184437e+65 1.4493359747659716e+21 5.486844064061705e+36 5.417473659259532e+49 78.29473796925669 1.9590072508721005e+19 17.44481306320144 2.669687566956196e+50 1157.0307857740822 6.602208570560354e+26 2676997081405.902 2.143730444620057e+16 394.9141918777727 22146.727582787113 75796.45255338568 84
3.436672210280744e+46 7.81349488736914e+72 9.805587519184437e+65 5.486844064061705e+36 4.281301969675641e+24 1.9590072508721005e+19 0.003739936510105185 698439409622.398 44325780529.099846 6.602208570560354e+26 2676997081405.902 1.0883829367262985e+18 2.528536455849913 2.514760713881222e+16 2.992926696863493e+22 9.531388911226505e+53 2.987485159754045e+49 75796.45255338568 84
2.0129659270812696e+23 7.81349488736914e+72 9.805587519184437e+65 1.4493359747659716e+21 4215056.592469927 5.417473659259532e+49 90427352103544.66 6.742731549493137e+27 4.040202181294566e+18 2.669687566956196e+50 1241670496.1354895 1213.4713119094033 2384008.1869827863 7345946851924.0625 287958.1641255096 2.987485159754045e+49 85
3.436672210280744e+46 7.81349488736914e+72 9.805587519184437e+65 10043343.687175361 5.486844064061705e+36 5.417473659259532e+49 0.003739936510105185 698439409622.398 1157.0307857740822 4422981232278010.0 2676997081405.902 1.0883829367262985e+18 2.514760713881222e+16 2.992926696863493e+22 9.531388911226505e+53 741.5956876967001 84
3.436672210280744e+46 7.81349488736914e+72 9.805587519184437e+65 10043343.687175361 4215056.592469927 5.417473659259532e+49 78.29473796925669 6.742731549493137e+27 17.44481306320144 687868.6715201696 6.602208570560354e+26 6.547913880029126e+18 7345946851924.0625 9.531388911226505e+53 2.987485159754045e+49 84
3.436672210280744e+46 7.81349488736914e+72 9.805587519184437e+65 10043343.687175361 5.486844064061705e+36 5.417473659259532e+49 4.281301969675641e+24 1.9590072508721005e+19 246878806758469.38 698439409622.398 687868.6715201696 6.602208570560354e+26 2676997081405.902 2.143730444620057e+16 4370.683205873831 660285.5507865872 394.9141918777727 946.043597413152 9.531388911226505e+53 2.987485159754045e+49 75796.45255338568 84
3.436672210280744e+46 7.81349488736914e+72 9.805587519184437e+65 43844.324298715735 4215056.592469927 0.17 6.742731549493137e+27 17.44481306320144 2.669687566956196e+50 1241670496.1354895 6.602208570560354e+26 6.547913880029126e+18 1.0883829367262985e+18 8.696015848595832e+21 394.9141918777727 0.0005830826749251039 8.089281556246539e-08 2.987485159754045e+49 75796.45255338568 84
2.0129659270812696e+23 7.81349488736914e+72 9.805587519184437e+65 43844.324298715735 465626436.0508085 5.417473659259532e+49 90427352103544.66 6.742731549493137e+27 246878806758469.38 2.669687566956196e+50 4375403.122413158 6.602208570560354e+26 2384008.1869827863 7345946851924.0625 9.531388911226505e+53 2.987485159754045e+49 85
2.0129659270812696e+23 7.81349488736914e+72 9.805587519184437e+65 10043343.687175361 4215056.592469927 90427352103544.66 6.742731549493137e+27 2.062464265327803 2.669687566956196e+50 4375403.122413158 6.602208570560354e+26 2384008.1869827863 1.0883829367262985e+18 8.696015848595832e+21 8.881535054781707e-222 9.531388911226505e+53 2.987485159754045e+49 1358099.6847962325 5.877021752616301e+19 85
2.0129659270812696e+23 7.81349488736914e+72 9.805587519184437e+65 43844.324298715735 465626436.0508085 5.417473659259532e+49 85
2.0129659270812696e+23 7.81349488736914e+72 9.805587519184437e+65 43844.324298715735 4215056.592469927 5.417473659259532e+49 4.281301969675641e+24 6.742731549493137e+27 246878806758469.38 2.669687566956196e+50 1241670496.1354895 0.031595958997781656 2676997081405.902 2.143730444620057e+16 8.696015848595832e+21 2.992926696863493e+22 8.67522499686066e-151 2.987485159754045e+49 1358099.6847962325 5.877021752616301e+19 84
3.436672210280744e+46 7.81349488736914e+72 9.805587519184437e+65 2.398275659086435e-221 5.486844064061705e+36 90427352103544.66 6.742731549493137e+27 246878806758469.38 2.669687566956196e+50 1157.0307857740822 4422981232278010.0 2676997081405.902 2.143730444620057e+16 8.696015848595832e+21 394.9141918777727 2.992926696863493e+22 9.531388911226505e+53 2.987485159754045e+49 1358099.6847962325 5.877021752616301e+19 84
3.436672210280744e+46 7.81349488736914e+72 9.805587519184437e+65 1.4493359747659716e+21 5.486844064061705e+36 5.417473659259532e+49 90427352103544.66 246878806758469.38 698439409622.398 4422981232278010.0 27.25752041125225 2.143730444620057e+16 2.528536455849913 660285.5507865872 2.992926696863493e+22 9.531388911226505e+53 741.5956876967001 84
3.436672210280744e+46 7.81349488736914e+72 9.805587519184437e+65 1.4493359747659716e+21 5.486844064061705e+36 1.9590072508721005e+19 2.669687566956196e+50 44325780529.099846 6.602208570560354e+26 6.547913880029126e+18 8.696015848595832e+21 7345946851924.0625 946.043597413152 9.531388911226505e+53 0.75 1358099.6847962325 5.877021752616301e+19 84
2.0129659270812696e+23 7.81349488736914e+72 9.805587519184437e+65 10043343.687175361 4215056.592469927 0.19 4.281301969675641e+24 6.742731549493137e+27 4.040202181294566e+18 2.669687566956196e+50 687868.6715201696 6.602208570560354e+26 2384008.1869827863 8.881535054781707e-222 287958.1641255096 741.5956876967001 85
3.436672210280744e+46 7.81349488736914e+72 9.805587519184437e+65 10043343.687175361 465626436.0508085 5.417473659259532e+49 90427352103544.66 6.742731549493137e+27 2.062464265327803 2.669687566956196e+50 687868.6715201696 6.602208570560354e+26 2384008.1869827863 1.0883829367262985e+18 8.696015848595832e+21 394.9141918777727 22146.727582787113 9.531388911226505e+53 2.987485159754045e+49 10381271287.539648 84
3.436672210280744e+46 0.0053122738248861994 105825.94946464148 1.4493359747659716e+21 5.486844064061705e+36 5.417473659259532e+49 90427352103544.66 6.742731549493137e+27 4.040202181294566e+18 2.669687566956196e+50 1241670496.1354895 6.602208570560354e+26 2384008.1869827863 0.0015136579875291766 946.043597413152 9.531388911226505e+53 2.987485159754045e+49 84
3.436672210280744e+46 7.81349488736914e+72 9.805587519184437e+65 5.486844064061705e+36 5.417473659259532e+49 4.281301969675641e+24 1.1105354376558782e-219 3.393302731892808e-220 698439409622.398 687868.6715201696 6.602208570560354e+26 2384008.1869827863 2.143730444620057e+16 8.696015848595832e+21 2.514760713881222e+16 2.992926696863493e+22 9.531388911226505e+53 2.987485159754045e+49 84
3.436672210280744e+46 7.81349488736914e+72 9.805587519184437e+65 5.486844064061705e+36 5.417473659259532e+49 4.281301969675641e+24 1.9590072508721005e+19 17.44481306320144 698439409622.398 44325780529.099846 4422981232278010.0 27.25752041125225 0.07038762817974216 2.528536455849913 2.514760713881222e+16 22146.727582787113 9.531388911226505e+53 2.987485159754045e+49 84
2.0129659270812696e+23 7.81349488736914e+72 105825.94946464148 1.4493359747659716e+21 5.486844064061705e+36 180.38814025054867 4.281301969675641e+24 6.742731549493137e+27 4.040202181294566e+18 698439409622.398 1157.0307857740822 2676997081405.902 1.0883829367262985e+18 2.528536455849913 9.531388911226505e+53 2.987485159754045e+49 84
3.436672210280744e+46 7.81349488736914e+72 9.805587519184437e+65 5.486844064061705e+36 5.417473659259532e+49 0.0318736429493172 17.44481306320144 698439409622.398 687868.6715201696 4422981232278010.0 2.992926696863493e+22 9.531388911226505e+53 741.5956876967001 85
3.436672210280744e+46 7.81349488736914e+72 9.805587519184437e+65 1.4493359747659716e+21 5.486844064061705e+36 5.417473659259532e+49 78.29473796925669 1.9590072508721005e+19 4.040202181294566e+18 2.669687566956196e+50 687868.6715201696 4422981232278010.0 2676997081405.902 0.07038762817974216 4370.683205873831 660285.5507865872 2.514760713881222e+16 2.992926696863493e+22 9.531388911226505e+53 2.987485159754045e+49 84
2.0129659270812696e+23 7.81349488736914e+72 9.805587519184437e+65 10043343.687175361 5.486844064061705e+36 5.417473659259532e+49 90427352103544.66 6.742731549493137e+27 246878806758469.38 2.669687566956196e+50 1157.0307857740822 0.031595958997781656 2384008.1869827863 1.0883829367262985e+18 8.696015848595832e+21 9.531388911226505e+53 2.987485159754045e+49 1358099.6847962325 84
3.436672210280744e+46 7.81349488736914e+72 9.805587519184437e+65 1.4493359747659716e+21 5.486844064061705e+36 4.281301969675641e+24 1.9590072508721005e+19 17.44481306320144 698439409622.398 44325780529.099846 4422981232278010.0 2676997081405.902 2.143730444620057e+16 8.696015848595832e+21 2.514760713881222e+16 22146.727582787113 9.531388911226505e+53 2.987485159754045e+49 10381271287.539648 5.877021752616301e+19 84
3.436672210280744e+46 7.81349488736914e+72 105825.94946464148 43844.324298715735 465626436.0508085 5.417473659259532e+49 4.281301969675641e+24 1.9590072508721005e+19 2.669687566956196e+50 1157.0307857740822 4422981232278010.0 6.547913880029126e+18 2.143730444620057e+16 8.696015848595832e+21 7345946851924.0625 9.531388911226505e+53 2.987485159754045e+49 10381271287.539648 5.877021752616301e+19 84
2.0129659270812696e+23 0.0053122738248861994 105825.94946464148 1.4493359747659716e+21 5.486844064061705e+36 5.417473659259532e+49 90427352103544.66 6.742731549493137e+27 2.062464265327803 2.669687566956196e+50 4375403.122413158 6.602208570560354e+26 2384008.1869827863 0.07038762817974216 660285.5507865872 9.531388911226505e+53 2.987485159754045e+49 1358099.6847962325 5.877021752616301e+19 85
3.436672210280744e+46 7.81349488736914e+72 9.805587519184437e+65 9.531388911226505e+53 2.987485159754045e+49 84
2.0129659270812696e+23 7.81349488736914e+72 105825.94946464148 10043343.687175361 4.281301969675641e+24 1.9590072508721005e+19 17.44481306320144 698439409622.398 1241670496.1354895 4422981232278010.0 2676997081405.902 2.528536455849913 660285.5507865872 2.514760713881222e+16 2.992926696863493e+22 2.987485159754045e+49 1358099.6847962325 84
2.0129659270812696e+23 7.81349488736914e+72 9.805587519184437e+65 0.0002052417610209053 4215056.592469927 5.417473659259532e+49 78.29473796925669 6.742731549493137e+27 246878806758469.38 2.669687566956196e+50 4375403.122413158 6.602208570560354e+26 2384008.1869827863 1.0883829367262985e+18 8.696015848595832e+21 7345946851924.0625 2.992926696863493e+22 9.531388911226505e+53 0.008029863683461133 85
3.436672210280744e+46 7.81349488736914e+72 9.805587519184437e+65 1.4493359747659716e+21 5.486844064061705e+36 5.417473659259532e+49 78.29473796925669 1.9590072508721005e+19 17.44481306320144 2.669687566956196e+50 1157.0307857740822 6.602208570560354e+26 2676997081405.902 2.143730444620057e+16 394.9141918777727 22146.727582787113 75796.45255338568 84
7.81349488736914e+72 9.805587519184437e+65 1.4493359747659716e+21 5.486844064061705e+36 5.417473659259532e+49 6.742731549493137e+27 17.44481306320144 698439409622.398 687868.6715201696 2.992926696863493e+22 84
3.436672210280744e+46 0.0053122738248861994 9.805587519184437e+65 10043343.687175361 5.486844064061705e+36 4.281301969675641e+24 1.9590072508721005e+19 3.393302731892808e-220 698439409622.398 687868.6715201696 6.602208570560354e+26 9.531388911226505e+53 2.987485159754045e+49 10381271287.539648 5.877021752616301e+19 84
2.0129659270812696e+23 7.81349488736914e+72 9.805587519184437e+65 1.4493359747659716e+21 4215056.592469927 180.38814025054867 90427352103544.66 6.742731549493137e+27 4.040202181294566e+18 2.669687566956196e+50 4375403.122413158 1213.4713119094033 6.547913880029126e+18 9.531388911226505e+53 0.008029863683461133 85
2.0129659270812696e+23 7.81349488736914e+72 9.805587519184437e+65 43844.324298715735 465626436.0508085 5.417473659259532e+49 4.281301969675641e+24 6.742731549493137e+27 4.040202181294566e+18 2.669687566956196e+50 687868.6715201696 1213.4713119094033 1.0883829367262985e+18 8.696015848595832e+21 394.9141918777727 8.881535054781707e-222 9.531388911226505e+53 2.987485159754045e+49 1358099.6847962325 5.877021752616301e+19 85
3.436672210280744e+46 7.81349488736914e+72 9.805587519184437e+65 5.486844064061705e+36 4.281301969675641e+24 2.669687566956196e+50 4422981232278010.0 2384008.1869827863 2.143730444620057e+16 8.696015848595832e+21 394.9141918777727 22146.727582787113 9.531388911226505e+53 2.987485159754045e+49 84
3.436672210280744e+46 7.81349488736914e+72 9.805587519184437e+65 43844.324298715735 5.486844064061705e+36 5.417473659259532e+49 4.281301969675641e+24 6.742731549493137e+27 17.44481306320144 698439409622.398 1157.0307857740822 4422981232278010.0 2676997081405.902 1.0883829367262985e+18 8.696015848595832e+21 287958.1641255096 0.008029863683461133 75796.45255338568 5.877021752616301e+19 85
3.436672210280744e+46 7.81349488736914e+72 105825.94946464148 43844.324298715735 465626436.0508085 5.417473659259532e+49 4.281301969675641e+24 1.9590072508721005e+19 2.669687566956196e+50 1157.0307857740822 4422981232278010.0 6.547913880029126e+18 2.143730444620057e+16 8.696015848595832e+21 7345946851924.0625 9.531388911226505e+53 2.987485159754045e+49 10381271287.539648 5.877021752616301e+19 84
3.436672210280744e+46 7.81349488736914e+72 9.805587519184437e+65 43844.324298715735 5.486844064061705e+36 5.417473659259532e+49 4.281301969675641e+24 1.9590072508721005e+19 0.003739936510105185 2.669687566956196e+50 687868.6715201696 4422981232278010.0 27.25752041125225 0.07038762817974216 4370.683205873831 660285.5507865872 2.514760713881222e+16 2.992926696863493e+22 9.531388911226505e+53 0.75 85
3.436672210280744e+46 7.81349488736914e+72 9.805587519184437e+65 1.4493359747659716e+21 5.486844064061705e+36 5.417473659259532e+49 90427352103544.66 1.9590072508721005e+19 2.062464265327803 698439409622.398 687868.6715201696 6.602208570560354e+26 2676997081405.902 4370.683205873831 660285.5507865872 2.514760713881222e+16 9.531388911226505e+53 2.987485159754045e+49 10381271287.539648 84
2.0129659270812696e+23 7.81349488736914e+72 105825.94946464148 1.4493359747659716e+21 5.486844064061705e+36 180.38814025054867 4.281301969675641e+24 6.742731549493137e+27 4.040202181294566e+18 698439409622.398 1157.0307857740822 2676997081405.902 1.0883829367262985e+18 2.528536455849913 9.531388911226505e+53 2.987485159754045e+49 84
3.436672210280744e+46 0.0053122738248861994 9.805587519184437e+65 1.4493359747659716e+21 5.486844064061705e+36 5.417473659259532e+49 1.9590072508721005e+19 2.669687566956196e+50 687868.6715201696 4422981232278010.0 9.531388911226505e+53 741.5956876967001 84
3.436672210280744e+46 7.81349488736914e+72 9.805587519184437e+65 43844.324298715735 5.486844064061705e+36 5.417473659259532e+49 90427352103544.66 1.9590072508721005e+19 2.062464265327803 2.669687566956196e+50 1157.0307857740822 6.602208570560354e+26 2676997081405.902 1.0883829367262985e+18 7345946851924.0625 2.992926696863493e+22 287958.1641255096 2.987485159754045e+49 10381271287.539648 84
3.436672210280744e+46 7.81349488736914e+72 9.805587519184437e+65 2.398275659086435e-221 5.486844064061705e+36 5.417473659259532e+49 0.0318736429493172 1.9590072508721005e+19 0.003739936510105185 698439409622.398 6.602208570560354e+26 9.531388911226505e+53 84
3.436672210280744e+46 7.81349488736914e+72 105825.94946464148 43844.324298715735 4215056.592469927 180.38814025054867 4.281301969675641e+24 6.742731549493137e+27 4.040202181294566e+18 698439409622.398 4375403.122413158 1213.4713119094033 6.547913880029126e+18 2.514760713881222e+16 8.881535054781707e-222 9.531388911226505e+53 2.987485159754045e+49 75796.45255338568 0.03914470027876689 84
3.436672210280744e+46 7.81349488736914e+72 9.805587519184437e+65 1.4493359747659716e+21 4215056.592469927 5.417473659259532e+49 4.281301969675641e+24 2.669687566956196e+50 4375403.122413158 6.602208570560354e+26 2384008.1869827863 9.531388911226505e+53 0.008029863683461133 1358099.6847962325 5.877021752616301e+19 84
2.0129659270812696e+23 7.81349488736914e+72 9.805587519184437e+65 10043343.687175361 4215056.592469927 90427352103544.66 6.742731549493137e+27 2.062464265327803 2.669687566956196e+50 4375403.122413158 6.602208570560354e+26 2384008.1869827863 1.0883829367262985e+18 8.696015848595832e+21 8.881535054781707e-222 9.531388911226505e+53 2.987485159754045e+49 1358099.6847962325 5.877021752616301e+19 85
3.436672210280744e+46 7.81349488736914e+72 9.805587519184437e+65 0.0002052417610209053 465626436.0508085 5.417473659259532e+49 78.29473796925669 6.742731549493137e+27 2.062464265327803 2.669687566956196e+50 687868.6715201696 6.602208570560354e+26 2676997081405.902 2.528536455849913 660285.5507865872 2.514760713881222e+16 2.992926696863493e+22 84
2.0129659270812696e+23 7.81349488736914e+72 9.805587519184437e+65 1.4493359747659716e+21 4215056.592469927 180.38814025054867 90427352103544.66 6.742731549493137e+27 4.040202181294566e+18 2.669687566956196e+50 4375403.122413158 1213.4713119094033 6.547913880029126e+18 9.531388911226505e+53 0.008029863683461133 85
3.436672210280744e+46 7.81349488736914e+72 9.805587519184437e+65 10043343.687175361 5.486844064061705e+36 5.417473659259532e+49 17.44481306320144 2.669687566956196e+50 1241670496.1354895 4422981232278010.0 2384008.1869827863 2.514760713881222e+16 8.881535054781707e-222 9.531388911226505e+53 9.175901466787118e-08 10381271287.539648 5.877021752616301e+19 85
2.0129659270812696e+23 7.81349488736914e+72 9.805587519184437e+65 1.4493359747659716e+21 465626436.0508085 5.417473659259532e+49 78.29473796925669 6.742731549493137e+27 246878806758469.38 2.669687566956196e+50 4375403.122413158 6.602208570560354e+26 2384008.1869827863 2.143730444620057e+16 8.696015848595832e+21 394.9141918777727 2.992926696863493e+22 9.531388911226505e+53 0.008029863683461133 1358099.6847962325 5.877021752616301e+19 85
3.436672210280744e+46 7.81349488736914e+72 105825.94946464148 43844.324298715735 5.486844064061705e+36 5.417473659259532e+49 90427352103544.66 6.742731549493137e+27 2.062464265327803 2.669687566956196e+50 687868.6715201696 6.602208570560354e+26 6.547913880029126e+18 1.0883829367262985e+18 8.696015848595832e+21 0.0015136579875291766 2.992926696863493e+22 9.531388911226505e+53 2.987485159754045e+49 1358099.6847962325 84
3.436672210280744e+46 7.81349488736914e+72 9.805587519184437e+65 1.4493359747659716e+21 465626436.0508085 5.417473659259532e+49 90427352103544.66 6.742731549493137e+27 3.393302731892808e-220 2.669687566956196e+50 1157.0307857740822 6.602208570560354e+26 6.547913880029126e+18 2.143730444620057e+16 2.528536455849913 660285.5507865872 7345946851924.0625 9.531388911226505e+53 2.987485159754045e+49 10381271287.539648 5.877021752616301e+19 84
3.436672210280744e+46 7.81349488736914e+72 9.805587519184437e+65 1.4493359747659716e+21 465626436.0508085 5.417473659259532e+49 90427352103544.66 6.742731549493137e+27 3.393302731892808e-220 2.669687566956196e+50 1157.0307857740822 6.602208570560354e+26 6.547913880029126e+18 2.143730444620057e+16 2.528536455849913 660285.5507865872 7345946851924.0625 9.531388911226505e+53 2.987485159754045e+49 10381271287.539648 5.877021752616301e+19 84
2.0129659270812696e+23 7.81349488736914e+72 9.805587519184437e+65 1.4493359747659716e+21 5.486844064061705e+36 5.417473659259532e+49 4.281301969675641e+24 1.9590072508721005e+19 246878806758469.38 1213.4713119094033 6.547913880029126e+18 2.143730444620057e+16 8.696015848595832e+21 2.514760713881222e+16 9.531388911226505e+53 741.5956876967001 10381271287.539648 5.877021752616301e+19 85
2.0129659270812696e+23 7.81349488736914e+72 9.805587519184437e+65 43844.324298715735 5.486844064061705e+36 5.417473659259532e+49 4.281301969675641e+24 6.742731549493137e+27 4.040202181294566e+18 2.669687566956196e+50 1241670496.1354895 6.602208570560354e+26 2384008.1869827863 1.0883829367262985e+18 2.528536455849913 660285.5507865872 9.531388911226505e+53 2.987485159754045e+49 84
3.436672210280744e+46 7.81349488736914e+72 9.805587519184437e+65 1.4493359747659716e+21 465626436.0508085 5.417473659259532e+49 90427352103544.66 6.742731549493137e+27 4.040202181294566e+18 2.669687566956196e+50 1241670496.1354895 6.602208570560354e+26 2676997081405.902 1.0883829367262985e+18 8.696015848595832e+21 394.9141918777727 2.992926696863493e+22 9.531388911226505e+53 2.987485159754045e+49 84
3.436672210280744e+46 7.81349488736914e+72 9.805587519184437e+65 1.4493359747659716e+21 465626436.0508085 4.040202181294566e+18 2.669687566956196e+50 6.547913880029126e+18 2.143730444620057e+16 8.696015848595832e+21 9.531388911226505e+53 2.987485159754045e+49 84
3.436672210280744e+46 7.81349488736914e+72 9.805587519184437e+65 4215056.592469927 78.29473796925669 6.742731549493137e+27 4.040202181294566e+18 2.669687566956196e+50 4375403.122413158 6.602208570560354e+26 6.547913880029126e+18 1.0883829367262985e+18 8.696015848595832e+21 2.992926696863493e+22 9.531388911226505e+53 2.987485159754045e+49 84
3.436672210280744e+46 7.81349488736914e+72 9.805587519184437e+65 1.4493359747659716e+21 5.486844064061705e+36 5.417473659259532e+49 4.281301969675641e+24 1.9590072508721005e+19 17.44481306320144 2.669687566956196e+50 687868.6715201696 6.602208570560354e+26 2676997081405.902 2.528536455849913 660285.5507865872 2.514760713881222e+16 2.992926696863493e+22 9.531388911226505e+53 0.008029863683461133 85
3.436672210280744e+46 7.81349488736914e+72 9.805587519184437e+65 10043343.687175361 5.417473659259532e+49 4.281301969675641e+24 6.742731549493137e+27 246878806758469.38 2.669687566956196e+50 1157.0307857740822 4422981232278010.0 2384008.1869827863 2.143730444620057e+16 287958.1641255096 2.987485159754045e+49 1358099.6847962325 5.877021752616301e+19 84
3.436672210280744e+46 7.81349488736914e+72 105825.94946464148 1.4493359747659716e+21 5.417473659259532e+49 4.281301969675641e+24 1.9590072508721005e+19 0.003739936510105185 698439409622.398 44325780529.099846 27.25752041125225 1.0883829367262985e+18 8.696015848595832e+21 9.531388911226505e+53 2.987485159754045e+49 84
2.0129659270812696e+23 7.81349488736914e+72 9.805587519184437e+65 1.4493359747659716e+21 4215056.592469927 5.417473659259532e+49 4.281301969675641e+24 4.040202181294566e+18 2.669687566956196e+50 687868.6715201696 9.531388911226505e+53 2.987485159754045e+49 85
3.436672210280744e+46 7.81349488736914e+72 9.805587519184437e+65 43844.324298715735 5.486844064061705e+36 5.417473659259532e+49 246878806758469.38 698439409622.398 1157.0307857740822 4422981232278010.0 2384008.1869827863 2.143730444620057e+16 2.528536455849913 660285.5507865872 2.514760713881222e+16 22146.727582787113 9.531388911226505e+53 2.987485159754045e+49 75796.45255338568 5.877021752616301e+19 84
2.0129659270812696e+23 7.81349488736914e+72 9.805587519184437e+65 4215056.592469927 5.417473659259532e+49 2.669687566956196e+50 9.531388911226505e+53 2.987485159754045e+49 10381271287.539648 5.877021752616301e+19 84
3.436672210280744e+46 7.81349488736914e+72 9.805587519184437e+65 465626436.0508085 5.417473659259532e+49 4.281301969675641e+24 1.9590072508721005e+19 17.44481306320144 2.669687566956196e+50 1241670496.1354895 4422981232278010.0 2676997081405.902 2.143730444620057e+16 8.696015848595832e+21 2.514760713881222e+16 22146.727582787113 9.531388911226505e+53 2.987485159754045e+49 84
3.436672210280744e+46 7.81349488736914e+72 9.805587519184437e+65 10043343.687175361 5.486844064061705e+36 5.417473659259532e+49 0.0318736429493172 1.9590072508721005e+19 2.062464265327803 698439409622.398 1157.0307857740822 4422981232278010.0 27.25752041125225 2.514760713881222e+16 2.992926696863493e+22 9.531388911226505e+53 741.5956876967001 75796.45255338568 5.877021752616301e+19 84
2.0129659270812696e+23 0.0053122738248861994 105825.94946464148 1.4493359747659716e+21 5.486844064061705e+36 5.417473659259532e+49 90427352103544.66 6.742731549493137e+27 2.062464265327803 2.669687566956196e+50 4375403.122413158 6.602208570560354e+26 2384008.1869827863 0.07038762817974216 660285.5507865872 7345946851924.0625 946.043597413152 9.531388911226505e+53 2.987485159754045e+49 1358099.6847962325 85
2.0129659270812696e+23 7.81349488736914e+72 9.805587519184437e+65 10043343.687175361 465626436.0508085 90427352103544.66 6.742731549493137e+27 4.040202181294566e+18 2.669687566956196e+50 4375403.122413158 6.602208570560354e+26 6.547913880029126e+18 7345946851924.0625 0.0005830826749251039 8.089281556246539e-08 741.5956876967001 85
2.0129659270812696e+23 7.81349488736914e+72 9.805587519184437e+65 1.4493359747659716e+21 4215056.592469927 180.38814025054867 78.29473796925669 6.742731549493137e+27 246878806758469.38 2.669687566956196e+50 1241670496.1354895 4422981232278010.0 2676997081405.902 1.0883829367262985e+18 4370.683205873831 660285.5507865872 7345946851924.0625 22146.727582787113 287958.1641255096 2.987485159754045e+49 84
3.436672210280744e+46 7.81349488736914e+72 9.805587519184437e+65 10043343.687175361 5.486844064061705e+36 5.417473659259532e+49 0.003739936510105185 698439409622.398 1157.0307857740822 4422981232278010.0 2676997081405.902 1.0883829367262985e+18 2.514760713881222e+16 2.992926696863493e+22 9.531388911226505e+53 741.5956876967001 84
2.0129659270812696e+23 7.81349488736914e+72 9.805587519184437e+65 1.4493359747659716e+21 4215056.592469927 5.417473659259532e+49 78.29473796925669 6.742731549493137e+27 246878806758469.38 2.669687566956196e+50 1241670496.1354895 6.602208570560354e+26 6.547913880029126e+18 7345946851924.0625 0.0005830826749251039 287958.1641255096 2.987485159754045e+49 85
2.0129659270812696e+23 7.81349488736914e+72 9.805587519184437e+65 4215056.592469927 5.417473659259532e+49 90427352103544.66 6.742731549493137e+27 4.040202181294566e+18 2.669687566956196e+50 1241670496.1354895 6.602208570560354e+26 6.547913880029126e+18 2.143730444620057e+16 8.696015848595832e+21 946.043597413152 2.987485159754045e+49 85
2.0129659270812696e+23 7.81349488736914e+72 9.805587519184437e+65 1.4493359747659716e+21 4215056.592469927 5.417473659259532e+49 4.281301969675641e+24 1.9590072508721005e+19 2.062464265327803 698439409622.398 687868.6715201696 4422981232278010.0 6.547913880029126e+18 2.143730444620057e+16 2.514760713881222e+16 85
3.436672210280744e+46 0.0053122738248861994 105825.94946464148 1.4493359747659716e+21 5.486844064061705e+36 5.417473659259532e+49 4.281301969675641e+24 6.742731549493137e+27 2.062464265327803 2.669687566956196e+50 1241670496.1354895 4422981232278010.0 6.547913880029126e+18 7345946851924.0625 287958.1641255096 2.987485159754045e+49 84
3.436672210280744e+46 7.81349488736914e+72 9.805587519184437e+65 43844.324298715735 5.486844064061705e+36 5.417473659259532e+49 4.281301969675641e+24 1.9590072508721005e+19 246878806758469.38 2.669687566956196e+50 1241670496.1354895 6.602208570560354e+26 2676997081405.902 0.07038762817974216 8.696015848595832e+21 2.514760713881222e+16 22146.727582787113 9.531388911226505e+53 2.987485159754045e+49 75796.45255338568 5.877021752616301e+19 84
2.0129659270812696e+23 7.81349488736914e+72 9.805587519184437e+65 2.398275659086435e-221 5.486844064061705e+36 4.281301969675641e+24 1.9590072508721005e+19 3.393302731892808e-220 698439409622.398 1157.0307857740822 6.602208570560354e+26 27.25752041125225 2.143730444620057e+16 8.696015848595832e+21 2.514760713881222e+16 2.992926696863493e+22 85
3.436672210280744e+46 7.81349488736914e+72 105825.94946464148 43844.324298715735 4215056.592469927 180.38814025054867 4.281301969675641e+24 6.742731549493137e+27 4.040202181294566e+18 698439409622.398 4375403.122413158 1213.4713119094033 6.547913880029126e+18 2.514760713881222e+16 8.881535054781707e-222 9.531388911226505e+53 2.987485159754045e+49 75796.45255338568 0.03914470027876689 84
2.0129659270812696e+23 0.0053122738248861994 105825.94946464148 1.4493359747659716e+21 5.486844064061705e+36 5.417473659259532e+49 90427352103544.66 6.742731549493137e+27 2.062464265327803 2.669687566956196e+50 4375403.122413158 6.602208570560354e+26 2384008.1869827863 0.07038762817974216 660285.5507865872 9.531388911226505e+53 2.987485159754045e+49 1358099.6847962325 5.877021752616301e+19 85
3.436672210280744e+46 7.81349488736914e+72 9.805587519184437e+65 1.4493359747659716e+21 5.486844064061705e+36 5.417473659259532e+49 90427352103544.66 6.742731549493137e+27 246878806758469.38 2.669687566956196e+50 1241670496.1354895 6.602208570560354e+26 6.547913880029126e+18 2.143730444620057e+16 8.696015848595832e+21 394.9141918777727 8.881535054781707e-222 9.531388911226505e+53 741.5956876967001 84
3.436672210280744e+46 7.81349488736914e+72 9.805587519184437e+65 5.486844064061705e+36 5.417473659259532e+49 0.0318736429493172 17.44481306320144 698439409622.398 687868.6715201696 4422981232278010.0 2.992926696863493e+22 9.531388911226505e+53 741.5956876967001 85
2.0129659270812696e+23 7.81349488736914e+72 9.805587519184437e+65 1.4493359747659716e+21 465626436.0508085 0.19 4.040202181294566e+18 2.669687566956196e+50 1241670496.1354895 2384008.1869827863 1.0883829367262985e+18 2.528536455849913 660285.5507865872 7345946851924.0625 287958.1641255096 2.987485159754045e+49 85
2.0129659270812696e+23 0.0053122738248861994 105825.94946464148 5.486844064061705e+36 5.417473659259532e+49 0.0318736429493172 1.1105354376558782e-219 17.44481306320144 698439409622.398 44325780529.099846 4422981232278010.0 27.25752041125225 84
3.436672210280744e+46 7.81349488736914e+72 9.805587519184437e+65 10043343.687175361 6.211921548669747e-08 5.417473659259532e+49 78.29473796925669 246878806758469.38 2.669687566956196e+50 687868.6715201696 6.602208570560354e+26 287958.1641255096 741.5956876967001 5.877021752616301e+19 84
3.436672210280744e+46 7.81349488736914e+72 9.805587519184437e+65 1.4493359747659716e+21 5.486844064061705e+36 5.417473659259532e+49 4.281301969675641e+24 6.742731549493137e+27 3.393302731892808e-220 698439409622.398 1157.0307857740822 6.602208570560354e+26 2676997081405.902 2.143730444620057e+16 2.528536455849913 660285.5507865872 2.514760713881222e+16 22146.727582787113 9.531388911226505e+53 2.987485159754045e+49 75796.45255338568 84
2.0129659270812696e+23 7.81349488736914e+72 9.805587519184437e+65 10043343.687175361 465626436.0508085 5.417473659259532e+49 4.281301969675641e+24 6.742731549493137e+27 4.040202181294566e+18 2.669687566956196e+50 4375403.122413158 6.602208570560354e+26 2384008.1869827863 2.143730444620057e+16 8.696015848595832e+21 394.9141918777727 8.881535054781707e-222 9.531388911226505e+53 2.987485159754045e+49 1358099.6847962325 85
3.436672210280744e+46 7.81349488736914e+72 9.805587519184437e+65 43844.324298715735 5.486844064061705e+36 78.29473796925669 6.742731549493137e+27 4.040202181294566e+18 2.669687566956196e+50 687868.6715201696 1213.4713119094033 6.547913880029126e+18 1.0883829367262985e+18 8.696015848595832e+21 7345946851924.0625 287958.1641255096 741.5956876967001 10381271287.539648 5.877021752616301e+19 84
3.436672210280744e+46 7.81349488736914e+72 9.805587519184437e+65 5.486844064061705e+36 5.417473659259532e+49 4.281301969675641e+24 1.9590072508721005e+19 17.44481306320144 698439409622.398 44325780529.099846 4422981232278010.0 27.25752041125225 1.0883829367262985e+18 8.696015848595832e+21 2.514760713881222e+16 9.531388911226505e+53 741.5956876967001 75796.45255338568 5.877021752616301e+19 84
3.436672210280744e+46 7.81349488736914e+72 9.805587519184437e+65 6.211921548669747e-08 5.417473659259532e+49 90427352103544.66 6.742731549493137e+27 17.44481306320144 2.669687566956196e+50 44325780529.099846 6.602208570560354e+26 2676997081405.902 2.143730444620057e+16 2.528536455849913 660285.5507865872 22146.727582787113 9.531388911226505e+53 2.987485159754045e+49 84
2.0129659270812696e+23 7.81349488736914e+72 9.805587519184437e+65 1.4493359747659716e+21 5.486844064061705e+36 5.417473659259532e+49 90427352103544.66 6.742731549493137e+27 246878806758469.38 2.669687566956196e+50 687868.6715201696 6.602208570560354e+26 2384008.1869827863 1.0883829367262985e+18 4370.683205873831 394.9141918777727 9.531388911226505e+53 741.5956876967001 85
2.0129659270812696e+23 7.81349488736914e+72 9.805587519184437e+65 1.4493359747659716e+21 5.486844064061705e+36 5.417473659259532e+49 0.0318736429493172 1.9590072508721005e+19 17.44481306320144 698439409622.398 687868.6715201696 4422981232278010.0 27.25752041125225 1.0883829367262985e+18 8.696015848595832e+21 9.531388911226505e+53 0.75 10381271287.539648 5.877021752616301e+19 85
2.0129659270812696e+23 0.0053122738248861994 105825.94946464148 10043343.687175361 5.486844064061705e+36 5.417473659259532e+49 9.531388911226505e+53 2.987485159754045e+49 5.877021752616301e+19 84
3.436672210280744e+46 7.81349488736914e+72 9.805587519184437e+65 1.4493359747659716e+21 5.486844064061705e+36 5.417473659259532e+49 4.281301969675641e+24 1.9590072508721005e+19 3.393302731892808e-220 698439409622.398 6.602208570560354e+26 2676997081405.902 2.143730444620057e+16 2.528536455849913 2.514760713881222e+16 2.992926696863493e+22 9.531388911226505e+53 9.175901466787118e-08 84
2.0129659270812696e+23 7.81349488736914e+72 9.805587519184437e+65 2.398275659086435e-221 5.486844064061705e+36 5.417473659259532e+49 90427352103544.66 6.742731549493137e+27 3.393302731892808e-220 698439409622.398 687868.6715201696 0.031595958997781656 6.547913880029126e+18 2.143730444620057e+16 8.696015848595832e+21 0.0015136579875291766 0.0005830826749251039 9.531388911226505e+53 2.987485159754045e+49 10381271287.539648 5.877021752616301e+19 85
2.0129659270812696e+23 7.81349488736914e+72 9.805587519184437e+65 1.4493359747659716e+21 465626436.0508085 5.417473659259532e+49 90427352103544.66 6.742731549493137e+27 4.040202181294566e+18 2.669687566956196e+50 1213.4713119094033 6.547913880029126e+18 2.143730444620057e+16 8.696015848595832e+21 2.514760713881222e+16 0.0005830826749251039 9.531388911226505e+53 2.987485159754045e+49 85
2.0129659270812696e+23 7.81349488736914e+72 9.805587519184437e+65 1.4493359747659716e+21 5.486844064061705e+36 5.417473659259532e+49 4.281301969675641e+24 6.742731549493137e+27 246878806758469.38 698439409622.398 1241670496.1354895 6.602208570560354e+26 2384008.1869827863 0.07038762817974216 2.528536455849913 2.514760713881222e+16 22146.727582787113 9.531388911226505e+53 2.987485159754045e+49 10381271287.539648 5.877021752616301e+19 85
2.0129659270812696e+23 7.81349488736914e+72 9.805587519184437e+65 5.486844064061705e+36 0.0318736429493172 1.9590072508721005e+19 17.44481306320144 698439409622.398 44325780529.099846 4422981232278010.0 27.25752041125225 1.0883829367262985e+18 8.696015848595832e+21 2.514760713881222e+16 2.992926696863493e+22 9.531388911226505e+53 2.987485159754045e+49 75796.45255338568 84
2.0129659270812696e+23 7.81349488736914e+72 9.805587519184437e+65 10043343.687175361 5.486844064061705e+36 4.281301969675641e+24 1.9590072508721005e+19 3.393302731892808e-220 2.669687566956196e+50 687868.6715201696 6.602208570560354e+26 6.547913880029126e+18 1.0883829367262985e+18 8.696015848595832e+21 2.514760713881222e+16 946.043597413152 9.531388911226505e+53 2.987485159754045e+49 84
3.436672210280744e+46 7.81349488736914e+72 9.805587519184437e+65 5.486844064061705e+36 5.417473659259532e+49 90427352103544.66 246878806758469.38 698439409622.398 687868.6715201696 6.602208570560354e+26 2384008.1869827863 2.143730444620057e+16 2.514760713881222e+16 2.992926696863493e+22 287958.1641255096 2.987485159754045e+49 84
2.0129659270812696e+23 7.81349488736914e+72 9.805587519184437e+65 43844.324298715735 4215056.592469927 5.417473659259532e+49 4.281301969675641e+24 6.742731549493137e+27 246878806758469.38 2.669687566956196e+50 1241670496.1354895 0.031595958997781656 2676997081405.902 2.143730444620057e+16 8.696015848595832e+21 2.992926696863493e+22 8.67522499686066e-151 2.987485159754045e+49 1358099.6847962325 5.877021752616301e+19 84
2.0129659270812696e+23 7.81349488736914e+72 9.805587519184437e+65 1.4493359747659716e+21 5.486844064061705e+36 5.417473659259532e+49 1.9590072508721005e+19 3.393302731892808e-220 698439409622.398 6.547913880029126e+18 1.0883829367262985e+18 4370.683205873831 2.992926696863493e+22 9.531388911226505e+53 2.987485159754045e+49 10381271287.539648 5.877021752616301e+19 85
2.0129659270812696e+23 7.81349488736914e+72 9.805587519184437e+65 1.4493359747659716e+21 465626436.0508085 0.19 4.040202181294566e+18 2.669687566956196e+50 1241670496.1354895 2384008.1869827863 1.0883829367262985e+18 2.528536455849913 660285.5507865872 7345946851924.0625 287958.1641255096 2.987485159754045e+49 85
3.436672210280744e+46 7.81349488736914e+72 9.805587519184437e+65 1.4493359747659716e+21 5.486844064061705e+36 5.417473659259532e+49 0.0318736429493172 1.9590072508721005e+19 17.44481306320144 2.669687566956196e+50 687868.6715201696 4422981232278010.0 27.25752041125225 1.0883829367262985e+18 8.696015848595832e+21 2.514760713881222e+16 2.992926696863493e+22 9.531388911226505e+53 2.987485159754045e+49 1358099.6847962325 0.03914470027876689 84
2.0129659270812696e+23 7.81349488736914e+72 9.805587519184437e+65 1.4493359747659716e+21 465626436.0508085 5.417473659259532e+49 78.29473796925669 1.9590072508721005e+19 246878806758469.38 4.467215187777939e-08 1241670496.1354895 1213.4713119094033 2384008.1869827863 2.143730444620057e+16 4370.683205873831 22146.727582787113 9.531388911226505e+53 2.987485159754045e+49 85
2.0129659270812696e+23 7.81349488736914e+72 9.805587519184437e+65 10043343.687175361 5.486844064061705e+36 5.417473659259532e+49 4.281301969675641e+24 1.9590072508721005e+19 3.393302731892808e-220 1241670496.1354895 6.602208570560354e+26 2676997081405.902 4370.683205873831 9.531388911226505e+53 2.987485159754045e+49 75796.45255338568 0.03914470027876689 84
3.436672210280744e+46 7.81349488736914e+72 9.805587519184437e+65 43844.324298715735 5.486844064061705e+36 5.417473659259532e+49 4.281301969675641e+24 0.003739936510105185 698439409622.398 44325780529.099846 4422981232278010.0 2676997081405.902 2.143730444620057e+16 4370.683205873831 7345946851924.0625 2.992926696863493e+22 9.531388911226505e+53 2.987485159754045e+49 75796.45255338568 5.877021752616301e+19 84
2.0129659270812696e+23 7.81349488736914e+72 9.805587519184437e+65 1.4493359747659716e+21 4215056.592469927 5.417473659259532e+49 4.281301969675641e+24 1.9590072508721005e+19 2.062464265327803 698439409622.398 687868.6715201696 4422981232278010.0 6.547913880029126e+18 2.143730444620057e+16 2.514760713881222e+16 85
3.436672210280744e+46 7.81349488736914e+72 9.805587519184437e+65 1.4493359747659716e+21 5.486844064061705e+36 5.417473659259532e+49 4.281301969675641e+24 1.9590072508721005e+19 3.393302731892808e-220 698439409622.398 6.602208570560354e+26 2676997081405.902 2.143730444620057e+16 2.528536455849913 2.514760713881222e+16 2.992926696863493e+22 9.531388911226505e+53 9.175901466787118e-08 84
