3.191668994335172e+21 2.3765922669023958e+69 5.614544141880486e+62 6.640485127058806e+17 2.095839803022187e+34 1.1906638278784211e+45 737371046487.4192 4.2386971431406515e+24 0.21815363211400762 2.1477289613230755e+46 194107.56621938304 342.4257717040546 1.0631554706872198e+16 57779827822861.87 4.771472438335901e+21 19168593606.72595 4.771188467794152e+49 57.17121772113343 2254467.207654179 2.0065072507249086e+19 85
5.953319139392106e+43 0.00047970426501502133 5076.37582778428 6.640485127058806e+17 2.095839803022187e+34 1.1906638278784211e+45 1.915553093557414e+22 4.2386971431406515e+24 0.21815363211400762 2.1477289613230755e+46 218019150.36016464 300681059312826.1 1.0631554706872198e+16 19168593606.72595 348398.19577837974 1.2767128958786743e+45 84
5.953319139392106e+43 2.3765922669023958e+69 5.614544141880486e+62 6.640485127058806e+17 2.095839803022187e+34 1.1906638278784211e+45 737371046487.4192 1.9327193658684406e+17 19658830086212.203 2.1477289613230755e+46 4134406084.9767776 7.629654857653174e+24 1.0631554706872198e+16 6.995144679844001e+17 4.771472438335901e+21 81.22204086003535 4.771188467794152e+49 1.2767128958786743e+45 11361.986480009084 2.0065072507249086e+19 84
5.953319139392106e+43 0.00047970426501502133 5076.37582778428 3319694.71754614 2.095839803022187e+34 1.1906638278784211e+45 84
5.953319139392106e+43 2.3765922669023958e+69 5.614544141880486e+62 3319694.71754614 2.095839803022187e+34 1.1906638278784211e+45 1.915553093557414e+22 4.2386971431406515e+24 4.202622303157667 20846909533.027397 218019150.36016464 7.629654857653174e+24 418596.91101442964 6.995144679844001e+17 767.4279311185509 497083.8318296352 398729230827878.1 1.0218320487795736e+22 4.771188467794152e+49 1.2767128958786743e+45 11361.986480009084 6.386712217746162e-217 84
3.191668994335172e+21 2.3765922669023958e+69 5076.37582778428 6.640485127058806e+17 2.095839803022187e+34 81.80758422817189 1.915553093557414e+22 4.2386971431406515e+24 1115119930560576.8 20846909533.027397 326.4989916247962 292474175767.24744 6.995144679844001e+17 4.19741089176161 4.771188467794152e+49 1.2767128958786743e+45 84
3.191668994335172e+21 2.3765922669023958e+69 5.614544141880486e+62 19883.781072750073 2.095839803022187e+34 1.1906638278784211e+45 1.915553093557414e+22 2.1477289613230755e+46 218019150.36016464 292474175767.24744 57779827822861.87 767.4279311185509 497083.8318296352 398729230827878.1 5335.358531783578 4.771188467794152e+49 1.2767128958786743e+45 84
5.953319139392106e+43 2.3765922669023958e+69 5.614544141880486e+62 3319694.71754614 2.095839803022187e+34 1.1906638278784211e+45 0.002327102865537518 20846909533.027397 326.4989916247962 300681059312826.1 292474175767.24744 6.995144679844001e+17 398729230827878.1 1.0218320487795736e+22 4.771188467794152e+49 57.17121772113343 84
3.191668994335172e+21 2.3765922669023958e+69 5.614544141880486e+62 6.640485127058806e+17 380624.33375979634 1.1906638278784211e+45 1.915553093557414e+22 1115119930560576.8 2.1477289613230755e+46 194107.56621938304 4.771188467794152e+49 1.2767128958786743e+45 85
5.953319139392106e+43 2.3765922669023958e+69 5.614544141880486e+62 2.095839803022187e+34 1.1906638278784211e+45 20846909533.027397 4134406084.9767776 6.566597348683854 0.03739080352824493 4.771472438335901e+21 1.0218320487795736e+22 84
3.191668994335172e+21 2.3765922669023958e+69 5.614544141880486e+62 3319694.71754614 2.095839803022187e+34 1.1906638278784211e+45 1.915553093557414e+22 1.9327193658684406e+17 1.438348211139256e-214 218019150.36016464 7.629654857653174e+24 292474175767.24744 767.4279311185509 4.771188467794152e+49 1.2767128958786743e+45 11361.986480009084 0.0009656937398271288 84
3.191668994335172e+21 2.3765922669023958e+69 5.614544141880486e+62 3319694.71754614 2.095839803022187e+34 81.80758422817189 1.915553093557414e+22 20846909533.027397 218019150.36016464 7.629654857653174e+24 418596.91101442964 57779827822861.87 4.771472438335901e+21 81.22204086003535 4.771188467794152e+49 1.2767128958786743e+45 2254467.207654179 85
5.953319139392106e+43 2.3765922669023958e+69 5.614544141880486e+62 6.640485127058806e+17 2.095839803022187e+34 1.1906638278784211e+45 737371046487.4192 4.2386971431406515e+24 19658830086212.203 2.1477289613230755e+46 194107.56621938304 300681059312826.1 418596.91101442964 57779827822861.87 4.19741089176161 497083.8318296352 5335.358531783578 4.771188467794152e+49 1.2767128958786743e+45 84
3.191668994335172e+21 2.3765922669023958e+69 5.614544141880486e+62 4.358630942846231e-215 2.095839803022187e+34 1.1906638278784211e+45 1.915553093557414e+22 1.9327193658684406e+17 20846909533.027397 4134406084.9767776 300681059312826.1 6.566597348683854 81.22204086003535 1.0218320487795736e+22 4.771188467794152e+49 1.2767128958786743e+45 85
3.191668994335172e+21 2.3765922669023958e+69 5.614544141880486e+62 6.640485127058806e+17 380624.33375979634 1.1906638278784211e+45 737371046487.4192 4.2386971431406515e+24 1115119930560576.8 2.1477289613230755e+46 18348.86431377639 342.4257717040546 1.0631554706872198e+16 19168593606.72595 4.647133487307497 4.771188467794152e+49 1.2767128958786743e+45 85
3.191668994335172e+21 2.3765922669023958e+69 5.614544141880486e+62 19883.781072750073 13897944.413984828 1.1906638278784211e+45 737371046487.4192 4.2386971431406515e+24 1115119930560576.8 2.1477289613230755e+46 18348.86431377639 342.4257717040546 1.0631554706872198e+16 6.995144679844001e+17 4.771472438335901e+21 19168593606.72595 4.771188467794152e+49 1.2767128958786743e+45 85
3.191668994335172e+21 2.3765922669023958e+69 5076.37582778428 6.640485127058806e+17 380624.33375979634 1.1906638278784211e+45 1.915553093557414e+22 1.9327193658684406e+17 19658830086212.203 20846909533.027397 194107.56621938304 7.629654857653174e+24 1.0631554706872198e+16 57779827822861.87 4.771472438335901e+21 81.22204086003535 348398.19577837974 1.2767128958786743e+45 11361.986480009084 84
5.953319139392106e+43 2.3765922669023958e+69 5.614544141880486e+62 6.640485127058806e+17 2.095839803022187e+34 1.1906638278784211e+45 737371046487.4192 1.9327193658684406e+17 19658830086212.203 2.1477289613230755e+46 4134406084.9767776 7.629654857653174e+24 1.0631554706872198e+16 6.995144679844001e+17 4.771472438335901e+21 81.22204086003535 4.771188467794152e+49 1.2767128958786743e+45 11361.986480009084 2.0065072507249086e+19 84
5.953319139392106e+43 2.3765922669023958e+69 5.614544141880486e+62 4.358630942846231e-215 2.095839803022187e+34 1.1906638278784211e+45 0.01693168461656374 1.9327193658684406e+17 2.1477289613230755e+46 194107.56621938304 300681059312826.1 292474175767.24744 398729230827878.1 4.771188467794152e+49 57.17121772113343 425137343.202321 2.0065072507249086e+19 84
5.953319139392106e+43 2.3765922669023958e+69 5.614544141880486e+62 2.095839803022187e+34 1.915553093557414e+22 1.9327193658684406e+17 4.202622303157667 20846909533.027397 300681059312826.1 6.566597348683854 57779827822861.87 4.771472438335901e+21 497083.8318296352 4.771188467794152e+49 57.17121772113343 11361.986480009084 2.0065072507249086e+19 84
3.191668994335172e+21 2.3765922669023958e+69 5.614544141880486e+62 9.70044101342275 4.2386971431406515e+24 19658830086212.203 2.1477289613230755e+46 194107.56621938304 7.629654857653174e+24 418596.91101442964 57779827822861.87 4.771472438335901e+21 81.22204086003535 0.000424975969325858 85
3.191668994335172e+21 2.3765922669023958e+69 5.614544141880486e+62 9.30789146821329e-05 380624.33375979634 1.1906638278784211e+45 737371046487.4192 4.2386971431406515e+24 1115119930560576.8 218019150.36016464 0.00029217097891152743 1.0631554706872198e+16 6.995144679844001e+17 4.771472438335901e+21 81.22204086003535 0.000424975969325858 348398.19577837974 1.2767128958786743e+45 85
3.191668994335172e+21 2.3765922669023958e+69 5.614544141880486e+62 2.095839803022187e+34 1.1906638278784211e+45 0.01693168461656374 1.9327193658684406e+17 19658830086212.203 20846909533.027397 326.4989916247962 300681059312826.1 292474175767.24744 4.19741089176161 4.906864264853758e-217 4.771188467794152e+49 1.2767128958786743e+45 84
3.191668994335172e+21 2.3765922669023958e+69 5.614544141880486e+62 6.640485127058806e+17 380624.33375979634 1.1906638278784211e+45 737371046487.4192 4.2386971431406515e+24 1115119930560576.8 2.1477289613230755e+46 218019150.36016464 342.4257717040546 418596.91101442964 19168593606.72595 348398.19577837974 1.2767128958786743e+45 85
5.953319139392106e+43 2.3765922669023958e+69 5.614544141880486e+62 3319694.71754614 2.095839803022187e+34 1.1906638278784211e+45 0.01693168461656374 2.457453788398519e-215 0.002327102865537518 2.1477289613230755e+46 194107.56621938304 300681059312826.1 1.0631554706872198e+16 6.995144679844001e+17 4.19741089176161 497083.8318296352 5335.358531783578 4.771188467794152e+49 1.2767128958786743e+45 11361.986480009084 2.0065072507249086e+19 84
3.191668994335172e+21 2.3765922669023958e+69 5.614544141880486e+62 6.640485127058806e+17 2.095839803022187e+34 1.1906638278784211e+45 737371046487.4192 4.2386971431406515e+24 0.21815363211400762 2.1477289613230755e+46 194107.56621938304 342.4257717040546 1.0631554706872198e+16 57779827822861.87 4.771472438335901e+21 19168593606.72595 4.771188467794152e+49 57.17121772113343 2254467.207654179 2.0065072507249086e+19 85
5.953319139392106e+43 2.3765922669023958e+69 5.614544141880486e+62 3319694.71754614 2.095839803022187e+34 1.1906638278784211e+45 1.915553093557414e+22 1.9327193658684406e+17 19658830086212.203 20846909533.027397 194107.56621938304 7.629654857653174e+24 292474175767.24744 57779827822861.87 767.4279311185509 497083.8318296352 81.22204086003535 4.647133487307497 4.771188467794152e+49 1.2767128958786743e+45 11361.986480009084 84
5.953319139392106e+43 2.3765922669023958e+69 5.614544141880486e+62 6.640485127058806e+17 2.095839803022187e+34 1.1906638278784211e+45 737371046487.4192 19658830086212.203 20846909533.027397 300681059312826.1 6.566597348683854 57779827822861.87 4.19741089176161 497083.8318296352 1.0218320487795736e+22 4.771188467794152e+49 57.17121772113343 84
5.953319139392106e+43 2.3765922669023958e+69 5.614544141880486e+62 3319694.71754614 2.095839803022187e+34 737371046487.4192 4.2386971431406515e+24 1.438348211139256e-214 20846909533.027397 218019150.36016464 7.629654857653174e+24 418596.91101442964 57779827822861.87 767.4279311185509 398729230827878.1 5335.358531783578 4.771188467794152e+49 1.2767128958786743e+45 84
3.191668994335172e+21 2.3765922669023958e+69 5.614544141880486e+62 6.640485127058806e+17 2.095839803022187e+34 1.1906638278784211e+45 0.01693168461656374 1.9327193658684406e+17 1115119930560576.8 2.1477289613230755e+46 194107.56621938304 300681059312826.1 292474175767.24744 57779827822861.87 767.4279311185509 497083.8318296352 4.771188467794152e+49 1.2767128958786743e+45 2254467.207654179 2.0065072507249086e+19 85
5.953319139392106e+43 2.3765922669023958e+69 5.614544141880486e+62 6.640485127058806e+17 13897944.413984828 1115119930560576.8 2.1477289613230755e+46 1.0631554706872198e+16 57779827822861.87 4.771472438335901e+21 4.771188467794152e+49 1.2767128958786743e+45 84
3.191668994335172e+21 2.3765922669023958e+69 5076.37582778428 6.640485127058806e+17 380624.33375979634 1.1906638278784211e+45 1.915553093557414e+22 1.9327193658684406e+17 19658830086212.203 20846909533.027397 194107.56621938304 7.629654857653174e+24 1.0631554706872198e+16 57779827822861.87 4.771472438335901e+21 81.22204086003535 348398.19577837974 1.2767128958786743e+45 11361.986480009084 84
5.953319139392106e+43 2.3765922669023958e+69 5.614544141880486e+62 6.640485127058806e+17 2.095839803022187e+34 1.1906638278784211e+45 737371046487.4192 1.9327193658684406e+17 0.21815363211400762 20846909533.027397 194107.56621938304 7.629654857653174e+24 292474175767.24744 767.4279311185509 497083.8318296352 398729230827878.1 4.771188467794152e+49 1.2767128958786743e+45 425137343.202321 84
5.953319139392106e+43 2.3765922669023958e+69 5.614544141880486e+62 19883.781072750073 2.095839803022187e+34 1.1906638278784211e+45 1.915553093557414e+22 1.9327193658684406e+17 4.202622303157667 20846909533.027397 326.4989916247962 300681059312826.1 57779827822861.87 4.771472438335901e+21 1.0218320487795736e+22 4.771188467794152e+49 57.17121772113343 11361.986480009084 2.0065072507249086e+19 84
5.953319139392106e+43 2.3765922669023958e+69 5.614544141880486e+62 3319694.71754614 2.095839803022187e+34 1.1906638278784211e+45 0.01693168461656374 2.457453788398519e-215 0.002327102865537518 2.1477289613230755e+46 194107.56621938304 300681059312826.1 1.0631554706872198e+16 6.995144679844001e+17 4.19741089176161 497083.8318296352 5335.358531783578 4.771188467794152e+49 1.2767128958786743e+45 11361.986480009084 2.0065072507249086e+19 84
3.191668994335172e+21 0.00047970426501502133 5076.37582778428 6.640485127058806e+17 2.095839803022187e+34 737371046487.4192 1115119930560576.8 2.1477289613230755e+46 4134406084.9767776 7.629654857653174e+24 1.0631554706872198e+16 57779827822861.87 4.771472438335901e+21 81.22204086003535 4.771188467794152e+49 1.2767128958786743e+45 2254467.207654179 2.0065072507249086e+19 85
3.191668994335172e+21 2.3765922669023958e+69 5.614544141880486e+62 2.095839803022187e+34 1.1906638278784211e+45 19658830086212.203 2.1477289613230755e+46 7.629654857653174e+24 1.0631554706872198e+16 57779827822861.87 4.771472438335901e+21 81.22204086003535 4.906864264853758e-217 4.771188467794152e+49 1.2767128958786743e+45 84
3.191668994335172e+21 2.3765922669023958e+69 5.614544141880486e+62 6.640485127058806e+17 380624.33375979634 1.1906638278784211e+45 1.915553093557414e+22 1.9327193658684406e+17 0.21815363211400762 20846909533.027397 194107.56621938304 300681059312826.1 1.0631554706872198e+16 57779827822861.87 398729230827878.1 85
5.953319139392106e+43 2.3765922669023958e+69 5076.37582778428 19883.781072750073 380624.33375979634 737371046487.4192 4.2386971431406515e+24 1115119930560576.8 2.1477289613230755e+46 18348.86431377639 342.4257717040546 1.0631554706872198e+16 19168593606.72595 4.647133487307497 425137343.202321 2.0065072507249086e+19 84
3.191668994335172e+21 2.3765922669023958e+69 5.614544141880486e+62 3319694.71754614 13897944.413984828 1.1906638278784211e+45 18348.86431377639 342.4257717040546 6.995144679844001e+17 4.771472438335901e+21 19168593606.72595 348398.19577837974 0.029392387474696646 85
5.953319139392106e+43 0.00047970426501502133 5076.37582778428 3319694.71754614 2.095839803022187e+34 1.1906638278784211e+45 0.01693168461656374 4.2386971431406515e+24 0.002327102865537518 20846909533.027397 194107.56621938304 300681059312826.1 6.566597348683854 6.995144679844001e+17 767.4279311185509 497083.8318296352 81.22204086003535 4.771188467794152e+49 1.2767128958786743e+45 11361.986480009084 6.386712217746162e-217 84
3.191668994335172e+21 2.3765922669023958e+69 5.614544141880486e+62 6.640485127058806e+17 13897944.413984828 1.1906638278784211e+45 1.915553093557414e+22 4.2386971431406515e+24 0.21815363211400762 2.1477289613230755e+46 194107.56621938304 7.629654857653174e+24 418596.91101442964 4.19741089176161 497083.8318296352 5335.358531783578 4.771188467794152e+49 1.2767128958786743e+45 11361.986480009084 85
5.953319139392106e+43 0.00047970426501502133 5076.37582778428 4.771188467794152e+49 1.2767128958786743e+45 84
3.191668994335172e+21 2.3765922669023958e+69 5.614544141880486e+62 6.640485127058806e+17 2.095839803022187e+34 1.1906638278784211e+45 737371046487.4192 4.2386971431406515e+24 19658830086212.203 2.1477289613230755e+46 194107.56621938304 7.629654857653174e+24 418596.91101442964 6.995144679844001e+17 767.4279311185509 81.22204086003535 4.771188467794152e+49 57.17121772113343 85
3.191668994335172e+21 2.3765922669023958e+69 5.614544141880486e+62 6.640485127058806e+17 380624.33375979634 1.1906638278784211e+45 737371046487.4192 4.2386971431406515e+24 1115119930560576.8 2.1477289613230755e+46 218019150.36016464 342.4257717040546 418596.91101442964 19168593606.72595 348398.19577837974 1.2767128958786743e+45 85
3.191668994335172e+21 2.3765922669023958e+69 5.614544141880486e+62 3319694.71754614 2.095839803022187e+34 1.1906638278784211e+45 1.915553093557414e+22 1.9327193658684406e+17 0.002327102865537518 20846909533.027397 194107.56621938304 300681059312826.1 292474175767.24744 6.995144679844001e+17 767.4279311185509 81.22204086003535 1.0218320487795736e+22 4.771188467794152e+49 1.2767128958786743e+45 425137343.202321 2.0065072507249086e+19 85
3.191668994335172e+21 2.3765922669023958e+69 5.614544141880486e+62 6.640485127058806e+17 2.095839803022187e+34 81.80758422817189 1.915553093557414e+22 4.2386971431406515e+24 19658830086212.203 2.1477289613230755e+46 218019150.36016464 7.629654857653174e+24 1.0631554706872198e+16 6.995144679844001e+17 4.771472438335901e+21 0.0006864569957807301 4.906864264853758e-217 4.771188467794152e+49 1.2767128958786743e+45 85
5.953319139392106e+43 2.3765922669023958e+69 5.614544141880486e+62 3319694.71754614 2.095839803022187e+34 1.1906638278784211e+45 1.915553093557414e+22 4.2386971431406515e+24 4.202622303157667 20846909533.027397 218019150.36016464 7.629654857653174e+24 418596.91101442964 6.995144679844001e+17 767.4279311185509 497083.8318296352 398729230827878.1 1.0218320487795736e+22 4.771188467794152e+49 1.2767128958786743e+45 11361.986480009084 6.386712217746162e-217 84
3.191668994335172e+21 2.3765922669023958e+69 5.614544141880486e+62 6.640485127058806e+17 380624.33375979634 1.1906638278784211e+45 737371046487.4192 4.2386971431406515e+24 19658830086212.203 2.1477289613230755e+46 218019150.36016464 7.629654857653174e+24 1.0631554706872198e+16 19168593606.72595 4.647133487307497 348398.19577837974 1.2767128958786743e+45 85
5.953319139392106e+43 0.00047970426501502133 5076.37582778428 6.640485127058806e+17 2.095839803022187e+34 1.1906638278784211e+45 0.01693168461656374 2.457453788398519e-215 0.002327102865537518 218019150.36016464 7.629654857653174e+24 292474175767.24744 19168593606.72595 4.771188467794152e+49 1.2767128958786743e+45 11361.986480009084 2.0065072507249086e+19 84
5.953319139392106e+43 2.3765922669023958e+69 5.614544141880486e+62 4.358630942846231e-215 2.095839803022187e+34 1.1906638278784211e+45 0.01693168461656374 1.9327193658684406e+17 2.1477289613230755e+46 194107.56621938304 300681059312826.1 292474175767.24744 398729230827878.1 4.771188467794152e+49 57.17121772113343 425137343.202321 2.0065072507249086e+19 84
3.191668994335172e+21 2.3765922669023958e+69 5.614544141880486e+62 4.358630942846231e-215 2.095839803022187e+34 1.1906638278784211e+45 737371046487.4192 4.2386971431406515e+24 1.438348211139256e-214 20846909533.027397 194107.56621938304 0.00029217097891152743 1.0631554706872198e+16 57779827822861.87 4.771472438335901e+21 0.0006864569957807301 0.000424975969325858 4.771188467794152e+49 1.2767128958786743e+45 425137343.202321 2.0065072507249086e+19 85
3.191668994335172e+21 2.3765922669023958e+69 5.614544141880486e+62 3319694.71754614 2.095839803022187e+34 1.1906638278784211e+45 737371046487.4192 4.2386971431406515e+24 1.438348211139256e-214 2.1477289613230755e+46 218019150.36016464 7.629654857653174e+24 418596.91101442964 57779827822861.87 4.771472438335901e+21 81.22204086003535 0.000424975969325858 4.771188467794152e+49 1.2767128958786743e+45 425137343.202321 2.0065072507249086e+19 85
5.953319139392106e+43 2.3765922669023958e+69 5.614544141880486e+62 19883.781072750073 2.095839803022187e+34 1.1906638278784211e+45 1.915553093557414e+22 1.9327193658684406e+17 19658830086212.203 2.1477289613230755e+46 218019150.36016464 7.629654857653174e+24 292474175767.24744 0.03739080352824493 4.771472438335901e+21 398729230827878.1 5335.358531783578 4.771188467794152e+49 1.2767128958786743e+45 11361.986480009084 2.0065072507249086e+19 84
5.953319139392106e+43 2.3765922669023958e+69 5.614544141880486e+62 19883.781072750073 13897944.413984828 1.1906638278784211e+45 4.2386971431406515e+24 0.21815363211400762 2.1477289613230755e+46 218019150.36016464 7.629654857653174e+24 292474175767.24744 57779827822861.87 4.771472438335901e+21 81.22204086003535 1.0218320487795736e+22 4.771188467794152e+49 57.17121772113343 84
5.953319139392106e+43 2.3765922669023958e+69 5.614544141880486e+62 19883.781072750073 2.095839803022187e+34 1.1906638278784211e+45 737371046487.4192 1.9327193658684406e+17 0.21815363211400762 2.1477289613230755e+46 326.4989916247962 7.629654857653174e+24 292474175767.24744 6.995144679844001e+17 19168593606.72595 1.0218320487795736e+22 348398.19577837974 1.2767128958786743e+45 425137343.202321 84
5.953319139392106e+43 2.3765922669023958e+69 5.614544141880486e+62 6.640485127058806e+17 380624.33375979634 1.1906638278784211e+45 1.915553093557414e+22 4.2386971431406515e+24 0.21815363211400762 2.1477289613230755e+46 218019150.36016464 7.629654857653174e+24 292474175767.24744 57779827822861.87 4.771472438335901e+21 19168593606.72595 1.0218320487795736e+22 4.771188467794152e+49 1.2767128958786743e+45 425137343.202321 2.0065072507249086e+19 84
5.953319139392106e+43 2.3765922669023958e+69 5.614544141880486e+62 3319694.71754614 2.095839803022187e+34 1.1906638278784211e+45 1.915553093557414e+22 1.9327193658684406e+17 19658830086212.203 20846909533.027397 194107.56621938304 7.629654857653174e+24 292474175767.24744 57779827822861.87 767.4279311185509 497083.8318296352 81.22204086003535 4.647133487307497 4.771188467794152e+49 1.2767128958786743e+45 11361.986480009084 84
5.953319139392106e+43 2.3765922669023958e+69 5.614544141880486e+62 3319694.71754614 2.095839803022187e+34 0.01693168461656374 1.9327193658684406e+17 1.438348211139256e-214 20846909533.027397 194107.56621938304 300681059312826.1 292474175767.24744 57779827822861.87 4.19741089176161 497083.8318296352 4.771188467794152e+49 1.2767128958786743e+45 11361.986480009084 2.0065072507249086e+19 85
5.953319139392106e+43 2.3765922669023958e+69 5.614544141880486e+62 9.30789146821329e-05 2.095839803022187e+34 1.915553093557414e+22 1.9327193658684406e+17 0.002327102865537518 2.1477289613230755e+46 4134406084.9767776 300681059312826.1 1.0631554706872198e+16 57779827822861.87 4.19741089176161 81.22204086003535 4.647133487307497 4.771188467794152e+49 1.2767128958786743e+45 11361.986480009084 2.0065072507249086e+19 84
5.953319139392106e+43 2.3765922669023958e+69 5.614544141880486e+62 9.30789146821329e-05 2.095839803022187e+34 1.915553093557414e+22 1.9327193658684406e+17 0.002327102865537518 2.1477289613230755e+46 4134406084.9767776 300681059312826.1 1.0631554706872198e+16 57779827822861.87 4.19741089176161 81.22204086003535 4.647133487307497 4.771188467794152e+49 1.2767128958786743e+45 11361.986480009084 2.0065072507249086e+19 84
5.953319139392106e+43 2.3765922669023958e+69 5.614544141880486e+62 2.095839803022187e+34 1.915553093557414e+22 2.457453788398519e-215 4.202622303157667 2.1477289613230755e+46 326.4989916247962 300681059312826.1 6.566597348683854 6.995144679844001e+17 4.771472438335901e+21 1.0218320487795736e+22 4.771188467794152e+49 57.17121772113343 425137343.202321 2.0065072507249086e+19 84
5.953319139392106e+43 2.3765922669023958e+69 5.614544141880486e+62 6.640485127058806e+17 13897944.413984828 1.1906638278784211e+45 737371046487.4192 4.2386971431406515e+24 1115119930560576.8 2.1477289613230755e+46 218019150.36016464 7.629654857653174e+24 292474175767.24744 6.995144679844001e+17 4.771472438335901e+21 81.22204086003535 1.0218320487795736e+22 4.771188467794152e+49 1.2767128958786743e+45 84
5.953319139392106e+43 2.3765922669023958e+69 5.614544141880486e+62 84
5.953319139392106e+43 2.3765922669023958e+69 5.614544141880486e+62 6.640485127058806e+17 2.095839803022187e+34 737371046487.4192 19658830086212.203 2.1477289613230755e+46 194107.56621938304 342.4257717040546 1.0631554706872198e+16 6.995144679844001e+17 4.771472438335901e+21 398729230827878.1 5335.358531783578 4.771188467794152e+49 1.2767128958786743e+45 425137343.202321 2.0065072507249086e+19 84
5.953319139392106e+43 2.3765922669023958e+69 5.614544141880486e+62 19883.781072750073 2.095839803022187e+34 1.1906638278784211e+45 19658830086212.203 20846909533.027397 326.4989916247962 300681059312826.1 418596.91101442964 57779827822861.87 4.19741089176161 497083.8318296352 398729230827878.1 5335.358531783578 4.771188467794152e+49 1.2767128958786743e+45 11361.986480009084 2.0065072507249086e+19 84
5.953319139392106e+43 2.3765922669023958e+69 5.614544141880486e+62 19883.781072750073 2.095839803022187e+34 1.1906638278784211e+45 1.915553093557414e+22 1.9327193658684406e+17 19658830086212.203 2.1477289613230755e+46 218019150.36016464 7.629654857653174e+24 292474175767.24744 0.03739080352824493 4.771472438335901e+21 398729230827878.1 5335.358531783578 4.771188467794152e+49 1.2767128958786743e+45 11361.986480009084 2.0065072507249086e+19 84
3.191668994335172e+21 2.3765922669023958e+69 5.614544141880486e+62 13897944.413984828 1.1906638278784211e+45 737371046487.4192 19658830086212.203 2.1477289613230755e+46 57779827822861.87 4.19741089176161 497083.8318296352 4.771188467794152e+49 1.2767128958786743e+45 85
5.953319139392106e+43 2.3765922669023958e+69 5076.37582778428 6.640485127058806e+17 2.095839803022187e+34 1.1906638278784211e+45 737371046487.4192 20846909533.027397 7.629654857653174e+24 292474175767.24744 19168593606.72595 84
3.191668994335172e+21 2.3765922669023958e+69 5.614544141880486e+62 4.358630942846231e-215 2.095839803022187e+34 1.1906638278784211e+45 1.915553093557414e+22 1.9327193658684406e+17 20846909533.027397 4134406084.9767776 300681059312826.1 6.566597348683854 81.22204086003535 1.0218320487795736e+22 4.771188467794152e+49 1.2767128958786743e+45 85
3.191668994335172e+21 2.3765922669023958e+69 5.614544141880486e+62 19883.781072750073 2.095839803022187e+34 1.1906638278784211e+45 1.915553093557414e+22 0.26 4.202622303157667 20846909533.027397 326.4989916247962 7.629654857653174e+24 292474175767.24744 0.03739080352824493 4.771472438335901e+21 398729230827878.1 5335.358531783578 4.771188467794152e+49 11361.986480009084 2.0065072507249086e+19 84
5.953319139392106e+43 2.3765922669023958e+69 5.614544141880486e+62 3319694.71754614 13897944.413984828 1.1906638278784211e+45 1.915553093557414e+22 4.2386971431406515e+24 1115119930560576.8 2.1477289613230755e+46 326.4989916247962 7.629654857653174e+24 1.0631554706872198e+16 81.22204086003535 4.771188467794152e+49 57.17121772113343 84
5.953319139392106e+43 2.3765922669023958e+69 5.614544141880486e+62 0.01693168461656374 1.9327193658684406e+17 20846909533.027397 194107.56621938304 300681059312826.1 1.0631554706872198e+16 4.771188467794152e+49 57.17121772113343 11361.986480009084 2.0065072507249086e+19 84
3.191668994335172e+21 2.3765922669023958e+69 5.614544141880486e+62 19883.781072750073 380624.33375979634 1.1906638278784211e+45 1.438348211139256e-214 2.1477289613230755e+46 4.771188467794152e+49 1.2767128958786743e+45 85
5.953319139392106e+43 2.3765922669023958e+69 5.614544141880486e+62 6.640485127058806e+17 2.095839803022187e+34 1.1906638278784211e+45 737371046487.4192 19658830086212.203 20846909533.027397 300681059312826.1 6.566597348683854 57779827822861.87 4.19741089176161 497083.8318296352 1.0218320487795736e+22 4.771188467794152e+49 57.17121772113343 84
3.191668994335172e+21 2.3765922669023958e+69 5.614544141880486e+62 4.358630942846231e-215 2.095839803022187e+34 9.70044101342275 0.26 1115119930560576.8 2.1477289613230755e+46 18348.86431377639 0.00029217097891152743 418596.91101442964 57779827822861.87 4.771472438335901e+21 19168593606.72595 4.647133487307497 4.771188467794152e+49 1.2767128958786743e+45 85
5.953319139392106e+43 2.3765922669023958e+69 5.614544141880486e+62 4.358630942846231e-215 2.095839803022187e+34 1.1906638278784211e+45 0.01693168461656374 1.9327193658684406e+17 0.002327102865537518 20846909533.027397 7.629654857653174e+24 4.771188467794152e+49 84
3.191668994335172e+21 0.00047970426501502133 5076.37582778428 2.095839803022187e+34 1.1906638278784211e+45 0.01693168461656374 2.457453788398519e-215 4.202622303157667 20846909533.027397 4134406084.9767776 300681059312826.1 6.566597348683854 84
5.953319139392106e+43 2.3765922669023958e+69 5076.37582778428 4.358630942846231e-215 2.095839803022187e+34 1.1906638278784211e+45 737371046487.4192 4.2386971431406515e+24 1115119930560576.8 2.1477289613230755e+46 218019150.36016464 7.629654857653174e+24 1.0631554706872198e+16 57779827822861.87 4.771472438335901e+21 398729230827878.1 1.0218320487795736e+22 4.771188467794152e+49 1.2767128958786743e+45 2254467.207654179 84
3.191668994335172e+21 2.3765922669023958e+69 5.614544141880486e+62 6.640485127058806e+17 2.095839803022187e+34 1.1906638278784211e+45 9.70044101342275 0.26 0.21815363211400762 2.1477289613230755e+46 18348.86431377639 342.4257717040546 1.0631554706872198e+16 0.03739080352824493 4.771472438335901e+21 19168593606.72595 4.647133487307497 4.771188467794152e+49 57.17121772113343 85
5.953319139392106e+43 2.3765922669023958e+69 5.614544141880486e+62 19883.781072750073 2.095839803022187e+34 1.1906638278784211e+45 1.915553093557414e+22 1.9327193658684406e+17 4.202622303157667 20846909533.027397 326.4989916247962 300681059312826.1 57779827822861.87 4.771472438335901e+21 1.0218320487795736e+22 4.771188467794152e+49 57.17121772113343 11361.986480009084 2.0065072507249086e+19 84
3.191668994335172e+21 2.3765922669023958e+69 5.614544141880486e+62 1.1906638278784211e+45 1.915553093557414e+22 4.2386971431406515e+24 1115119930560576.8 2.1477289613230755e+46 218019150.36016464 7.629654857653174e+24 418596.91101442964 4.771188467794152e+49 57.17121772113343 85
5.953319139392106e+43 2.3765922669023958e+69 5.614544141880486e+62 19883.781072750073 380624.33375979634 1.1906638278784211e+45 398729230827878.1 4.647133487307497 348398.19577837974 0.029392387474696646 2254467.207654179 2.0065072507249086e+19 85
3.191668994335172e+21 2.3765922669023958e+69 5.614544141880486e+62 6.640485127058806e+17 380624.33375979634 1.1906638278784211e+45 737371046487.4192 4.2386971431406515e+24 1115119930560576.8 2.1477289613230755e+46 18348.86431377639 7.629654857653174e+24 1.0631554706872198e+16 81.22204086003535 0.000424975969325858 348398.19577837974 1.2767128958786743e+45 85
3.191668994335172e+21 2.3765922669023958e+69 5.614544141880486e+62 3319694.71754614 2.095839803022187e+34 1.1906638278784211e+45 737371046487.4192 4.2386971431406515e+24 19658830086212.203 2.1477289613230755e+46 326.4989916247962 0.00029217097891152743 418596.91101442964 6.995144679844001e+17 4.771472438335901e+21 4.771188467794152e+49 1.2767128958786743e+45 2254467.207654179 84
5.953319139392106e+43 2.3765922669023958e+69 5.614544141880486e+62 6.640485127058806e+17 380624.33375979634 81.80758422817189 1.915553093557414e+22 4.2386971431406515e+24 1115119930560576.8 2.1477289613230755e+46 194107.56621938304 0.00029217097891152743 1.0631554706872198e+16 6.995144679844001e+17 4.771472438335901e+21 398729230827878.1 1.0218320487795736e+22 7.330837963355324e-07 1.2767128958786743e+45 85
5.953319139392106e+43 2.3765922669023958e+69 5.614544141880486e+62 6.640485127058806e+17 2.095839803022187e+34 1.1906638278784211e+45 737371046487.4192 4.2386971431406515e+24 19658830086212.203 2.1477289613230755e+46 218019150.36016464 7.629654857653174e+24 1.0631554706872198e+16 57779827822861.87 4.771472438335901e+21 81.22204086003535 4.906864264853758e-217 4.771188467794152e+49 57.17121772113343 84
3.191668994335172e+21 2.3765922669023958e+69 5.614544141880486e+62 2.095839803022187e+34 1.1906638278784211e+45 0.01693168461656374 1.9327193658684406e+17 19658830086212.203 20846909533.027397 326.4989916247962 300681059312826.1 292474175767.24744 4.19741089176161 4.906864264853758e-217 4.771188467794152e+49 1.2767128958786743e+45 84
5.953319139392106e+43 2.3765922669023958e+69 5.614544141880486e+62 6.640485127058806e+17 2.095839803022187e+34 1.1906638278784211e+45 1.915553093557414e+22 4.2386971431406515e+24 1.438348211139256e-214 20846909533.027397 326.4989916247962 7.629654857653174e+24 292474175767.24744 57779827822861.87 4.19741089176161 497083.8318296352 398729230827878.1 5335.358531783578 4.771188467794152e+49 1.2767128958786743e+45 11361.986480009084 84
3.191668994335172e+21 2.3765922669023958e+69 5.614544141880486e+62 4.358630942846231e-215 2.095839803022187e+34 1.1906638278784211e+45 1.915553093557414e+22 4.2386971431406515e+24 0.21815363211400762 2.1477289613230755e+46 194107.56621938304 342.4257717040546 418596.91101442964 81.22204086003535 4.906864264853758e-217 4.771188467794152e+49 0.029392387474696646 85
3.191668994335172e+21 2.3765922669023958e+69 5.614544141880486e+62 6.640485127058806e+17 13897944.413984828 1.1906638278784211e+45 737371046487.4192 4.2386971431406515e+24 1115119930560576.8 2.1477289613230755e+46 342.4257717040546 1.0631554706872198e+16 57779827822861.87 4.771472438335901e+21 398729230827878.1 0.000424975969325858 4.771188467794152e+49 1.2767128958786743e+45 85
5.953319139392106e+43 2.3765922669023958e+69 5.614544141880486e+62 3319694.71754614 1.915553093557414e+22 4.2386971431406515e+24 19658830086212.203 2.1477289613230755e+46 4134406084.9767776 300681059312826.1 418596.91101442964 348398.19577837974 1.2767128958786743e+45 425137343.202321 84
5.953319139392106e+43 2.3765922669023958e+69 5076.37582778428 19883.781072750073 380624.33375979634 81.80758422817189 1.915553093557414e+22 4.2386971431406515e+24 1115119930560576.8 20846909533.027397 18348.86431377639 342.4257717040546 1.0631554706872198e+16 398729230827878.1 4.906864264853758e-217 4.771188467794152e+49 1.2767128958786743e+45 11361.986480009084 0.0009656937398271288 84
5.953319139392106e+43 2.3765922669023958e+69 5.614544141880486e+62 19883.781072750073 13897944.413984828 81.80758422817189 737371046487.4192 19658830086212.203 2.1477289613230755e+46 218019150.36016464 342.4257717040546 292474175767.24744 57779827822861.87 4.771472438335901e+21 81.22204086003535 0.000424975969325858 4.771188467794152e+49 1.2767128958786743e+45 425137343.202321 84
3.191668994335172e+21 2.3765922669023958e+69 5.614544141880486e+62 3319694.71754614 13897944.413984828 737371046487.4192 4.2386971431406515e+24 1115119930560576.8 2.1477289613230755e+46 18348.86431377639 7.629654857653174e+24 1.0631554706872198e+16 19168593606.72595 0.000424975969325858 6.14002700340014e-150 57.17121772113343 85
3.191668994335172e+21 2.3765922669023958e+69 5.614544141880486e+62 6.640485127058806e+17 380624.33375979634 1.915553093557414e+22 4.2386971431406515e+24 1115119930560576.8 2.1477289613230755e+46 18348.86431377639 342.4257717040546 418596.91101442964 57779827822861.87 4.771472438335901e+21 81.22204086003535 4.906864264853758e-217 348398.19577837974 1.2767128958786743e+45 425137343.202321 85
5.953319139392106e+43 2.3765922669023958e+69 5.614544141880486e+62 19883.781072750073 2.095839803022187e+34 1.1906638278784211e+45 1.915553093557414e+22 1.9327193658684406e+17 19658830086212.203 2.1477289613230755e+46 218019150.36016464 7.629654857653174e+24 292474175767.24744 0.03739080352824493 4.771472438335901e+21 398729230827878.1 5335.358531783578 4.771188467794152e+49 1.2767128958786743e+45 11361.986480009084 2.0065072507249086e+19 84
5.953319139392106e+43 2.3765922669023958e+69 5.614544141880486e+62 6.640485127058806e+17 2.095839803022187e+34 1.1906638278784211e+45 1.915553093557414e+22 1.9327193658684406e+17 19658830086212.203 2.1477289613230755e+46 497083.8318296352 4.771188467794152e+49 1.2767128958786743e+45 2.0065072507249086e+19 84
5.953319139392106e+43 2.3765922669023958e+69 5.614544141880486e+62 9.30789146821329e-05 13897944.413984828 1.1906638278784211e+45 9.70044101342275 4.2386971431406515e+24 0.21815363211400762 2.1477289613230755e+46 194107.56621938304 7.629654857653174e+24 292474175767.24744 4.19741089176161 497083.8318296352 398729230827878.1 1.0218320487795736e+22 84
3.191668994335172e+21 2.3765922669023958e+69 5.614544141880486e+62 380624.33375979634 1.1906638278784211e+45 737371046487.4192 4.2386971431406515e+24 1115119930560576.8 2.1477289613230755e+46 218019150.36016464 7.629654857653174e+24 1.0631554706872198e+16 57779827822861.87 4.771472438335901e+21 4.647133487307497 1.2767128958786743e+45 85
5.953319139392106e+43 2.3765922669023958e+69 5.614544141880486e+62 19883.781072750073 380624.33375979634 1.1906638278784211e+45 1.915553093557414e+22 1.9327193658684406e+17 1115119930560576.8 2.1477289613230755e+46 218019150.36016464 7.629654857653174e+24 418596.91101442964 81.22204086003535 4.771188467794152e+49 57.17121772113343 84
5.953319139392106e+43 2.3765922669023958e+69 5.614544141880486e+62 2.095839803022187e+34 1.1906638278784211e+45 20846909533.027397 4134406084.9767776 6.566597348683854 0.03739080352824493 4.771472438335901e+21 1.0218320487795736e+22 84
3.191668994335172e+21 2.3765922669023958e+69 5.614544141880486e+62 6.640485127058806e+17 13897944.413984828 0.19 1115119930560576.8 2.1477289613230755e+46 218019150.36016464 418596.91101442964 6.995144679844001e+17 4.19741089176161 497083.8318296352 19168593606.72595 348398.19577837974 1.2767128958786743e+45 85
5.953319139392106e+43 2.3765922669023958e+69 5.614544141880486e+62 6.640485127058806e+17 13897944.413984828 1.1906638278784211e+45 737371046487.4192 4.2386971431406515e+24 1.438348211139256e-214 2.1477289613230755e+46 326.4989916247962 7.629654857653174e+24 1.0631554706872198e+16 57779827822861.87 4.19741089176161 497083.8318296352 19168593606.72595 4.771188467794152e+49 1.2767128958786743e+45 425137343.202321 2.0065072507249086e+19 84
3.191668994335172e+21 2.3765922669023958e+69 5.614544141880486e+62 3319694.71754614 2.095839803022187e+34 1.1906638278784211e+45 737371046487.4192 4.2386971431406515e+24 19658830086212.203 2.1477289613230755e+46 326.4989916247962 0.00029217097891152743 418596.91101442964 6.995144679844001e+17 4.771472438335901e+21 4.771188467794152e+49 1.2767128958786743e+45 2254467.207654179 84
5.953319139392106e+43 2.3765922669023958e+69 5076.37582778428 19883.781072750073 13897944.413984828 1.1906638278784211e+45 1.915553093557414e+22 1.9327193658684406e+17 2.1477289613230755e+46 326.4989916247962 300681059312826.1 1.0631554706872198e+16 57779827822861.87 4.771472438335901e+21 19168593606.72595 4.771188467794152e+49 1.2767128958786743e+45 425137343.202321 2.0065072507249086e+19 84
5.953319139392106e+43 2.3765922669023958e+69 5.614544141880486e+62 6.640485127058806e+17 380624.33375979634 1.1906638278784211e+45 2.1477289613230755e+46 4.771188467794152e+49 1.2767128958786743e+45 84
3.191668994335172e+21 0.00047970426501502133 5076.37582778428 2.095839803022187e+34 1.1906638278784211e+45 0.01693168461656374 2.457453788398519e-215 4.202622303157667 20846909533.027397 4134406084.9767776 300681059312826.1 6.566597348683854 84
5.953319139392106e+43 2.3765922669023958e+69 5076.37582778428 19883.781072750073 380624.33375979634 81.80758422817189 1.915553093557414e+22 4.2386971431406515e+24 1115119930560576.8 20846909533.027397 18348.86431377639 342.4257717040546 1.0631554706872198e+16 398729230827878.1 4.906864264853758e-217 4.771188467794152e+49 1.2767128958786743e+45 11361.986480009084 0.0009656937398271288 84
5.953319139392106e+43 2.3765922669023958e+69 5.614544141880486e+62 3319694.71754614 2.095839803022187e+34 81.80758422817189 4.2386971431406515e+24 1115119930560576.8 194107.56621938304 7.629654857653174e+24 398729230827878.1 5335.358531783578 84
5.953319139392106e+43 2.3765922669023958e+69 5.614544141880486e+62 2.095839803022187e+34 1.915553093557414e+22 1.9327193658684406e+17 19658830086212.203 2.1477289613230755e+46 326.4989916247962 300681059312826.1 6.566597348683854 398729230827878.1 1.0218320487795736e+22 4.771188467794152e+49 57.17121772113343 84
5.953319139392106e+43 2.3765922669023958e+69 5.614544141880486e+62 4.358630942846231e-215 2.095839803022187e+34 1.1906638278784211e+45 0.01693168461656374 1.9327193658684406e+17 0.002327102865537518 20846909533.027397 7.629654857653174e+24 4.771188467794152e+49 84
3.191668994335172e+21 2.3765922669023958e+69 5.614544141880486e+62 6.640485127058806e+17 2.095839803022187e+34 1.1906638278784211e+45 1.915553093557414e+22 4.2386971431406515e+24 19658830086212.203 20846909533.027397 218019150.36016464 7.629654857653174e+24 418596.91101442964 0.03739080352824493 4.19741089176161 398729230827878.1 5335.358531783578 4.771188467794152e+49 1.2767128958786743e+45 425137343.202321 2.0065072507249086e+19 85
3.191668994335172e+21 2.3765922669023958e+69 5.614544141880486e+62 19883.781072750073 13897944.413984828 1.1906638278784211e+45 737371046487.4192 4.2386971431406515e+24 19658830086212.203 2.1477289613230755e+46 18348.86431377639 7.629654857653174e+24 418596.91101442964 19168593606.72595 4.771188467794152e+49 1.2767128958786743e+45 85
3.191668994335172e+21 2.3765922669023958e+69 5.614544141880486e+62 1.915553093557414e+22 1.9327193658684406e+17 1115119930560576.8 2.1477289613230755e+46 4134406084.9767776 7.629654857653174e+24 292474175767.24744 6.995144679844001e+17 4.771472438335901e+21 398729230827878.1 1.0218320487795736e+22 4.771188467794152e+49 1.2767128958786743e+45 84
3.191668994335172e+21 2.3765922669023958e+69 5.614544141880486e+62 6.640485127058806e+17 380624.33375979634 1.1906638278784211e+45 4.2386971431406515e+24 1115119930560576.8 2.1477289613230755e+46 326.4989916247962 7.629654857653174e+24 418596.91101442964 6.995144679844001e+17 4.771472438335901e+21 398729230827878.1 4.771188467794152e+49 57.17121772113343 85
5.953319139392106e+43 2.3765922669023958e+69 5.614544141880486e+62 3319694.71754614 2.095839803022187e+34 1.1906638278784211e+45 1.915553093557414e+22 1.9327193658684406e+17 19658830086212.203 2.1477289613230755e+46 194107.56621938304 7.629654857653174e+24 292474175767.24744 57779827822861.87 767.4279311185509 497083.8318296352 81.22204086003535 4.647133487307497 4.771188467794152e+49 1.2767128958786743e+45 11361.986480009084 84
5.953319139392106e+43 2.3765922669023958e+69 5.614544141880486e+62 13897944.413984828 1.1906638278784211e+45 1.915553093557414e+22 1.9327193658684406e+17 4.202622303157667 2.1477289613230755e+46 218019150.36016464 300681059312826.1 292474175767.24744 57779827822861.87 4.771472438335901e+21 398729230827878.1 5335.358531783578 4.771188467794152e+49 1.2767128958786743e+45 84
5.953319139392106e+43 2.3765922669023958e+69 5.614544141880486e+62 2.095839803022187e+34 1.1906638278784211e+45 0.01693168461656374 1.9327193658684406e+17 4.202622303157667 20846909533.027397 4134406084.9767776 300681059312826.1 4.771472438335901e+21 398729230827878.1 1.0218320487795736e+22 84
5.953319139392106e+43 2.3765922669023958e+69 5.614544141880486e+62 2.095839803022187e+34 1.1906638278784211e+45 1.915553093557414e+22 1.9327193658684406e+17 4.202622303157667 20846909533.027397 4134406084.9767776 300681059312826.1 6.566597348683854 0.03739080352824493 4.19741089176161 398729230827878.1 5335.358531783578 4.771188467794152e+49 1.2767128958786743e+45 84
5.953319139392106e+43 0.00047970426501502133 5076.37582778428 6.640485127058806e+17 2.095839803022187e+34 1.1906638278784211e+45 737371046487.4192 1.9327193658684406e+17 0.21815363211400762 2.1477289613230755e+46 194107.56621938304 7.629654857653174e+24 6.566597348683854 4.771188467794152e+49 1.2767128958786743e+45 2254467.207654179 84
3.191668994335172e+21 2.3765922669023958e+69 5.614544141880486e+62 3319694.71754614 13897944.413984828 1.1906638278784211e+45 737371046487.4192 4.2386971431406515e+24 19658830086212.203 2.1477289613230755e+46 218019150.36016464 7.629654857653174e+24 6.566597348683854 57779827822861.87 1.0218320487795736e+22 4.771188467794152e+49 57.17121772113343 84
5.953319139392106e+43 2.3765922669023958e+69 5.614544141880486e+62 6.640485127058806e+17 2.095839803022187e+34 1.1906638278784211e+45 737371046487.4192 4.2386971431406515e+24 19658830086212.203 2.1477289613230755e+46 326.4989916247962 300681059312826.1 292474175767.24744 57779827822861.87 4.771472438335901e+21 398729230827878.1 5335.358531783578 4.771188467794152e+49 1.2767128958786743e+45 2254467.207654179 2.0065072507249086e+19 84
3.191668994335172e+21 2.3765922669023958e+69 5.614544141880486e+62 19883.781072750073 13897944.413984828 1.1906638278784211e+45 1115119930560576.8 2.1477289613230755e+46 7.629654857653174e+24 4.771188467794152e+49 1.2767128958786743e+45 2254467.207654179 6.386712217746162e-217 85
5.953319139392106e+43 2.3765922669023958e+69 5.614544141880486e+62 19883.781072750073 2.095839803022187e+34 1.1906638278784211e+45 1.915553093557414e+22 1.9327193658684406e+17 4.202622303157667 2.1477289613230755e+46 326.4989916247962 7.629654857653174e+24 418596.91101442964 398729230827878.1 5335.358531783578 4.771188467794152e+49 1.2767128958786743e+45 11361.986480009084 2.0065072507249086e+19 84
5.953319139392106e+43 2.3765922669023958e+69 5.614544141880486e+62 6.640485127058806e+17 2.095839803022187e+34 1.1906638278784211e+45 1.915553093557414e+22 1.9327193658684406e+17 19658830086212.203 2.1477289613230755e+46 497083.8318296352 4.771188467794152e+49 1.2767128958786743e+45 2.0065072507249086e+19 84
5.953319139392106e+43 2.3765922669023958e+69 5.614544141880486e+62 6.640485127058806e+17 2.095839803022187e+34 1.1906638278784211e+45 0.01693168461656374 1.9327193658684406e+17 1115119930560576.8 2.1477289613230755e+46 218019150.36016464 7.629654857653174e+24 292474175767.24744 0.03739080352824493 4.19741089176161 398729230827878.1 1.0218320487795736e+22 7.330837963355324e-07 1.2767128958786743e+45 11361.986480009084 2.0065072507249086e+19 84
5.953319139392106e+43 2.3765922669023958e+69 5.614544141880486e+62 6.640485127058806e+17 2.095839803022187e+34 1.1906638278784211e+45 737371046487.4192 19658830086212.203 20846909533.027397 300681059312826.1 6.566597348683854 57779827822861.87 4.19741089176161 497083.8318296352 1.0218320487795736e+22 4.771188467794152e+49 57.17121772113343 84
3.191668994335172e+21 2.3765922669023958e+69 5.614544141880486e+62 4.358630942846231e-215 13897944.413984828 737371046487.4192 4.2386971431406515e+24 1115119930560576.8 2.1477289613230755e+46 218019150.36016464 342.4257717040546 1.0631554706872198e+16 57779827822861.87 4.771472438335901e+21 19168593606.72595 4.771188467794152e+49 1.2767128958786743e+45 425137343.202321 0.0009656937398271288 85
5.953319139392106e+43 2.3765922669023958e+69 5.614544141880486e+62 3319694.71754614 13897944.413984828 0.19 737371046487.4192 4.2386971431406515e+24 1115119930560576.8 2.1477289613230755e+46 218019150.36016464 342.4257717040546 1.0631554706872198e+16 6.995144679844001e+17 4.771472438335901e+21 81.22204086003535 1.0218320487795736e+22 4.771188467794152e+49 0.029392387474696646 84
5.953319139392106e+43 2.3765922669023958e+69 5.614544141880486e+62 6.640485127058806e+17 2.095839803022187e+34 1.1906638278784211e+45 0.01693168461656374 1.9327193658684406e+17 4.202622303157667 2.1477289613230755e+46 194107.56621938304 300681059312826.1 6.566597348683854 6.995144679844001e+17 4.771472438335901e+21 398729230827878.1 1.0218320487795736e+22 4.771188467794152e+49 1.2767128958786743e+45 2254467.207654179 0.0009656937398271288 84
5.953319139392106e+43 0.00047970426501502133 5076.37582778428 4.771188467794152e+49 1.2767128958786743e+45 84
5.953319139392106e+43 2.3765922669023958e+69 5.614544141880486e+62 19883.781072750073 2.095839803022187e+34 1.1906638278784211e+45 19658830086212.203 20846909533.027397 326.4989916247962 300681059312826.1 418596.91101442964 57779827822861.87 4.19741089176161 497083.8318296352 398729230827878.1 5335.358531783578 4.771188467794152e+49 1.2767128958786743e+45 11361.986480009084 2.0065072507249086e+19 84
5.953319139392106e+43 2.3765922669023958e+69 5.614544141880486e+62 3319694.71754614 5.3131261197999965e-148 1.1906638278784211e+45 9.70044101342275 19658830086212.203 2.1477289613230755e+46 194107.56621938304 7.629654857653174e+24 348398.19577837974 57.17121772113343 2.0065072507249086e+19 84
5.953319139392106e+43 2.3765922669023958e+69 5.614544141880486e+62 3319694.71754614 2.095839803022187e+34 1.1906638278784211e+45 0.002327102865537518 20846909533.027397 326.4989916247962 300681059312826.1 292474175767.24744 6.995144679844001e+17 398729230827878.1 1.0218320487795736e+22 4.771188467794152e+49 57.17121772113343 84
3.191668994335172e+21 2.3765922669023958e+69 5.614544141880486e+62 19883.781072750073 2.095839803022187e+34 1.1906638278784211e+45 1.915553093557414e+22 0.26 4.202622303157667 20846909533.027397 326.4989916247962 7.629654857653174e+24 292474175767.24744 0.03739080352824493 4.771472438335901e+21 398729230827878.1 5335.358531783578 4.771188467794152e+49 11361.986480009084 2.0065072507249086e+19 84
5.953319139392106e+43 2.3765922669023958e+69 5.614544141880486e+62 3319694.71754614 2.095839803022187e+34 1.1906638278784211e+45 1.915553093557414e+22 1.9327193658684406e+17 19658830086212.203 2.1477289613230755e+46 194107.56621938304 7.629654857653174e+24 292474175767.24744 57779827822861.87 767.4279311185509 497083.8318296352 81.22204086003535 4.647133487307497 4.771188467794152e+49 1.2767128958786743e+45 11361.986480009084 84
5.953319139392106e+43 2.3765922669023958e+69 5.614544141880486e+62 13897944.413984828 1.1906638278784211e+45 1.915553093557414e+22 1.9327193658684406e+17 4.202622303157667 2.1477289613230755e+46 218019150.36016464 300681059312826.1 292474175767.24744 57779827822861.87 4.771472438335901e+21 398729230827878.1 5335.358531783578 4.771188467794152e+49 1.2767128958786743e+45 84
5.953319139392106e+43 2.3765922669023958e+69 5.614544141880486e+62 84
3.191668994335172e+21 2.3765922669023958e+69 5.614544141880486e+62 6.640485127058806e+17 13897944.413984828 0.19 1115119930560576.8 2.1477289613230755e+46 218019150.36016464 418596.91101442964 6.995144679844001e+17 4.19741089176161 497083.8318296352 19168593606.72595 348398.19577837974 1.2767128958786743e+45 85
3.191668994335172e+21 2.3765922669023958e+69 5.614544141880486e+62 6.640485127058806e+17 13897944.413984828 1.1906638278784211e+45 1.915553093557414e+22 1.9327193658684406e+17 4.202622303157667 2.1477289613230755e+46 18348.86431377639 300681059312826.1 418596.91101442964 57779827822861.87 497083.8318296352 4.906864264853758e-217 4.771188467794152e+49 1.2767128958786743e+45 2254467.207654179 85
5.953319139392106e+43 2.3765922669023958e+69 5076.37582778428 19883.781072750073 380624.33375979634 737371046487.4192 4.2386971431406515e+24 1115119930560576.8 2.1477289613230755e+46 18348.86431377639 342.4257717040546 1.0631554706872198e+16 19168593606.72595 4.647133487307497 425137343.202321 2.0065072507249086e+19 84
3.191668994335172e+21 2.3765922669023958e+69 5.614544141880486e+62 19883.781072750073 2.095839803022187e+34 1.1906638278784211e+45 1.915553093557414e+22 1.9327193658684406e+17 1.438348211139256e-214 20846909533.027397 326.4989916247962 342.4257717040546 418596.91101442964 6.995144679844001e+17 767.4279311185509 0.0006864569957807301 4.647133487307497 4.771188467794152e+49 1.2767128958786743e+45 425137343.202321 2.0065072507249086e+19 85
3.191668994335172e+21 2.3765922669023958e+69 5.614544141880486e+62 6.640485127058806e+17 13897944.413984828 1.1906638278784211e+45 9.70044101342275 4.2386971431406515e+24 19658830086212.203 2.1477289613230755e+46 18348.86431377639 7.629654857653174e+24 418596.91101442964 57779827822861.87 4.771472438335901e+21 81.22204086003535 1.0218320487795736e+22 4.771188467794152e+49 0.029392387474696646 2254467.207654179 2.0065072507249086e+19 85
5.953319139392106e+43 2.3765922669023958e+69 5.614544141880486e+62 6.640485127058806e+17 2.095839803022187e+34 1.1906638278784211e+45 737371046487.4192 1.9327193658684406e+17 0.21815363211400762 20846909533.027397 194107.56621938304 7.629654857653174e+24 292474175767.24744 767.4279311185509 497083.8318296352 398729230827878.1 4.771188467794152e+49 1.2767128958786743e+45 425137343.202321 84
3.191668994335172e+21 2.3765922669023958e+69 5.614544141880486e+62 6.640485127058806e+17 2.095839803022187e+34 1.1906638278784211e+45 737371046487.4192 4.2386971431406515e+24 1115119930560576.8 20846909533.027397 18348.86431377639 7.629654857653174e+24 1.0631554706872198e+16 81.22204086003535 348398.19577837974 57.17121772113343 85
5.953319139392106e+43 0.00047970426501502133 5.614544141880486e+62 6.640485127058806e+17 2.095839803022187e+34 1.1906638278784211e+45 1.9327193658684406e+17 2.1477289613230755e+46 194107.56621938304 300681059312826.1 4.771188467794152e+49 57.17121772113343 84
5.953319139392106e+43 0.00047970426501502133 5076.37582778428 3319694.71754614 2.095839803022187e+34 1.1906638278784211e+45 0.01693168461656374 4.2386971431406515e+24 0.002327102865537518 20846909533.027397 194107.56621938304 300681059312826.1 6.566597348683854 6.995144679844001e+17 767.4279311185509 497083.8318296352 81.22204086003535 4.771188467794152e+49 1.2767128958786743e+45 11361.986480009084 6.386712217746162e-217 84
5.953319139392106e+43 2.3765922669023958e+69 5.614544141880486e+62 3319694.71754614 2.095839803022187e+34 1.1906638278784211e+45 0.01693168461656374 2.457453788398519e-215 0.002327102865537518 2.1477289613230755e+46 194107.56621938304 300681059312826.1 1.0631554706872198e+16 6.995144679844001e+17 4.19741089176161 497083.8318296352 5335.358531783578 4.771188467794152e+49 1.2767128958786743e+45 11361.986480009084 2.0065072507249086e+19 84
3.191668994335172e+21 2.3765922669023958e+69 5.614544141880486e+62 6.640485127058806e+17 13897944.413984828 1.1906638278784211e+45 737371046487.4192 1115119930560576.8 2.1477289613230755e+46 18348.86431377639 7.629654857653174e+24 1.0631554706872198e+16 57779827822861.87 4.19741089176161 497083.8318296352 398729230827878.1 0.000424975969325858 4.771188467794152e+49 1.2767128958786743e+45 85
5.953319139392106e+43 0.00047970426501502133 5076.37582778428 4.771188467794152e+49 1.2767128958786743e+45 425137343.202321 84
5.953319139392106e+43 2.3765922669023958e+69 5.614544141880486e+62 2.095839803022187e+34 1.1906638278784211e+45 737371046487.4192 19658830086212.203 20846909533.027397 194107.56621938304 7.629654857653174e+24 418596.91101442964 57779827822861.87 398729230827878.1 1.0218320487795736e+22 348398.19577837974 1.2767128958786743e+45 84
5.953319139392106e+43 2.3765922669023958e+69 5.614544141880486e+62 3319694.71754614 13897944.413984828 0.19 737371046487.4192 4.2386971431406515e+24 1115119930560576.8 2.1477289613230755e+46 218019150.36016464 342.4257717040546 1.0631554706872198e+16 6.995144679844001e+17 4.771472438335901e+21 81.22204086003535 1.0218320487795736e+22 4.771188467794152e+49 0.029392387474696646 84
3.191668994335172e+21 2.3765922669023958e+69 5.614544141880486e+62 19883.781072750073 13897944.413984828 1.1906638278784211e+45 0.01693168461656374 4.2386971431406515e+24 19658830086212.203 2.1477289613230755e+46 0.00029217097891152743 1.0631554706872198e+16 6.995144679844001e+17 4.771472438335901e+21 19168593606.72595 4.647133487307497 4.771188467794152e+49 1.2767128958786743e+45 85
3.191668994335172e+21 2.3765922669023958e+69 5.614544141880486e+62 6.640485127058806e+17 13897944.413984828 1.1906638278784211e+45 1.915553093557414e+22 1.9327193658684406e+17 4.202622303157667 2.1477289613230755e+46 18348.86431377639 300681059312826.1 418596.91101442964 57779827822861.87 497083.8318296352 4.906864264853758e-217 4.771188467794152e+49 1.2767128958786743e+45 2254467.207654179 85
5.953319139392106e+43 2.3765922669023958e+69 5.614544141880486e+62 6.640485127058806e+17 2.095839803022187e+34 1.1906638278784211e+45 0.01693168461656374 1.9327193658684406e+17 1115119930560576.8 2.1477289613230755e+46 218019150.36016464 7.629654857653174e+24 292474175767.24744 0.03739080352824493 4.19741089176161 398729230827878.1 1.0218320487795736e+22 7.330837963355324e-07 1.2767128958786743e+45 11361.986480009084 2.0065072507249086e+19 84
5.953319139392106e+43 0.00047970426501502133 5.614544141880486e+62 4.358630942846231e-215 2.095839803022187e+34 1.1906638278784211e+45 342.4257717040546 57779827822861.87 19168593606.72595 348398.19577837974 1.2767128958786743e+45 2254467.207654179 2.0065072507249086e+19 84
3.191668994335172e+21 2.3765922669023958e+69 5.614544141880486e+62 6.640485127058806e+17 380624.33375979634 1.1906638278784211e+45 1.915553093557414e+22 4.2386971431406515e+24 1115119930560576.8 2.1477289613230755e+46 218019150.36016464 7.629654857653174e+24 1.0631554706872198e+16 85
5.953319139392106e+43 2.3765922669023958e+69 5.614544141880486e+62 19883.781072750073 2.095839803022187e+34 1.1906638278784211e+45 1.915553093557414e+22 19658830086212.203 2.1477289613230755e+46 326.4989916247962 0.00029217097891152743 6.566597348683854 57779827822861.87 767.4279311185509 497083.8318296352 19168593606.72595 1.0218320487795736e+22 4.771188467794152e+49 1.2767128958786743e+45 2254467.207654179 84
3.191668994335172e+21 2.3765922669023958e+69 5.614544141880486e+62 19883.781072750073 380624.33375979634 81.80758422817189 1.915553093557414e+22 4.2386971431406515e+24 1115119930560576.8 2.1477289613230755e+46 218019150.36016464 342.4257717040546 418596.91101442964 57779827822861.87 81.22204086003535 0.000424975969325858 4.771188467794152e+49 1.2767128958786743e+45 2254467.207654179 2.0065072507249086e+19 85
5.953319139392106e+43 2.3765922669023958e+69 5.614544141880486e+62 2.095839803022187e+34 81.80758422817189 737371046487.4192 4.2386971431406515e+24 4.202622303157667 2.1477289613230755e+46 4134406084.9767776 7.629654857653174e+24 292474175767.24744 4.19741089176161 497083.8318296352 4.771188467794152e+49 1.2767128958786743e+45 2254467.207654179 84
3.191668994335172e+21 2.3765922669023958e+69 5.614544141880486e+62 4.358630942846231e-215 13897944.413984828 1.1906638278784211e+45 4.2386971431406515e+24 0.21815363211400762 20846909533.027397 218019150.36016464 300681059312826.1 1.0631554706872198e+16 57779827822861.87 767.4279311185509 497083.8318296352 4.906864264853758e-217 4.771188467794152e+49 1.2767128958786743e+45 85
3.191668994335172e+21 2.3765922669023958e+69 5.614544141880486e+62 19883.781072750073 13897944.413984828 1.1906638278784211e+45 737371046487.4192 4.2386971431406515e+24 19658830086212.203 2.1477289613230755e+46 18348.86431377639 7.629654857653174e+24 418596.91101442964 19168593606.72595 4.771188467794152e+49 1.2767128958786743e+45 85
3.191668994335172e+21 0.00047970426501502133 5076.37582778428 3319694.71754614 2.095839803022187e+34 1.1906638278784211e+45 2.1477289613230755e+46 6.14002700340014e-150 1.2767128958786743e+45 85
3.191668994335172e+21 2.3765922669023958e+69 5.614544141880486e+62 19883.781072750073 2.095839803022187e+34 1.1906638278784211e+45 1.915553093557414e+22 19658830086212.203 20846909533.027397 194107.56621938304 0.00029217097891152743 1.0631554706872198e+16 0.000424975969325858 7.330837963355324e-07 11361.986480009084 0.0009656937398271288 85
5.953319139392106e+43 2.3765922669023958e+69 5.614544141880486e+62 2.095839803022187e+34 1.9327193658684406e+17 300681059312826.1 6.566597348683854 1.0218320487795736e+22 84
3.191668994335172e+21 2.3765922669023958e+69 5.614544141880486e+62 19883.781072750073 13897944.413984828 1.1906638278784211e+45 1.915553093557414e+22 4.2386971431406515e+24 4.202622303157667 2.1477289613230755e+46 18348.86431377639 342.4257717040546 292474175767.24744 57779827822861.87 4.771472438335901e+21 19168593606.72595 4.647133487307497 4.771188467794152e+49 1.2767128958786743e+45 84
5.953319139392106e+43 2.3765922669023958e+69 5.614544141880486e+62 4.358630942846231e-215 2.095839803022187e+34 1.1906638278784211e+45 9.70044101342275 1.9327193658684406e+17 4.202622303157667 20846909533.027397 326.4989916247962 300681059312826.1 292474175767.24744 57779827822861.87 4.771472438335901e+21 81.22204086003535 1.0218320487795736e+22 4.771188467794152e+49 57.17121772113343 84
3.191668994335172e+21 2.3765922669023958e+69 5.614544141880486e+62 6.640485127058806e+17 2.095839803022187e+34 1.1906638278784211e+45 1.915553093557414e+22 0.26 0.21815363211400762 2.1477289613230755e+46 218019150.36016464 0.00029217097891152743 1.0631554706872198e+16 57779827822861.87 767.4279311185509 19168593606.72595 4.647133487307497 4.771188467794152e+49 1.2767128958786743e+45 85
5.953319139392106e+43 2.3765922669023958e+69 5076.37582778428 4.358630942846231e-215 5.3131261197999965e-148 1.1906638278784211e+45 4.771188467794152e+49 1.2767128958786743e+45 84
5.953319139392106e+43 2.3765922669023958e+69 5.614544141880486e+62 6.640485127058806e+17 2.095839803022187e+34 1.1906638278784211e+45 0.01693168461656374 1.9327193658684406e+17 19658830086212.203 20846909533.027397 218019150.36016464 7.629654857653174e+24 292474175767.24744 57779827822861.87 4.771472438335901e+21 81.22204086003535 1.0218320487795736e+22 4.771188467794152e+49 1.2767128958786743e+45 425137343.202321 2.0065072507249086e+19 84
5.953319139392106e+43 2.3765922669023958e+69 5.614544141880486e+62 6.640485127058806e+17 2.095839803022187e+34 1.1906638278784211e+45 737371046487.4192 4.2386971431406515e+24 19658830086212.203 2.1477289613230755e+46 194107.56621938304 300681059312826.1 418596.91101442964 57779827822861.87 4.19741089176161 497083.8318296352 5335.358531783578 4.771188467794152e+49 1.2767128958786743e+45 84
3.191668994335172e+21 2.3765922669023958e+69 5.614544141880486e+62 19883.781072750073 380624.33375979634 1.1906638278784211e+45 737371046487.4192 4.2386971431406515e+24 19658830086212.203 2.1477289613230755e+46 342.4257717040546 1.0631554706872198e+16 19168593606.72595 348398.19577837974 1.2767128958786743e+45 85
3.191668994335172e+21 2.3765922669023958e+69 5076.37582778428 6.640485127058806e+17 380624.33375979634 1.1906638278784211e+45 1.915553093557414e+22 1.9327193658684406e+17 19658830086212.203 20846909533.027397 194107.56621938304 7.629654857653174e+24 1.0631554706872198e+16 57779827822861.87 4.771472438335901e+21 81.22204086003535 348398.19577837974 1.2767128958786743e+45 11361.986480009084 84
3.191668994335172e+21 2.3765922669023958e+69 5.614544141880486e+62 6.640485127058806e+17 380624.33375979634 1.1906638278784211e+45 1.915553093557414e+22 4.2386971431406515e+24 1115119930560576.8 2.1477289613230755e+46 218019150.36016464 7.629654857653174e+24 1.0631554706872198e+16 85
5.953319139392106e+43 2.3765922669023958e+69 5.614544141880486e+62 6.640485127058806e+17 380624.33375979634 1.1906638278784211e+45 737371046487.4192 4.2386971431406515e+24 1115119930560576.8 2.1477289613230755e+46 218019150.36016464 342.4257717040546 1.0631554706872198e+16 0.0006864569957807301 4.647133487307497 4.771188467794152e+49 1.2767128958786743e+45 2254467.207654179 85
5.953319139392106e+43 2.3765922669023958e+69 5.614544141880486e+62 19883.781072750073 2.095839803022187e+34 1.1906638278784211e+45 9.70044101342275 4.202622303157667 2.1477289613230755e+46 218019150.36016464 292474175767.24744 767.4279311185509 497083.8318296352 81.22204086003535 5335.358531783578 4.771188467794152e+49 1.2767128958786743e+45 425137343.202321 84
3.191668994335172e+21 2.3765922669023958e+69 5.614544141880486e+62 6.640485127058806e+17 380624.33375979634 1.1906638278784211e+45 737371046487.4192 4.2386971431406515e+24 19658830086212.203 2.1477289613230755e+46 18348.86431377639 7.629654857653174e+24 1.0631554706872198e+16 19168593606.72595 348398.19577837974 0.029392387474696646 2254467.207654179 2.0065072507249086e+19 85
5.953319139392106e+43 2.3765922669023958e+69 5.614544141880486e+62 2.095839803022187e+34 1.1906638278784211e+45 0.01693168461656374 4.202622303157667 20846909533.027397 194107.56621938304 300681059312826.1 1.0218320487795736e+22 4.771188467794152e+49 57.17121772113343 85
5.953319139392106e+43 2.3765922669023958e+69 5.614544141880486e+62 2.095839803022187e+34 1.1906638278784211e+45 1.915553093557414e+22 1115119930560576.8 2.1477289613230755e+46 300681059312826.1 0.03739080352824493 767.4279311185509 1.0218320487795736e+22 4.771188467794152e+49 57.17121772113343 84
5.953319139392106e+43 2.3765922669023958e+69 5076.37582778428 6.640485127058806e+17 2.095839803022187e+34 1.1906638278784211e+45 20846909533.027397 4.771188467794152e+49 1.2767128958786743e+45 84
5.953319139392106e+43 2.3765922669023958e+69 5.614544141880486e+62 19883.781072750073 2.095839803022187e+34 1.1906638278784211e+45 9.70044101342275 1.9327193658684406e+17 19658830086212.203 2.1477289613230755e+46 326.4989916247962 7.629654857653174e+24 292474175767.24744 348398.19577837974 1.2767128958786743e+45 2254467.207654179 84
3.191668994335172e+21 2.3765922669023958e+69 5.614544141880486e+62 3319694.71754614 2.095839803022187e+34 1.1906638278784211e+45 1.915553093557414e+22 1.9327193658684406e+17 1115119930560576.8 20846909533.027397 194107.56621938304 7.629654857653174e+24 292474175767.24744 57779827822861.87 4.771472438335901e+21 497083.8318296352 19168593606.72595 1.0218320487795736e+22 4.771188467794152e+49 1.2767128958786743e+45 11361.986480009084 2.0065072507249086e+19 84
5.953319139392106e+43 2.3765922669023958e+69 5.614544141880486e+62 2.095839803022187e+34 1.915553093557414e+22 2.1477289613230755e+46 300681059312826.1 418596.91101442964 57779827822861.87 4.771472438335901e+21 81.22204086003535 5335.358531783578 4.771188467794152e+49 1.2767128958786743e+45 84
5.953319139392106e+43 2.3765922669023958e+69 5.614544141880486e+62 19883.781072750073 2.095839803022187e+34 1.1906638278784211e+45 1.915553093557414e+22 4.2386971431406515e+24 4.202622303157667 20846909533.027397 326.4989916247962 300681059312826.1 292474175767.24744 6.995144679844001e+17 4.771472438335901e+21 348398.19577837974 0.029392387474696646 11361.986480009084 2.0065072507249086e+19 85
5.953319139392106e+43 2.3765922669023958e+69 5.614544141880486e+62 6.640485127058806e+17 2.095839803022187e+34 81.80758422817189 1.915553093557414e+22 1.9327193658684406e+17 19658830086212.203 2.1477289613230755e+46 300681059312826.1 292474175767.24744 0.03739080352824493 767.4279311185509 497083.8318296352 4.771188467794152e+49 57.17121772113343 84
3.191668994335172e+21 2.3765922669023958e+69 5.614544141880486e+62 4.358630942846231e-215 2.095839803022187e+34 1.915553093557414e+22 1.9327193658684406e+17 1.438348211139256e-214 20846909533.027397 326.4989916247962 7.629654857653174e+24 6.566597348683854 57779827822861.87 4.771472438335901e+21 398729230827878.1 1.0218320487795736e+22 85
5.953319139392106e+43 2.3765922669023958e+69 5.614544141880486e+62 19883.781072750073 13897944.413984828 1.1906638278784211e+45 4.2386971431406515e+24 0.21815363211400762 2.1477289613230755e+46 218019150.36016464 7.629654857653174e+24 292474175767.24744 57779827822861.87 4.771472438335901e+21 81.22204086003535 1.0218320487795736e+22 4.771188467794152e+49 57.17121772113343 84
5.953319139392106e+43 0.00047970426501502133 5076.37582778428 6.640485127058806e+17 2.095839803022187e+34 1.1906638278784211e+45 737371046487.4192 1.9327193658684406e+17 0.21815363211400762 2.1477289613230755e+46 194107.56621938304 7.629654857653174e+24 6.566597348683854 4.771188467794152e+49 1.2767128958786743e+45 2254467.207654179 84
5.953319139392106e+43 2.3765922669023958e+69 5076.37582778428 19883.781072750073 380624.33375979634 81.80758422817189 1.915553093557414e+22 4.2386971431406515e+24 1115119930560576.8 20846909533.027397 18348.86431377639 342.4257717040546 1.0631554706872198e+16 398729230827878.1 4.906864264853758e-217 4.771188467794152e+49 1.2767128958786743e+45 11361.986480009084 0.0009656937398271288 84
5.953319139392106e+43 2.3765922669023958e+69 5.614544141880486e+62 4.358630942846231e-215 2.095839803022187e+34 1.1906638278784211e+45 1.915553093557414e+22 1.9327193658684406e+17 19658830086212.203 2.1477289613230755e+46 194107.56621938304 300681059312826.1 292474175767.24744 6.995144679844001e+17 4.19741089176161 497083.8318296352 4.771188467794152e+49 57.17121772113343 11361.986480009084 2.0065072507249086e+19 84
3.191668994335172e+21 2.3765922669023958e+69 5.614544141880486e+62 6.640485127058806e+17 380624.33375979634 1.915553093557414e+22 4.2386971431406515e+24 1115119930560576.8 2.1477289613230755e+46 18348.86431377639 342.4257717040546 418596.91101442964 57779827822861.87 4.771472438335901e+21 81.22204086003535 4.906864264853758e-217 348398.19577837974 1.2767128958786743e+45 425137343.202321 85
3.191668994335172e+21 2.3765922669023958e+69 5.614544141880486e+62 6.640485127058806e+17 380624.33375979634 1.1906638278784211e+45 4.2386971431406515e+24 1115119930560576.8 2.1477289613230755e+46 326.4989916247962 7.629654857653174e+24 418596.91101442964 6.995144679844001e+17 4.771472438335901e+21 398729230827878.1 4.771188467794152e+49 57.17121772113343 85
5.953319139392106e+43 2.3765922669023958e+69 5.614544141880486e+62 6.640485127058806e+17 2.095839803022187e+34 1.1906638278784211e+45 9.70044101342275 1.9327193658684406e+17 1115119930560576.8 2.1477289613230755e+46 194107.56621938304 300681059312826.1 292474175767.24744 0.03739080352824493 767.4279311185509 497083.8318296352 398729230827878.1 1.0218320487795736e+22 4.771188467794152e+49 1.2767128958786743e+45 84
3.191668994335172e+21 2.3765922669023958e+69 5.614544141880486e+62 3319694.71754614 13897944.413984828 1.1906638278784211e+45 18348.86431377639 342.4257717040546 6.995144679844001e+17 4.771472438335901e+21 19168593606.72595 348398.19577837974 0.029392387474696646 85
5.953319139392106e+43 2.3765922669023958e+69 5076.37582778428 4.358630942846231e-215 2.095839803022187e+34 1.1906638278784211e+45 737371046487.4192 4.2386971431406515e+24 1115119930560576.8 2.1477289613230755e+46 218019150.36016464 7.629654857653174e+24 1.0631554706872198e+16 57779827822861.87 4.771472438335901e+21 398729230827878.1 1.0218320487795736e+22 4.771188467794152e+49 1.2767128958786743e+45 2254467.207654179 84
3.191668994335172e+21 2.3765922669023958e+69 5.614544141880486e+62 3319694.71754614 380624.33375979634 0.19 1.915553093557414e+22 4.2386971431406515e+24 1115119930560576.8 2.1477289613230755e+46 194107.56621938304 7.629654857653174e+24 418596.91101442964 4.906864264853758e-217 348398.19577837974 57.17121772113343 85
5.953319139392106e+43 2.3765922669023958e+69 5.614544141880486e+62 4.358630942846231e-215 2.095839803022187e+34 1.1906638278784211e+45 1.915553093557414e+22 1.9327193658684406e+17 19658830086212.203 2.1477289613230755e+46 194107.56621938304 300681059312826.1 292474175767.24744 6.995144679844001e+17 4.19741089176161 497083.8318296352 4.771188467794152e+49 57.17121772113343 11361.986480009084 2.0065072507249086e+19 84
5.953319139392106e+43 2.3765922669023958e+69 5.614544141880486e+62 4.358630942846231e-215 2.095839803022187e+34 1.1906638278784211e+45 0.01693168461656374 1.9327193658684406e+17 2.1477289613230755e+46 194107.56621938304 300681059312826.1 292474175767.24744 398729230827878.1 4.771188467794152e+49 57.17121772113343 425137343.202321 2.0065072507249086e+19 84
5.953319139392106e+43 2.3765922669023958e+69 5.614544141880486e+62 2.095839803022187e+34 1.1906638278784211e+45 1.915553093557414e+22 1115119930560576.8 2.1477289613230755e+46 300681059312826.1 0.03739080352824493 767.4279311185509 1.0218320487795736e+22 4.771188467794152e+49 57.17121772113343 84
5.953319139392106e+43 2.3765922669023958e+69 5.614544141880486e+62 6.640485127058806e+17 2.095839803022187e+34 1.1906638278784211e+45 1.915553093557414e+22 1.9327193658684406e+17 4.202622303157667 2.1477289613230755e+46 194107.56621938304 7.629654857653174e+24 292474175767.24744 4.19741089176161 497083.8318296352 398729230827878.1 1.0218320487795736e+22 4.771188467794152e+49 0.029392387474696646 85
5.953319139392106e+43 0.00047970426501502133 5076.37582778428 4.771188467794152e+49 1.2767128958786743e+45 84
3.191668994335172e+21 2.3765922669023958e+69 5.614544141880486e+62 19883.781072750073 2.095839803022187e+34 1.1906638278784211e+45 1.915553093557414e+22 1.9327193658684406e+17 1.438348211139256e-214 20846909533.027397 326.4989916247962 342.4257717040546 418596.91101442964 6.995144679844001e+17 767.4279311185509 0.0006864569957807301 4.647133487307497 4.771188467794152e+49 1.2767128958786743e+45 425137343.202321 2.0065072507249086e+19 85
5.953319139392106e+43 2.3765922669023958e+69 5076.37582778428 6.640485127058806e+17 1.1906638278784211e+45 1.915553093557414e+22 1.9327193658684406e+17 0.002327102865537518 20846909533.027397 4134406084.9767776 6.566597348683854 6.995144679844001e+17 4.771472438335901e+21 4.771188467794152e+49 1.2767128958786743e+45 84
3.191668994335172e+21 2.3765922669023958e+69 5.614544141880486e+62 6.640485127058806e+17 2.095839803022187e+34 1.1906638278784211e+45 737371046487.4192 4.2386971431406515e+24 1115119930560576.8 20846909533.027397 18348.86431377639 7.629654857653174e+24 1.0631554706872198e+16 81.22204086003535 348398.19577837974 57.17121772113343 85
5.953319139392106e+43 2.3765922669023958e+69 5.614544141880486e+62 3319694.71754614 2.095839803022187e+34 81.80758422817189 4.2386971431406515e+24 1115119930560576.8 194107.56621938304 7.629654857653174e+24 398729230827878.1 5335.358531783578 84
5.953319139392106e+43 2.3765922669023958e+69 5076.37582778428 6.640485127058806e+17 2.095839803022187e+34 1.1906638278784211e+45 737371046487.4192 20846909533.027397 7.629654857653174e+24 292474175767.24744 19168593606.72595 84
5.953319139392106e+43 2.3765922669023958e+69 5.614544141880486e+62 19883.781072750073 2.095839803022187e+34 1.1906638278784211e+45 1.915553093557414e+22 4.2386971431406515e+24 4.202622303157667 2.1477289613230755e+46 4134406084.9767776 7.629654857653174e+24 292474175767.24744 57779827822861.87 4.19741089176161 497083.8318296352 398729230827878.1 4.771188467794152e+49 1.2767128958786743e+45 84
5.953319139392106e+43 2.3765922669023958e+69 5.614544141880486e+62 6.640485127058806e+17 2.095839803022187e+34 81.80758422817189 737371046487.4192 4.2386971431406515e+24 0.21815363211400762 2.1477289613230755e+46 194107.56621938304 342.4257717040546 1.0631554706872198e+16 6.995144679844001e+17 4.771472438335901e+21 19168593606.72595 5335.358531783578 4.771188467794152e+49 57.17121772113343 11361.986480009084 2.0065072507249086e+19 84
5.953319139392106e+43 2.3765922669023958e+69 5.614544141880486e+62 2.095839803022187e+34 4.202622303157667 20846909533.027397 4134406084.9767776 300681059312826.1 6.566597348683854 6.995144679844001e+17 4.771472438335901e+21 1.0218320487795736e+22 7.224593934900899e-07 57.17121772113343 85
5.953319139392106e+43 2.3765922669023958e+69 5.614544141880486e+62 6.640485127058806e+17 2.095839803022187e+34 1.1906638278784211e+45 737371046487.4192 1.9327193658684406e+17 0.21815363211400762 20846909533.027397 194107.56621938304 7.629654857653174e+24 292474175767.24744 767.4279311185509 497083.8318296352 398729230827878.1 4.771188467794152e+49 1.2767128958786743e+45 425137343.202321 84
5.953319139392106e+43 2.3765922669023958e+69 5076.37582778428 19883.781072750073 2.095839803022187e+34 1.1906638278784211e+45 737371046487.4192 4.2386971431406515e+24 0.21815363211400762 2.1477289613230755e+46 194107.56621938304 7.629654857653174e+24 1.0631554706872198e+16 6.995144679844001e+17 4.771472438335901e+21 0.0006864569957807301 1.0218320487795736e+22 4.771188467794152e+49 1.2767128958786743e+45 2254467.207654179 84
3.191668994335172e+21 2.3765922669023958e+69 5.614544141880486e+62 6.640485127058806e+17 380624.33375979634 1.1906638278784211e+45 1.915553093557414e+22 1.9327193658684406e+17 0.21815363211400762 20846909533.027397 194107.56621938304 300681059312826.1 1.0631554706872198e+16 57779827822861.87 398729230827878.1 85
5.953319139392106e+43 2.3765922669023958e+69 5.614544141880486e+62 3319694.71754614 2.095839803022187e+34 1.1906638278784211e+45 0.01693168461656374 1.9327193658684406e+17 0.21815363211400762 20846909533.027397 326.4989916247962 300681059312826.1 6.566597348683854 398729230827878.1 1.0218320487795736e+22 4.771188467794152e+49 57.17121772113343 11361.986480009084 2.0065072507249086e+19 84
3.191668994335172e+21 2.3765922669023958e+69 5.614544141880486e+62 6.640485127058806e+17 2.095839803022187e+34 1.1906638278784211e+45 0.01693168461656374 1.9327193658684406e+17 1115119930560576.8 2.1477289613230755e+46 194107.56621938304 300681059312826.1 292474175767.24744 57779827822861.87 767.4279311185509 497083.8318296352 4.771188467794152e+49 1.2767128958786743e+45 2254467.207654179 2.0065072507249086e+19 85
3.191668994335172e+21 2.3765922669023958e+69 5.614544141880486e+62 3319694.71754614 380624.33375979634 1.1906638278784211e+45 9.70044101342275 4.2386971431406515e+24 0.21815363211400762 2.1477289613230755e+46 18348.86431377639 342.4257717040546 19168593606.72595 4.647133487307497 4.771188467794152e+49 0.029392387474696646 85
3.191668994335172e+21 2.3765922669023958e+69 5.614544141880486e+62 3319694.71754614 380624.33375979634 737371046487.4192 4.2386971431406515e+24 0.21815363211400762 2.1477289613230755e+46 18348.86431377639 7.629654857653174e+24 418596.91101442964 6.995144679844001e+17 4.771472438335901e+21 4.906864264853758e-217 4.771188467794152e+49 1.2767128958786743e+45 2254467.207654179 2.0065072507249086e+19 85
5.953319139392106e+43 2.3765922669023958e+69 5.614544141880486e+62 6.640485127058806e+17 380624.33375979634 1.1906638278784211e+45 1.915553093557414e+22 4.2386971431406515e+24 0.21815363211400762 2.1477289613230755e+46 218019150.36016464 7.629654857653174e+24 292474175767.24744 57779827822861.87 4.771472438335901e+21 19168593606.72595 1.0218320487795736e+22 4.771188467794152e+49 1.2767128958786743e+45 425137343.202321 2.0065072507249086e+19 84
3.191668994335172e+21 2.3765922669023958e+69 5.614544141880486e+62 9.30789146821329e-05 380624.33375979634 1.1906638278784211e+45 737371046487.4192 4.2386971431406515e+24 1115119930560576.8 218019150.36016464 0.00029217097891152743 1.0631554706872198e+16 6.995144679844001e+17 4.771472438335901e+21 81.22204086003535 0.000424975969325858 348398.19577837974 1.2767128958786743e+45 85
5.953319139392106e+43 2.3765922669023958e+69 5.614544141880486e+62 3319694.71754614 2.095839803022187e+34 0.01693168461656374 1.9327193658684406e+17 1.438348211139256e-214 20846909533.027397 194107.56621938304 300681059312826.1 292474175767.24744 57779827822861.87 4.19741089176161 497083.8318296352 4.771188467794152e+49 1.2767128958786743e+45 11361.986480009084 2.0065072507249086e+19 85
3.191668994335172e+21 2.3765922669023958e+69 5.614544141880486e+62 4.358630942846231e-215 2.095839803022187e+34 1.915553093557414e+22 1.9327193658684406e+17 1.438348211139256e-214 20846909533.027397 326.4989916247962 7.629654857653174e+24 6.566597348683854 57779827822861.87 4.771472438335901e+21 398729230827878.1 1.0218320487795736e+22 85
5.953319139392106e+43 0.00047970426501502133 5076.37582778428 3319694.71754614 2.095839803022187e+34 1.1906638278784211e+45 84
5.953319139392106e+43 2.3765922669023958e+69 5.614544141880486e+62 2.095839803022187e+34 1.1906638278784211e+45 737371046487.4192 19658830086212.203 20846909533.027397 194107.56621938304 7.629654857653174e+24 418596.91101442964 57779827822861.87 398729230827878.1 1.0218320487795736e+22 348398.19577837974 1.2767128958786743e+45 84
5.953319139392106e+43 2.3765922669023958e+69 5.614544141880486e+62 6.640485127058806e+17 2.095839803022187e+34 1.1906638278784211e+45 1.915553093557414e+22 4.2386971431406515e+24 1.438348211139256e-214 20846909533.027397 326.4989916247962 7.629654857653174e+24 292474175767.24744 57779827822861.87 4.19741089176161 497083.8318296352 398729230827878.1 5335.358531783578 4.771188467794152e+49 1.2767128958786743e+45 11361.986480009084 84
5.953319139392106e+43 2.3765922669023958e+69 5.614544141880486e+62 6.640485127058806e+17 2.095839803022187e+34 1.1906638278784211e+45 0.01693168461656374 1.9327193658684406e+17 1115119930560576.8 2.1477289613230755e+46 218019150.36016464 7.629654857653174e+24 292474175767.24744 0.03739080352824493 4.19741089176161 398729230827878.1 1.0218320487795736e+22 7.330837963355324e-07 1.2767128958786743e+45 11361.986480009084 2.0065072507249086e+19 84
5.953319139392106e+43 2.3765922669023958e+69 5.614544141880486e+62 6.640485127058806e+17 2.095839803022187e+34 1.1906638278784211e+45 0.01693168461656374 1.9327193658684406e+17 4.202622303157667 20846909533.027397 4134406084.9767776 300681059312826.1 6.566597348683854 398729230827878.1 1.0218320487795736e+22 4.771188467794152e+49 1.2767128958786743e+45 84
3.191668994335172e+21 2.3765922669023958e+69 5.614544141880486e+62 6.640485127058806e+17 13897944.413984828 1.1906638278784211e+45 737371046487.4192 4.2386971431406515e+24 1115119930560576.8 2.1477289613230755e+46 342.4257717040546 1.0631554706872198e+16 57779827822861.87 4.771472438335901e+21 398729230827878.1 0.000424975969325858 4.771188467794152e+49 1.2767128958786743e+45 85
5.953319139392106e+43 2.3765922669023958e+69 5.614544141880486e+62 6.640485127058806e+17 2.095839803022187e+34 1.1906638278784211e+45 1.915553093557414e+22 4.2386971431406515e+24 1115119930560576.8 2.1477289613230755e+46 218019150.36016464 300681059312826.1 1.0631554706872198e+16 57779827822861.87 767.4279311185509 398729230827878.1 5335.358531783578 4.771188467794152e+49 0.75 2254467.207654179 2.0065072507249086e+19 84
3.191668994335172e+21 2.3765922669023958e+69 5.614544141880486e+62 4.358630942846231e-215 2.095839803022187e+34 1.1906638278784211e+45 737371046487.4192 4.2386971431406515e+24 1.438348211139256e-214 20846909533.027397 194107.56621938304 0.00029217097891152743 1.0631554706872198e+16 57779827822861.87 4.771472438335901e+21 0.0006864569957807301 0.000424975969325858 4.771188467794152e+49 1.2767128958786743e+45 425137343.202321 2.0065072507249086e+19 85
5.953319139392106e+43 2.3765922669023958e+69 5.614544141880486e+62 84
3.191668994335172e+21 2.3765922669023958e+69 5.614544141880486e+62 9.30789146821329e-05 13897944.413984828 9.70044101342275 4.2386971431406515e+24 1115119930560576.8 2.1477289613230755e+46 18348.86431377639 342.4257717040546 1.0631554706872198e+16 6.995144679844001e+17 4.771472438335901e+21 4.771188467794152e+49 57.17121772113343 85
5.953319139392106e+43 2.3765922669023958e+69 5.614544141880486e+62 6.640485127058806e+17 2.095839803022187e+34 1.1906638278784211e+45 1.915553093557414e+22 4.202622303157667 20846909533.027397 4134406084.9767776 300681059312826.1 6.566597348683854 57779827822861.87 767.4279311185509 398729230827878.1 1.0218320487795736e+22 4.771188467794152e+49 1.2767128958786743e+45 84
5.953319139392106e+43 2.3765922669023958e+69 5.614544141880486e+62 0.01693168461656374 1.9327193658684406e+17 20846909533.027397 194107.56621938304 300681059312826.1 1.0631554706872198e+16 4.771188467794152e+49 57.17121772113343 11361.986480009084 2.0065072507249086e+19 84
3.191668994335172e+21 2.3765922669023958e+69 5.614544141880486e+62 3319694.71754614 380624.33375979634 0.19 1.915553093557414e+22 4.2386971431406515e+24 1115119930560576.8 2.1477289613230755e+46 194107.56621938304 7.629654857653174e+24 418596.91101442964 4.906864264853758e-217 348398.19577837974 57.17121772113343 85
5.953319139392106e+43 2.3765922669023958e+69 5.614544141880486e+62 6.640485127058806e+17 2.095839803022187e+34 1.1906638278784211e+45 737371046487.4192 4.2386971431406515e+24 19658830086212.203 2.1477289613230755e+46 326.4989916247962 300681059312826.1 292474175767.24744 57779827822861.87 4.771472438335901e+21 398729230827878.1 5335.358531783578 4.771188467794152e+49 1.2767128958786743e+45 2254467.207654179 2.0065072507249086e+19 84
