5.818726865288032e+40 1.4373318903734165e+66 6.29860735214773e+58 2.6559414686233504e+17 6.739369966038599e+33 3.0781721879762723e+44 10600138740.433369 1.8499246512671037e+24 9779886437468.404 5.315348363284419e+45 878838.0330664382 919197931538635.8 1662677.1717226724 25217261493134.47 3.230520765986796 1974429.1414206729 23124.827635586298 1.0359155705691797e+49 2.653625040839405e+44 84
9.757100804533012e+21 1.4373318903734165e+66 135205.85124099057 2.6559414686233504e+17 6.739369966038599e+33 65.77125121521256 4.1303346297244825e+22 1.8499246512671037e+24 579494348143922.4 1841594380.805358 230.28726171391148 158769343529.36554 6.455062795728842e+16 3.230520765986796 1.0359155705691797e+49 2.653625040839405e+44 84
5.818726865288032e+40 1.4373318903734165e+66 6.29860735214773e+58 6.739369966038599e+33 3.0781721879762723e+44 4.1303346297244825e+22 579494348143922.4 5.315348363284419e+45 919197931538635.8 0.031402110008363064 3048.242563617389 1.2336700307603733e+20 1.0359155705691797e+49 42.12277790825015 84
5.818726865288032e+40 1.4373318903734165e+66 6.29860735214773e+58 15700591.356208632 4.1303346297244825e+22 1.8499246512671037e+24 9779886437468.404 5.315348363284419e+45 2148526777.6062512 919197931538635.8 1662677.1717226724 5963.583902412361 2.653625040839405e+44 263064865.4950329 84
5.818726865288032e+40 1.4373318903734165e+66 6.29860735214773e+58 2490.3660530631396 6.739369966038599e+33 3.0781721879762723e+44 4.1303346297244825e+22 8.074933977032336e+16 0.00031804076501840427 5.315348363284419e+45 878838.0330664382 919197931538635.8 4.433808939263412 0.031402110008363064 3048.242563617389 1974429.1414206729 189890276780176.38 1.2336700307603733e+20 1.0359155705691797e+49 0.75 85
5.818726865288032e+40 1.4373318903734165e+66 6.29860735214773e+58 2490.3660530631396 6.739369966038599e+33 3.0781721879762723e+44 10600138740.433369 579494348143922.4 5.315348363284419e+45 2148526777.6062512 3.329864372280785e+24 939180495267736.1 6.566385544146736e+19 5963.583902412361 42.12277790825015 263064865.4950329 9.981983858290332e+18 84
5.818726865288032e+40 1.4373318903734165e+66 6.29860735214773e+58 9.659476179870512e-211 2.653625040839405e+44 84
9.757100804533012e+21 0.002369970566668911 135205.85124099057 15700591.356208632 6.739369966038599e+33 3.0781721879762723e+44 5963.583902412361 2.653625040839405e+44 85
5.818726865288032e+40 1.4373318903734165e+66 6.29860735214773e+58 15700591.356208632 6.739369966038599e+33 3.0781721879762723e+44 0.014219823400013463 8.074933977032336e+16 0.17539006550402356 1841594380.805358 230.28726171391148 919197931538635.8 4.433808939263412 189890276780176.38 1.2336700307603733e+20 1.0359155705691797e+49 42.12277790825015 6730.330404151093 9.981983858290332e+18 84
5.818726865288032e+40 1.4373318903734165e+66 6.29860735214773e+58 15700591.356208632 7880997.513215845 3.0781721879762723e+44 4.1303346297244825e+22 1.8499246512671037e+24 579494348143922.4 5.315348363284419e+45 230.28726171391148 3.329864372280785e+24 939180495267736.1 52.4999627405667 1.0359155705691797e+49 42.12277790825015 84
9.757100804533012e+21 1.4373318903734165e+66 6.29860735214773e+58 2490.3660530631396 7880997.513215845 3.0781721879762723e+44 10600138740.433369 1.8499246512671037e+24 579494348143922.4 5.315348363284419e+45 2106.058498499287 241.52078667556574 939180495267736.1 6.455062795728842e+16 6.566385544146736e+19 12390114729.94866 1.0359155705691797e+49 2.653625040839405e+44 85
5.818726865288032e+40 1.4373318903734165e+66 6.29860735214773e+58 0.014219823400013463 8.074933977032336e+16 1841594380.805358 878838.0330664382 919197931538635.8 939180495267736.1 1.0359155705691797e+49 42.12277790825015 6730.330404151093 9.981983858290332e+18 84
5.818726865288032e+40 0.002369970566668911 135205.85124099057 2.6559414686233504e+17 6.739369966038599e+33 3.0781721879762723e+44 4.1303346297244825e+22 1.8499246512671037e+24 0.17539006550402356 5.315348363284419e+45 134905059.228222 919197931538635.8 939180495267736.1 12390114729.94866 5963.583902412361 2.653625040839405e+44 84
9.757100804533012e+21 1.4373318903734165e+66 6.29860735214773e+58 15700591.356208632 6.739369966038599e+33 3.0781721879762723e+44 4.1303346297244825e+22 8.074933977032336e+16 0.00031804076501840427 5.315348363284419e+45 2148526777.6062512 919197931538635.8 939180495267736.1 3.230520765986796 189890276780176.38 1.0359155705691797e+49 2.653625040839405e+44 9.981983858290332e+18 85
5.818726865288032e+40 1.4373318903734165e+66 6.29860735214773e+58 2.6559414686233504e+17 292946.0110221461 3.0781721879762723e+44 5.315348363284419e+45 1.0359155705691797e+49 2.653625040839405e+44 84
9.757100804533012e+21 1.4373318903734165e+66 6.29860735214773e+58 15700591.356208632 6.739369966038599e+33 3.0781721879762723e+44 52.2954397475421 0.17539006550402356 5.315348363284419e+45 878838.0330664382 241.52078667556574 1662677.1717226724 6.455062795728842e+16 6.566385544146736e+19 189890276780176.38 23124.827635586298 1.0359155705691797e+49 2.653625040839405e+44 84
5.818726865288032e+40 0.002369970566668911 135205.85124099057 15700591.356208632 6.739369966038599e+33 3.0781721879762723e+44 4.1303346297244825e+22 1.8499246512671037e+24 0.17539006550402356 5.315348363284419e+45 878838.0330664382 3.329864372280785e+24 4.433808939263412 6.455062795728842e+16 6.566385544146736e+19 189890276780176.38 23124.827635586298 1.0359155705691797e+49 2.653625040839405e+44 6730.330404151093 84
5.818726865288032e+40 1.4373318903734165e+66 135205.85124099057 2490.3660530631396 292946.0110221461 10600138740.433369 1.8499246512671037e+24 579494348143922.4 5.315348363284419e+45 2106.058498499287 241.52078667556574 939180495267736.1 12390114729.94866 3.576647990913953 263064865.4950329 9.981983858290332e+18 84
9.757100804533012e+21 1.4373318903734165e+66 6.29860735214773e+58 15700591.356208632 6.739369966038599e+33 3.0781721879762723e+44 10600138740.433369 1.8499246512671037e+24 9779886437468.404 5.315348363284419e+45 230.28726171391148 7.274810688846557e-267 1662677.1717226724 6.455062795728842e+16 6.566385544146736e+19 1.0359155705691797e+49 2.653625040839405e+44 270306.5984309536 84
5.818726865288032e+40 1.4373318903734165e+66 6.29860735214773e+58 6.739369966038599e+33 4.1303346297244825e+22 8.074933977032336e+16 0.0001306390133503167 1841594380.805358 878838.0330664382 919197931538635.8 158769343529.36554 3.230520765986796 189890276780176.38 23124.827635586298 1.0359155705691797e+49 2.653625040839405e+44 263064865.4950329 9.981983858290332e+18 84
5.818726865288032e+40 1.4373318903734165e+66 6.29860735214773e+58 15700591.356208632 6.739369966038599e+33 3.0781721879762723e+44 0.014219823400013463 1.7267865966363622e-05 0.00031804076501840427 5.315348363284419e+45 878838.0330664382 919197931538635.8 939180495267736.1 6.455062795728842e+16 3.230520765986796 1974429.1414206729 23124.827635586298 1.0359155705691797e+49 2.653625040839405e+44 6730.330404151093 9.981983858290332e+18 84
9.757100804533012e+21 1.4373318903734165e+66 6.29860735214773e+58 2490.3660530631396 7880997.513215845 3.0781721879762723e+44 0.014219823400013463 1.8499246512671037e+24 9779886437468.404 5.315348363284419e+45 7.274810688846557e-267 939180495267736.1 6.455062795728842e+16 6.566385544146736e+19 12390114729.94866 3.576647990913953 1.0359155705691797e+49 2.653625040839405e+44 85
9.757100804533012e+21 1.4373318903734165e+66 6.29860735214773e+58 2490.3660530631396 7880997.513215845 3.0781721879762723e+44 0.014219823400013463 1.8499246512671037e+24 9779886437468.404 5.315348363284419e+45 7.274810688846557e-267 939180495267736.1 6.455062795728842e+16 6.566385544146736e+19 12390114729.94866 3.576647990913953 1.0359155705691797e+49 2.653625040839405e+44 85
5.818726865288032e+40 1.4373318903734165e+66 6.29860735214773e+58 15700591.356208632 6.739369966038599e+33 3.0781721879762723e+44 4.1303346297244825e+22 8.074933977032336e+16 9779886437468.404 1841594380.805358 878838.0330664382 3.329864372280785e+24 158769343529.36554 25217261493134.47 3048.242563617389 1974429.1414206729 52.4999627405667 3.576647990913953 1.0359155705691797e+49 2.653625040839405e+44 6730.330404151093 84
5.818726865288032e+40 1.4373318903734165e+66 6.29860735214773e+58 2.6559414686233504e+17 7880997.513215845 579494348143922.4 5.315348363284419e+45 939180495267736.1 25217261493134.47 6.566385544146736e+19 1.0359155705691797e+49 2.653625040839405e+44 84
5.818726865288032e+40 1.4373318903734165e+66 6.29860735214773e+58 9.607321483151379e-07 6.739369966038599e+33 10600138740.433369 1.8499246512671037e+24 9779886437468.404 5.315348363284419e+45 230.28726171391148 919197931538635.8 158769343529.36554 25217261493134.47 6.566385544146736e+19 52.4999627405667 1.2336700307603733e+20 1.0359155705691797e+49 2.653625040839405e+44 270306.5984309536 9.981983858290332e+18 84
5.818726865288032e+40 1.4373318903734165e+66 6.29860735214773e+58 2.6559414686233504e+17 292946.0110221461 65.77125121521256 4.1303346297244825e+22 1.8499246512671037e+24 579494348143922.4 5.315348363284419e+45 878838.0330664382 7.274810688846557e-267 939180495267736.1 6.455062795728842e+16 6.566385544146736e+19 189890276780176.38 1.2336700307603733e+20 6.718164592663282e-07 2.653625040839405e+44 85
9.757100804533012e+21 1.4373318903734165e+66 6.29860735214773e+58 7.483312118080101e-05 292946.0110221461 3.0781721879762723e+44 52.2954397475421 1.8499246512671037e+24 9779886437468.404 5.315348363284419e+45 2106.058498499287 3.329864372280785e+24 1662677.1717226724 6.455062795728842e+16 6.566385544146736e+19 12390114729.94866 1.2336700307603733e+20 1.0359155705691797e+49 0.004383338870602379 85
5.818726865288032e+40 1.4373318903734165e+66 6.29860735214773e+58 2.6559414686233504e+17 6.739369966038599e+33 65.77125121521256 4.1303346297244825e+22 8.074933977032336e+16 0.0001306390133503167 5.315348363284419e+45 134905059.228222 3.329864372280785e+24 939180495267736.1 25217261493134.47 6.566385544146736e+19 1974429.1414206729 0.0005518942687084075 1.2336700307603733e+20 1.0359155705691797e+49 2.653625040839405e+44 263064865.4950329 9.981983858290332e+18 84
5.818726865288032e+40 1.4373318903734165e+66 6.29860735214773e+58 15700591.356208632 6.739369966038599e+33 3.0781721879762723e+44 4.1303346297244825e+22 8.074933977032336e+16 579494348143922.4 5.315348363284419e+45 878838.0330664382 3.329864372280785e+24 939180495267736.1 25217261493134.47 6.566385544146736e+19 1.0359155705691797e+49 2.653625040839405e+44 6730.330404151093 84
5.818726865288032e+40 1.4373318903734165e+66 6.29860735214773e+58 2.6559414686233504e+17 292946.0110221461 3.0781721879762723e+44 4.1303346297244825e+22 5.315348363284419e+45 2106.058498499287 3.329864372280785e+24 1662677.1717226724 1.0359155705691797e+49 0.004383338870602379 270306.5984309536 9.981983858290332e+18 84
9.757100804533012e+21 1.4373318903734165e+66 6.29860735214773e+58 2.6559414686233504e+17 7880997.513215845 3.0781721879762723e+44 4.1303346297244825e+22 1.8499246512671037e+24 0.17539006550402356 5.315348363284419e+45 878838.0330664382 3.329864372280785e+24 1662677.1717226724 3.230520765986796 1974429.1414206729 23124.827635586298 1.0359155705691797e+49 2.653625040839405e+44 6730.330404151093 85
9.757100804533012e+21 1.4373318903734165e+66 6.29860735214773e+58 2.6559414686233504e+17 7880997.513215845 52.2954397475421 579494348143922.4 1841594380.805358 134905059.228222 3.329864372280785e+24 939180495267736.1 25217261493134.47 6.566385544146736e+19 6.052612534385369e-06 5963.583902412361 2.653625040839405e+44 85
5.818726865288032e+40 1.4373318903734165e+66 6.29860735214773e+58 2490.3660530631396 6.739369966038599e+33 3.0781721879762723e+44 4.1303346297244825e+22 8.074933977032336e+16 9779886437468.404 5.315348363284419e+45 134905059.228222 3.329864372280785e+24 158769343529.36554 0.031402110008363064 6.566385544146736e+19 189890276780176.38 23124.827635586298 1.0359155705691797e+49 2.653625040839405e+44 6730.330404151093 9.981983858290332e+18 84
9.757100804533012e+21 1.4373318903734165e+66 6.29860735214773e+58 7.483312118080101e-05 292946.0110221461 3.0781721879762723e+44 10600138740.433369 1.8499246512671037e+24 579494348143922.4 134905059.228222 7.274810688846557e-267 939180495267736.1 6.455062795728842e+16 6.566385544146736e+19 52.4999627405667 2.6269793549752908e-266 5963.583902412361 2.653625040839405e+44 85
5.818726865288032e+40 1.4373318903734165e+66 6.29860735214773e+58 6.739369966038599e+33 3.0781721879762723e+44 1841594380.805358 2148526777.6062512 4.433808939263412 0.031402110008363064 6.566385544146736e+19 1.2336700307603733e+20 84
9.757100804533012e+21 1.4373318903734165e+66 6.29860735214773e+58 2490.3660530631396 7880997.513215845 3.0781721879762723e+44 579494348143922.4 5.315348363284419e+45 3.329864372280785e+24 1.0359155705691797e+49 2.653625040839405e+44 270306.5984309536 7.87800361618413e-06 85
9.757100804533012e+21 1.4373318903734165e+66 6.29860735214773e+58 15700591.356208632 292946.0110221461 3.0781721879762723e+44 52.2954397475421 1.8499246512671037e+24 0.17539006550402356 5.315348363284419e+45 2106.058498499287 241.52078667556574 12390114729.94866 3.576647990913953 1.0359155705691797e+49 0.004383338870602379 85
9.757100804533012e+21 0.002369970566668911 135205.85124099057 2.6559414686233504e+17 6.739369966038599e+33 10600138740.433369 579494348143922.4 5.315348363284419e+45 2148526777.6062512 3.329864372280785e+24 939180495267736.1 25217261493134.47 6.566385544146736e+19 52.4999627405667 1.0359155705691797e+49 2.653625040839405e+44 270306.5984309536 9.981983858290332e+18 85
5.818726865288032e+40 1.4373318903734165e+66 6.29860735214773e+58 15700591.356208632 6.739369966038599e+33 65.77125121521256 1.8499246512671037e+24 579494348143922.4 878838.0330664382 3.329864372280785e+24 189890276780176.38 23124.827635586298 84
5.818726865288032e+40 1.4373318903734165e+66 135205.85124099057 9.607321483151379e-07 6.739369966038599e+33 3.0781721879762723e+44 10600138740.433369 1.8499246512671037e+24 579494348143922.4 5.315348363284419e+45 134905059.228222 3.329864372280785e+24 939180495267736.1 25217261493134.47 6.566385544146736e+19 189890276780176.38 1.2336700307603733e+20 1.0359155705691797e+49 2.653625040839405e+44 270306.5984309536 84
5.818726865288032e+40 1.4373318903734165e+66 6.29860735214773e+58 2.6559414686233504e+17 8.830323396190664e-212 65.77125121521256 84
9.757100804533012e+21 1.4373318903734165e+66 6.29860735214773e+58 4.1303346297244825e+22 8.074933977032336e+16 579494348143922.4 5.315348363284419e+45 2148526777.6062512 3.329864372280785e+24 158769343529.36554 6.455062795728842e+16 6.566385544146736e+19 189890276780176.38 1.2336700307603733e+20 1.0359155705691797e+49 2.653625040839405e+44 84
5.818726865288032e+40 1.4373318903734165e+66 6.29860735214773e+58 15700591.356208632 8.830323396190664e-212 3.0781721879762723e+44 52.2954397475421 9779886437468.404 5.315348363284419e+45 878838.0330664382 3.329864372280785e+24 5963.583902412361 42.12277790825015 9.981983858290332e+18 84
9.757100804533012e+21 1.4373318903734165e+66 6.29860735214773e+58 9.607321483151379e-07 6.739369966038599e+33 52.2954397475421 0.26 579494348143922.4 5.315348363284419e+45 2106.058498499287 7.274810688846557e-267 1662677.1717226724 25217261493134.47 6.566385544146736e+19 12390114729.94866 3.576647990913953 1.0359155705691797e+49 2.653625040839405e+44 85
5.818726865288032e+40 1.4373318903734165e+66 6.29860735214773e+58 2.6559414686233504e+17 6.739369966038599e+33 3.0781721879762723e+44 10600138740.433369 1.8499246512671037e+24 9779886437468.404 5.315348363284419e+45 230.28726171391148 919197931538635.8 158769343529.36554 25217261493134.47 6.566385544146736e+19 189890276780176.38 23124.827635586298 1.0359155705691797e+49 2.653625040839405e+44 270306.5984309536 9.981983858290332e+18 84
5.818726865288032e+40 1.4373318903734165e+66 6.29860735214773e+58 15700591.356208632 7880997.513215845 0.19 10600138740.433369 1.8499246512671037e+24 579494348143922.4 5.315348363284419e+45 134905059.228222 241.52078667556574 939180495267736.1 6.455062795728842e+16 6.566385544146736e+19 52.4999627405667 1.2336700307603733e+20 1.0359155705691797e+49 0.004383338870602379 84
9.757100804533012e+21 1.4373318903734165e+66 6.29860735214773e+58 15700591.356208632 6.739369966038599e+33 3.0781721879762723e+44 10600138740.433369 1.8499246512671037e+24 9779886437468.404 5.315348363284419e+45 230.28726171391148 7.274810688846557e-267 1662677.1717226724 6.455062795728842e+16 6.566385544146736e+19 1.0359155705691797e+49 2.653625040839405e+44 270306.5984309536 84
5.818726865288032e+40 1.4373318903734165e+66 6.29860735214773e+58 15700591.356208632 3.0781721879762723e+44 4.1303346297244825e+22 1.8499246512671037e+24 9779886437468.404 5.315348363284419e+45 230.28726171391148 919197931538635.8 1662677.1717226724 25217261493134.47 5963.583902412361 2.653625040839405e+44 270306.5984309536 9.981983858290332e+18 84
5.818726865288032e+40 0.002369970566668911 6.29860735214773e+58 2.6559414686233504e+17 6.739369966038599e+33 3.0781721879762723e+44 8.074933977032336e+16 5.315348363284419e+45 878838.0330664382 919197931538635.8 1.0359155705691797e+49 42.12277790825015 84
5.818726865288032e+40 1.4373318903734165e+66 6.29860735214773e+58 9.607321483151379e-07 6.739369966038599e+33 3.0781721879762723e+44 52.2954397475421 8.074933977032336e+16 2.8376377211285835 1841594380.805358 230.28726171391148 919197931538635.8 158769343529.36554 25217261493134.47 6.566385544146736e+19 52.4999627405667 1.2336700307603733e+20 1.0359155705691797e+49 42.12277790825015 84
9.757100804533012e+21 1.4373318903734165e+66 6.29860735214773e+58 2490.3660530631396 7880997.513215845 3.0781721879762723e+44 0.014219823400013463 1.8499246512671037e+24 9779886437468.404 5.315348363284419e+45 7.274810688846557e-267 939180495267736.1 6.455062795728842e+16 6.566385544146736e+19 12390114729.94866 3.576647990913953 1.0359155705691797e+49 2.653625040839405e+44 85
5.818726865288032e+40 1.4373318903734165e+66 6.29860735214773e+58 2.6559414686233504e+17 6.739369966038599e+33 3.0781721879762723e+44 52.2954397475421 8.074933977032336e+16 2.8376377211285835 5.315348363284419e+45 230.28726171391148 3.329864372280785e+24 158769343529.36554 25217261493134.47 52.4999627405667 23124.827635586298 6730.330404151093 84
5.818726865288032e+40 0.002369970566668911 135205.85124099057 15700591.356208632 6.739369966038599e+33 3.0781721879762723e+44 10600138740.433369 8.074933977032336e+16 0.17539006550402356 1841594380.805358 134905059.228222 3.329864372280785e+24 158769343529.36554 0.031402110008363064 6.566385544146736e+19 1974429.1414206729 1.0359155705691797e+49 2.653625040839405e+44 270306.5984309536 85
5.818726865288032e+40 1.4373318903734165e+66 6.29860735214773e+58 2.6559414686233504e+17 6.739369966038599e+33 3.0781721879762723e+44 10600138740.433369 1.8499246512671037e+24 579494348143922.4 5.315348363284419e+45 134905059.228222 241.52078667556574 189890276780176.38 23124.827635586298 1.0359155705691797e+49 2.653625040839405e+44 263064865.4950329 0.0007763936322508105 84
5.818726865288032e+40 1.4373318903734165e+66 135205.85124099057 9.607321483151379e-07 6.739369966038599e+33 3.0781721879762723e+44 10600138740.433369 1.8499246512671037e+24 579494348143922.4 5.315348363284419e+45 134905059.228222 3.329864372280785e+24 939180495267736.1 25217261493134.47 6.566385544146736e+19 189890276780176.38 1.2336700307603733e+20 1.0359155705691797e+49 2.653625040839405e+44 270306.5984309536 84
5.818726865288032e+40 1.4373318903734165e+66 6.29860735214773e+58 2.6559414686233504e+17 6.739369966038599e+33 3.0781721879762723e+44 10600138740.433369 1.8499246512671037e+24 579494348143922.4 5.315348363284419e+45 134905059.228222 241.52078667556574 189890276780176.38 23124.827635586298 1.0359155705691797e+49 2.653625040839405e+44 263064865.4950329 0.0007763936322508105 84
5.818726865288032e+40 1.4373318903734165e+66 6.29860735214773e+58 2490.3660530631396 6.739369966038599e+33 3.0781721879762723e+44 4.1303346297244825e+22 8.074933977032336e+16 2.8376377211285835 1841594380.805358 230.28726171391148 919197931538635.8 25217261493134.47 6.566385544146736e+19 1.2336700307603733e+20 1.0359155705691797e+49 42.12277790825015 6730.330404151093 9.981983858290332e+18 84
9.757100804533012e+21 1.4373318903734165e+66 6.29860735214773e+58 2.6559414686233504e+17 6.739369966038599e+33 3.0781721879762723e+44 0.014219823400013463 8.074933977032336e+16 2.8376377211285835 1841594380.805358 878838.0330664382 919197931538635.8 4.433808939263412 6.455062795728842e+16 6.566385544146736e+19 1.0359155705691797e+49 0.75 263064865.4950329 9.981983858290332e+18 85
5.818726865288032e+40 1.4373318903734165e+66 6.29860735214773e+58 2.6559414686233504e+17 292946.0110221461 3.0781721879762723e+44 4.1303346297244825e+22 1.8499246512671037e+24 0.17539006550402356 5.315348363284419e+45 134905059.228222 3.329864372280785e+24 158769343529.36554 25217261493134.47 6.566385544146736e+19 12390114729.94866 1.2336700307603733e+20 1.0359155705691797e+49 2.653625040839405e+44 263064865.4950329 9.981983858290332e+18 84
5.818726865288032e+40 0.002369970566668911 135205.85124099057 15700591.356208632 6.739369966038599e+33 3.0781721879762723e+44 10600138740.433369 8.074933977032336e+16 0.17539006550402356 1841594380.805358 134905059.228222 3.329864372280785e+24 158769343529.36554 0.031402110008363064 6.566385544146736e+19 1974429.1414206729 1.0359155705691797e+49 2.653625040839405e+44 270306.5984309536 85
9.757100804533012e+21 1.4373318903734165e+66 6.29860735214773e+58 2.6559414686233504e+17 292946.0110221461 3.0781721879762723e+44 4.1303346297244825e+22 8.074933977032336e+16 0.17539006550402356 1841594380.805358 878838.0330664382 919197931538635.8 939180495267736.1 25217261493134.47 189890276780176.38 85
5.818726865288032e+40 1.4373318903734165e+66 6.29860735214773e+58 2.6559414686233504e+17 7880997.513215845 10600138740.433369 1.8499246512671037e+24 579494348143922.4 5.315348363284419e+45 2106.058498499287 7.274810688846557e-267 4.433808939263412 25217261493134.47 3048.242563617389 189890276780176.38 1.2336700307603733e+20 84
5.818726865288032e+40 0.002369970566668911 135205.85124099057 2.6559414686233504e+17 6.739369966038599e+33 3.0781721879762723e+44 10600138740.433369 1.8499246512671037e+24 579494348143922.4 5.315348363284419e+45 134905059.228222 3.329864372280785e+24 1662677.1717226724 0.0005518942687084075 3.576647990913953 1.0359155705691797e+49 2.653625040839405e+44 84
5.818726865288032e+40 0.002369970566668911 135205.85124099057 2.6559414686233504e+17 6.739369966038599e+33 3.0781721879762723e+44 10600138740.433369 1.8499246512671037e+24 579494348143922.4 5.315348363284419e+45 134905059.228222 3.329864372280785e+24 1662677.1717226724 0.0005518942687084075 3.576647990913953 1.0359155705691797e+49 2.653625040839405e+44 84
9.757100804533012e+21 1.4373318903734165e+66 6.29860735214773e+58 2.6559414686233504e+17 7880997.513215845 3.0781721879762723e+44 10600138740.433369 1.8499246512671037e+24 9779886437468.404 5.315348363284419e+45 878838.0330664382 241.52078667556574 6.455062795728842e+16 6.566385544146736e+19 189890276780176.38 1.2336700307603733e+20 1.0359155705691797e+49 2.653625040839405e+44 85
5.818726865288032e+40 1.4373318903734165e+66 6.29860735214773e+58 2.6559414686233504e+17 6.739369966038599e+33 3.0781721879762723e+44 52.2954397475421 8.074933977032336e+16 2.8376377211285835 5.315348363284419e+45 230.28726171391148 3.329864372280785e+24 158769343529.36554 25217261493134.47 52.4999627405667 23124.827635586298 6730.330404151093 84
5.818726865288032e+40 1.4373318903734165e+66 6.29860735214773e+58 15700591.356208632 6.739369966038599e+33 65.77125121521256 1.8499246512671037e+24 579494348143922.4 878838.0330664382 3.329864372280785e+24 189890276780176.38 23124.827635586298 84
5.818726865288032e+40 0.002369970566668911 6.29860735214773e+58 2.6559414686233504e+17 6.739369966038599e+33 3.0781721879762723e+44 8.074933977032336e+16 5.315348363284419e+45 878838.0330664382 919197931538635.8 1.0359155705691797e+49 42.12277790825015 84
5.818726865288032e+40 1.4373318903734165e+66 6.29860735214773e+58 2.6559414686233504e+17 6.739369966038599e+33 3.0781721879762723e+44 0.014219823400013463 8.074933977032336e+16 579494348143922.4 5.315348363284419e+45 134905059.228222 3.329864372280785e+24 158769343529.36554 0.031402110008363064 3.230520765986796 189890276780176.38 1.2336700307603733e+20 6.718164592663282e-07 2.653625040839405e+44 6730.330404151093 9.981983858290332e+18 84
5.818726865288032e+40 1.4373318903734165e+66 6.29860735214773e+58 15700591.356208632 6.739369966038599e+33 10600138740.433369 1.8499246512671037e+24 0.0001306390133503167 1841594380.805358 134905059.228222 3.329864372280785e+24 1662677.1717226724 25217261493134.47 3048.242563617389 189890276780176.38 23124.827635586298 1.0359155705691797e+49 2.653625040839405e+44 84
5.818726865288032e+40 1.4373318903734165e+66 6.29860735214773e+58 2490.3660530631396 6.739369966038599e+33 3.0781721879762723e+44 4.1303346297244825e+22 8.074933977032336e+16 0.00031804076501840427 5.315348363284419e+45 878838.0330664382 919197931538635.8 4.433808939263412 0.031402110008363064 3048.242563617389 1974429.1414206729 189890276780176.38 1.2336700307603733e+20 1.0359155705691797e+49 0.75 85
9.757100804533012e+21 1.4373318903734165e+66 6.29860735214773e+58 15700591.356208632 7880997.513215845 3.0781721879762723e+44 2106.058498499287 241.52078667556574 6.455062795728842e+16 6.566385544146736e+19 12390114729.94866 5963.583902412361 0.004383338870602379 85
5.818726865288032e+40 1.4373318903734165e+66 6.29860735214773e+58 2490.3660530631396 6.739369966038599e+33 3.0781721879762723e+44 10600138740.433369 8.074933977032336e+16 0.00031804076501840427 1841594380.805358 134905059.228222 919197931538635.8 1662677.1717226724 25217261493134.47 3.230520765986796 1974429.1414206729 23124.827635586298 1.0359155705691797e+49 2.653625040839405e+44 6730.330404151093 84
9.757100804533012e+21 1.4373318903734165e+66 6.29860735214773e+58 2.6559414686233504e+17 6.739369966038599e+33 3.0781721879762723e+44 8.074933977032336e+16 0.0001306390133503167 1841594380.805358 939180495267736.1 6.455062795728842e+16 3048.242563617389 1.2336700307603733e+20 1.0359155705691797e+49 2.653625040839405e+44 263064865.4950329 9.981983858290332e+18 85
5.818726865288032e+40 1.4373318903734165e+66 6.29860735214773e+58 9.607321483151379e-07 6.739369966038599e+33 3.0781721879762723e+44 4.1303346297244825e+22 8.074933977032336e+16 9779886437468.404 5.315348363284419e+45 878838.0330664382 919197931538635.8 158769343529.36554 6.455062795728842e+16 3.230520765986796 1974429.1414206729 1.0359155705691797e+49 42.12277790825015 6730.330404151093 9.981983858290332e+18 84
5.818726865288032e+40 1.4373318903734165e+66 6.29860735214773e+58 15700591.356208632 6.739369966038599e+33 3.0781721879762723e+44 0.014219823400013463 8.074933977032336e+16 0.17539006550402356 1841594380.805358 230.28726171391148 919197931538635.8 4.433808939263412 189890276780176.38 1.2336700307603733e+20 1.0359155705691797e+49 42.12277790825015 6730.330404151093 9.981983858290332e+18 84
9.757100804533012e+21 1.4373318903734165e+66 6.29860735214773e+58 2.6559414686233504e+17 7880997.513215845 3.0781721879762723e+44 10600138740.433369 1.8499246512671037e+24 579494348143922.4 5.315348363284419e+45 2106.058498499287 3.329864372280785e+24 939180495267736.1 25217261493134.47 6.566385544146736e+19 52.4999627405667 6.052612534385369e-06 1.0359155705691797e+49 2.653625040839405e+44 270306.5984309536 85
9.757100804533012e+21 1.4373318903734165e+66 6.29860735214773e+58 7880997.513215845 3.0781721879762723e+44 10600138740.433369 9779886437468.404 5.315348363284419e+45 25217261493134.47 3.230520765986796 1974429.1414206729 1.0359155705691797e+49 2.653625040839405e+44 85
9.757100804533012e+21 1.4373318903734165e+66 6.29860735214773e+58 6.739369966038599e+33 3.0781721879762723e+44 4.1303346297244825e+22 8.074933977032336e+16 2.8376377211285835 1841594380.805358 2148526777.6062512 919197931538635.8 1662677.1717226724 189890276780176.38 1.0359155705691797e+49 2.653625040839405e+44 6730.330404151093 9.981983858290332e+18 85
5.818726865288032e+40 1.4373318903734165e+66 6.29860735214773e+58 2490.3660530631396 6.739369966038599e+33 3.0781721879762723e+44 4.1303346297244825e+22 8.074933977032336e+16 2.8376377211285835 5.315348363284419e+45 230.28726171391148 3.329864372280785e+24 1662677.1717226724 189890276780176.38 23124.827635586298 1.0359155705691797e+49 2.653625040839405e+44 6730.330404151093 9.981983858290332e+18 84
5.818726865288032e+40 1.4373318903734165e+66 6.29860735214773e+58 15700591.356208632 292946.0110221461 3.0781721879762723e+44 52.2954397475421 1.8499246512671037e+24 2.8376377211285835 878838.0330664382 3.329864372280785e+24 939180495267736.1 12390114729.94866 1.0359155705691797e+49 2.653625040839405e+44 84
5.818726865288032e+40 0.002369970566668911 135205.85124099057 6.739369966038599e+33 3.0781721879762723e+44 4.1303346297244825e+22 8.074933977032336e+16 2.8376377211285835 1841594380.805358 230.28726171391148 919197931538635.8 158769343529.36554 0.031402110008363064 189890276780176.38 1.2336700307603733e+20 1.0359155705691797e+49 2.653625040839405e+44 6730.330404151093 9.981983858290332e+18 85
9.757100804533012e+21 1.4373318903734165e+66 6.29860735214773e+58 2.6559414686233504e+17 292946.0110221461 65.77125121521256 10600138740.433369 1.8499246512671037e+24 579494348143922.4 5.315348363284419e+45 2106.058498499287 241.52078667556574 939180495267736.1 1.0359155705691797e+49 0.004383338870602379 85
9.757100804533012e+21 1.4373318903734165e+66 6.29860735214773e+58 2.6559414686233504e+17 6.739369966038599e+33 3.0781721879762723e+44 52.2954397475421 0.26 0.17539006550402356 5.315348363284419e+45 2106.058498499287 241.52078667556574 939180495267736.1 0.031402110008363064 6.566385544146736e+19 12390114729.94866 3.576647990913953 1.0359155705691797e+49 42.12277790825015 85
5.818726865288032e+40 1.4373318903734165e+66 6.29860735214773e+58 15700591.356208632 6.739369966038599e+33 3.0781721879762723e+44 0.00031804076501840427 1841594380.805358 230.28726171391148 919197931538635.8 158769343529.36554 6.455062795728842e+16 189890276780176.38 1.2336700307603733e+20 1.0359155705691797e+49 42.12277790825015 84
9.757100804533012e+21 1.4373318903734165e+66 6.29860735214773e+58 15700591.356208632 6.739369966038599e+33 3.0781721879762723e+44 4.1303346297244825e+22 8.074933977032336e+16 0.00031804076501840427 5.315348363284419e+45 2148526777.6062512 919197931538635.8 939180495267736.1 3.230520765986796 189890276780176.38 1.0359155705691797e+49 2.653625040839405e+44 9.981983858290332e+18 85
9.757100804533012e+21 1.4373318903734165e+66 6.29860735214773e+58 9.607321483151379e-07 6.739369966038599e+33 3.0781721879762723e+44 10600138740.433369 1.8499246512671037e+24 0.0001306390133503167 1841594380.805358 878838.0330664382 7.274810688846557e-267 939180495267736.1 25217261493134.47 6.566385544146736e+19 0.0005518942687084075 2.6269793549752908e-266 1.0359155705691797e+49 2.653625040839405e+44 263064865.4950329 9.981983858290332e+18 85
5.818726865288032e+40 1.4373318903734165e+66 6.29860735214773e+58 15700591.356208632 3.0781721879762723e+44 4.1303346297244825e+22 1.8499246512671037e+24 9779886437468.404 5.315348363284419e+45 230.28726171391148 919197931538635.8 1662677.1717226724 25217261493134.47 5963.583902412361 2.653625040839405e+44 270306.5984309536 9.981983858290332e+18 84
9.757100804533012e+21 1.4373318903734165e+66 6.29860735214773e+58 2.6559414686233504e+17 6.739369966038599e+33 3.0781721879762723e+44 4.1303346297244825e+22 1.8499246512671037e+24 9779886437468.404 1841594380.805358 134905059.228222 3.329864372280785e+24 1662677.1717226724 0.031402110008363064 3.230520765986796 189890276780176.38 23124.827635586298 1.0359155705691797e+49 2.653625040839405e+44 263064865.4950329 9.981983858290332e+18 85
9.757100804533012e+21 1.4373318903734165e+66 6.29860735214773e+58 9.607321483151379e-07 6.739369966038599e+33 3.0781721879762723e+44 4.1303346297244825e+22 1.8499246512671037e+24 0.17539006550402356 5.315348363284419e+45 878838.0330664382 241.52078667556574 1662677.1717226724 52.4999627405667 6.052612534385369e-06 1.0359155705691797e+49 0.004383338870602379 85
9.757100804533012e+21 1.4373318903734165e+66 6.29860735214773e+58 2490.3660530631396 7880997.513215845 3.0781721879762723e+44 0.014219823400013463 1.8499246512671037e+24 9779886437468.404 5.315348363284419e+45 7.274810688846557e-267 939180495267736.1 6.455062795728842e+16 6.566385544146736e+19 12390114729.94866 3.576647990913953 1.0359155705691797e+49 2.653625040839405e+44 85
5.818726865288032e+40 1.4373318903734165e+66 6.29860735214773e+58 1.0359155705691797e+49 2.653625040839405e+44 84
9.757100804533012e+21 1.4373318903734165e+66 6.29860735214773e+58 7.483312118080101e-05 7880997.513215845 52.2954397475421 1.8499246512671037e+24 579494348143922.4 5.315348363284419e+45 2106.058498499287 241.52078667556574 939180495267736.1 6.455062795728842e+16 6.566385544146736e+19 1.0359155705691797e+49 42.12277790825015 85
9.757100804533012e+21 1.4373318903734165e+66 6.29860735214773e+58 2490.3660530631396 292946.0110221461 3.0781721879762723e+44 10600138740.433369 1.8499246512671037e+24 9779886437468.404 5.315348363284419e+45 241.52078667556574 939180495267736.1 12390114729.94866 5963.583902412361 2.653625040839405e+44 85
5.818726865288032e+40 1.4373318903734165e+66 6.29860735214773e+58 15700591.356208632 8.830323396190664e-212 3.0781721879762723e+44 52.2954397475421 9779886437468.404 5.315348363284419e+45 878838.0330664382 3.329864372280785e+24 5963.583902412361 42.12277790825015 9.981983858290332e+18 84
5.818726865288032e+40 1.4373318903734165e+66 135205.85124099057 2490.3660530631396 6.739369966038599e+33 3.0781721879762723e+44 10600138740.433369 1.8499246512671037e+24 0.17539006550402356 5.315348363284419e+45 878838.0330664382 3.329864372280785e+24 939180495267736.1 6.455062795728842e+16 6.566385544146736e+19 0.0005518942687084075 1.2336700307603733e+20 1.0359155705691797e+49 2.653625040839405e+44 270306.5984309536 84
5.818726865288032e+40 1.4373318903734165e+66 6.29860735214773e+58 15700591.356208632 6.739369966038599e+33 3.0781721879762723e+44 0.014219823400013463 8.074933977032336e+16 0.17539006550402356 1841594380.805358 230.28726171391148 919197931538635.8 4.433808939263412 189890276780176.38 1.2336700307603733e+20 1.0359155705691797e+49 42.12277790825015 6730.330404151093 9.981983858290332e+18 84
9.757100804533012e+21 1.4373318903734165e+66 6.29860735214773e+58 15700591.356208632 6.739369966038599e+33 65.77125121521256 4.1303346297244825e+22 1841594380.805358 134905059.228222 3.329864372280785e+24 1662677.1717226724 25217261493134.47 6.566385544146736e+19 52.4999627405667 1.0359155705691797e+49 2.653625040839405e+44 270306.5984309536 85
9.757100804533012e+21 1.4373318903734165e+66 6.29860735214773e+58 2.6559414686233504e+17 7880997.513215845 3.0781721879762723e+44 52.2954397475421 1.8499246512671037e+24 9779886437468.404 5.315348363284419e+45 2106.058498499287 3.329864372280785e+24 1662677.1717226724 25217261493134.47 6.566385544146736e+19 52.4999627405667 1.2336700307603733e+20 1.0359155705691797e+49 0.004383338870602379 270306.5984309536 9.981983858290332e+18 85
5.818726865288032e+40 1.4373318903734165e+66 6.29860735214773e+58 15700591.356208632 6.739369966038599e+33 3.0781721879762723e+44 4.1303346297244825e+22 8.074933977032336e+16 2.8376377211285835 5.315348363284419e+45 919197931538635.8 3.230520765986796 1974429.1414206729 1.0359155705691797e+49 2.653625040839405e+44 84
5.818726865288032e+40 1.4373318903734165e+66 6.29860735214773e+58 84
5.818726865288032e+40 1.4373318903734165e+66 6.29860735214773e+58 2.6559414686233504e+17 7880997.513215845 579494348143922.4 5.315348363284419e+45 939180495267736.1 25217261493134.47 6.566385544146736e+19 1.0359155705691797e+49 2.653625040839405e+44 84
5.818726865288032e+40 1.4373318903734165e+66 6.29860735214773e+58 15700591.356208632 3.0781721879762723e+44 4.1303346297244825e+22 1.8499246512671037e+24 9779886437468.404 5.315348363284419e+45 230.28726171391148 919197931538635.8 1662677.1717226724 25217261493134.47 5963.583902412361 2.653625040839405e+44 270306.5984309536 9.981983858290332e+18 84
9.757100804533012e+21 1.4373318903734165e+66 6.29860735214773e+58 7880997.513215845 3.0781721879762723e+44 10600138740.433369 9779886437468.404 5.315348363284419e+45 25217261493134.47 3.230520765986796 1974429.1414206729 1.0359155705691797e+49 2.653625040839405e+44 85
5.818726865288032e+40 1.4373318903734165e+66 6.29860735214773e+58 6.739369966038599e+33 4.1303346297244825e+22 8.074933977032336e+16 0.0001306390133503167 1841594380.805358 878838.0330664382 919197931538635.8 158769343529.36554 3.230520765986796 189890276780176.38 23124.827635586298 1.0359155705691797e+49 2.653625040839405e+44 263064865.4950329 9.981983858290332e+18 84
5.818726865288032e+40 1.4373318903734165e+66 6.29860735214773e+58 7880997.513215845 3.0781721879762723e+44 4.1303346297244825e+22 8.074933977032336e+16 2.8376377211285835 5.315348363284419e+45 134905059.228222 919197931538635.8 158769343529.36554 25217261493134.47 6.566385544146736e+19 189890276780176.38 23124.827635586298 1.0359155705691797e+49 2.653625040839405e+44 84
9.757100804533012e+21 0.002369970566668911 135205.85124099057 15700591.356208632 6.739369966038599e+33 3.0781721879762723e+44 1.0359155705691797e+49 2.653625040839405e+44 9.981983858290332e+18 84
5.818726865288032e+40 1.4373318903734165e+66 6.29860735214773e+58 2.6559414686233504e+17 6.739369966038599e+33 8.074933977032336e+16 5.315348363284419e+45 2148526777.6062512 3.329864372280785e+24 939180495267736.1 6.566385544146736e+19 12390114729.94866 3.576647990913953 1.0359155705691797e+49 0.75 270306.5984309536 9.981983858290332e+18 84
5.818726865288032e+40 1.4373318903734165e+66 6.29860735214773e+58 15700591.356208632 7880997.513215845 0.19 10600138740.433369 1.8499246512671037e+24 579494348143922.4 5.315348363284419e+45 134905059.228222 241.52078667556574 939180495267736.1 6.455062795728842e+16 6.566385544146736e+19 52.4999627405667 1.2336700307603733e+20 1.0359155705691797e+49 0.004383338870602379 84
5.818726865288032e+40 1.4373318903734165e+66 6.29860735214773e+58 6.739369966038599e+33 4.1303346297244825e+22 8.074933977032336e+16 2.8376377211285835 1841594380.805358 919197931538635.8 4.433808939263412 25217261493134.47 6.566385544146736e+19 1974429.1414206729 1.0359155705691797e+49 42.12277790825015 6730.330404151093 9.981983858290332e+18 84
5.818726865288032e+40 1.4373318903734165e+66 6.29860735214773e+58 15700591.356208632 6.739369966038599e+33 3.0781721879762723e+44 52.2954397475421 8.074933977032336e+16 579494348143922.4 5.315348363284419e+45 3.329864372280785e+24 939180495267736.1 6.455062795728842e+16 3048.242563617389 1974429.1414206729 12390114729.94866 1.2336700307603733e+20 1.0359155705691797e+49 2.653625040839405e+44 84
9.757100804533012e+21 1.4373318903734165e+66 6.29860735214773e+58 2.6559414686233504e+17 292946.0110221461 3.0781721879762723e+44 10600138740.433369 1.8499246512671037e+24 9779886437468.404 5.315348363284419e+45 134905059.228222 3.329864372280785e+24 939180495267736.1 12390114729.94866 3.576647990913953 5963.583902412361 2.653625040839405e+44 85
9.757100804533012e+21 1.4373318903734165e+66 6.29860735214773e+58 2.6559414686233504e+17 292946.0110221461 3.0781721879762723e+44 10600138740.433369 1.8499246512671037e+24 9779886437468.404 5.315348363284419e+45 2106.058498499287 3.329864372280785e+24 939180495267736.1 12390114729.94866 5963.583902412361 0.004383338870602379 270306.5984309536 9.981983858290332e+18 85
5.818726865288032e+40 1.4373318903734165e+66 6.29860735214773e+58 2490.3660530631396 6.739369966038599e+33 3.0781721879762723e+44 4.1303346297244825e+22 8.074933977032336e+16 2.8376377211285835 1841594380.805358 230.28726171391148 919197931538635.8 25217261493134.47 6.566385544146736e+19 1.2336700307603733e+20 1.0359155705691797e+49 42.12277790825015 6730.330404151093 9.981983858290332e+18 84
5.818726865288032e+40 1.4373318903734165e+66 6.29860735214773e+58 2.6559414686233504e+17 6.739369966038599e+33 3.0781721879762723e+44 10600138740.433369 1.8499246512671037e+24 9779886437468.404 5.315348363284419e+45 230.28726171391148 919197931538635.8 158769343529.36554 25217261493134.47 6.566385544146736e+19 189890276780176.38 23124.827635586298 1.0359155705691797e+49 2.653625040839405e+44 270306.5984309536 9.981983858290332e+18 84
5.818726865288032e+40 1.4373318903734165e+66 6.29860735214773e+58 2.6559414686233504e+17 8.830323396190664e-212 65.77125121521256 84
9.757100804533012e+21 1.4373318903734165e+66 6.29860735214773e+58 6.739369966038599e+33 3.0781721879762723e+44 4.1303346297244825e+22 1.8499246512671037e+24 579494348143922.4 5.315348363284419e+45 134905059.228222 3.329864372280785e+24 939180495267736.1 25217261493134.47 6.566385544146736e+19 12390114729.94866 1.0359155705691797e+49 2.653625040839405e+44 84
1.4373318903734165e+66 6.29860735214773e+58 2.6559414686233504e+17 7880997.513215845 3.0781721879762723e+44 4.1303346297244825e+22 1.8499246512671037e+24 9779886437468.404 5.315348363284419e+45 230.28726171391148 3.329864372280785e+24 939180495267736.1 25217261493134.47 6.566385544146736e+19 52.4999627405667 1.2336700307603733e+20 1.0359155705691797e+49 42.12277790825015 263064865.4950329 9.981983858290332e+18 84
5.818726865288032e+40 1.4373318903734165e+66 6.29860735214773e+58 2.6559414686233504e+17 6.739369966038599e+33 65.77125121521256 4.1303346297244825e+22 8.074933977032336e+16 0.0001306390133503167 5.315348363284419e+45 134905059.228222 3.329864372280785e+24 939180495267736.1 25217261493134.47 6.566385544146736e+19 1974429.1414206729 0.0005518942687084075 1.2336700307603733e+20 1.0359155705691797e+49 2.653625040839405e+44 263064865.4950329 9.981983858290332e+18 84
9.757100804533012e+21 1.4373318903734165e+66 6.29860735214773e+58 15700591.356208632 6.739369966038599e+33 3.0781721879762723e+44 4.1303346297244825e+22 8.074933977032336e+16 579494348143922.4 1841594380.805358 878838.0330664382 3.329864372280785e+24 158769343529.36554 25217261493134.47 6.566385544146736e+19 1974429.1414206729 12390114729.94866 1.2336700307603733e+20 1.0359155705691797e+49 2.653625040839405e+44 6730.330404151093 9.981983858290332e+18 84
9.757100804533012e+21 1.4373318903734165e+66 6.29860735214773e+58 2.6559414686233504e+17 292946.0110221461 3.0781721879762723e+44 4.1303346297244825e+22 8.074933977032336e+16 0.17539006550402356 1841594380.805358 878838.0330664382 919197931538635.8 939180495267736.1 25217261493134.47 189890276780176.38 85
9.757100804533012e+21 1.4373318903734165e+66 6.29860735214773e+58 2.6559414686233504e+17 7880997.513215845 3.0781721879762723e+44 10600138740.433369 579494348143922.4 5.315348363284419e+45 2106.058498499287 3.329864372280785e+24 939180495267736.1 25217261493134.47 3.230520765986796 1974429.1414206729 189890276780176.38 2.6269793549752908e-266 1.0359155705691797e+49 2.653625040839405e+44 85
9.757100804533012e+21 1.4373318903734165e+66 6.29860735214773e+58 2.6559414686233504e+17 6.739369966038599e+33 3.0781721879762723e+44 0.014219823400013463 8.074933977032336e+16 2.8376377211285835 1841594380.805358 878838.0330664382 919197931538635.8 4.433808939263412 6.455062795728842e+16 6.566385544146736e+19 1.0359155705691797e+49 0.75 263064865.4950329 9.981983858290332e+18 85
5.818726865288032e+40 1.4373318903734165e+66 6.29860735214773e+58 6.739369966038599e+33 4.1303346297244825e+22 8.074933977032336e+16 2.8376377211285835 1841594380.805358 919197931538635.8 4.433808939263412 25217261493134.47 6.566385544146736e+19 1974429.1414206729 1.0359155705691797e+49 42.12277790825015 6730.330404151093 9.981983858290332e+18 84
9.757100804533012e+21 1.4373318903734165e+66 6.29860735214773e+58 2490.3660530631396 8.830323396190664e-212 65.77125121521256 10600138740.433369 1.8499246512671037e+24 579494348143922.4 5.315348363284419e+45 878838.0330664382 3.329864372280785e+24 939180495267736.1 25217261493134.47 6.566385544146736e+19 189890276780176.38 3.576647990913953 5963.583902412361 2.653625040839405e+44 85
5.818726865288032e+40 1.4373318903734165e+66 6.29860735214773e+58 2.6559414686233504e+17 292946.0110221461 65.77125121521256 10600138740.433369 1.8499246512671037e+24 579494348143922.4 5.315348363284419e+45 134905059.228222 3.329864372280785e+24 158769343529.36554 25217261493134.47 6.566385544146736e+19 189890276780176.38 1.2336700307603733e+20 1.0359155705691797e+49 42.12277790825015 84
5.818726865288032e+40 1.4373318903734165e+66 6.29860735214773e+58 2.6559414686233504e+17 7880997.513215845 3.0781721879762723e+44 10600138740.433369 1.8499246512671037e+24 579494348143922.4 5.315348363284419e+45 134905059.228222 3.329864372280785e+24 158769343529.36554 6.455062795728842e+16 3048.242563617389 189890276780176.38 1.0359155705691797e+49 42.12277790825015 270306.5984309536 9.981983858290332e+18 84
5.818726865288032e+40 1.4373318903734165e+66 6.29860735214773e+58 6.739369966038599e+33 3.0781721879762723e+44 1841594380.805358 2148526777.6062512 4.433808939263412 0.031402110008363064 6.566385544146736e+19 1.2336700307603733e+20 84
9.757100804533012e+21 1.4373318903734165e+66 6.29860735214773e+58 2.6559414686233504e+17 292946.0110221461 4.1303346297244825e+22 1.8499246512671037e+24 579494348143922.4 5.315348363284419e+45 2106.058498499287 241.52078667556574 1662677.1717226724 25217261493134.47 6.566385544146736e+19 52.4999627405667 6.052612534385369e-06 5963.583902412361 2.653625040839405e+44 263064865.4950329 85
5.818726865288032e+40 1.4373318903734165e+66 6.29860735214773e+58 2490.3660530631396 6.739369966038599e+33 3.0781721879762723e+44 4.1303346297244825e+22 8.074933977032336e+16 0.00031804076501840427 5.315348363284419e+45 878838.0330664382 919197931538635.8 4.433808939263412 0.031402110008363064 3048.242563617389 1974429.1414206729 189890276780176.38 1.2336700307603733e+20 1.0359155705691797e+49 0.75 85
5.818726865288032e+40 1.4373318903734165e+66 6.29860735214773e+58 2.6559414686233504e+17 292946.0110221461 65.77125121521256 10600138740.433369 1.8499246512671037e+24 579494348143922.4 5.315348363284419e+45 134905059.228222 3.329864372280785e+24 158769343529.36554 25217261493134.47 6.566385544146736e+19 189890276780176.38 1.2336700307603733e+20 1.0359155705691797e+49 42.12277790825015 84
5.818726865288032e+40 1.4373318903734165e+66 6.29860735214773e+58 7880997.513215845 3.0781721879762723e+44 4.1303346297244825e+22 8.074933977032336e+16 2.8376377211285835 5.315348363284419e+45 134905059.228222 919197931538635.8 158769343529.36554 25217261493134.47 6.566385544146736e+19 189890276780176.38 23124.827635586298 1.0359155705691797e+49 2.653625040839405e+44 84
5.818726865288032e+40 1.4373318903734165e+66 6.29860735214773e+58 2.6559414686233504e+17 6.739369966038599e+33 3.0781721879762723e+44 4.1303346297244825e+22 8.074933977032336e+16 2.8376377211285835 5.315348363284419e+45 878838.0330664382 3.329864372280785e+24 158769343529.36554 3.230520765986796 1974429.1414206729 189890276780176.38 1.2336700307603733e+20 1.0359155705691797e+49 0.004383338870602379 85
5.818726865288032e+40 1.4373318903734165e+66 6.29860735214773e+58 6.739369966038599e+33 3.0781721879762723e+44 52.2954397475421 0.17539006550402356 5.315348363284419e+45 2148526777.6062512 3.329864372280785e+24 158769343529.36554 25217261493134.47 3048.242563617389 1.0359155705691797e+49 2.653625040839405e+44 84
5.818726865288032e+40 1.4373318903734165e+66 6.29860735214773e+58 9.659476179870512e-211 2.653625040839405e+44 84
9.757100804533012e+21 1.4373318903734165e+66 6.29860735214773e+58 2490.3660530631396 6.739369966038599e+33 3.0781721879762723e+44 0.014219823400013463 8.074933977032336e+16 0.00031804076501840427 1841594380.805358 878838.0330664382 919197931538635.8 158769343529.36554 6.455062795728842e+16 6.566385544146736e+19 189890276780176.38 1.2336700307603733e+20 1.0359155705691797e+49 2.653625040839405e+44 263064865.4950329 9.981983858290332e+18 84
9.757100804533012e+21 1.4373318903734165e+66 6.29860735214773e+58 9.607321483151379e-07 6.739369966038599e+33 4.1303346297244825e+22 8.074933977032336e+16 0.0001306390133503167 1841594380.805358 230.28726171391148 3.329864372280785e+24 4.433808939263412 25217261493134.47 6.566385544146736e+19 189890276780176.38 1.2336700307603733e+20 85
9.757100804533012e+21 1.4373318903734165e+66 6.29860735214773e+58 15700591.356208632 6.739369966038599e+33 3.0781721879762723e+44 0.014219823400013463 8.074933977032336e+16 0.00031804076501840427 3.329864372280785e+24 158769343529.36554 1.0359155705691797e+49 2.653625040839405e+44 85
9.757100804533012e+21 1.4373318903734165e+66 6.29860735214773e+58 2.6559414686233504e+17 7880997.513215845 3.0781721879762723e+44 10600138740.433369 1.8499246512671037e+24 579494348143922.4 5.315348363284419e+45 2106.058498499287 3.329864372280785e+24 939180495267736.1 25217261493134.47 6.566385544146736e+19 52.4999627405667 6.052612534385369e-06 1.0359155705691797e+49 2.653625040839405e+44 270306.5984309536 85
9.757100804533012e+21 1.4373318903734165e+66 6.29860735214773e+58 2.6559414686233504e+17 6.739369966038599e+33 3.0781721879762723e+44 4.1303346297244825e+22 0.26 0.17539006550402356 5.315348363284419e+45 134905059.228222 7.274810688846557e-267 939180495267736.1 25217261493134.47 3048.242563617389 12390114729.94866 3.576647990913953 1.0359155705691797e+49 2.653625040839405e+44 85
5.818726865288032e+40 1.4373318903734165e+66 6.29860735214773e+58 2.6559414686233504e+17 6.739369966038599e+33 8.074933977032336e+16 0.00031804076501840427 1841594380.805358 878838.0330664382 919197931538635.8 1662677.1717226724 25217261493134.47 3.230520765986796 1974429.1414206729 189890276780176.38 23124.827635586298 1.0359155705691797e+49 2.653625040839405e+44 7.87800361618413e-06 84
5.818726865288032e+40 1.4373318903734165e+66 6.29860735214773e+58 2490.3660530631396 7880997.513215845 65.77125121521256 10600138740.433369 9779886437468.404 5.315348363284419e+45 134905059.228222 241.52078667556574 158769343529.36554 25217261493134.47 6.566385544146736e+19 52.4999627405667 2.6269793549752908e-266 1.0359155705691797e+49 2.653625040839405e+44 263064865.4950329 84
9.757100804533012e+21 1.4373318903734165e+66 6.29860735214773e+58 15700591.356208632 6.739369966038599e+33 3.0781721879762723e+44 4.1303346297244825e+22 8.074933977032336e+16 0.00031804076501840427 5.315348363284419e+45 2148526777.6062512 919197931538635.8 939180495267736.1 3.230520765986796 189890276780176.38 1.0359155705691797e+49 2.653625040839405e+44 9.981983858290332e+18 85
5.818726865288032e+40 1.4373318903734165e+66 6.29860735214773e+58 2490.3660530631396 6.739369966038599e+33 3.0781721879762723e+44 52.2954397475421 8.074933977032336e+16 9779886437468.404 5.315348363284419e+45 230.28726171391148 3.329864372280785e+24 158769343529.36554 5963.583902412361 2.653625040839405e+44 270306.5984309536 84
5.818726865288032e+40 0.002369970566668911 6.29860735214773e+58 2.6559414686233504e+17 6.739369966038599e+33 3.0781721879762723e+44 8.074933977032336e+16 5.315348363284419e+45 878838.0330664382 919197931538635.8 1.0359155705691797e+49 42.12277790825015 84
9.757100804533012e+21 1.4373318903734165e+66 6.29860735214773e+58 2.6559414686233504e+17 6.739369966038599e+33 3.0781721879762723e+44 4.1303346297244825e+22 8.074933977032336e+16 9779886437468.404 241.52078667556574 939180495267736.1 25217261493134.47 6.566385544146736e+19 189890276780176.38 1.0359155705691797e+49 42.12277790825015 263064865.4950329 9.981983858290332e+18 85
5.818726865288032e+40 1.4373318903734165e+66 6.29860735214773e+58 6.739369966038599e+33 3.0781721879762723e+44 4.1303346297244825e+22 1.8499246512671037e+24 9779886437468.404 5.315348363284419e+45 134905059.228222 3.329864372280785e+24 1662677.1717226724 6.455062795728842e+16 6.566385544146736e+19 52.4999627405667 23124.827635586298 9.659476179870512e-211 42.12277790825015 263064865.4950329 9.981983858290332e+18 84
9.757100804533012e+21 1.4373318903734165e+66 6.29860735214773e+58 15700591.356208632 7880997.513215845 10600138740.433369 1.8499246512671037e+24 579494348143922.4 5.315348363284419e+45 2106.058498499287 3.329864372280785e+24 939180495267736.1 12390114729.94866 2.6269793549752908e-266 9.659476179870512e-211 42.12277790825015 85
9.757100804533012e+21 1.4373318903734165e+66 6.29860735214773e+58 2.6559414686233504e+17 292946.0110221461 3.0781721879762723e+44 4.1303346297244825e+22 579494348143922.4 5.315348363284419e+45 878838.0330664382 1.0359155705691797e+49 2.653625040839405e+44 85
9.757100804533012e+21 1.4373318903734165e+66 6.29860735214773e+58 2.6559414686233504e+17 292946.0110221461 3.0781721879762723e+44 1.8499246512671037e+24 579494348143922.4 5.315348363284419e+45 230.28726171391148 3.329864372280785e+24 1662677.1717226724 6.455062795728842e+16 6.566385544146736e+19 189890276780176.38 1.0359155705691797e+49 42.12277790825015 85
5.818726865288032e+40 1.4373318903734165e+66 6.29860735214773e+58 2.6559414686233504e+17 6.739369966038599e+33 3.0781721879762723e+44 4.1303346297244825e+22 8.074933977032336e+16 9779886437468.404 5.315348363284419e+45 1974429.1414206729 1.0359155705691797e+49 2.653625040839405e+44 9.981983858290332e+18 84
5.818726865288032e+40 1.4373318903734165e+66 6.29860735214773e+58 9.659476179870512e-211 2.653625040839405e+44 84
5.818726865288032e+40 1.4373318903734165e+66 6.29860735214773e+58 2.6559414686233504e+17 292946.0110221461 3.0781721879762723e+44 10600138740.433369 0.26 0.17539006550402356 5.315348363284419e+45 878838.0330664382 7.274810688846557e-267 84
5.818726865288032e+40 1.4373318903734165e+66 6.29860735214773e+58 2.6559414686233504e+17 6.739369966038599e+33 3.0781721879762723e+44 0.014219823400013463 8.074933977032336e+16 2.8376377211285835 1841594380.805358 2148526777.6062512 919197931538635.8 4.433808939263412 189890276780176.38 1.2336700307603733e+20 1.0359155705691797e+49 2.653625040839405e+44 84
5.818726865288032e+40 1.4373318903734165e+66 135205.85124099057 15700591.356208632 6.739369966038599e+33 3.0781721879762723e+44 52.2954397475421 8.074933977032336e+16 579494348143922.4 5.315348363284419e+45 3.329864372280785e+24 939180495267736.1 6.455062795728842e+16 3048.242563617389 1.0359155705691797e+49 2.653625040839405e+44 84
5.818726865288032e+40 1.4373318903734165e+66 6.29860735214773e+58 2490.3660530631396 6.739369966038599e+33 52.2954397475421 1.8499246512671037e+24 579494348143922.4 5.315348363284419e+45 134905059.228222 3.329864372280785e+24 158769343529.36554 25217261493134.47 6.566385544146736e+19 189890276780176.38 1.2336700307603733e+20 1.0359155705691797e+49 2.653625040839405e+44 84
9.757100804533012e+21 1.4373318903734165e+66 6.29860735214773e+58 9.607321483151379e-07 6.739369966038599e+33 4.1303346297244825e+22 8.074933977032336e+16 0.0001306390133503167 1841594380.805358 230.28726171391148 3.329864372280785e+24 4.433808939263412 25217261493134.47 6.566385544146736e+19 189890276780176.38 1.2336700307603733e+20 85
9.757100804533012e+21 1.4373318903734165e+66 6.29860735214773e+58 15700591.356208632 6.739369966038599e+33 3.0781721879762723e+44 10600138740.433369 1.8499246512671037e+24 9779886437468.404 5.315348363284419e+45 230.28726171391148 7.274810688846557e-267 1662677.1717226724 6.455062795728842e+16 6.566385544146736e+19 1.0359155705691797e+49 2.653625040839405e+44 270306.5984309536 84
9.757100804533012e+21 0.002369970566668911 135205.85124099057 2.6559414686233504e+17 6.739369966038599e+33 10600138740.433369 579494348143922.4 5.315348363284419e+45 2148526777.6062512 3.329864372280785e+24 939180495267736.1 25217261493134.47 6.566385544146736e+19 52.4999627405667 1.0359155705691797e+49 2.653625040839405e+44 270306.5984309536 9.981983858290332e+18 85
9.757100804533012e+21 1.4373318903734165e+66 6.29860735214773e+58 2.6559414686233504e+17 292946.0110221461 3.0781721879762723e+44 10600138740.433369 1.8499246512671037e+24 579494348143922.4 5.315348363284419e+45 2106.058498499287 3.329864372280785e+24 939180495267736.1 52.4999627405667 2.6269793549752908e-266 5963.583902412361 2.653625040839405e+44 85
9.757100804533012e+21 1.4373318903734165e+66 6.29860735214773e+58 2.6559414686233504e+17 6.739369966038599e+33 0.00031804076501840427 85
9.757100804533012e+21 1.4373318903734165e+66 6.29860735214773e+58 2.6559414686233504e+17 6.739369966038599e+33 3.0781721879762723e+44 10600138740.433369 1.8499246512671037e+24 5.315348363284419e+45 134905059.228222 3.329864372280785e+24 6.455062795728842e+16 6.566385544146736e+19 1.0359155705691797e+49 2.653625040839405e+44 270306.5984309536 9.981983858290332e+18 85
9.757100804533012e+21 0.002369970566668911 135205.85124099057 2.6559414686233504e+17 6.739369966038599e+33 10600138740.433369 579494348143922.4 5.315348363284419e+45 2148526777.6062512 3.329864372280785e+24 939180495267736.1 25217261493134.47 6.566385544146736e+19 52.4999627405667 1.0359155705691797e+49 2.653625040839405e+44 270306.5984309536 9.981983858290332e+18 85
9.757100804533012e+21 1.4373318903734165e+66 6.29860735214773e+58 2490.3660530631396 6.739369966038599e+33 3.0781721879762723e+44 4.1303346297244825e+22 1.8499246512671037e+24 579494348143922.4 5.315348363284419e+45 134905059.228222 3.329864372280785e+24 1662677.1717226724 6.455062795728842e+16 3.230520765986796 1974429.1414206729 1.0359155705691797e+49 2.653625040839405e+44 84
5.818726865288032e+40 1.4373318903734165e+66 6.29860735214773e+58 2490.3660530631396 6.739369966038599e+33 3.0781721879762723e+44 4.1303346297244825e+22 9779886437468.404 5.315348363284419e+45 230.28726171391148 7.274810688846557e-267 4.433808939263412 25217261493134.47 3048.242563617389 1974429.1414206729 12390114729.94866 1.2336700307603733e+20 1.0359155705691797e+49 2.653625040839405e+44 270306.5984309536 84
5.818726865288032e+40 1.4373318903734165e+66 6.29860735214773e+58 2490.3660530631396 6.739369966038599e+33 3.0781721879762723e+44 52.2954397475421 2.8376377211285835 5.315348363284419e+45 134905059.228222 158769343529.36554 3048.242563617389 1974429.1414206729 52.4999627405667 23124.827635586298 1.0359155705691797e+49 2.653625040839405e+44 263064865.4950329 84
9.757100804533012e+21 1.4373318903734165e+66 6.29860735214773e+58 6.739369966038599e+33 3.0781721879762723e+44 4.1303346297244825e+22 1.7267865966363622e-05 9779886437468.404 5.315348363284419e+45 230.28726171391148 919197931538635.8 4.433808939263412 25217261493134.47 6.566385544146736e+19 52.4999627405667 1.2336700307603733e+20 1.0359155705691797e+49 2.653625040839405e+44 84
5.818726865288032e+40 1.4373318903734165e+66 135205.85124099057 2490.3660530631396 292946.0110221461 10600138740.433369 1.8499246512671037e+24 579494348143922.4 5.315348363284419e+45 2106.058498499287 241.52078667556574 939180495267736.1 12390114729.94866 3.576647990913953 263064865.4950329 9.981983858290332e+18 84
9.757100804533012e+21 1.4373318903734165e+66 6.29860735214773e+58 6.739369966038599e+33 3.0781721879762723e+44 9779886437468.404 5.315348363284419e+45 3.329864372280785e+24 939180495267736.1 25217261493134.47 6.566385544146736e+19 52.4999627405667 6.052612534385369e-06 1.0359155705691797e+49 2.653625040839405e+44 84
5.818726865288032e+40 1.4373318903734165e+66 6.29860735214773e+58 2.6559414686233504e+17 292946.0110221461 65.77125121521256 10600138740.433369 1.8499246512671037e+24 579494348143922.4 5.315348363284419e+45 2106.058498499287 7.274810688846557e-267 939180495267736.1 25217261493134.47 6.566385544146736e+19 12390114729.94866 6.052612534385369e-06 1.0359155705691797e+49 2.653625040839405e+44 84
5.818726865288032e+40 1.4373318903734165e+66 6.29860735214773e+58 15700591.356208632 6.739369966038599e+33 65.77125121521256 1.8499246512671037e+24 579494348143922.4 878838.0330664382 3.329864372280785e+24 189890276780176.38 23124.827635586298 84
5.818726865288032e+40 1.4373318903734165e+66 6.29860735214773e+58 84
9.757100804533012e+21 1.4373318903734165e+66 6.29860735214773e+58 2490.3660530631396 292946.0110221461 65.77125121521256 4.1303346297244825e+22 1.8499246512671037e+24 579494348143922.4 5.315348363284419e+45 134905059.228222 241.52078667556574 1662677.1717226724 25217261493134.47 52.4999627405667 2.6269793549752908e-266 1.0359155705691797e+49 2.653625040839405e+44 270306.5984309536 9.981983858290332e+18 85
5.818726865288032e+40 1.4373318903734165e+66 6.29860735214773e+58 2490.3660530631396 6.739369966038599e+33 3.0781721879762723e+44 10600138740.433369 8.074933977032336e+16 0.17539006550402356 5.315348363284419e+45 230.28726171391148 3.329864372280785e+24 158769343529.36554 6.455062795728842e+16 12390114729.94866 1.2336700307603733e+20 5963.583902412361 2.653625040839405e+44 263064865.4950329 84
5.818726865288032e+40 0.002369970566668911 135205.85124099057 15700591.356208632 6.739369966038599e+33 3.0781721879762723e+44 10600138740.433369 8.074933977032336e+16 0.17539006550402356 1841594380.805358 134905059.228222 3.329864372280785e+24 158769343529.36554 0.031402110008363064 6.566385544146736e+19 1974429.1414206729 1.0359155705691797e+49 2.653625040839405e+44 270306.5984309536 85
5.818726865288032e+40 1.4373318903734165e+66 6.29860735214773e+58 9.607321483151379e-07 6.739369966038599e+33 10600138740.433369 1.8499246512671037e+24 9779886437468.404 5.315348363284419e+45 230.28726171391148 919197931538635.8 158769343529.36554 25217261493134.47 6.566385544146736e+19 52.4999627405667 1.2336700307603733e+20 1.0359155705691797e+49 2.653625040839405e+44 270306.5984309536 9.981983858290332e+18 84
9.757100804533012e+21 1.4373318903734165e+66 6.29860735214773e+58 4.1303346297244825e+22 8.074933977032336e+16 579494348143922.4 5.315348363284419e+45 2148526777.6062512 3.329864372280785e+24 158769343529.36554 6.455062795728842e+16 6.566385544146736e+19 189890276780176.38 1.2336700307603733e+20 1.0359155705691797e+49 2.653625040839405e+44 84
9.757100804533012e+21 1.4373318903734165e+66 6.29860735214773e+58 2.6559414686233504e+17 6.739369966038599e+33 0.00031804076501840427 85
9.757100804533012e+21 1.4373318903734165e+66 6.29860735214773e+58 2.6559414686233504e+17 6.739369966038599e+33 65.77125121521256 4.1303346297244825e+22 1.8499246512671037e+24 9779886437468.404 5.315348363284419e+45 134905059.228222 3.329864372280785e+24 939180495267736.1 6.455062795728842e+16 6.566385544146736e+19 0.0005518942687084075 6.052612534385369e-06 1.0359155705691797e+49 2.653625040839405e+44 85
5.818726865288032e+40 1.4373318903734165e+66 6.29860735214773e+58 6.739369966038599e+33 3.0781721879762723e+44 4.1303346297244825e+22 1.7267865966363622e-05 0.0001306390133503167 1841594380.805358 878838.0330664382 3.329864372280785e+24 1662677.1717226724 25217261493134.47 6.566385544146736e+19 189890276780176.38 1.2336700307603733e+20 1.0359155705691797e+49 2.653625040839405e+44 84
5.818726865288032e+40 1.4373318903734165e+66 6.29860735214773e+58 15700591.356208632 6.739369966038599e+33 3.0781721879762723e+44 0.014219823400013463 1.7267865966363622e-05 0.00031804076501840427 5.315348363284419e+45 878838.0330664382 919197931538635.8 939180495267736.1 6.455062795728842e+16 3.230520765986796 1974429.1414206729 23124.827635586298 1.0359155705691797e+49 2.653625040839405e+44 6730.330404151093 9.981983858290332e+18 84
9.757100804533012e+21 1.4373318903734165e+66 6.29860735214773e+58 2.6559414686233504e+17 292946.0110221461 3.0781721879762723e+44 4.1303346297244825e+22 8.074933977032336e+16 0.17539006550402356 1841594380.805358 878838.0330664382 919197931538635.8 939180495267736.1 25217261493134.47 189890276780176.38 85
5.818726865288032e+40 1.4373318903734165e+66 6.29860735214773e+58 15700591.356208632 8.830323396190664e-212 3.0781721879762723e+44 52.2954397475421 9779886437468.404 5.315348363284419e+45 878838.0330664382 3.329864372280785e+24 5963.583902412361 42.12277790825015 9.981983858290332e+18 84
5.818726865288032e+40 1.4373318903734165e+66 6.29860735214773e+58 6.739369966038599e+33 4.1303346297244825e+22 1.7267865966363622e-05 2.8376377211285835 5.315348363284419e+45 230.28726171391148 919197931538635.8 4.433808939263412 6.455062795728842e+16 6.566385544146736e+19 1.2336700307603733e+20 1.0359155705691797e+49 42.12277790825015 263064865.4950329 9.981983858290332e+18 84
5.818726865288032e+40 1.4373318903734165e+66 6.29860735214773e+58 2.6559414686233504e+17 292946.0110221461 65.77125121521256 10600138740.433369 1.8499246512671037e+24 579494348143922.4 5.315348363284419e+45 2106.058498499287 7.274810688846557e-267 939180495267736.1 25217261493134.47 6.566385544146736e+19 12390114729.94866 6.052612534385369e-06 1.0359155705691797e+49 2.653625040839405e+44 84
5.818726865288032e+40 1.4373318903734165e+66 6.29860735214773e+58 2.6559414686233504e+17 6.739369966038599e+33 3.0781721879762723e+44 0.014219823400013463 8.074933977032336e+16 2.8376377211285835 1841594380.805358 2148526777.6062512 919197931538635.8 4.433808939263412 189890276780176.38 1.2336700307603733e+20 1.0359155705691797e+49 2.653625040839405e+44 84
5.818726865288032e+40 1.4373318903734165e+66 135205.85124099057 2.6559414686233504e+17 6.739369966038599e+33 3.0781721879762723e+44 10600138740.433369 1841594380.805358 3.329864372280785e+24 158769343529.36554 12390114729.94866 84
5.818726865288032e+40 1.4373318903734165e+66 6.29860735214773e+58 2.6559414686233504e+17 6.739369966038599e+33 3.0781721879762723e+44 0.014219823400013463 8.074933977032336e+16 2.8376377211285835 5.315348363284419e+45 878838.0330664382 919197931538635.8 4.433808939263412 6.455062795728842e+16 6.566385544146736e+19 189890276780176.38 1.2336700307603733e+20 1.0359155705691797e+49 2.653625040839405e+44 270306.5984309536 0.0007763936322508105 84
5.818726865288032e+40 1.4373318903734165e+66 6.29860735214773e+58 2490.3660530631396 6.739369966038599e+33 3.0781721879762723e+44 10600138740.433369 579494348143922.4 5.315348363284419e+45 2148526777.6062512 3.329864372280785e+24 939180495267736.1 6.566385544146736e+19 5963.583902412361 42.12277790825015 263064865.4950329 9.981983858290332e+18 84
5.818726865288032e+40 1.4373318903734165e+66 6.29860735214773e+58 2490.3660530631396 292946.0110221461 0.17 1.8499246512671037e+24 2.8376377211285835 5.315348363284419e+45 134905059.228222 3.329864372280785e+24 939180495267736.1 6.455062795728842e+16 6.566385544146736e+19 52.4999627405667 2.6269793549752908e-266 9.659476179870512e-211 2.653625040839405e+44 6730.330404151093 84
9.757100804533012e+21 1.4373318903734165e+66 6.29860735214773e+58 2.6559414686233504e+17 6.739369966038599e+33 0.00031804076501840427 85
5.818726865288032e+40 1.4373318903734165e+66 6.29860735214773e+58 15700591.356208632 3.0781721879762723e+44 4.1303346297244825e+22 1.8499246512671037e+24 9779886437468.404 5.315348363284419e+45 230.28726171391148 919197931538635.8 1662677.1717226724 25217261493134.47 5963.583902412361 2.653625040839405e+44 270306.5984309536 9.981983858290332e+18 84
5.818726865288032e+40 1.4373318903734165e+66 6.29860735214773e+58 9.607321483151379e-07 6.739369966038599e+33 3.0781721879762723e+44 4.1303346297244825e+22 8.074933977032336e+16 5.315348363284419e+45 230.28726171391148 3.329864372280785e+24 4.433808939263412 84
9.757100804533012e+21 1.4373318903734165e+66 6.29860735214773e+58 85
5.818726865288032e+40 0.002369970566668911 135205.85124099057 2.6559414686233504e+17 6.739369966038599e+33 3.0781721879762723e+44 4.1303346297244825e+22 1.8499246512671037e+24 0.17539006550402356 5.315348363284419e+45 134905059.228222 919197931538635.8 939180495267736.1 12390114729.94866 5963.583902412361 2.653625040839405e+44 84
9.757100804533012e+21 1.4373318903734165e+66 6.29860735214773e+58 2.6559414686233504e+17 292946.0110221461 3.0781721879762723e+44 4.1303346297244825e+22 579494348143922.4 5.315348363284419e+45 878838.0330664382 1.0359155705691797e+49 2.653625040839405e+44 85
5.818726865288032e+40 1.4373318903734165e+66 6.29860735214773e+58 15700591.356208632 6.739369966038599e+33 10600138740.433369 1.8499246512671037e+24 0.0001306390133503167 1841594380.805358 134905059.228222 3.329864372280785e+24 1662677.1717226724 25217261493134.47 3048.242563617389 189890276780176.38 23124.827635586298 1.0359155705691797e+49 2.653625040839405e+44 84
5.818726865288032e+40 1.4373318903734165e+66 6.29860735214773e+58 2.6559414686233504e+17 6.739369966038599e+33 8.074933977032336e+16 0.00031804076501840427 1841594380.805358 878838.0330664382 919197931538635.8 1662677.1717226724 25217261493134.47 3.230520765986796 1974429.1414206729 189890276780176.38 23124.827635586298 1.0359155705691797e+49 2.653625040839405e+44 7.87800361618413e-06 84
5.818726865288032e+40 1.4373318903734165e+66 6.29860735214773e+58 2.6559414686233504e+17 6.739369966038599e+33 3.0781721879762723e+44 4.1303346297244825e+22 8.074933977032336e+16 2.8376377211285835 5.315348363284419e+45 878838.0330664382 3.329864372280785e+24 158769343529.36554 3.230520765986796 1974429.1414206729 189890276780176.38 1.2336700307603733e+20 1.0359155705691797e+49 0.004383338870602379 85
5.818726865288032e+40 1.4373318903734165e+66 6.29860735214773e+58 1.0359155705691797e+49 2.653625040839405e+44 84
5.818726865288032e+40 1.4373318903734165e+66 6.29860735214773e+58 6.739369966038599e+33 3.0781721879762723e+44 4.1303346297244825e+22 1.7267865966363622e-05 0.0001306390133503167 1841594380.805358 878838.0330664382 3.329864372280785e+24 1662677.1717226724 25217261493134.47 6.566385544146736e+19 189890276780176.38 1.2336700307603733e+20 1.0359155705691797e+49 2.653625040839405e+44 84
5.818726865288032e+40 1.4373318903734165e+66 6.29860735214773e+58 2.6559414686233504e+17 6.739369966038599e+33 3.0781721879762723e+44 0.014219823400013463 8.074933977032336e+16 2.8376377211285835 1841594380.805358 2148526777.6062512 919197931538635.8 4.433808939263412 189890276780176.38 1.2336700307603733e+20 1.0359155705691797e+49 2.653625040839405e+44 84
5.818726865288032e+40 1.4373318903734165e+66 6.29860735214773e+58 2.6559414686233504e+17 7880997.513215845 3.0781721879762723e+44 10600138740.433369 1.8499246512671037e+24 0.17539006550402356 5.315348363284419e+45 2106.058498499287 7.274810688846557e-267 939180495267736.1 6.455062795728842e+16 6.566385544146736e+19 12390114729.94866 1.0359155705691797e+49 2.653625040839405e+44 85
9.757100804533012e+21 0.002369970566668911 135205.85124099057 2.6559414686233504e+17 6.739369966038599e+33 3.0781721879762723e+44 10600138740.433369 1.8499246512671037e+24 0.17539006550402356 5.315348363284419e+45 2106.058498499287 3.329864372280785e+24 1662677.1717226724 0.031402110008363064 1974429.1414206729 12390114729.94866 3.576647990913953 1.0359155705691797e+49 2.653625040839405e+44 270306.5984309536 85
5.818726865288032e+40 1.4373318903734165e+66 6.29860735214773e+58 2.6559414686233504e+17 6.739369966038599e+33 3.0781721879762723e+44 4.1303346297244825e+22 1.8499246512671037e+24 0.0001306390133503167 1841594380.805358 230.28726171391148 3.329864372280785e+24 158769343529.36554 25217261493134.47 3.230520765986796 1974429.1414206729 189890276780176.38 23124.827635586298 1.0359155705691797e+49 2.653625040839405e+44 6730.330404151093 84
5.818726865288032e+40 1.4373318903734165e+66 6.29860735214773e+58 6.739369966038599e+33 3.0781721879762723e+44 4.1303346297244825e+22 8.074933977032336e+16 2.8376377211285835 1841594380.805358 2148526777.6062512 919197931538635.8 4.433808939263412 6.455062795728842e+16 6.566385544146736e+19 189890276780176.38 1.0359155705691797e+49 42.12277790825015 6730.330404151093 9.981983858290332e+18 84
9.757100804533012e+21 1.4373318903734165e+66 6.29860735214773e+58 2.6559414686233504e+17 6.739369966038599e+33 10600138740.433369 1.8499246512671037e+24 0.0001306390133503167 1841594380.805358 134905059.228222 3.329864372280785e+24 939180495267736.1 6.455062795728842e+16 3.230520765986796 1974429.1414206729 52.4999627405667 23124.827635586298 1.0359155705691797e+49 42.12277790825015 270306.5984309536 9.981983858290332e+18 84
9.757100804533012e+21 1.4373318903734165e+66 6.29860735214773e+58 9.607321483151379e-07 6.739369966038599e+33 4.1303346297244825e+22 8.074933977032336e+16 0.0001306390133503167 1841594380.805358 230.28726171391148 3.329864372280785e+24 4.433808939263412 25217261493134.47 6.566385544146736e+19 189890276780176.38 1.2336700307603733e+20 85
5.818726865288032e+40 0.002369970566668911 135205.85124099057 2.6559414686233504e+17 6.739369966038599e+33 3.0781721879762723e+44 0.014219823400013463 1.7267865966363622e-05 0.00031804076501840427 134905059.228222 3.329864372280785e+24 158769343529.36554 12390114729.94866 1.0359155705691797e+49 2.653625040839405e+44 6730.330404151093 9.981983858290332e+18 84
9.757100804533012e+21 1.4373318903734165e+66 6.29860735214773e+58 2.6559414686233504e+17 6.739369966038599e+33 65.77125121521256 4.1303346297244825e+22 1.8499246512671037e+24 9779886437468.404 5.315348363284419e+45 134905059.228222 3.329864372280785e+24 939180495267736.1 6.455062795728842e+16 6.566385544146736e+19 0.0005518942687084075 6.052612534385369e-06 1.0359155705691797e+49 2.653625040839405e+44 85
5.818726865288032e+40 0.002369970566668911 6.29860735214773e+58 15700591.356208632 6.739369966038599e+33 4.1303346297244825e+22 8.074933977032336e+16 0.0001306390133503167 1841594380.805358 878838.0330664382 3.329864372280785e+24 1.0359155705691797e+49 2.653625040839405e+44 263064865.4950329 9.981983858290332e+18 84
9.757100804533012e+21 1.4373318903734165e+66 6.29860735214773e+58 6.739369966038599e+33 3.0781721879762723e+44 4.1303346297244825e+22 8.074933977032336e+16 0.17539006550402356 5.315348363284419e+45 878838.0330664382 3.329864372280785e+24 158769343529.36554 25217261493134.47 6.566385544146736e+19 52.4999627405667 1.0359155705691797e+49 0.75 84
1.4373318903734165e+66 6.29860735214773e+58 2.6559414686233504e+17 6.739369966038599e+33 3.0781721879762723e+44 1.8499246512671037e+24 2.8376377211285835 1841594380.805358 878838.0330664382 1.2336700307603733e+20 84
5.818726865288032e+40 1.4373318903734165e+66 135205.85124099057 2.6559414686233504e+17 6.739369966038599e+33 3.0781721879762723e+44 10600138740.433369 1841594380.805358 3.329864372280785e+24 158769343529.36554 12390114729.94866 84
9.757100804533012e+21 1.4373318903734165e+66 6.29860735214773e+58 2.6559414686233504e+17 6.739369966038599e+33 3.0781721879762723e+44 4.1303346297244825e+22 8.074933977032336e+16 9779886437468.404 241.52078667556574 939180495267736.1 25217261493134.47 6.566385544146736e+19 189890276780176.38 1.0359155705691797e+49 42.12277790825015 263064865.4950329 9.981983858290332e+18 85
5.818726865288032e+40 1.4373318903734165e+66 135205.85124099057 15700591.356208632 6.739369966038599e+33 3.0781721879762723e+44 52.2954397475421 8.074933977032336e+16 579494348143922.4 5.315348363284419e+45 3.329864372280785e+24 939180495267736.1 6.455062795728842e+16 3048.242563617389 1.0359155705691797e+49 2.653625040839405e+44 84
9.757100804533012e+21 1.4373318903734165e+66 6.29860735214773e+58 2.6559414686233504e+17 292946.0110221461 4.1303346297244825e+22 1.8499246512671037e+24 579494348143922.4 5.315348363284419e+45 2106.058498499287 241.52078667556574 1662677.1717226724 25217261493134.47 6.566385544146736e+19 52.4999627405667 6.052612534385369e-06 5963.583902412361 2.653625040839405e+44 263064865.4950329 85
5.818726865288032e+40 1.4373318903734165e+66 6.29860735214773e+58 2.6559414686233504e+17 7880997.513215845 579494348143922.4 5.315348363284419e+45 939180495267736.1 25217261493134.47 6.566385544146736e+19 1.0359155705691797e+49 2.653625040839405e+44 84
9.757100804533012e+21 1.4373318903734165e+66 135205.85124099057 2.6559414686233504e+17 6.739369966038599e+33 65.77125121521256 4.1303346297244825e+22 1.8499246512671037e+24 579494348143922.4 1841594380.805358 230.28726171391148 158769343529.36554 6.455062795728842e+16 3.230520765986796 1.0359155705691797e+49 2.653625040839405e+44 84
5.818726865288032e+40 1.4373318903734165e+66 6.29860735214773e+58 2490.3660530631396 6.739369966038599e+33 52.2954397475421 1.8499246512671037e+24 579494348143922.4 5.315348363284419e+45 134905059.228222 3.329864372280785e+24 158769343529.36554 25217261493134.47 6.566385544146736e+19 189890276780176.38 1.2336700307603733e+20 1.0359155705691797e+49 2.653625040839405e+44 84
9.757100804533012e+21 1.4373318903734165e+66 6.29860735214773e+58 2.6559414686233504e+17 6.739369966038599e+33 3.0781721879762723e+44 0.014219823400013463 8.074933977032336e+16 2.8376377211285835 1841594380.805358 878838.0330664382 919197931538635.8 4.433808939263412 6.455062795728842e+16 6.566385544146736e+19 1.0359155705691797e+49 0.75 263064865.4950329 9.981983858290332e+18 85
9.757100804533012e+21 1.4373318903734165e+66 6.29860735214773e+58 15700591.356208632 6.739369966038599e+33 3.0781721879762723e+44 10600138740.433369 1.8499246512671037e+24 0.0001306390133503167 5.315348363284419e+45 134905059.228222 3.329864372280785e+24 1662677.1717226724 25217261493134.47 6.566385544146736e+19 52.4999627405667 2.6269793549752908e-266 1.0359155705691797e+49 2.653625040839405e+44 263064865.4950329 9.981983858290332e+18 85
9.757100804533012e+21 1.4373318903734165e+66 6.29860735214773e+58 9.607321483151379e-07 7880997.513215845 3.0781721879762723e+44 1.8499246512671037e+24 0.17539006550402356 1841594380.805358 134905059.228222 919197931538635.8 939180495267736.1 25217261493134.47 3048.242563617389 1974429.1414206729 6.052612534385369e-06 1.0359155705691797e+49 2.653625040839405e+44 85
9.757100804533012e+21 1.4373318903734165e+66 6.29860735214773e+58 2.6559414686233504e+17 7880997.513215845 3.0781721879762723e+44 52.2954397475421 1.8499246512671037e+24 0.0001306390133503167 5.315348363284419e+45 134905059.228222 241.52078667556574 939180495267736.1 6.566385544146736e+19 6.052612534385369e-06 1.0359155705691797e+49 2.653625040839405e+44 6730.330404151093 9.981983858290332e+18 85
9.757100804533012e+21 1.4373318903734165e+66 6.29860735214773e+58 2.6559414686233504e+17 292946.0110221461 3.0781721879762723e+44 10600138740.433369 1.8499246512671037e+24 9779886437468.404 5.315348363284419e+45 134905059.228222 3.329864372280785e+24 939180495267736.1 12390114729.94866 3.576647990913953 5963.583902412361 2.653625040839405e+44 85
5.818726865288032e+40 1.4373318903734165e+66 6.29860735214773e+58 2.6559414686233504e+17 6.739369966038599e+33 3.0781721879762723e+44 4.1303346297244825e+22 8.074933977032336e+16 2.8376377211285835 5.315348363284419e+45 878838.0330664382 3.329864372280785e+24 158769343529.36554 3.230520765986796 1974429.1414206729 189890276780176.38 1.2336700307603733e+20 1.0359155705691797e+49 0.004383338870602379 85
9.757100804533012e+21 1.4373318903734165e+66 6.29860735214773e+58 7.483312118080101e-05 292946.0110221461 3.0781721879762723e+44 52.2954397475421 1.8499246512671037e+24 9779886437468.404 5.315348363284419e+45 2106.058498499287 3.329864372280785e+24 1662677.1717226724 6.455062795728842e+16 6.566385544146736e+19 12390114729.94866 1.2336700307603733e+20 1.0359155705691797e+49 0.004383338870602379 85
9.757100804533012e+21 1.4373318903734165e+66 6.29860735214773e+58 15700591.356208632 6.739369966038599e+33 3.0781721879762723e+44 52.2954397475421 0.17539006550402356 5.315348363284419e+45 878838.0330664382 241.52078667556574 1662677.1717226724 6.455062795728842e+16 6.566385544146736e+19 189890276780176.38 23124.827635586298 1.0359155705691797e+49 2.653625040839405e+44 84
5.818726865288032e+40 1.4373318903734165e+66 6.29860735214773e+58 2.6559414686233504e+17 292946.0110221461 65.77125121521256 4.1303346297244825e+22 1.8499246512671037e+24 579494348143922.4 5.315348363284419e+45 878838.0330664382 7.274810688846557e-267 939180495267736.1 6.455062795728842e+16 6.566385544146736e+19 189890276780176.38 1.2336700307603733e+20 6.718164592663282e-07 2.653625040839405e+44 85
1.4373318903734165e+66 6.29860735214773e+58 2.6559414686233504e+17 6.739369966038599e+33 3.0781721879762723e+44 1.8499246512671037e+24 2.8376377211285835 1841594380.805358 878838.0330664382 1.2336700307603733e+20 84
9.757100804533012e+21 1.4373318903734165e+66 6.29860735214773e+58 2.6559414686233504e+17 6.739369966038599e+33 10600138740.433369 1.8499246512671037e+24 0.0001306390133503167 1841594380.805358 134905059.228222 3.329864372280785e+24 939180495267736.1 6.455062795728842e+16 3.230520765986796 1974429.1414206729 52.4999627405667 23124.827635586298 1.0359155705691797e+49 42.12277790825015 270306.5984309536 9.981983858290332e+18 84
5.818726865288032e+40 1.4373318903734165e+66 6.29860735214773e+58 15700591.356208632 6.739369966038599e+33 3.0781721879762723e+44 0.014219823400013463 8.074933977032336e+16 0.0001306390133503167 1841594380.805358 878838.0330664382 3.329864372280785e+24 158769343529.36554 6.455062795728842e+16 3.230520765986796 23124.827635586298 1.0359155705691797e+49 2.653625040839405e+44 6730.330404151093 84
9.757100804533012e+21 1.4373318903734165e+66 6.29860735214773e+58 2.6559414686233504e+17 6.739369966038599e+33 3.0781721879762723e+44 10600138740.433369 1.8499246512671037e+24 9779886437468.404 5.315348363284419e+45 134905059.228222 1662677.1717226724 25217261493134.47 6.566385544146736e+19 52.4999627405667 1.2336700307603733e+20 1.0359155705691797e+49 2.653625040839405e+44 263064865.4950329 9.981983858290332e+18 85
5.818726865288032e+40 1.4373318903734165e+66 6.29860735214773e+58 2490.3660530631396 6.739369966038599e+33 3.0781721879762723e+44 4.1303346297244825e+22 8.074933977032336e+16 0.00031804076501840427 5.315348363284419e+45 878838.0330664382 919197931538635.8 4.433808939263412 0.031402110008363064 3048.242563617389 1974429.1414206729 189890276780176.38 1.2336700307603733e+20 1.0359155705691797e+49 0.75 85
