1e-10 3e-10 5e-10 5.781139401443372e-216 2e-09 2.1e-09 2.5e-09 3.2e-09 3.5000000000000003e-09 4.2e-09 4.5e-09 4.9e-09 5.2e-09 5.6000000000000005e-09 5.7000000000000006e-09 6.5e-09 7.1e-09 7.2e-09 84
2e-10 3e-10 5e-10 2e-09 2.3e-09 2.5e-09 2.9e-09 3.5000000000000003e-09 4e-09 4.5e-09 4.8e-09 7.1e-09 7.4e-09 85
2e-10 3e-10 5e-10 9e-10 1.5e-09 2e-09 2.1e-09 2.5e-09 3.1e-09 3.5000000000000003e-09 3.9e-09 4.3000000000000005e-09 5.1e-09 5.4e-09 6.1e-09 6.6e-09 7.1e-09 7.2e-09 85
1e-10 3e-10 5e-10 1.1000000000000001e-09 2e-09 2.3e-09 2.5e-09 3.1e-09 3.5000000000000003e-09 4.1e-09 4.6e-09 4.8e-09 5.2e-09 7.000000000000001e-09 7.2e-09 7.7e-09 8.1e-09 84
2e-10 4e-10 6e-10 1.1000000000000001e-09 1.6e-09 2e-09 7.1e-09 7.2e-09 8.1e-09 84
2e-10 3e-10 5e-10 7.524170533728144e-220 1.6e-09 2.2000000000000003e-09 0.26 2.9e-09 3.5000000000000003e-09 3.8e-09 4.4000000000000005e-09 4.8e-09 5.2e-09 5.4e-09 5.8e-09 6.2e-09 7.1e-09 7.2e-09 85
1e-10 3e-10 6e-10 7.000000000000001e-10 1.3e-09 2.1e-09 2.5e-09 2.9e-09 3.5000000000000003e-09 3.8e-09 4.3000000000000005e-09 4.7e-09 5.8e-09 6.2e-09 7.8e-09 8.1e-09 84
2e-10 3e-10 5e-10 1.5e-09 2e-09 2.1e-09 3.1e-09 3.5000000000000003e-09 5.2e-09 5.6000000000000005e-09 5.7000000000000006e-09 7.1e-09 7.2e-09 85
1e-10 3e-10 6e-10 9e-10 2e-09 2.3e-09 2.7e-09 3.4000000000000003e-09 3.6e-09 4.2e-09 5e-09 5.1e-09 5.4e-09 7.1e-09 7.2e-09 84
2e-10 3e-10 5e-10 9e-10 1.3e-09 2e-09 2.3e-09 2.9e-09 3.5000000000000003e-09 3.9e-09 7.1e-09 7.2e-09 85
2e-10 3e-10 5e-10 1.1000000000000001e-09 1.5e-09 2.1e-09 2.5e-09 2.9e-09 3.5000000000000003e-09 3.8e-09 4.5e-09 4.7e-09 5.8e-09 6.4e-09 1.965147439212781e-216 7.4e-09 85
2e-10 3e-10 5e-10 1.1000000000000001e-09 1.6e-09 1.8e-09 2.3e-09 3.6e-09 4e-09 4.5e-09 4.8e-09 5.2e-09 5.4e-09 6e-09 7.1e-09 7.2e-09 7.7e-09 85
2e-10 3e-10 5e-10 2.2000000000000003e-09 2.5e-09 3.1e-09 3.5000000000000003e-09 3.9e-09 4.5e-09 4.8e-09 5.2e-09 5.4e-09 6e-09 6.4e-09 85
1e-10 3e-10 5e-10 1.1000000000000001e-09 1.6e-09 2e-09 2.4e-09 2.7e-09 3e-09 3.6e-09 4.1e-09 4.6e-09 5e-09 6.1e-09 6.6e-09 7.1e-09 7.4e-09 7.9e-09 8.1e-09 84
2e-10 3e-10 5e-10 9e-10 1.5e-09 1.8e-09 2.1e-09 2.5e-09 2.9e-09 3.5000000000000003e-09 3.8e-09 4.5e-09 5.1e-09 5.4e-09 6e-09 9.379305499464029e-220 7.1e-09 7.2e-09 7.8e-09 8.1e-09 85
1e-10 3e-10 5e-10 1.1000000000000001e-09 1.6e-09 2e-09 2.3e-09 2.5e-09 3.2e-09 3.6e-09 4e-09 4.5e-09 4.8e-09 5.1e-09 5.5000000000000004e-09 5.7000000000000006e-09 6.1e-09 6.6e-09 7.1e-09 7.2e-09 7.9e-09 1.2207984935810324e-219 84
2e-10 4e-10 6e-10 1.1000000000000001e-09 1.6e-09 2e-09 7.1e-09 7.2e-09 8.1e-09 84
1e-10 4e-10 6e-10 1.1000000000000001e-09 1.6e-09 2e-09 84
1e-10 4e-10 5e-10 9e-10 1.6e-09 2e-09 2.7e-09 3.5000000000000003e-09 3.9e-09 4.6e-09 7.1e-09 7.4e-09 84
2e-10 3e-10 5e-10 9e-10 1.3e-09 2e-09 2.9e-09 3.5000000000000003e-09 1.965147439212781e-216 7.2e-09 84
1e-10 3e-10 5e-10 9e-10 1.3e-09 2e-09 2.3e-09 3.5000000000000003e-09 3.8e-09 4.5e-09 4.8e-09 7.1e-09 7.3e-09 7.7e-09 8.1e-09 84
1e-10 4e-10 6e-10 1.1000000000000001e-09 1.6e-09 2e-09 2.1e-09 2.7e-09 3e-09 3.6e-09 4e-09 4.5e-09 4.9e-09 5.3e-09 5.4e-09 5.7000000000000006e-09 7.1e-09 7.2e-09 7.7e-09 85
2e-10 3e-10 5e-10 7.000000000000001e-10 1.6e-09 2e-09 2.3e-09 0.26 3.2e-09 3.6e-09 4.1e-09 4.5e-09 4.9e-09 5.3e-09 5.4e-09 6.1e-09 6.5e-09 7.1e-09 7.9e-09 8.1e-09 84
1e-10 3e-10 5e-10 1.1000000000000001e-09 1.6e-09 2e-09 2.4e-09 2.7e-09 1.1587222614725495e-218 3.6e-09 3.9e-09 4.5e-09 4.9e-09 5.1e-09 5.6000000000000005e-09 6.5e-09 7.1e-09 7.2e-09 7.9e-09 84
1e-10 3e-10 6e-10 9e-10 1.6e-09 2e-09 3.6e-09 7.1e-09 7.2e-09 84
1e-10 3e-10 5e-10 1.1000000000000001e-09 1.5e-09 1.8e-09 2.9e-09 3.8e-09 4.3000000000000005e-09 7.000000000000001e-09 7.4e-09 85
1e-10 3e-10 5e-10 7.000000000000001e-10 1.6e-09 2e-09 2.3e-09 2.5e-09 3.2e-09 3.5000000000000003e-09 4.2e-09 4.5e-09 4.9e-09 5.2e-09 5.6000000000000005e-09 5.7000000000000006e-09 6.1e-09 7.1e-09 7.2e-09 84
1e-10 3e-10 5e-10 9e-10 1.6e-09 2e-09 2.3e-09 2.5e-09 2.9e-09 3.5000000000000003e-09 4e-09 4.6e-09 4.7e-09 5.2e-09 5.5000000000000004e-09 6.1e-09 6.5e-09 7.1e-09 0.75 7.7e-09 8.1e-09 84
2e-10 3e-10 5e-10 7.000000000000001e-10 1.3e-09 2e-09 1.1587222614725495e-218 3.5000000000000003e-09 7.1e-09 7.2e-09 85
1e-10 3e-10 5e-10 9e-10 1.6e-09 2e-09 2.3e-09 3.2e-09 3.6e-09 4.2e-09 4.6e-09 5e-09 5.2e-09 5.5000000000000004e-09 6.1e-09 6.6e-09 7.1e-09 7.2e-09 84
2e-10 3e-10 5e-10 1.1000000000000001e-09 1.6e-09 2e-09 2.1e-09 2.5e-09 3.1e-09 3.5000000000000003e-09 4.1e-09 4.4000000000000005e-09 4.8e-09 5.1e-09 5.4e-09 7.1e-09 7.2e-09 7.7e-09 84
1e-10 3e-10 5e-10 9e-10 1.6e-09 1.8e-09 2.3e-09 2.7e-09 3.1e-09 3.5000000000000003e-09 4.6e-09 4.9e-09 5.3e-09 5.5000000000000004e-09 5.7000000000000006e-09 7.1e-09 7.4e-09 84
1e-10 3e-10 5e-10 9e-10 1.3e-09 2e-09 2.1e-09 0.26 3e-09 3.5000000000000003e-09 3.9e-09 4.4000000000000005e-09 84
1e-10 4e-10 6e-10 9e-10 1.6e-09 2e-09 2.1e-09 2.5e-09 2.9e-09 3.5000000000000003e-09 4e-09 4.5e-09 4.8e-09 5.9e-09 6.2e-09 7.1e-09 7.2e-09 84
1e-10 3e-10 5e-10 1.6e-09 2e-09 2.2000000000000003e-09 3e-09 3.5000000000000003e-09 4.2e-09 4.5e-09 4.9e-09 5.2e-09 5.5000000000000004e-09 7.1e-09 7.2e-09 84
2e-10 3e-10 5e-10 9e-10 1.6e-09 2e-09 2.3e-09 2.7e-09 3.1e-09 4.3000000000000005e-09 4.7e-09 5.2e-09 5.4e-09 6.1e-09 7.1e-09 7.4e-09 7.8e-09 8.1e-09 85
1e-10 3e-10 5e-10 7.000000000000001e-10 1.3e-09 1.8e-09 2.3e-09 2.5e-09 3.1e-09 3.5000000000000003e-09 4.4000000000000005e-09 4.8e-09 5.2e-09 5.4e-09 5.8e-09 6.5e-09 7.1e-09 7.2e-09 7.8e-09 8.1e-09 84
1e-10 3e-10 5e-10 9e-10 1.6e-09 2e-09 2.2000000000000003e-09 2.7e-09 2.9e-09 3.5000000000000003e-09 3.9e-09 4.6e-09 4.9e-09 5.3e-09 5.5000000000000004e-09 5.7000000000000006e-09 6.1e-09 6.6e-09 7.1e-09 7.2e-09 84
1e-10 3e-10 5e-10 7.524170533728144e-220 1.6e-09 2e-09 2.3e-09 2.7e-09 3.1e-09 3.5000000000000003e-09 3.9e-09 4.6e-09 4.9e-09 5.1e-09 5.6000000000000005e-09 5.7000000000000006e-09 7.1e-09 7.4e-09 7.9e-09 8.1e-09 84
2e-10 3e-10 5e-10 9e-10 1.6e-09 2e-09 2.1e-09 2.5e-09 3.1e-09 3.5000000000000003e-09 3.9e-09 4.5e-09 4.8e-09 5.1e-09 5.5000000000000004e-09 6e-09 7.1e-09 7.4e-09 85
2e-10 3e-10 5e-10 9e-10 1.5e-09 2e-09 2.1e-09 2.5e-09 2.9e-09 3.5000000000000003e-09 4.3000000000000005e-09 4.7e-09 5.2e-09 5.4e-09 6.1e-09 6.4e-09 7.1e-09 7.2e-09 85
2e-10 3e-10 5e-10 9e-10 1.6e-09 2.1e-09 2.5e-09 1.1587222614725495e-218 3.6e-09 4e-09 4.5e-09 4.7e-09 5.1e-09 5.6000000000000005e-09 5.7000000000000006e-09 6e-09 6.5e-09 7.1e-09 7.4e-09 7.7e-09 8.1e-09 84
1e-10 3e-10 5e-10 9e-10 1.3e-09 2e-09 2.3e-09 3.5000000000000003e-09 3.8e-09 4.5e-09 4.8e-09 7.1e-09 7.3e-09 7.7e-09 8.1e-09 84
1e-10 4e-10 6e-10 9e-10 1.6e-09 2e-09 2.3e-09 2.5e-09 3e-09 3.5000000000000003e-09 4e-09 4.6e-09 4.7e-09 5.8e-09 7.000000000000001e-09 7.2e-09 84
1e-10 3e-10 5e-10 7.000000000000001e-10 1.6e-09 2e-09 2.3e-09 3.1e-09 3.5000000000000003e-09 4.1e-09 4.4000000000000005e-09 5e-09 5.2e-09 5.5000000000000004e-09 5.7000000000000006e-09 5.8e-09 6.6e-09 7.1e-09 7.2e-09 7.7e-09 84
1e-10 3e-10 5e-10 84
2e-10 3e-10 5e-10 9e-10 1.5e-09 2e-09 2.3e-09 2.7e-09 3.2e-09 3.5000000000000003e-09 3.8e-09 4.6e-09 4.8e-09 5.2e-09 5.7000000000000006e-09 9.379305499464029e-220 7.1e-09 7.2e-09 7.7e-09 85
1e-10 3e-10 6e-10 7.524170533728144e-220 1.6e-09 2e-09 2.1e-09 2.5e-09 2.9e-09 3.5000000000000003e-09 4e-09 4.5e-09 4.7e-09 5.2e-09 5.4e-09 6.1e-09 6.6e-09 7.1e-09 7.2e-09 7.7e-09 84
1e-10 3e-10 5e-10 1.6e-09 2.3e-09 2.7e-09 3.4000000000000003e-09 3.6e-09 4.2e-09 4.5e-09 4.9e-09 5.1e-09 5.6000000000000005e-09 6.1e-09 6.6e-09 7.1e-09 7.2e-09 7.9e-09 84
1e-10 3e-10 5e-10 9e-10 1.6e-09 1.8e-09 2.1e-09 2.5e-09 3e-09 3.5000000000000003e-09 3.9e-09 4.3000000000000005e-09 4.7e-09 5.1e-09 5.4e-09 5.8e-09 6.5e-09 7.1e-09 7.4e-09 7.9e-09 8.1e-09 84
2e-10 3e-10 5e-10 85
2e-10 3e-10 5e-10 7.000000000000001e-10 1.6e-09 2e-09 2.3e-09 3.1e-09 3.6e-09 3.9e-09 4.4000000000000005e-09 4.7e-09 6.4e-09 6.9000000000000006e-09 7.9e-09 8.3e-09 85
2e-10 3e-10 5e-10 9e-10 1.5e-09 2e-09 2.3e-09 2.7e-09 3.2e-09 3.5000000000000003e-09 3.8e-09 4.6e-09 4.8e-09 5.2e-09 5.7000000000000006e-09 9.379305499464029e-220 7.1e-09 7.2e-09 7.7e-09 85
1e-10 4e-10 6e-10 9e-10 1.6e-09 2e-09 2.1e-09 2.5e-09 2.9e-09 3.5000000000000003e-09 4e-09 4.5e-09 4.8e-09 5.9e-09 6.2e-09 7.1e-09 7.2e-09 84
2e-10 3e-10 5e-10 7.000000000000001e-10 1.5e-09 2e-09 2.1e-09 2.5e-09 3.1e-09 3.5000000000000003e-09 3.8e-09 4.5e-09 4.8e-09 5.8e-09 7.1e-09 7.2e-09 85
2e-10 3e-10 5e-10 9e-10 1.5e-09 2e-09 2.2000000000000003e-09 2.5e-09 1.1587222614725495e-218 3.5000000000000003e-09 4e-09 4.3000000000000005e-09 4.7e-09 5.4e-09 9.379305499464029e-220 7.1e-09 7.2e-09 7.9e-09 8.1e-09 85
1e-10 3e-10 5e-10 1.965147439212781e-216 7.2e-09 84
1e-10 3e-10 5e-10 9e-10 1.6e-09 2.7e-09 3.4000000000000003e-09 3.6e-09 3.9e-09 4.6e-09 4.8e-09 5.2e-09 5.6000000000000005e-09 5.7000000000000006e-09 6.1e-09 6.5e-09 7.1e-09 7.2e-09 1.2207984935810324e-219 84
1e-10 3e-10 5e-10 1.1000000000000001e-09 1.5e-09 2e-09 2.1e-09 2.5e-09 3e-09 3.5000000000000003e-09 3.9e-09 4.5e-09 4.8e-09 5.1e-09 5.4e-09 6e-09 6.5e-09 7.1e-09 7.2e-09 7.8e-09 84
2e-10 3e-10 5e-10 9e-10 1.6e-09 2e-09 2.1e-09 2.5e-09 2.9e-09 3.6e-09 3.8e-09 4.5e-09 4.7e-09 6e-09 7.000000000000001e-09 7.4e-09 85
1e-10 3e-10 5e-10 1.6e-09 2e-09 2.2000000000000003e-09 3e-09 3.5000000000000003e-09 4.2e-09 4.5e-09 4.9e-09 5.2e-09 5.5000000000000004e-09 7.1e-09 7.2e-09 84
2e-10 4e-10 6e-10 1.1000000000000001e-09 1.6e-09 2e-09 3.5000000000000003e-09 1.965147439212781e-216 7.2e-09 85
2e-10 3e-10 5e-10 7.000000000000001e-10 1.5e-09 2e-09 2.1e-09 2.5e-09 3.1e-09 3.5000000000000003e-09 3.8e-09 4.5e-09 4.8e-09 5.8e-09 7.1e-09 7.2e-09 85
2e-10 3e-10 5e-10 9e-10 1.6e-09 2.1e-09 2.5e-09 1.1587222614725495e-218 3.6e-09 4e-09 4.5e-09 4.7e-09 5.1e-09 5.6000000000000005e-09 5.7000000000000006e-09 6e-09 6.5e-09 7.1e-09 7.4e-09 7.7e-09 8.1e-09 84
1e-10 3e-10 5e-10 9e-10 1.6e-09 2e-09 2.2000000000000003e-09 2.7e-09 2.9e-09 3.5000000000000003e-09 3.9e-09 4.6e-09 4.9e-09 5.3e-09 5.5000000000000004e-09 5.7000000000000006e-09 6.1e-09 6.6e-09 7.1e-09 7.2e-09 84
1e-10 3e-10 5e-10 7.000000000000001e-10 1.6e-09 2e-09 2.3e-09 2.5e-09 3.2e-09 3.5000000000000003e-09 4.2e-09 4.5e-09 4.9e-09 5.2e-09 5.6000000000000005e-09 5.7000000000000006e-09 6.1e-09 7.1e-09 7.2e-09 84
2e-10 3e-10 5e-10 1.1000000000000001e-09 1.6e-09 2e-09 2.4e-09 2.7e-09 3.4000000000000003e-09 4.5e-09 4.9e-09 7.1e-09 7.2e-09 85
2e-10 3e-10 5e-10 9e-10 1.3e-09 2e-09 2.5e-09 2.9e-09 3.5000000000000003e-09 4.1e-09 4.5e-09 4.8e-09 5.1e-09 5.4e-09 6.1e-09 7.1e-09 7.4e-09 85
1e-10 3e-10 5e-10 1.6e-09 2e-09 2.3e-09 9.831582824615571e-219 1.1587222614725495e-218 3.6e-09 3.9e-09 4.5e-09 4.8e-09 5.2e-09 5.4e-09 6.1e-09 6.6e-09 7.1e-09 7.2e-09 84
1e-10 3e-10 5e-10 1.1000000000000001e-09 1.6e-09 2e-09 2.4e-09 2.7e-09 3e-09 3.6e-09 4.1e-09 4.6e-09 5e-09 6.1e-09 6.6e-09 7.1e-09 7.4e-09 7.9e-09 8.1e-09 84
1e-10 3e-10 5e-10 9e-10 1.5e-09 2e-09 2.5e-09 2.9e-09 3.5000000000000003e-09 4e-09 4.4000000000000005e-09 4.8e-09 6e-09 7.1e-09 7.2e-09 7.7e-09 1.2207984935810324e-219 84
2e-10 3e-10 5e-10 1.1000000000000001e-09 1.3e-09 2.1e-09 2.5e-09 3e-09 3.5000000000000003e-09 3.8e-09 4.5e-09 4.8e-09 5.1e-09 5.4e-09 9.379305499464029e-220 7.1e-09 7.2e-09 7.7e-09 8.1e-09 85
2e-10 3e-10 5e-10 9e-10 1.6e-09 2e-09 3.5000000000000003e-09 85
2e-10 3e-10 5e-10 9e-10 1.5e-09 1.8e-09 2.1e-09 2.5e-09 2.9e-09 3.5000000000000003e-09 3.8e-09 4.5e-09 5.1e-09 5.4e-09 6e-09 9.379305499464029e-220 7.1e-09 7.2e-09 7.8e-09 8.1e-09 85
2e-10 3e-10 5e-10 8e-10 1.3e-09 2e-09 2.1e-09 2.5e-09 2.9e-09 4e-09 4.4000000000000005e-09 4.7e-09 5.1e-09 5.4e-09 6e-09 6.4e-09 7.000000000000001e-09 7.2e-09 85
1e-10 3e-10 5e-10 1.1000000000000001e-09 1.6e-09 2e-09 2.4e-09 9.831582824615571e-219 3.4000000000000003e-09 3.5000000000000003e-09 3.9e-09 4.6e-09 4.7e-09 5.1e-09 5.6000000000000005e-09 5.7000000000000006e-09 6.5e-09 7.1e-09 7.2e-09 7.9e-09 8.1e-09 84
1e-10 3e-10 5e-10 7.524170533728144e-220 1.6e-09 2e-09 2.3e-09 2.7e-09 3.1e-09 3.5000000000000003e-09 3.9e-09 4.6e-09 4.9e-09 5.1e-09 5.6000000000000005e-09 5.7000000000000006e-09 7.1e-09 7.4e-09 7.9e-09 8.1e-09 84
1e-10 3e-10 5e-10 7.524170533728144e-220 1.6e-09 2e-09 2.3e-09 2.7e-09 3.1e-09 3.5000000000000003e-09 3.9e-09 4.6e-09 4.9e-09 5.1e-09 5.6000000000000005e-09 5.7000000000000006e-09 7.1e-09 7.4e-09 7.9e-09 8.1e-09 84
1e-10 3e-10 5e-10 7.000000000000001e-10 1.3e-09 2e-09 6.1e-09 6.2e-09 7.000000000000001e-09 7.3e-09 7.7e-09 8.1e-09 85
2e-10 3e-10 5e-10 9e-10 1.6e-09 2e-09 2.7e-09 1.1587222614725495e-218 3.6e-09 4.7e-09 5.1e-09 5.5000000000000004e-09 6.6e-09 7.1e-09 7.2e-09 7.8e-09 8.1e-09 85
1e-10 3e-10 5e-10 8e-10 1.6e-09 2.3e-09 2.7e-09 3.4000000000000003e-09 3.5000000000000003e-09 4.2e-09 4.6e-09 4.7e-09 5.2e-09 5.6000000000000005e-09 6e-09 6.2e-09 7.1e-09 7.2e-09 7.9e-09 8.1e-09 84
1e-10 3e-10 5e-10 1.6e-09 2e-09 2.3e-09 2.7e-09 3.2e-09 3.6e-09 4.2e-09 4.6e-09 5e-09 5.1e-09 5.4e-09 6.1e-09 7.1e-09 7.4e-09 7.9e-09 8.1e-09 84
1e-10 3e-10 6e-10 7.524170533728144e-220 1.6e-09 2e-09 2.1e-09 2.5e-09 2.9e-09 3.5000000000000003e-09 4e-09 4.5e-09 4.7e-09 5.2e-09 5.4e-09 6.1e-09 6.6e-09 7.1e-09 7.2e-09 7.7e-09 84
2e-10 3e-10 5e-10 9e-10 1.6e-09 2e-09 2.3e-09 0.26 3e-09 3.5000000000000003e-09 4e-09 4.4000000000000005e-09 4.7e-09 5.2e-09 5.5000000000000004e-09 5.8e-09 6.2e-09 7.1e-09 7.2e-09 85
2e-10 3e-10 5e-10 9e-10 1.3e-09 2e-09 2.3e-09 2.9e-09 3.5000000000000003e-09 3.9e-09 7.1e-09 7.2e-09 85
1e-10 4e-10 5e-10 1.1000000000000001e-09 1.6e-09 2.3e-09 2.7e-09 1.1587222614725495e-218 3.6e-09 3.9e-09 4.5e-09 7.1e-09 7.2e-09 7.8e-09 8.1e-09 84
1e-10 3e-10 5e-10 1.6e-09 2e-09 2.4e-09 3.2e-09 3.6e-09 3.9e-09 4.6e-09 6.6e-09 7.1e-09 7.4e-09 85
2e-10 3e-10 5e-10 9e-10 1.5e-09 0.19 2.9e-09 3.5000000000000003e-09 4e-09 4.8e-09 5.1e-09 5.6000000000000005e-09 5.7000000000000006e-09 5.8e-09 7.000000000000001e-09 7.2e-09 85
1e-10 3e-10 5e-10 7.000000000000001e-10 1.6e-09 2e-09 8.3e-09 84
2e-10 3e-10 5e-10 7.000000000000001e-10 1.5e-09 2e-09 2.1e-09 2.5e-09 2.9e-09 3.5000000000000003e-09 3.8e-09 4.3000000000000005e-09 4.7e-09 5.1e-09 5.4e-09 5.8e-09 7.1e-09 7.2e-09 85
1e-10 3e-10 5e-10 9e-10 1.6e-09 2e-09 2.3e-09 2.7e-09 3.1e-09 3.5000000000000003e-09 5.7000000000000006e-09 7.1e-09 7.2e-09 8.1e-09 84
1e-10 3e-10 6e-10 9e-10 2e-09 2.3e-09 2.7e-09 3.4000000000000003e-09 3.6e-09 4.2e-09 5e-09 5.1e-09 5.4e-09 7.1e-09 7.2e-09 84
2e-10 3e-10 5e-10 9e-10 1.5e-09 2e-09 2.3e-09 2.5e-09 3e-09 3.5000000000000003e-09 3.9e-09 4.5e-09 4.8e-09 5.6000000000000005e-09 5.7000000000000006e-09 6.5e-09 7.1e-09 7.2e-09 7.9e-09 85
1e-10 3e-10 5e-10 9e-10 5.781139401443372e-216 1.8e-09 84
2e-10 3e-10 5e-10 8e-10 1.3e-09 2e-09 2.2000000000000003e-09 2.5e-09 3.1e-09 3.5000000000000003e-09 3.8e-09 4.5e-09 4.8e-09 5.1e-09 5.4e-09 5.8e-09 6.6e-09 7.1e-09 7.3e-09 85
2e-10 3e-10 5e-10 1.6e-09 2e-09 2.3e-09 2.7e-09 3e-09 3.5000000000000003e-09 3.9e-09 4.5e-09 4.9e-09 5.2e-09 5.4e-09 6e-09 7.1e-09 0.75 84
1e-10 3e-10 5e-10 7.000000000000001e-10 1.6e-09 2e-09 2.2000000000000003e-09 3.2e-09 3.5000000000000003e-09 4e-09 4.9e-09 5.5000000000000004e-09 5.7000000000000006e-09 6e-09 6.5e-09 7.1e-09 7.2e-09 7.8e-09 84
1e-10 3e-10 6e-10 7.524170533728144e-220 1.6e-09 2e-09 2.1e-09 2.5e-09 2.9e-09 3.5000000000000003e-09 4e-09 4.5e-09 4.7e-09 5.2e-09 5.4e-09 6.1e-09 6.6e-09 7.1e-09 7.2e-09 7.7e-09 84
2e-10 3e-10 5e-10 1.6e-09 2e-09 2.3e-09 2.7e-09 3.2e-09 3.6e-09 4.2e-09 4.6e-09 4.8e-09 6.1e-09 7.1e-09 7.2e-09 7.9e-09 8.1e-09 85
2e-10 3e-10 5e-10 9e-10 1.6e-09 2e-09 2.2000000000000003e-09 2.5e-09 3e-09 3.5000000000000003e-09 3.8e-09 4.5e-09 4.7e-09 5.1e-09 5.4e-09 7.1e-09 7.4e-09 85
1e-10 3e-10 6e-10 1.1000000000000001e-09 1.6e-09 2e-09 2.2000000000000003e-09 2.7e-09 2.9e-09 3.5000000000000003e-09 4.5e-09 4.7e-09 5.1e-09 5.5000000000000004e-09 7.1e-09 7.2e-09 84
1e-10 3e-10 5e-10 9e-10 1.3e-09 2e-09 2.3e-09 2.5e-09 3e-09 3.5000000000000003e-09 4e-09 4.5e-09 4.9e-09 5.2e-09 5.4e-09 5.8e-09 6.6e-09 7.1e-09 7.2e-09 7.8e-09 8.1e-09 84
1e-10 4e-10 6e-10 1.1000000000000001e-09 1.6e-09 2e-09 2.1e-09 2.7e-09 3e-09 3.6e-09 4e-09 4.5e-09 4.9e-09 5.3e-09 5.4e-09 5.7000000000000006e-09 7.1e-09 7.2e-09 7.7e-09 85
2e-10 3e-10 5e-10 7.000000000000001e-10 1.6e-09 2e-09 2.3e-09 3.1e-09 3.6e-09 3.9e-09 4.4000000000000005e-09 4.7e-09 6.4e-09 6.9000000000000006e-09 7.9e-09 8.3e-09 85
1e-10 3e-10 5e-10 9e-10 1.6e-09 2e-09 2.1e-09 2.5e-09 3.1e-09 3.5000000000000003e-09 4.1e-09 4.6e-09 4.9e-09 5.2e-09 5.4e-09 6.1e-09 6.5e-09 7.1e-09 7.2e-09 7.7e-09 8.1e-09 84
1e-10 3e-10 5e-10 1.6e-09 2e-09 3.6e-09 4.2e-09 5e-09 5.3e-09 5.4e-09 6.6e-09 84
1e-10 3e-10 5e-10 1.6e-09 2e-09 2.3e-09 2.5e-09 3.1e-09 3.5000000000000003e-09 4e-09 4.5e-09 4.8e-09 5.1e-09 5.4e-09 6e-09 6.5e-09 1.965147439212781e-216 7.4e-09 7.8e-09 8.1e-09 84
2e-10 3e-10 5e-10 9e-10 1.6e-09 1.8e-09 2.3e-09 2.5e-09 3.1e-09 3.5000000000000003e-09 4e-09 4.5e-09 4.7e-09 5.1e-09 5.4e-09 5.9e-09 9.379305499464029e-220 7.1e-09 7.2e-09 85
1e-10 3e-10 5e-10 9e-10 1.3e-09 2e-09 3.5000000000000003e-09 7.1e-09 7.2e-09 84
2e-10 3e-10 5e-10 7.000000000000001e-10 1.5e-09 2e-09 2.9e-09 3.5000000000000003e-09 4.5e-09 7.1e-09 7.2e-09 7.7e-09 1.2207984935810324e-219 85
2e-10 3e-10 5e-10 1.1000000000000001e-09 1.5e-09 2e-09 2.3e-09 2.5e-09 2.9e-09 3.5000000000000003e-09 3.8e-09 4.5e-09 4.8e-09 5.2e-09 5.4e-09 6e-09 9.379305499464029e-220 7.1e-09 7.2e-09 7.7e-09 85
1e-10 3e-10 5e-10 1.6e-09 2e-09 2.3e-09 2.7e-09 3.2e-09 3.6e-09 4.2e-09 4.6e-09 5e-09 5.3e-09 5.6000000000000005e-09 6.1e-09 6.5e-09 7.1e-09 7.2e-09 84
1e-10 3e-10 5e-10 9e-10 1.5e-09 2e-09 2.1e-09 2.5e-09 2.9e-09 3.5000000000000003e-09 4e-09 4.5e-09 4.9e-09 5.1e-09 5.5000000000000004e-09 6.1e-09 7.1e-09 7.4e-09 7.7e-09 8.1e-09 84
2e-10 3e-10 5e-10 7.000000000000001e-10 1.6e-09 2e-09 2.3e-09 2.7e-09 1.1587222614725495e-218 3.6e-09 4.1e-09 4.3000000000000005e-09 4.8e-09 5.1e-09 5.5000000000000004e-09 5.9e-09 6.2e-09 7.1e-09 7.2e-09 7.8e-09 8.1e-09 85
1e-10 3e-10 6e-10 9e-10 2e-09 2.3e-09 2.7e-09 3.4000000000000003e-09 3.6e-09 4.2e-09 5e-09 5.1e-09 5.4e-09 7.1e-09 7.2e-09 84
1e-10 3e-10 5e-10 1.1000000000000001e-09 2.3e-09 2.5e-09 3.1e-09 3.5000000000000003e-09 4.2e-09 4.6e-09 4.8e-09 7.000000000000001e-09 7.2e-09 7.8e-09 84
1e-10 3e-10 5e-10 7.000000000000001e-10 1.6e-09 2e-09 2.3e-09 3.4000000000000003e-09 3.6e-09 4.2e-09 4.6e-09 4.9e-09 5.2e-09 5.5000000000000004e-09 5.8e-09 6.6e-09 7.1e-09 7.2e-09 7.9e-09 8.1e-09 84
1e-10 3e-10 5e-10 2.4e-09 2.7e-09 3.6e-09 3.9e-09 4.6e-09 4.7e-09 7.1e-09 7.4e-09 7.9e-09 8.1e-09 84
2e-10 3e-10 5e-10 1.1000000000000001e-09 1.3e-09 2e-09 2.2000000000000003e-09 2.5e-09 3e-09 3.5000000000000003e-09 3.8e-09 4.3000000000000005e-09 5.8e-09 6.2e-09 7.1e-09 7.3e-09 85
2e-10 3e-10 5e-10 1.1000000000000001e-09 1.3e-09 2.1e-09 2.5e-09 3e-09 3.5000000000000003e-09 3.8e-09 4.5e-09 4.8e-09 5.1e-09 5.4e-09 9.379305499464029e-220 7.1e-09 7.2e-09 7.7e-09 8.1e-09 85
2e-10 3e-10 5e-10 1.1000000000000001e-09 1.3e-09 2.1e-09 2.5e-09 3e-09 3.5000000000000003e-09 3.8e-09 4.5e-09 4.8e-09 5.1e-09 5.4e-09 9.379305499464029e-220 7.1e-09 7.2e-09 7.7e-09 8.1e-09 85
1e-10 3e-10 5e-10 1.6e-09 2e-09 2.4e-09 3.2e-09 3.6e-09 3.9e-09 4.6e-09 6.6e-09 7.1e-09 7.4e-09 85
1e-10 3e-10 5e-10 1.6e-09 2e-09 2.3e-09 2.7e-09 3.2e-09 3.6e-09 4.2e-09 4.6e-09 5e-09 5.3e-09 5.6000000000000005e-09 6.1e-09 6.5e-09 7.1e-09 7.2e-09 84
1e-10 3e-10 5e-10 1.965147439212781e-216 7.2e-09 84
1e-10 3e-10 5e-10 9e-10 1.5e-09 1.8e-09 2.3e-09 2.5e-09 2.9e-09 3.5000000000000003e-09 4.5e-09 4.8e-09 5.1e-09 5.4e-09 5.8e-09 6.4e-09 7.1e-09 7.2e-09 7.8e-09 8.1e-09 85
2e-10 3e-10 5e-10 1.1000000000000001e-09 1.6e-09 2.3e-09 2.7e-09 1.1587222614725495e-218 3.5000000000000003e-09 3.9e-09 4.5e-09 4.7e-09 5.1e-09 5.4e-09 6.1e-09 6.2e-09 7.1e-09 7.2e-09 84
1e-10 3e-10 5e-10 7.524170533728144e-220 1.6e-09 2e-09 2.2000000000000003e-09 2.7e-09 3.2e-09 3.6e-09 4.1e-09 4.6e-09 4.9e-09 5.2e-09 5.4e-09 6e-09 6.6e-09 7.1e-09 7.4e-09 84
1e-10 3e-10 5e-10 7.524170533728144e-220 1.6e-09 2e-09 2.3e-09 2.7e-09 3.1e-09 3.5000000000000003e-09 3.9e-09 4.6e-09 4.9e-09 5.1e-09 5.6000000000000005e-09 5.7000000000000006e-09 7.1e-09 7.4e-09 7.9e-09 8.1e-09 84
1e-10 3e-10 5e-10 1.6e-09 2e-09 2.3e-09 2.7e-09 3.2e-09 3.6e-09 4.2e-09 4.6e-09 5e-09 5.3e-09 5.6000000000000005e-09 6.1e-09 6.5e-09 7.1e-09 7.2e-09 84
2e-10 3e-10 5e-10 9e-10 1.3e-09 2e-09 2.1e-09 2.5e-09 2.9e-09 3.5000000000000003e-09 4e-09 4.3000000000000005e-09 4.8e-09 5.8e-09 7.000000000000001e-09 7.2e-09 85
1e-10 4e-10 6e-10 7.1e-09 7.2e-09 84
2e-10 3e-10 5e-10 9e-10 1.3e-09 2e-09 2.1e-09 2.5e-09 2.9e-09 3.5000000000000003e-09 4e-09 4.3000000000000005e-09 4.8e-09 5.8e-09 7.000000000000001e-09 7.2e-09 85
2e-10 3e-10 5e-10 9e-10 1.3e-09 1.8e-09 2.1e-09 2.5e-09 2.9e-09 3.5000000000000003e-09 3.8e-09 4.3000000000000005e-09 4.7e-09 7.1e-09 7.3e-09 85
1e-10 3e-10 5e-10 1.1000000000000001e-09 1.6e-09 2e-09 2.3e-09 2.5e-09 3.2e-09 3.6e-09 4e-09 4.5e-09 4.8e-09 5.1e-09 5.5000000000000004e-09 5.7000000000000006e-09 6.1e-09 6.6e-09 7.1e-09 7.2e-09 7.9e-09 1.2207984935810324e-219 84
1e-10 3e-10 5e-10 7.000000000000001e-10 1.3e-09 2e-09 2.3e-09 2.7e-09 2.9e-09 3.5000000000000003e-09 4e-09 4.5e-09 4.8e-09 6e-09 7.1e-09 7.4e-09 84
2e-10 3e-10 5e-10 9e-10 1.5e-09 2e-09 2.1e-09 2.5e-09 2.9e-09 3.5000000000000003e-09 3.8e-09 4.5e-09 4.7e-09 5.2e-09 5.4e-09 6e-09 9.379305499464029e-220 7.1e-09 7.2e-09 7.7e-09 85
1e-10 4e-10 6e-10 7.1e-09 7.2e-09 84
1e-10 4e-10 5e-10 9e-10 1.6e-09 2e-09 2.7e-09 3.5000000000000003e-09 3.9e-09 4.6e-09 7.1e-09 7.4e-09 84
1e-10 3e-10 5e-10 7.000000000000001e-10 1.6e-09 2e-09 2.1e-09 2.7e-09 3e-09 3.5000000000000003e-09 4.1e-09 4.5e-09 4.9e-09 5.1e-09 5.8e-09 6.6e-09 7.000000000000001e-09 7.2e-09 7.8e-09 84
1e-10 4e-10 6e-10 9e-10 1.6e-09 2e-09 2.4e-09 9.831582824615571e-219 3.4000000000000003e-09 4e-09 4.5e-09 4.9e-09 5.8e-09 7.1e-09 7.2e-09 7.9e-09 8.1e-09 84
1e-10 3e-10 5e-10 1.6e-09 2e-09 2.1e-09 3.1e-09 3.6e-09 3.9e-09 4.5e-09 4.8e-09 5.2e-09 6.1e-09 6.6e-09 7.000000000000001e-09 7.2e-09 84
1e-10 3e-10 5e-10 7.000000000000001e-10 1.6e-09 2e-09 3.1e-09 3.6e-09 4.1e-09 4.6e-09 4.8e-09 5.2e-09 5.6000000000000005e-09 5.7000000000000006e-09 6.1e-09 6.5e-09 7.1e-09 7.2e-09 7.9e-09 8.1e-09 84
1e-10 3e-10 5e-10 9e-10 1.6e-09 2e-09 2.1e-09 2.5e-09 3.1e-09 3.5000000000000003e-09 4e-09 4.5e-09 4.7e-09 5.2e-09 5.4e-09 6e-09 9.379305499464029e-220 7.1e-09 7.4e-09 84
2e-10 3e-10 5e-10 7.000000000000001e-10 1.3e-09 2e-09 2.1e-09 2.5e-09 3.1e-09 3.5000000000000003e-09 4.3000000000000005e-09 4.7e-09 5.8e-09 7.000000000000001e-09 7.2e-09 85
2e-10 3e-10 5e-10 1.5e-09 2e-09 2.1e-09 3.1e-09 3.5000000000000003e-09 5.2e-09 5.6000000000000005e-09 5.7000000000000006e-09 7.1e-09 7.2e-09 85
2e-10 3e-10 5e-10 7.524170533728144e-220 1.6e-09 2e-09 2.3e-09 2.7e-09 3.6e-09 4.2e-09 4.6e-09 5e-09 6e-09 6.6e-09 7.1e-09 7.2e-09 85
2e-10 3e-10 5e-10 9e-10 1.6e-09 2e-09 2.1e-09 2.5e-09 2.9e-09 3.6e-09 3.8e-09 4.5e-09 4.7e-09 6e-09 7.000000000000001e-09 7.4e-09 85
1e-10 3e-10 5e-10 1.1000000000000001e-09 1.6e-09 2e-09 2.3e-09 2.7e-09 3.1e-09 3.5000000000000003e-09 3.9e-09 4.5e-09 4.9e-09 5.2e-09 5.5000000000000004e-09 5.7000000000000006e-09 6e-09 6.2e-09 7.1e-09 7.2e-09 7.9e-09 84
1e-10 3e-10 5e-10 1.1000000000000001e-09 1.6e-09 2.4e-09 2.7e-09 1.1587222614725495e-218 3.6e-09 3.9e-09 4.6e-09 4.9e-09 5.2e-09 5.6000000000000005e-09 5.7000000000000006e-09 7.1e-09 7.2e-09 7.9e-09 8.1e-09 85
1e-10 3e-10 5e-10 9e-10 1.6e-09 2e-09 2.4e-09 2.7e-09 2.9e-09 3.5000000000000003e-09 4e-09 4.5e-09 4.9e-09 5.3e-09 5.6000000000000005e-09 6.1e-09 6.6e-09 6.9000000000000006e-09 7.2e-09 7.9e-09 8.1e-09 84
2e-10 3e-10 5e-10 9e-10 1.6e-09 2e-09 2.1e-09 2.5e-09 3.1e-09 3.5000000000000003e-09 4e-09 4.8e-09 5.2e-09 5.4e-09 6e-09 6.6e-09 7.1e-09 7.2e-09 7.8e-09 8.1e-09 85
1e-10 3e-10 5e-10 9e-10 1.6e-09 2e-09 2.4e-09 2.7e-09 2.9e-09 3.5000000000000003e-09 4e-09 4.5e-09 4.9e-09 5.3e-09 5.6000000000000005e-09 6.1e-09 6.6e-09 6.9000000000000006e-09 7.2e-09 7.9e-09 8.1e-09 84
2e-10 3e-10 5e-10 7.000000000000001e-10 1.5e-09 2e-09 2.3e-09 2.5e-09 2.9e-09 3.5000000000000003e-09 3.9e-09 4.3000000000000005e-09 5.1e-09 5.4e-09 6e-09 9.379305499464029e-220 7.1e-09 7.2e-09 7.7e-09 8.1e-09 85
2e-10 3e-10 5e-10 9e-10 1.3e-09 2e-09 2.3e-09 2.9e-09 3.5000000000000003e-09 3.9e-09 7.1e-09 7.2e-09 85
1e-10 3e-10 5e-10 1.6e-09 2e-09 2.3e-09 2.7e-09 3.2e-09 3.6e-09 4.2e-09 4.6e-09 5e-09 5.1e-09 5.4e-09 6.1e-09 7.1e-09 7.4e-09 7.9e-09 8.1e-09 84
2e-10 3e-10 5e-10 7.524170533728144e-220 1.6e-09 2e-09 2.1e-09 2.5e-09 1.1587222614725495e-218 3.6e-09 3.9e-09 4.4000000000000005e-09 4.7e-09 5.2e-09 5.4e-09 5.9e-09 6.4e-09 7.1e-09 7.2e-09 7.8e-09 8.1e-09 85
1e-10 3e-10 5e-10 9e-10 1.5e-09 1.8e-09 2.3e-09 2.5e-09 2.9e-09 3.5000000000000003e-09 4.5e-09 4.8e-09 5.1e-09 5.4e-09 5.8e-09 6.4e-09 7.1e-09 7.2e-09 7.8e-09 8.1e-09 85
1e-10 4e-10 6e-10 9e-10 1.6e-09 2e-09 2.4e-09 9.831582824615571e-219 3.4000000000000003e-09 4e-09 4.5e-09 4.9e-09 5.8e-09 7.1e-09 7.2e-09 7.9e-09 8.1e-09 84
1e-10 3e-10 5e-10 1.1000000000000001e-09 1.5e-09 0.19 2.1e-09 2.5e-09 2.9e-09 3.5000000000000003e-09 4e-09 4.3000000000000005e-09 4.7e-09 5.1e-09 5.4e-09 6e-09 6.6e-09 7.1e-09 7.3e-09 84
1e-10 3e-10 5e-10 9e-10 5.781139401443372e-216 1.8e-09 84
2e-10 3e-10 5e-10 1.1000000000000001e-09 1.6e-09 2e-09 2.3e-09 2.7e-09 2.9e-09 3.6e-09 3.9e-09 4.5e-09 4.9e-09 5.2e-09 5.4e-09 5.7000000000000006e-09 5.8e-09 6.6e-09 7.1e-09 7.2e-09 7.9e-09 8.1e-09 84
1e-10 3e-10 5e-10 1.6e-09 2e-09 2.3e-09 9.831582824615571e-219 1.1587222614725495e-218 3.6e-09 3.9e-09 4.5e-09 4.8e-09 5.2e-09 5.4e-09 6.1e-09 6.6e-09 7.1e-09 7.2e-09 84
2e-10 3e-10 5e-10 7.524170533728144e-220 1.6e-09 2e-09 2.1e-09 2.5e-09 1.1587222614725495e-218 3.6e-09 3.9e-09 4.4000000000000005e-09 4.7e-09 5.2e-09 5.4e-09 5.9e-09 6.4e-09 7.1e-09 7.2e-09 7.8e-09 8.1e-09 85
2e-10 3e-10 5e-10 9e-10 1.5e-09 2e-09 2.2000000000000003e-09 2.5e-09 1.1587222614725495e-218 3.5000000000000003e-09 4e-09 4.3000000000000005e-09 4.7e-09 5.4e-09 9.379305499464029e-220 7.1e-09 7.2e-09 7.9e-09 8.1e-09 85
2e-10 3e-10 5e-10 9e-10 1.6e-09 2e-09 2.1e-09 2.5e-09 3.5000000000000003e-09 4e-09 4.5e-09 5.1e-09 5.4e-09 7.1e-09 7.2e-09 7.7e-09 8.1e-09 85
2e-10 4e-10 6e-10 9e-10 1.6e-09 2.1e-09 2.9e-09 3.5000000000000003e-09 4.2e-09 4.5e-09 4.7e-09 5.2e-09 5.4e-09 6e-09 7.1e-09 7.2e-09 7.7e-09 8.1e-09 85
1e-10 3e-10 5e-10 1.965147439212781e-216 7.2e-09 84
2e-10 3e-10 5e-10 9e-10 1.3e-09 1.8e-09 2.1e-09 2.5e-09 2.9e-09 3.5000000000000003e-09 3.8e-09 4.3000000000000005e-09 4.7e-09 7.1e-09 7.3e-09 85
1e-10 3e-10 5e-10 9e-10 1.6e-09 2e-09 2.2000000000000003e-09 2.7e-09 3.2e-09 3.5000000000000003e-09 4.1e-09 4.5e-09 4.9e-09 5.2e-09 6e-09 6.5e-09 7.9e-09 84
2e-10 3e-10 5e-10 2.3e-09 2.7e-09 2.9e-09 3.5000000000000003e-09 4.2e-09 4.5e-09 4.9e-09 5.1e-09 5.4e-09 6.1e-09 6.6e-09 7.1e-09 7.2e-09 84
1e-10 3e-10 5e-10 9e-10 1.6e-09 2e-09 2.1e-09 2.5e-09 3.1e-09 3.5000000000000003e-09 4e-09 4.5e-09 4.7e-09 5.2e-09 5.4e-09 6e-09 9.379305499464029e-220 7.1e-09 7.4e-09 84
2e-10 3e-10 5e-10 7.000000000000001e-10 1.6e-09 2e-09 2.3e-09 2.7e-09 1.1587222614725495e-218 3.6e-09 4.1e-09 4.3000000000000005e-09 4.8e-09 5.1e-09 5.5000000000000004e-09 5.9e-09 6.2e-09 7.1e-09 7.2e-09 7.8e-09 8.1e-09 85
2e-10 3e-10 5e-10 7.000000000000001e-10 1.6e-09 2e-09 2.3e-09 3.1e-09 3.6e-09 3.9e-09 4.4000000000000005e-09 4.7e-09 6.4e-09 6.9000000000000006e-09 7.9e-09 8.3e-09 85
1e-10 3e-10 5e-10 9e-10 1.6e-09 2e-09 2.3e-09 2.7e-09 3.2e-09 3.5000000000000003e-09 3.9e-09 4.5e-09 4.9e-09 5.6000000000000005e-09 5.7000000000000006e-09 6.1e-09 6.6e-09 7.1e-09 7.3e-09 85
2e-10 3e-10 5e-10 7.524170533728144e-220 1.6e-09 2.2000000000000003e-09 0.26 2.9e-09 3.5000000000000003e-09 3.8e-09 4.4000000000000005e-09 4.8e-09 5.2e-09 5.4e-09 5.8e-09 6.2e-09 7.1e-09 7.2e-09 85
1e-10 3e-10 5e-10 1.6e-09 2e-09 2.3e-09 2.7e-09 3.2e-09 3.6e-09 4.2e-09 4.6e-09 5e-09 5.3e-09 5.6000000000000005e-09 6.1e-09 6.5e-09 7.1e-09 7.2e-09 84
1e-10 3e-10 5e-10 1.1000000000000001e-09 1.3e-09 2e-09 2.2000000000000003e-09 2.5e-09 3.2e-09 3.9e-09 4.5e-09 4.7e-09 5.8e-09 7.1e-09 7.2e-09 84
2e-10 3e-10 5e-10 9e-10 1.5e-09 2e-09 2.1e-09 2.5e-09 2.9e-09 3.5000000000000003e-09 4.3000000000000005e-09 4.7e-09 5.2e-09 5.4e-09 6.1e-09 6.4e-09 7.1e-09 7.2e-09 85
1e-10 3e-10 5e-10 7.000000000000001e-10 1.6e-09 2e-09 2.3e-09 2.5e-09 3.2e-09 3.5000000000000003e-09 4.2e-09 4.5e-09 4.9e-09 5.2e-09 5.6000000000000005e-09 5.7000000000000006e-09 6.1e-09 7.1e-09 7.2e-09 84
1e-10 3e-10 5e-10 1.6e-09 2.3e-09 9.831582824615571e-219 3.2e-09 3.5000000000000003e-09 4.1e-09 4.6e-09 5e-09 5.1e-09 5.4e-09 6.6e-09 7.1e-09 7.4e-09 7.8e-09 8.1e-09 84
1e-10 4e-10 6e-10 9e-10 1.6e-09 2e-09 2.1e-09 2.7e-09 3e-09 3.5000000000000003e-09 3.9e-09 4.5e-09 5e-09 7.1e-09 7.2e-09 7.7e-09 84
1e-10 3e-10 5e-10 9e-10 1.3e-09 2e-09 2.3e-09 3.5000000000000003e-09 3.8e-09 4.5e-09 4.8e-09 7.1e-09 7.3e-09 7.7e-09 8.1e-09 84
2e-10 3e-10 5e-10 9e-10 1.3e-09 2e-09 2.1e-09 2.5e-09 3.1e-09 3.5000000000000003e-09 3.8e-09 4.5e-09 4.7e-09 5.8e-09 7.000000000000001e-09 7.3e-09 7.7e-09 8.1e-09 85
1e-10 3e-10 5e-10 1.1000000000000001e-09 1.6e-09 2e-09 2.4e-09 9.831582824615571e-219 3.4000000000000003e-09 3.5000000000000003e-09 3.9e-09 4.6e-09 4.7e-09 5.1e-09 5.6000000000000005e-09 5.7000000000000006e-09 6.5e-09 7.1e-09 7.2e-09 7.9e-09 8.1e-09 84
1e-10 3e-10 5e-10 1.1000000000000001e-09 1.6e-09 2e-09 2.4e-09 9.831582824615571e-219 3.4000000000000003e-09 3.5000000000000003e-09 3.9e-09 4.6e-09 4.7e-09 5.1e-09 5.6000000000000005e-09 5.7000000000000006e-09 6.5e-09 7.1e-09 7.2e-09 7.9e-09 8.1e-09 84
1e-10 3e-10 5e-10 9e-10 1.6e-09 2e-09 2.3e-09 2.7e-09 3.2e-09 3.5000000000000003e-09 4.2e-09 4.6e-09 4.9e-09 5.2e-09 5.4e-09 6e-09 6.5e-09 7.1e-09 7.2e-09 84
1e-10 3e-10 5e-10 9e-10 1.5e-09 1.8e-09 2.3e-09 2.5e-09 2.9e-09 3.5000000000000003e-09 4.5e-09 4.8e-09 5.1e-09 5.4e-09 5.8e-09 6.4e-09 7.1e-09 7.2e-09 7.8e-09 8.1e-09 85
1e-10 3e-10 5e-10 1.6e-09 1.8e-09 2.4e-09 9.831582824615571e-219 3.2e-09 3.5000000000000003e-09 3.9e-09 4.5e-09 4.7e-09 5.2e-09 5.4e-09 5.7000000000000006e-09 6.1e-09 6.5e-09 7.1e-09 7.2e-09 7.9e-09 84
2e-10 3e-10 5e-10 85
1e-10 3e-10 5e-10 9e-10 1.6e-09 2.7e-09 3.5000000000000003e-09 4.2e-09 4.5e-09 4.7e-09 5.4e-09 5.8e-09 6.2e-09 7.1e-09 0.75 7.7e-09 8.1e-09 84
2e-10 3e-10 5e-10 9e-10 1.3e-09 2e-09 2.3e-09 2.9e-09 3.5000000000000003e-09 3.9e-09 7.1e-09 7.2e-09 85
1e-10 4e-10 6e-10 1.1000000000000001e-09 1.6e-09 2e-09 2.4e-09 2.5e-09 3.4000000000000003e-09 3.6e-09 3.9e-09 4.6e-09 5e-09 5.1e-09 5.5000000000000004e-09 5.7000000000000006e-09 6e-09 7.1e-09 7.2e-09 7.9e-09 1.2207984935810324e-219 84
1e-10 3e-10 5e-10 7.000000000000001e-10 1.6e-09 2e-09 3.1e-09 3.6e-09 4.1e-09 4.6e-09 4.8e-09 5.2e-09 5.6000000000000005e-09 5.7000000000000006e-09 6.1e-09 6.5e-09 7.1e-09 7.2e-09 7.9e-09 8.1e-09 84
1e-10 3e-10 5e-10 1.6e-09 2.4e-09 2.7e-09 3.4000000000000003e-09 3.6e-09 4.2e-09 4.6e-09 5e-09 6.1e-09 6.6e-09 7.1e-09 7.2e-09 7.9e-09 8.1e-09 84
1e-10 3e-10 6e-10 9e-10 2e-09 2.3e-09 2.7e-09 3.4000000000000003e-09 3.6e-09 4.2e-09 5e-09 5.1e-09 5.4e-09 7.1e-09 7.2e-09 84
1e-10 3e-10 5e-10 7.000000000000001e-10 1.6e-09 2e-09 2.3e-09 2.7e-09 3.2e-09 3.6e-09 4.1e-09 4.6e-09 5.2e-09 5.4e-09 6.6e-09 7.1e-09 7.4e-09 7.9e-09 8.1e-09 84
1e-10 3e-10 6e-10 9e-10 1.6e-09 2e-09 3.6e-09 7.1e-09 7.2e-09 84
2e-10 3e-10 5e-10 7.000000000000001e-10 1.6e-09 2e-09 2.3e-09 3.5000000000000003e-09 4e-09 4.9e-09 5.2e-09 5.5000000000000004e-09 5.7000000000000006e-09 6.1e-09 6.5e-09 7.1e-09 7.2e-09 84
1e-10 3e-10 5e-10 9e-10 1.3e-09 1.8e-09 2.1e-09 2.5e-09 2.9e-09 3.5000000000000003e-09 4e-09 4.5e-09 4.9e-09 5.2e-09 5.4e-09 6.1e-09 6.6e-09 7.1e-09 7.4e-09 84
2e-10 3e-10 5e-10 7.000000000000001e-10 1.6e-09 2e-09 2.4e-09 2.7e-09 3.4000000000000003e-09 3.6e-09 3.9e-09 4.6e-09 4.9e-09 5.1e-09 5.4e-09 6.1e-09 6.6e-09 7.1e-09 7.2e-09 7.8e-09 8.1e-09 84
2e-10 3e-10 5e-10 9e-10 1.3e-09 1.8e-09 2.2000000000000003e-09 2.5e-09 3.1e-09 3.5000000000000003e-09 4e-09 4.6e-09 4.9e-09 5.1e-09 5.5000000000000004e-09 5.7000000000000006e-09 5.8e-09 6.5e-09 7.000000000000001e-09 7.2e-09 84
1e-10 3e-10 5e-10 9e-10 1.6e-09 2e-09 2.1e-09 2.5e-09 3.1e-09 3.5000000000000003e-09 4e-09 4.5e-09 4.7e-09 5.2e-09 5.4e-09 6e-09 9.379305499464029e-220 7.1e-09 7.4e-09 84
1e-10 3e-10 5e-10 1.1000000000000001e-09 1.6e-09 2e-09 2.3e-09 2.7e-09 3.2e-09 3.5000000000000003e-09 4.6e-09 5.6000000000000005e-09 5.7000000000000006e-09 7.1e-09 7.2e-09 84
1e-10 3e-10 5e-10 7.000000000000001e-10 1.6e-09 2e-09 2.1e-09 2.7e-09 3e-09 3.5000000000000003e-09 4.1e-09 4.5e-09 4.9e-09 5.1e-09 5.8e-09 6.6e-09 7.000000000000001e-09 7.2e-09 7.8e-09 84
1e-10 3e-10 5e-10 1.1000000000000001e-09 1.6e-09 2e-09 2.4e-09 9.831582824615571e-219 3.4000000000000003e-09 3.5000000000000003e-09 3.9e-09 4.6e-09 4.7e-09 5.1e-09 5.6000000000000005e-09 5.7000000000000006e-09 6.5e-09 7.1e-09 7.2e-09 7.9e-09 8.1e-09 84
1e-10 3e-10 5e-10 9e-10 1.6e-09 2.7e-09 3.5000000000000003e-09 4.2e-09 4.5e-09 4.7e-09 5.4e-09 5.8e-09 6.2e-09 7.1e-09 0.75 7.7e-09 8.1e-09 84
2e-10 3e-10 5e-10 8e-10 1.3e-09 2e-09 2.2000000000000003e-09 2.5e-09 3.1e-09 3.5000000000000003e-09 3.8e-09 4.5e-09 4.8e-09 5.1e-09 5.4e-09 5.8e-09 6.6e-09 7.1e-09 7.3e-09 85
2e-10 3e-10 5e-10 1.6e-09 2e-09 2.3e-09 2.7e-09 3.2e-09 3.6e-09 4.2e-09 4.6e-09 4.8e-09 6.1e-09 7.1e-09 7.2e-09 7.9e-09 8.1e-09 85
1e-10 3e-10 5e-10 9e-10 1.5e-09 2e-09 2.1e-09 2.7e-09 3.1e-09 3.5000000000000003e-09 4.1e-09 4.6e-09 4.7e-09 5.2e-09 5.6000000000000005e-09 5.7000000000000006e-09 5.9e-09 6.6e-09 7.1e-09 7.2e-09 7.7e-09 8.1e-09 84
1e-10 3e-10 5e-10 1.6e-09 2e-09 2.3e-09 2.7e-09 3.2e-09 3.6e-09 4.2e-09 4.6e-09 5e-09 5.3e-09 5.6000000000000005e-09 6.1e-09 6.5e-09 7.1e-09 7.2e-09 84
1e-10 3e-10 5e-10 9e-10 1.3e-09 2e-09 2.3e-09 3.5000000000000003e-09 3.8e-09 4.5e-09 4.8e-09 7.1e-09 7.3e-09 7.7e-09 8.1e-09 84
1e-10 3e-10 5e-10 84
2e-10 3e-10 5e-10 7.000000000000001e-10 1.5e-09 2e-09 2.3e-09 2.5e-09 2.9e-09 3.5000000000000003e-09 3.9e-09 4.3000000000000005e-09 5.1e-09 5.4e-09 6e-09 9.379305499464029e-220 7.1e-09 7.2e-09 7.7e-09 8.1e-09 85
1e-10 3e-10 5e-10 1.6e-09 2e-09 2.3e-09 2.7e-09 3.2e-09 3.6e-09 4.2e-09 4.6e-09 5e-09 5.3e-09 5.6000000000000005e-09 6.1e-09 6.5e-09 7.1e-09 7.2e-09 84
1e-10 3e-10 5e-10 7.000000000000001e-10 1.3e-09 0.17 2.5e-09 3.2e-09 3.5000000000000003e-09 4e-09 4.5e-09 4.7e-09 5.1e-09 5.4e-09 6e-09 6.4e-09 1.965147439212781e-216 7.2e-09 7.9e-09 84
2e-10 3e-10 5e-10 9e-10 1.6e-09 2.1e-09 0.26 3.1e-09 3.5000000000000003e-09 3.8e-09 4.3000000000000005e-09 4.7e-09 5.1e-09 5.4e-09 5.8e-09 6.2e-09 7.1e-09 7.4e-09 85
1e-10 3e-10 5e-10 7.000000000000001e-10 1.3e-09 1.8e-09 2.3e-09 2.5e-09 3.1e-09 3.5000000000000003e-09 4.4000000000000005e-09 4.8e-09 5.2e-09 5.4e-09 5.8e-09 6.5e-09 7.1e-09 7.2e-09 7.8e-09 8.1e-09 84
1e-10 4e-10 6e-10 9e-10 1.6e-09 2e-09 2.1e-09 2.5e-09 2.9e-09 3.5000000000000003e-09 4e-09 4.5e-09 4.8e-09 5.9e-09 6.2e-09 7.1e-09 7.2e-09 84
1e-10 4e-10 6e-10 9e-10 1.6e-09 2e-09 2.3e-09 2.5e-09 3e-09 3.5000000000000003e-09 4e-09 4.6e-09 4.7e-09 5.8e-09 7.000000000000001e-09 7.2e-09 84
1e-10 3e-10 5e-10 1.6e-09 2e-09 2.3e-09 2.7e-09 3.2e-09 3.6e-09 4.2e-09 4.6e-09 5e-09 5.3e-09 5.6000000000000005e-09 6.1e-09 6.5e-09 7.1e-09 7.2e-09 84
2e-10 3e-10 5e-10 9e-10 1.3e-09 2e-09 2.1e-09 2.5e-09 2.9e-09 3.5000000000000003e-09 4e-09 4.3000000000000005e-09 4.8e-09 5.8e-09 7.000000000000001e-09 7.2e-09 85
1e-10 3e-10 5e-10 7.000000000000001e-10 1.6e-09 2e-09 2.3e-09 2.7e-09 3.1e-09 3.5000000000000003e-09 4e-09 4.5e-09 4.9e-09 5.3e-09 5.4e-09 6.1e-09 6.5e-09 7.1e-09 7.2e-09 7.9e-09 8.1e-09 84
2e-10 4e-10 6e-10 1.1000000000000001e-09 1.6e-09 2e-09 7.1e-09 7.2e-09 8.1e-09 84
2e-10 3e-10 5e-10 7.000000000000001e-10 1.3e-09 1.8e-09 2.3e-09 2.5e-09 2.9e-09 3.5000000000000003e-09 4e-09 4.3000000000000005e-09 4.8e-09 5.2e-09 6e-09 6.4e-09 7.1e-09 7.2e-09 7.7e-09 8.1e-09 85
2e-10 3e-10 5e-10 9e-10 1.6e-09 1.8e-09 2.3e-09 2.5e-09 3.1e-09 3.5000000000000003e-09 4e-09 4.5e-09 4.7e-09 5.1e-09 5.4e-09 5.9e-09 9.379305499464029e-220 7.1e-09 7.2e-09 85
2e-10 3e-10 5e-10 1.1000000000000001e-09 1.5e-09 2.1e-09 2.5e-09 2.9e-09 3.5000000000000003e-09 3.8e-09 4.5e-09 4.7e-09 5.8e-09 6.4e-09 1.965147439212781e-216 7.4e-09 85
2e-10 3e-10 5e-10 9e-10 1.3e-09 2e-09 2.3e-09 2.9e-09 3.5000000000000003e-09 3.9e-09 7.1e-09 7.2e-09 85
1e-10 3e-10 5e-10 9e-10 1.6e-09 2e-09 2.4e-09 2.7e-09 3.1e-09 3.6e-09 4e-09 4.5e-09 4.9e-09 5.2e-09 5.4e-09 6e-09 6.6e-09 7.1e-09 7.2e-09 7.8e-09 8.1e-09 84
1e-10 3e-10 5e-10 1.6e-09 2.3e-09 2.7e-09 3.2e-09 3.6e-09 4.6e-09 5e-09 5.2e-09 5.4e-09 5.7000000000000006e-09 7.1e-09 7.4e-09 7.9e-09 8.1e-09 84
1e-10 4e-10 6e-10 9e-10 1.6e-09 2e-09 2.1e-09 2.7e-09 3e-09 3.5000000000000003e-09 3.9e-09 4.5e-09 5e-09 7.1e-09 7.2e-09 7.7e-09 84
1e-10 3e-10 5e-10 9e-10 1.5e-09 2e-09 2.1e-09 2.5e-09 3e-09 3.5000000000000003e-09 3.8e-09 4.4000000000000005e-09 4.7e-09 5.1e-09 5.4e-09 5.8e-09 7.1e-09 7.2e-09 85
1e-10 4e-10 5e-10 1.1000000000000001e-09 1.6e-09 2.3e-09 2.7e-09 1.1587222614725495e-218 3.6e-09 3.9e-09 4.5e-09 7.1e-09 7.2e-09 7.8e-09 8.1e-09 84
1e-10 3e-10 5e-10 7.000000000000001e-10 1.6e-09 2e-09 2.3e-09 2.5e-09 3.2e-09 3.5000000000000003e-09 4.2e-09 4.5e-09 4.9e-09 5.2e-09 5.6000000000000005e-09 5.7000000000000006e-09 6.1e-09 7.1e-09 7.2e-09 84
1e-10 3e-10 5e-10 1.1000000000000001e-09 1.6e-09 2e-09 2.1e-09 2.5e-09 1.1587222614725495e-218 3.6e-09 4.2e-09 4.6e-09 5e-09 5.3e-09 5.4e-09 6.1e-09 6.5e-09 7.1e-09 7.2e-09 7.8e-09 84
2e-10 3e-10 5e-10 1.1000000000000001e-09 1.6e-09 2e-09 2.3e-09 2.7e-09 1.1587222614725495e-218 4e-09 4.5e-09 4.9e-09 5.5000000000000004e-09 7.1e-09 7.2e-09 7.9e-09 8.3e-09 84
