1.8579189537008837e+45 2.514468951190124e+71 3.810635207628878e+64 1.769235984198238e+36 8.248951151109908e+47 3.21263693234073e+25 3.4919966655877527e+25 116089395713921.33 1.6626132022699913e+49 739126250.1761618 1.3953665132272863e+27 31503729.475355923 2.6498596842738365e+18 4.286568757768433e+21 5470.634049045011 14487.159088694818 1.2353212063515787e-275 585.8193184685923 305901954.97172344 2.514806870609727e+19 84
9.922609590743276e+22 0.004399037280637036 72568.23373662932 7219604.67143573 1.769235984198238e+36 8.248951151109908e+47 1.6626132022699913e+49 1.2353212063515787e-275 3.2699621109362646e+47 85
1.8579189537008837e+45 2.514468951190124e+71 3.810635207628878e+64 3.218226251034121e+19 1.769235984198238e+36 8.248951151109908e+47 71.24775616576534 1.8609099344558942e+20 53.76640045708378 1.6626132022699913e+49 793.4129506800228 1.3953665132272863e+27 1383305323119.761 476011734765017.94 5470.634049045011 14487.159088694818 202792.27542228517 84
9.922609590743276e+22 2.514468951190124e+71 3.810635207628878e+64 34634.576655725105 5.32076301045092e-276 671.3909147049847 592845138479.8971 3.4919966655877527e+25 6.164065439696914e+17 1.6626132022699913e+49 2222444.349017839 1.3953665132272863e+27 4.500130724803824e+16 476011734765017.94 4.286568757768433e+21 1.2396129981685366e+16 9.044784612532606 179689.35796911345 3.2699621109362646e+47 85
1.8579189537008837e+45 2.514468951190124e+71 3.810635207628878e+64 34634.576655725105 1.769235984198238e+36 8.248951151109908e+47 592845138479.8971 1.8609099344558942e+20 0.379991034673935 1.6626132022699913e+49 793.4129506800228 1.3953665132272863e+27 1383305323119.761 2.6498596842738365e+18 274020493412.34738 6.034126552925012e+22 179689.35796911345 3.2699621109362646e+47 305901954.97172344 84
1.8579189537008837e+45 0.004399037280637036 3.810635207628878e+64 3.345313954634144e-200 1.769235984198238e+36 8.248951151109908e+47 832.116021444902 476011734765017.94 274020493412.34738 179689.35796911345 3.2699621109362646e+47 931292.3329534095 2.514806870609727e+19 84
1.8579189537008837e+45 2.514468951190124e+71 3.810635207628878e+64 3.345313954634144e-200 1.769235984198238e+36 592845138479.8971 3.4919966655877527e+25 116089395713921.33 1.6626132022699913e+49 793.4129506800228 4.404383262573955e+16 1383305323119.761 476011734765017.94 4.286568757768433e+21 5470.634049045011 6.034126552925012e+22 5.152818697293606e+52 3.2699621109362646e+47 931292.3329534095 2.514806870609727e+19 84
1.8579189537008837e+45 0.004399037280637036 72568.23373662932 5.152818697293606e+52 3.2699621109362646e+47 305901954.97172344 84
1.8579189537008837e+45 2.514468951190124e+71 3.810635207628878e+64 0.02639422368382221 1.8609099344558942e+20 415758378523.81464 2222444.349017839 4.404383262573955e+16 4.500130724803824e+16 5.152818697293606e+52 585.8193184685923 202792.27542228517 2.514806870609727e+19 84
9.922609590743276e+22 2.514468951190124e+71 3.810635207628878e+64 3.218226251034121e+19 16445671.499457624 8.248951151109908e+47 592845138479.8971 3.4919966655877527e+25 6.164065439696914e+17 1.6626132022699913e+49 188016.27327393624 1.3953665132272863e+27 4.500130724803824e+16 5470.634049045011 0.0024999983500006797 179689.35796911345 3.2699621109362646e+47 85
1.8579189537008837e+45 0.004399037280637036 72568.23373662932 7219604.67143573 1.769235984198238e+36 8.248951151109908e+47 0.02639422368382221 3.4919966655877527e+25 0.0006890506369287232 415758378523.81464 2222444.349017839 4.404383262573955e+16 17.830355531640272 2.6498596842738365e+18 12258.365382741773 1685208.4065202856 5470.634049045011 5.152818697293606e+52 3.2699621109362646e+47 202792.27542228517 1.6477644879708812e-200 84
1.8579189537008837e+45 2.514468951190124e+71 3.810635207628878e+64 1.769235984198238e+36 3.21263693234073e+25 6.012751117502915e-199 53.76640045708378 1.6626132022699913e+49 793.4129506800228 4.404383262573955e+16 17.830355531640272 2.6498596842738365e+18 4.286568757768433e+21 6.034126552925012e+22 5.152818697293606e+52 585.8193184685923 305901954.97172344 2.514806870609727e+19 84
9.922609590743276e+22 2.514468951190124e+71 3.810635207628878e+64 3.218226251034121e+19 1.769235984198238e+36 8.248951151109908e+47 3.21263693234073e+25 1.8609099344558942e+20 116089395713921.33 832.116021444902 4.500130724803824e+16 476011734765017.94 4.286568757768433e+21 1.2396129981685366e+16 5.152818697293606e+52 585.8193184685923 305901954.97172344 2.514806870609727e+19 85
9.922609590743276e+22 2.514468951190124e+71 3.810635207628878e+64 7219604.67143573 1.769235984198238e+36 8.248951151109908e+47 3.21263693234073e+25 1.8609099344558942e+20 6.164065439696914e+17 415758378523.81464 2222444.349017839 1.3953665132272863e+27 1383305323119.761 476011734765017.94 4.286568757768433e+21 1685208.4065202856 274020493412.34738 6.034126552925012e+22 5.152818697293606e+52 3.2699621109362646e+47 202792.27542228517 2.514806870609727e+19 84
1.8579189537008837e+45 2.514468951190124e+71 3.810635207628878e+64 1.769235984198238e+36 8.248951151109908e+47 3.21263693234073e+25 3.4919966655877527e+25 116089395713921.33 1.6626132022699913e+49 739126250.1761618 1.3953665132272863e+27 31503729.475355923 2.6498596842738365e+18 4.286568757768433e+21 5470.634049045011 14487.159088694818 1.2353212063515787e-275 585.8193184685923 305901954.97172344 2.514806870609727e+19 84
9.922609590743276e+22 2.514468951190124e+71 3.810635207628878e+64 1.769235984198238e+36 8.248951151109908e+47 3.21263693234073e+25 6.012751117502915e-199 116089395713921.33 1.6626132022699913e+49 793.4129506800228 4.404383262573955e+16 17.830355531640272 476011734765017.94 4.286568757768433e+21 5470.634049045011 6.034126552925012e+22 5.152818697293606e+52 3.2699621109362646e+47 84
1.8579189537008837e+45 2.514468951190124e+71 3.810635207628878e+64 34634.576655725105 1.769235984198238e+36 8.248951151109908e+47 3.21263693234073e+25 116089395713921.33 1.6626132022699913e+49 793.4129506800228 0.000364788752329196 17.830355531640272 476011734765017.94 12258.365382741773 1685208.4065202856 274020493412.34738 6.034126552925012e+22 5.152818697293606e+52 3.2699621109362646e+47 931292.3329534095 84
1.8579189537008837e+45 2.514468951190124e+71 3.810635207628878e+64 3.218226251034121e+19 5.32076301045092e-276 8.248951151109908e+47 3.21263693234073e+25 3.4919966655877527e+25 6.164065439696914e+17 1.6626132022699913e+49 793.4129506800228 0.000364788752329196 31503729.475355923 0.05828724396844071 8.169482875835902 1685208.4065202856 5470.634049045011 5.152818697293606e+52 585.8193184685923 305901954.97172344 2.514806870609727e+19 85
1.8579189537008837e+45 2.514468951190124e+71 3.810635207628878e+64 3.218226251034121e+19 12485557.050444331 8.248951151109908e+47 592845138479.8971 3.4919966655877527e+25 4.548911110624114e-198 1.6626132022699913e+49 793.4129506800228 1.3953665132272863e+27 4.500130724803824e+16 476011734765017.94 8.169482875835902 1685208.4065202856 274020493412.34738 5.152818697293606e+52 3.2699621109362646e+47 305901954.97172344 2.514806870609727e+19 84
9.922609590743276e+22 2.514468951190124e+71 3.810635207628878e+64 3.21263693234073e+25 1.8609099344558942e+20 6.164065439696914e+17 1.6626132022699913e+49 21849717627.870163 1.3953665132272863e+27 1383305323119.761 2.6498596842738365e+18 4.286568757768433e+21 1.2396129981685366e+16 6.034126552925012e+22 5.152818697293606e+52 3.2699621109362646e+47 84
1.8579189537008837e+45 2.514468951190124e+71 3.810635207628878e+64 0.0001621295616302878 1.769235984198238e+36 3.21263693234073e+25 1.8609099344558942e+20 0.0006890506369287232 1.6626132022699913e+49 21849717627.870163 4.404383262573955e+16 4.500130724803824e+16 476011734765017.94 8.169482875835902 5470.634049045011 9.044784612532606 5.152818697293606e+52 3.2699621109362646e+47 202792.27542228517 2.514806870609727e+19 84
9.922609590743276e+22 2.514468951190124e+71 3.810635207628878e+64 3.218226251034121e+19 1.769235984198238e+36 592845138479.8971 0.26 116089395713921.33 1.6626132022699913e+49 188016.27327393624 832.116021444902 4.500130724803824e+16 2.6498596842738365e+18 4.286568757768433e+21 274020493412.34738 9.044784612532606 5.152818697293606e+52 585.8193184685923 85
9.922609590743276e+22 2.514468951190124e+71 3.810635207628878e+64 34634.576655725105 12485557.050444331 8.248951151109908e+47 592845138479.8971 3.4919966655877527e+25 116089395713921.33 1.6626132022699913e+49 188016.27327393624 1.3953665132272863e+27 31503729.475355923 274020493412.34738 5.152818697293606e+52 3.2699621109362646e+47 85
1.8579189537008837e+45 0.004399037280637036 72568.23373662932 3.218226251034121e+19 1.769235984198238e+36 8.248951151109908e+47 592845138479.8971 1.8609099344558942e+20 0.379991034673935 1.6626132022699913e+49 2222444.349017839 1.3953665132272863e+27 17.830355531640272 5.152818697293606e+52 3.2699621109362646e+47 931292.3329534095 84
9.922609590743276e+22 2.514468951190124e+71 3.810635207628878e+64 34634.576655725105 12485557.050444331 8.248951151109908e+47 85
1.8579189537008837e+45 2.514468951190124e+71 3.810635207628878e+64 3.218226251034121e+19 12485557.050444331 592845138479.8971 3.4919966655877527e+25 6.164065439696914e+17 1.6626132022699913e+49 188016.27327393624 0.000364788752329196 17.830355531640272 476011734765017.94 12258.365382741773 1.2396129981685366e+16 6.034126552925012e+22 84
1.8579189537008837e+45 2.514468951190124e+71 3.810635207628878e+64 1.769235984198238e+36 8.248951151109908e+47 3.21263693234073e+25 6.164065439696914e+17 1.6626132022699913e+49 4.404383262573955e+16 0.05828724396844071 12258.365382741773 6.034126552925012e+22 5.152818697293606e+52 585.8193184685923 84
1.8579189537008837e+45 2.514468951190124e+71 3.810635207628878e+64 7219604.67143573 1.769235984198238e+36 8.248951151109908e+47 3.21263693234073e+25 3.4919966655877527e+25 53.76640045708378 415758378523.81464 739126250.1761618 1.3953665132272863e+27 31503729.475355923 2.6498596842738365e+18 12258.365382741773 1685208.4065202856 1.2396129981685366e+16 6.034126552925012e+22 5.152818697293606e+52 3.2699621109362646e+47 202792.27542228517 1.6477644879708812e-200 84
1.8579189537008837e+45 2.514468951190124e+71 3.810635207628878e+64 3.218226251034121e+19 1.769235984198238e+36 671.3909147049847 592845138479.8971 3.4919966655877527e+25 0.379991034673935 1.6626132022699913e+49 2222444.349017839 832.116021444902 4.500130724803824e+16 2.6498596842738365e+18 4.286568757768433e+21 274020493412.34738 14487.159088694818 5.152818697293606e+52 585.8193184685923 202792.27542228517 2.514806870609727e+19 84
1.8579189537008837e+45 2.514468951190124e+71 3.810635207628878e+64 7219604.67143573 12485557.050444331 8.248951151109908e+47 592845138479.8971 3.4919966655877527e+25 0.379991034673935 1.6626132022699913e+49 2222444.349017839 1.3953665132272863e+27 31503729.475355923 2.6498596842738365e+18 4.286568757768433e+21 5470.634049045011 14487.159088694818 5.152818697293606e+52 3.2699621109362646e+47 305901954.97172344 84
9.922609590743276e+22 2.514468951190124e+71 3.810635207628878e+64 34634.576655725105 16445671.499457624 8.248951151109908e+47 592845138479.8971 3.4919966655877527e+25 116089395713921.33 1.6626132022699913e+49 832.116021444902 4.500130724803824e+16 274020493412.34738 179689.35796911345 3.2699621109362646e+47 85
1.8579189537008837e+45 2.514468951190124e+71 3.810635207628878e+64 3.218226251034121e+19 1.769235984198238e+36 8.248951151109908e+47 592845138479.8971 116089395713921.33 415758378523.81464 4.404383262573955e+16 17.830355531640272 476011734765017.94 8.169482875835902 1685208.4065202856 6.034126552925012e+22 5.152818697293606e+52 585.8193184685923 84
1.8579189537008837e+45 2.514468951190124e+71 3.810635207628878e+64 34634.576655725105 16445671.499457624 8.248951151109908e+47 3.21263693234073e+25 1.8609099344558942e+20 6.164065439696914e+17 1.6626132022699913e+49 739126250.1761618 1.3953665132272863e+27 31503729.475355923 5470.634049045011 5.152818697293606e+52 585.8193184685923 84
9.922609590743276e+22 2.514468951190124e+71 3.810635207628878e+64 34634.576655725105 1.769235984198238e+36 8.248951151109908e+47 3.21263693234073e+25 3.4919966655877527e+25 6.164065439696914e+17 1.6626132022699913e+49 739126250.1761618 1.3953665132272863e+27 31503729.475355923 2.6498596842738365e+18 8.169482875835902 1685208.4065202856 5.152818697293606e+52 3.2699621109362646e+47 84
1.8579189537008837e+45 2.514468951190124e+71 3.810635207628878e+64 3.218226251034121e+19 16445671.499457624 8.248951151109908e+47 592845138479.8971 0.26 0.379991034673935 1.6626132022699913e+49 2222444.349017839 0.000364788752329196 84
1.8579189537008837e+45 2.514468951190124e+71 72568.23373662932 34634.576655725105 1.769235984198238e+36 8.248951151109908e+47 592845138479.8971 3.4919966655877527e+25 0.379991034673935 1.6626132022699913e+49 2222444.349017839 1.3953665132272863e+27 4.500130724803824e+16 2.6498596842738365e+18 4.286568757768433e+21 0.0011957055170233725 6.034126552925012e+22 5.152818697293606e+52 3.2699621109362646e+47 931292.3329534095 84
1.8579189537008837e+45 2.514468951190124e+71 3.810635207628878e+64 3.218226251034121e+19 16445671.499457624 8.248951151109908e+47 3.21263693234073e+25 1.6626132022699913e+49 188016.27327393624 1.3953665132272863e+27 31503729.475355923 5.152818697293606e+52 0.03284256381662282 931292.3329534095 2.514806870609727e+19 84
9.922609590743276e+22 2.514468951190124e+71 3.810635207628878e+64 34634.576655725105 16445671.499457624 671.3909147049847 3.21263693234073e+25 3.4919966655877527e+25 6.164065439696914e+17 1.6626132022699913e+49 739126250.1761618 832.116021444902 31503729.475355923 476011734765017.94 5470.634049045011 0.0024999983500006797 5.152818697293606e+52 3.2699621109362646e+47 931292.3329534095 2.514806870609727e+19 85
9.922609590743276e+22 2.514468951190124e+71 3.810635207628878e+64 3.218226251034121e+19 1.769235984198238e+36 8.248951151109908e+47 1.8609099344558942e+20 4.548911110624114e-198 415758378523.81464 4.500130724803824e+16 2.6498596842738365e+18 12258.365382741773 6.034126552925012e+22 5.152818697293606e+52 3.2699621109362646e+47 305901954.97172344 2.514806870609727e+19 85
1.8579189537008837e+45 2.514468951190124e+71 3.810635207628878e+64 3.218226251034121e+19 1.769235984198238e+36 8.248951151109908e+47 592845138479.8971 3.4919966655877527e+25 116089395713921.33 1.6626132022699913e+49 739126250.1761618 1.3953665132272863e+27 4.500130724803824e+16 476011734765017.94 4.286568757768433e+21 5470.634049045011 1.2659653992947015e-200 5.152818697293606e+52 585.8193184685923 84
1.8579189537008837e+45 2.514468951190124e+71 3.810635207628878e+64 3.218226251034121e+19 12485557.050444331 8.248951151109908e+47 1.8609099344558942e+20 116089395713921.33 1.6626132022699913e+49 2.6498596842738365e+18 4.286568757768433e+21 274020493412.34738 5.152818697293606e+52 3.2699621109362646e+47 84
1.8579189537008837e+45 2.514468951190124e+71 3.810635207628878e+64 84
9.922609590743276e+22 2.514468951190124e+71 3.810635207628878e+64 7219604.67143573 1.769235984198238e+36 8.248951151109908e+47 592845138479.8971 3.4919966655877527e+25 4.548911110624114e-198 1.6626132022699913e+49 739126250.1761618 1.3953665132272863e+27 31503729.475355923 476011734765017.94 4.286568757768433e+21 5470.634049045011 0.0024999983500006797 5.152818697293606e+52 3.2699621109362646e+47 305901954.97172344 2.514806870609727e+19 85
9.922609590743276e+22 2.514468951190124e+71 3.810635207628878e+64 16445671.499457624 8.248951151109908e+47 592845138479.8971 3.4919966655877527e+25 6.164065439696914e+17 1.6626132022699913e+49 739126250.1761618 1.3953665132272863e+27 4.500130724803824e+16 476011734765017.94 4.286568757768433e+21 9.044784612532606 3.2699621109362646e+47 85
2.514468951190124e+71 3.810635207628878e+64 3.218226251034121e+19 12485557.050444331 8.248951151109908e+47 3.21263693234073e+25 3.4919966655877527e+25 116089395713921.33 1.6626132022699913e+49 793.4129506800228 1.3953665132272863e+27 4.500130724803824e+16 476011734765017.94 4.286568757768433e+21 5470.634049045011 6.034126552925012e+22 5.152818697293606e+52 585.8193184685923 305901954.97172344 2.514806870609727e+19 84
1.8579189537008837e+45 2.514468951190124e+71 3.810635207628878e+64 7219604.67143573 8.248951151109908e+47 3.21263693234073e+25 3.4919966655877527e+25 116089395713921.33 1.6626132022699913e+49 793.4129506800228 4.404383262573955e+16 31503729.475355923 476011734765017.94 179689.35796911345 3.2699621109362646e+47 931292.3329534095 2.514806870609727e+19 84
9.922609590743276e+22 2.514468951190124e+71 72568.23373662932 3.218226251034121e+19 16445671.499457624 8.248951151109908e+47 3.21263693234073e+25 1.8609099344558942e+20 116089395713921.33 415758378523.81464 2222444.349017839 1.3953665132272863e+27 4.500130724803824e+16 476011734765017.94 4.286568757768433e+21 5470.634049045011 179689.35796911345 3.2699621109362646e+47 202792.27542228517 84
1.8579189537008837e+45 2.514468951190124e+71 3.810635207628878e+64 3.345313954634144e-200 1.769235984198238e+36 8.248951151109908e+47 0.02639422368382221 1.8609099344558942e+20 0.0006890506369287232 415758378523.81464 1.3953665132272863e+27 5.152818697293606e+52 84
9.922609590743276e+22 2.514468951190124e+71 3.810635207628878e+64 7219604.67143573 16445671.499457624 592845138479.8971 3.4919966655877527e+25 0.379991034673935 1.6626132022699913e+49 188016.27327393624 1.3953665132272863e+27 31503729.475355923 2.6498596842738365e+18 4.286568757768433e+21 1.2659653992947015e-200 5.152818697293606e+52 3.2699621109362646e+47 931292.3329534095 2.514806870609727e+19 85
1.8579189537008837e+45 2.514468951190124e+71 3.810635207628878e+64 3.218226251034121e+19 1.769235984198238e+36 8.248951151109908e+47 3.21263693234073e+25 53.76640045708378 415758378523.81464 21849717627.870163 4.404383262573955e+16 17.830355531640272 476011734765017.94 12258.365382741773 1.2396129981685366e+16 6.034126552925012e+22 5.152818697293606e+52 3.2699621109362646e+47 84
9.922609590743276e+22 2.514468951190124e+71 3.810635207628878e+64 3.218226251034121e+19 16445671.499457624 8.248951151109908e+47 592845138479.8971 3.4919966655877527e+25 6.164065439696914e+17 1.6626132022699913e+49 188016.27327393624 832.116021444902 4.500130724803824e+16 274020493412.34738 9.044784612532606 5.152818697293606e+52 3.2699621109362646e+47 85
9.922609590743276e+22 2.514468951190124e+71 3.810635207628878e+64 3.218226251034121e+19 12485557.050444331 0.19 6.164065439696914e+17 1.6626132022699913e+49 739126250.1761618 31503729.475355923 2.6498596842738365e+18 8.169482875835902 1685208.4065202856 274020493412.34738 179689.35796911345 3.2699621109362646e+47 85
9.922609590743276e+22 2.514468951190124e+71 3.810635207628878e+64 3.218226251034121e+19 1.769235984198238e+36 8.248951151109908e+47 71.24775616576534 3.4919966655877527e+25 0.379991034673935 1.6626132022699913e+49 188016.27327393624 1.3953665132272863e+27 4.500130724803824e+16 2.6498596842738365e+18 4.286568757768433e+21 5.152818697293606e+52 585.8193184685923 85
1.8579189537008837e+45 2.514468951190124e+71 3.810635207628878e+64 1.769235984198238e+36 3.21263693234073e+25 6.012751117502915e-199 53.76640045708378 1.6626132022699913e+49 793.4129506800228 4.404383262573955e+16 17.830355531640272 2.6498596842738365e+18 4.286568757768433e+21 6.034126552925012e+22 5.152818697293606e+52 585.8193184685923 305901954.97172344 2.514806870609727e+19 84
1.8579189537008837e+45 2.514468951190124e+71 3.810635207628878e+64 34634.576655725105 12485557.050444331 671.3909147049847 592845138479.8971 116089395713921.33 1.6626132022699913e+49 739126250.1761618 832.116021444902 1383305323119.761 476011734765017.94 4.286568757768433e+21 5470.634049045011 0.0024999983500006797 5.152818697293606e+52 3.2699621109362646e+47 305901954.97172344 84
9.922609590743276e+22 2.514468951190124e+71 3.810635207628878e+64 7219604.67143573 16445671.499457624 0.19 3.21263693234073e+25 3.4919966655877527e+25 6.164065439696914e+17 1.6626132022699913e+49 2222444.349017839 1.3953665132272863e+27 31503729.475355923 1.2659653992947015e-200 179689.35796911345 585.8193184685923 85
1.8579189537008837e+45 2.514468951190124e+71 3.810635207628878e+64 3.218226251034121e+19 1.769235984198238e+36 671.3909147049847 592845138479.8971 3.4919966655877527e+25 0.379991034673935 1.6626132022699913e+49 2222444.349017839 832.116021444902 4.500130724803824e+16 2.6498596842738365e+18 4.286568757768433e+21 274020493412.34738 14487.159088694818 5.152818697293606e+52 585.8193184685923 202792.27542228517 2.514806870609727e+19 84
1.8579189537008837e+45 2.514468951190124e+71 3.810635207628878e+64 3.218226251034121e+19 5.32076301045092e-276 8.248951151109908e+47 3.21263693234073e+25 3.4919966655877527e+25 6.164065439696914e+17 1.6626132022699913e+49 793.4129506800228 0.000364788752329196 31503729.475355923 0.05828724396844071 8.169482875835902 1685208.4065202856 5470.634049045011 5.152818697293606e+52 585.8193184685923 305901954.97172344 2.514806870609727e+19 85
1.8579189537008837e+45 2.514468951190124e+71 3.810635207628878e+64 1.769235984198238e+36 3.21263693234073e+25 1.8609099344558942e+20 0.0006890506369287232 415758378523.81464 21849717627.870163 1.3953665132272863e+27 1383305323119.761 2.6498596842738365e+18 8.169482875835902 1.2396129981685366e+16 6.034126552925012e+22 5.152818697293606e+52 3.2699621109362646e+47 202792.27542228517 84
9.922609590743276e+22 0.004399037280637036 72568.23373662932 3.218226251034121e+19 1.769235984198238e+36 8.248951151109908e+47 592845138479.8971 3.4919966655877527e+25 0.379991034673935 1.6626132022699913e+49 188016.27327393624 1.3953665132272863e+27 31503729.475355923 0.05828724396844071 1685208.4065202856 274020493412.34738 9.044784612532606 5.152818697293606e+52 3.2699621109362646e+47 931292.3329534095 85
9.922609590743276e+22 2.514468951190124e+71 3.810635207628878e+64 34634.576655725105 16445671.499457624 671.3909147049847 3.21263693234073e+25 3.4919966655877527e+25 6.164065439696914e+17 1.6626132022699913e+49 739126250.1761618 832.116021444902 31503729.475355923 476011734765017.94 5470.634049045011 0.0024999983500006797 5.152818697293606e+52 3.2699621109362646e+47 931292.3329534095 2.514806870609727e+19 85
1.8579189537008837e+45 2.514468951190124e+71 72568.23373662932 34634.576655725105 16445671.499457624 592845138479.8971 3.4919966655877527e+25 6.164065439696914e+17 1.6626132022699913e+49 188016.27327393624 832.116021444902 4.500130724803824e+16 274020493412.34738 9.044784612532606 305901954.97172344 2.514806870609727e+19 84
2.514468951190124e+71 3.810635207628878e+64 3.218226251034121e+19 1.769235984198238e+36 8.248951151109908e+47 3.4919966655877527e+25 53.76640045708378 415758378523.81464 2222444.349017839 6.034126552925012e+22 84
9.922609590743276e+22 2.514468951190124e+71 3.810635207628878e+64 34634.576655725105 1.769235984198238e+36 8.248951151109908e+47 3.21263693234073e+25 3.4919966655877527e+25 6.164065439696914e+17 1.6626132022699913e+49 739126250.1761618 1.3953665132272863e+27 31503729.475355923 2.6498596842738365e+18 8.169482875835902 1685208.4065202856 5.152818697293606e+52 3.2699621109362646e+47 84
9.922609590743276e+22 2.514468951190124e+71 3.810635207628878e+64 34634.576655725105 1.769235984198238e+36 3.21263693234073e+25 1.8609099344558942e+20 116089395713921.33 1.6626132022699913e+49 739126250.1761618 1.3953665132272863e+27 31503729.475355923 476011734765017.94 8.169482875835902 14487.159088694818 5.152818697293606e+52 3.2699621109362646e+47 202792.27542228517 2.514806870609727e+19 84
1.8579189537008837e+45 2.514468951190124e+71 3.810635207628878e+64 34634.576655725105 1.769235984198238e+36 8.248951151109908e+47 592845138479.8971 1.8609099344558942e+20 0.379991034673935 1.6626132022699913e+49 793.4129506800228 1.3953665132272863e+27 1383305323119.761 2.6498596842738365e+18 274020493412.34738 6.034126552925012e+22 179689.35796911345 3.2699621109362646e+47 305901954.97172344 84
1.8579189537008837e+45 2.514468951190124e+71 3.810635207628878e+64 16445671.499457624 71.24775616576534 3.4919966655877527e+25 6.164065439696914e+17 1.6626132022699913e+49 188016.27327393624 1.3953665132272863e+27 4.500130724803824e+16 2.6498596842738365e+18 4.286568757768433e+21 6.034126552925012e+22 5.152818697293606e+52 3.2699621109362646e+47 84
9.922609590743276e+22 2.514468951190124e+71 72568.23373662932 3.218226251034121e+19 16445671.499457624 8.248951151109908e+47 3.21263693234073e+25 1.8609099344558942e+20 116089395713921.33 415758378523.81464 2222444.349017839 1.3953665132272863e+27 4.500130724803824e+16 476011734765017.94 4.286568757768433e+21 5470.634049045011 179689.35796911345 3.2699621109362646e+47 202792.27542228517 84
1.8579189537008837e+45 2.514468951190124e+71 3.810635207628878e+64 7219604.67143573 1.769235984198238e+36 8.248951151109908e+47 0.02639422368382221 1.8609099344558942e+20 4.548911110624114e-198 415758378523.81464 2222444.349017839 1.3953665132272863e+27 1383305323119.761 2.6498596842738365e+18 8.169482875835902 14487.159088694818 5.152818697293606e+52 3.2699621109362646e+47 202792.27542228517 84
9.922609590743276e+22 2.514468951190124e+71 3.810635207628878e+64 3.218226251034121e+19 12485557.050444331 8.248951151109908e+47 592845138479.8971 3.4919966655877527e+25 6.164065439696914e+17 1.6626132022699913e+49 832.116021444902 4.500130724803824e+16 476011734765017.94 4.286568757768433e+21 1.2396129981685366e+16 0.0024999983500006797 5.152818697293606e+52 3.2699621109362646e+47 85
9.922609590743276e+22 2.514468951190124e+71 3.810635207628878e+64 34634.576655725105 16445671.499457624 671.3909147049847 3.21263693234073e+25 3.4919966655877527e+25 6.164065439696914e+17 1.6626132022699913e+49 739126250.1761618 832.116021444902 31503729.475355923 476011734765017.94 5470.634049045011 0.0024999983500006797 5.152818697293606e+52 3.2699621109362646e+47 931292.3329534095 2.514806870609727e+19 85
9.922609590743276e+22 2.514468951190124e+71 3.810635207628878e+64 3.218226251034121e+19 16445671.499457624 8.248951151109908e+47 592845138479.8971 3.4919966655877527e+25 6.164065439696914e+17 1.6626132022699913e+49 188016.27327393624 832.116021444902 4.500130724803824e+16 274020493412.34738 9.044784612532606 5.152818697293606e+52 3.2699621109362646e+47 85
9.922609590743276e+22 2.514468951190124e+71 3.810635207628878e+64 3.218226251034121e+19 16445671.499457624 671.3909147049847 592845138479.8971 3.4919966655877527e+25 6.164065439696914e+17 1.6626132022699913e+49 188016.27327393624 832.116021444902 4.500130724803824e+16 5.152818697293606e+52 0.03284256381662282 85
1.8579189537008837e+45 2.514468951190124e+71 3.810635207628878e+64 3.218226251034121e+19 1.769235984198238e+36 8.248951151109908e+47 592845138479.8971 116089395713921.33 415758378523.81464 4.404383262573955e+16 17.830355531640272 476011734765017.94 8.169482875835902 1685208.4065202856 6.034126552925012e+22 5.152818697293606e+52 585.8193184685923 84
1.8579189537008837e+45 2.514468951190124e+71 3.810635207628878e+64 3.218226251034121e+19 1.769235984198238e+36 8.248951151109908e+47 3.21263693234073e+25 1.8609099344558942e+20 116089395713921.33 1.6626132022699913e+49 1685208.4065202856 5.152818697293606e+52 3.2699621109362646e+47 2.514806870609727e+19 84
9.922609590743276e+22 2.514468951190124e+71 3.810635207628878e+64 3.218226251034121e+19 16445671.499457624 8.248951151109908e+47 6.164065439696914e+17 1.6626132022699913e+49 1.2353212063515787e-275 3.2699621109362646e+47 84
1.8579189537008837e+45 2.514468951190124e+71 3.810635207628878e+64 34634.576655725105 1.769235984198238e+36 8.248951151109908e+47 71.24775616576534 53.76640045708378 1.6626132022699913e+49 739126250.1761618 1383305323119.761 12258.365382741773 1685208.4065202856 5470.634049045011 14487.159088694818 5.152818697293606e+52 3.2699621109362646e+47 305901954.97172344 84
9.922609590743276e+22 2.514468951190124e+71 3.810635207628878e+64 7219604.67143573 1.769235984198238e+36 8.248951151109908e+47 3.21263693234073e+25 1.8609099344558942e+20 6.164065439696914e+17 415758378523.81464 2222444.349017839 1.3953665132272863e+27 1383305323119.761 476011734765017.94 4.286568757768433e+21 1685208.4065202856 274020493412.34738 6.034126552925012e+22 5.152818697293606e+52 3.2699621109362646e+47 202792.27542228517 2.514806870609727e+19 84
9.922609590743276e+22 2.514468951190124e+71 3.810635207628878e+64 3.218226251034121e+19 1.769235984198238e+36 671.3909147049847 3.21263693234073e+25 3.4919966655877527e+25 116089395713921.33 1.6626132022699913e+49 739126250.1761618 1.3953665132272863e+27 4.500130724803824e+16 2.6498596842738365e+18 4.286568757768433e+21 0.0011957055170233725 1.2659653992947015e-200 5.152818697293606e+52 3.2699621109362646e+47 85
9.922609590743276e+22 2.514468951190124e+71 3.810635207628878e+64 34634.576655725105 16445671.499457624 671.3909147049847 3.21263693234073e+25 3.4919966655877527e+25 6.164065439696914e+17 1.6626132022699913e+49 739126250.1761618 832.116021444902 31503729.475355923 476011734765017.94 5470.634049045011 0.0024999983500006797 5.152818697293606e+52 3.2699621109362646e+47 931292.3329534095 2.514806870609727e+19 85
9.922609590743276e+22 2.514468951190124e+71 3.810635207628878e+64 1.769235984198238e+36 8.248951151109908e+47 3.21263693234073e+25 3.4919966655877527e+25 6.164065439696914e+17 1.6626132022699913e+49 739126250.1761618 1.3953665132272863e+27 4.500130724803824e+16 476011734765017.94 4.286568757768433e+21 274020493412.34738 5.152818697293606e+52 3.2699621109362646e+47 84
1.8579189537008837e+45 2.514468951190124e+71 3.810635207628878e+64 3.218226251034121e+19 1.769235984198238e+36 8.248951151109908e+47 592845138479.8971 3.4919966655877527e+25 116089395713921.33 1.6626132022699913e+49 793.4129506800228 4.404383262573955e+16 1383305323119.761 476011734765017.94 4.286568757768433e+21 1.2396129981685366e+16 14487.159088694818 5.152818697293606e+52 3.2699621109362646e+47 931292.3329534095 2.514806870609727e+19 84
1.8579189537008837e+45 2.514468951190124e+71 3.810635207628878e+64 7219604.67143573 12485557.050444331 671.3909147049847 6.164065439696914e+17 188016.27327393624 832.116021444902 179689.35796911345 585.8193184685923 85
1.8579189537008837e+45 2.514468951190124e+71 3.810635207628878e+64 7219604.67143573 1.769235984198238e+36 8.248951151109908e+47 0.02639422368382221 1.8609099344558942e+20 0.379991034673935 415758378523.81464 793.4129506800228 4.404383262573955e+16 17.830355531640272 1.2396129981685366e+16 6.034126552925012e+22 5.152818697293606e+52 585.8193184685923 202792.27542228517 2.514806870609727e+19 84
9.922609590743276e+22 2.514468951190124e+71 3.810635207628878e+64 3.345313954634144e-200 1.769235984198238e+36 3.21263693234073e+25 1.8609099344558942e+20 4.548911110624114e-198 415758378523.81464 793.4129506800228 1.3953665132272863e+27 17.830355531640272 476011734765017.94 4.286568757768433e+21 1.2396129981685366e+16 6.034126552925012e+22 85
1.8579189537008837e+45 2.514468951190124e+71 3.810635207628878e+64 3.218226251034121e+19 1.769235984198238e+36 8.248951151109908e+47 3.21263693234073e+25 1.8609099344558942e+20 53.76640045708378 1.6626132022699913e+49 21849717627.870163 4.404383262573955e+16 1383305323119.761 476011734765017.94 4.286568757768433e+21 5470.634049045011 14487.159088694818 5.152818697293606e+52 3.2699621109362646e+47 84
1.8579189537008837e+45 2.514468951190124e+71 3.810635207628878e+64 3.218226251034121e+19 1.769235984198238e+36 8.248951151109908e+47 592845138479.8971 3.4919966655877527e+25 6.164065439696914e+17 1.6626132022699913e+49 739126250.1761618 832.116021444902 1.2396129981685366e+16 14487.159088694818 5.152818697293606e+52 3.2699621109362646e+47 305901954.97172344 0.007925401983902885 84
1.8579189537008837e+45 2.514468951190124e+71 3.810635207628878e+64 3.218226251034121e+19 16445671.499457624 8.248951151109908e+47 0.02639422368382221 3.4919966655877527e+25 6.164065439696914e+17 1.6626132022699913e+49 739126250.1761618 1.3953665132272863e+27 31503729.475355923 476011734765017.94 12258.365382741773 1.2396129981685366e+16 14487.159088694818 5.152818697293606e+52 3.2699621109362646e+47 84
9.922609590743276e+22 2.514468951190124e+71 3.810635207628878e+64 34634.576655725105 12485557.050444331 8.248951151109908e+47 0.02639422368382221 3.4919966655877527e+25 116089395713921.33 1.6626132022699913e+49 0.000364788752329196 4.500130724803824e+16 2.6498596842738365e+18 4.286568757768433e+21 274020493412.34738 9.044784612532606 5.152818697293606e+52 3.2699621109362646e+47 85
9.922609590743276e+22 2.514468951190124e+71 3.810635207628878e+64 16445671.499457624 8.248951151109908e+47 1.6626132022699913e+49 5.152818697293606e+52 3.2699621109362646e+47 305901954.97172344 2.514806870609727e+19 84
1.8579189537008837e+45 2.514468951190124e+71 3.810635207628878e+64 1.769235984198238e+36 3.21263693234073e+25 1.6626132022699913e+49 4.404383262573955e+16 31503729.475355923 476011734765017.94 4.286568757768433e+21 5470.634049045011 14487.159088694818 5.152818697293606e+52 3.2699621109362646e+47 84
1.8579189537008837e+45 2.514468951190124e+71 3.810635207628878e+64 3.218226251034121e+19 12485557.050444331 8.248951151109908e+47 592845138479.8971 3.4919966655877527e+25 6.164065439696914e+17 1.6626132022699913e+49 739126250.1761618 1.3953665132272863e+27 1383305323119.761 2.6498596842738365e+18 4.286568757768433e+21 5470.634049045011 6.034126552925012e+22 5.152818697293606e+52 3.2699621109362646e+47 84
1.8579189537008837e+45 2.514468951190124e+71 3.810635207628878e+64 3.218226251034121e+19 1.769235984198238e+36 671.3909147049847 3.21263693234073e+25 1.8609099344558942e+20 116089395713921.33 1.6626132022699913e+49 4.404383262573955e+16 1383305323119.761 0.05828724396844071 12258.365382741773 1685208.4065202856 5.152818697293606e+52 585.8193184685923 84
1.8579189537008837e+45 2.514468951190124e+71 3.810635207628878e+64 7219604.67143573 1.769235984198238e+36 8.248951151109908e+47 53.76640045708378 1.6626132022699913e+49 739126250.1761618 4.404383262573955e+16 31503729.475355923 1.2396129981685366e+16 1.2659653992947015e-200 5.152818697293606e+52 8.752186575808528e-273 305901954.97172344 2.514806870609727e+19 85
1.8579189537008837e+45 0.004399037280637036 72568.23373662932 5.152818697293606e+52 3.2699621109362646e+47 84
1.8579189537008837e+45 2.514468951190124e+71 3.810635207628878e+64 3.218226251034121e+19 12485557.050444331 8.248951151109908e+47 592845138479.8971 3.4919966655877527e+25 6.164065439696914e+17 1.6626132022699913e+49 739126250.1761618 1.3953665132272863e+27 1383305323119.761 2.6498596842738365e+18 12258.365382741773 1.2396129981685366e+16 5.152818697293606e+52 585.8193184685923 931292.3329534095 2.514806870609727e+19 84
9.922609590743276e+22 2.514468951190124e+71 3.810635207628878e+64 3.218226251034121e+19 12485557.050444331 8.248951151109908e+47 3.21263693234073e+25 1.8609099344558942e+20 53.76640045708378 1.6626132022699913e+49 188016.27327393624 4.404383262573955e+16 31503729.475355923 476011734765017.94 1685208.4065202856 1.2659653992947015e-200 5.152818697293606e+52 3.2699621109362646e+47 931292.3329534095 85
1.8579189537008837e+45 2.514468951190124e+71 3.810635207628878e+64 3.218226251034121e+19 1.769235984198238e+36 8.248951151109908e+47 3.21263693234073e+25 1.8609099344558942e+20 4.548911110624114e-198 415758378523.81464 1.3953665132272863e+27 1383305323119.761 476011734765017.94 8.169482875835902 1.2396129981685366e+16 6.034126552925012e+22 5.152818697293606e+52 8.752186575808528e-273 84
1.8579189537008837e+45 2.514468951190124e+71 3.810635207628878e+64 1.2353212063515787e-275 3.2699621109362646e+47 84
1.8579189537008837e+45 2.514468951190124e+71 3.810635207628878e+64 1.769235984198238e+36 8.248951151109908e+47 0.02639422368382221 1.8609099344558942e+20 53.76640045708378 415758378523.81464 21849717627.870163 4.404383262573955e+16 4.286568757768433e+21 1.2396129981685366e+16 6.034126552925012e+22 84
1.8579189537008837e+45 2.514468951190124e+71 3.810635207628878e+64 1.769235984198238e+36 8.248951151109908e+47 3.21263693234073e+25 1.8609099344558942e+20 53.76640045708378 415758378523.81464 21849717627.870163 4.404383262573955e+16 17.830355531640272 0.05828724396844071 8.169482875835902 1.2396129981685366e+16 14487.159088694818 5.152818697293606e+52 3.2699621109362646e+47 84
9.922609590743276e+22 0.004399037280637036 72568.23373662932 7219604.67143573 1.769235984198238e+36 8.248951151109908e+47 1.6626132022699913e+49 1.2353212063515787e-275 3.2699621109362646e+47 85
1.8579189537008837e+45 2.514468951190124e+71 3.810635207628878e+64 34634.576655725105 1.769235984198238e+36 8.248951151109908e+47 71.24775616576534 1.8609099344558942e+20 116089395713921.33 1.6626132022699913e+49 793.4129506800228 1.3953665132272863e+27 1383305323119.761 179689.35796911345 3.2699621109362646e+47 931292.3329534095 84
9.922609590743276e+22 2.514468951190124e+71 3.810635207628878e+64 16445671.499457624 8.248951151109908e+47 592845138479.8971 3.4919966655877527e+25 6.164065439696914e+17 1.6626132022699913e+49 739126250.1761618 1.3953665132272863e+27 4.500130724803824e+16 476011734765017.94 4.286568757768433e+21 9.044784612532606 3.2699621109362646e+47 85
1.8579189537008837e+45 2.514468951190124e+71 3.810635207628878e+64 1.769235984198238e+36 8.248951151109908e+47 415758378523.81464 21849717627.870163 17.830355531640272 0.05828724396844071 4.286568757768433e+21 6.034126552925012e+22 84
9.922609590743276e+22 2.514468951190124e+71 3.810635207628878e+64 34634.576655725105 5.32076301045092e-276 671.3909147049847 592845138479.8971 3.4919966655877527e+25 6.164065439696914e+17 1.6626132022699913e+49 2222444.349017839 1.3953665132272863e+27 4.500130724803824e+16 476011734765017.94 4.286568757768433e+21 1.2396129981685366e+16 9.044784612532606 179689.35796911345 3.2699621109362646e+47 85
1.8579189537008837e+45 2.514468951190124e+71 3.810635207628878e+64 1.769235984198238e+36 3.21263693234073e+25 1.8609099344558942e+20 0.0006890506369287232 415758378523.81464 21849717627.870163 1.3953665132272863e+27 1383305323119.761 2.6498596842738365e+18 8.169482875835902 1.2396129981685366e+16 6.034126552925012e+22 5.152818697293606e+52 3.2699621109362646e+47 202792.27542228517 84
9.922609590743276e+22 2.514468951190124e+71 3.810635207628878e+64 3.218226251034121e+19 16445671.499457624 8.248951151109908e+47 6.164065439696914e+17 1.6626132022699913e+49 1.2353212063515787e-275 3.2699621109362646e+47 84
9.922609590743276e+22 2.514468951190124e+71 3.810635207628878e+64 34634.576655725105 12485557.050444331 8.248951151109908e+47 0.02639422368382221 3.4919966655877527e+25 116089395713921.33 1.6626132022699913e+49 0.000364788752329196 4.500130724803824e+16 2.6498596842738365e+18 4.286568757768433e+21 274020493412.34738 9.044784612532606 5.152818697293606e+52 3.2699621109362646e+47 85
9.922609590743276e+22 2.514468951190124e+71 3.810635207628878e+64 1.769235984198238e+36 8.248951151109908e+47 3.21263693234073e+25 6.012751117502915e-199 116089395713921.33 1.6626132022699913e+49 793.4129506800228 4.404383262573955e+16 17.830355531640272 476011734765017.94 4.286568757768433e+21 5470.634049045011 6.034126552925012e+22 5.152818697293606e+52 3.2699621109362646e+47 84
1.8579189537008837e+45 2.514468951190124e+71 3.810635207628878e+64 3.218226251034121e+19 1.769235984198238e+36 8.248951151109908e+47 179689.35796911345 3.2699621109362646e+47 84
1.8579189537008837e+45 2.514468951190124e+71 3.810635207628878e+64 3.218226251034121e+19 1.769235984198238e+36 671.3909147049847 3.21263693234073e+25 1.8609099344558942e+20 4.548911110624114e-198 1.6626132022699913e+49 739126250.1761618 1.3953665132272863e+27 4.500130724803824e+16 476011734765017.94 4.286568757768433e+21 1685208.4065202856 0.0011957055170233725 6.034126552925012e+22 5.152818697293606e+52 3.2699621109362646e+47 305901954.97172344 2.514806870609727e+19 84
1.8579189537008837e+45 2.514468951190124e+71 3.810635207628878e+64 3.218226251034121e+19 1.769235984198238e+36 8.248951151109908e+47 3.21263693234073e+25 53.76640045708378 415758378523.81464 21849717627.870163 4.404383262573955e+16 17.830355531640272 476011734765017.94 12258.365382741773 1.2396129981685366e+16 6.034126552925012e+22 5.152818697293606e+52 3.2699621109362646e+47 84
1.8579189537008837e+45 2.514468951190124e+71 3.810635207628878e+64 7219604.67143573 1.769235984198238e+36 8.248951151109908e+47 3.21263693234073e+25 3.4919966655877527e+25 53.76640045708378 415758378523.81464 739126250.1761618 1.3953665132272863e+27 31503729.475355923 2.6498596842738365e+18 12258.365382741773 1685208.4065202856 1.2396129981685366e+16 6.034126552925012e+22 5.152818697293606e+52 3.2699621109362646e+47 202792.27542228517 1.6477644879708812e-200 84
9.922609590743276e+22 2.514468951190124e+71 3.810635207628878e+64 3.218226251034121e+19 12485557.050444331 8.248951151109908e+47 592845138479.8971 6.164065439696914e+17 1.6626132022699913e+49 188016.27327393624 1.3953665132272863e+27 4.500130724803824e+16 476011734765017.94 8.169482875835902 1685208.4065202856 1.2396129981685366e+16 0.0024999983500006797 5.152818697293606e+52 3.2699621109362646e+47 85
1.8579189537008837e+45 2.514468951190124e+71 3.810635207628878e+64 3.218226251034121e+19 1.769235984198238e+36 8.248951151109908e+47 3.21263693234073e+25 3.4919966655877527e+25 4.548911110624114e-198 415758378523.81464 793.4129506800228 1.3953665132272863e+27 1383305323119.761 476011734765017.94 8.169482875835902 1685208.4065202856 1.2396129981685366e+16 14487.159088694818 5.152818697293606e+52 3.2699621109362646e+47 202792.27542228517 84
1.8579189537008837e+45 2.514468951190124e+71 3.810635207628878e+64 7219604.67143573 1.769235984198238e+36 8.248951151109908e+47 592845138479.8971 3.4919966655877527e+25 4.548911110624114e-198 415758378523.81464 21849717627.870163 4.404383262573955e+16 17.830355531640272 0.05828724396844071 4.286568757768433e+21 1.2396129981685366e+16 14487.159088694818 5.152818697293606e+52 3.2699621109362646e+47 305901954.97172344 84
9.922609590743276e+22 2.514468951190124e+71 3.810635207628878e+64 85
9.922609590743276e+22 2.514468951190124e+71 3.810635207628878e+64 7219604.67143573 1.769235984198238e+36 8.248951151109908e+47 3.21263693234073e+25 1.8609099344558942e+20 4.548911110624114e-198 739126250.1761618 1.3953665132272863e+27 1383305323119.761 12258.365382741773 5.152818697293606e+52 3.2699621109362646e+47 202792.27542228517 0.007925401983902885 84
1.8579189537008837e+45 2.514468951190124e+71 3.810635207628878e+64 3.218226251034121e+19 1.769235984198238e+36 8.248951151109908e+47 0.02639422368382221 1.8609099344558942e+20 53.76640045708378 1.6626132022699913e+49 2222444.349017839 4.404383262573955e+16 17.830355531640272 2.6498596842738365e+18 4.286568757768433e+21 1.2396129981685366e+16 6.034126552925012e+22 5.152818697293606e+52 3.2699621109362646e+47 931292.3329534095 0.007925401983902885 84
9.922609590743276e+22 2.514468951190124e+71 3.810635207628878e+64 3.218226251034121e+19 12485557.050444331 8.248951151109908e+47 71.24775616576534 3.4919966655877527e+25 6.164065439696914e+17 1.6626132022699913e+49 188016.27327393624 31503729.475355923 476011734765017.94 4.286568757768433e+21 1.2659653992947015e-200 5.152818697293606e+52 3.2699621109362646e+47 85
1.8579189537008837e+45 0.004399037280637036 72568.23373662932 5.152818697293606e+52 3.2699621109362646e+47 84
9.922609590743276e+22 2.514468951190124e+71 3.810635207628878e+64 7219604.67143573 1.769235984198238e+36 8.248951151109908e+47 3.21263693234073e+25 1.8609099344558942e+20 4.548911110624114e-198 739126250.1761618 1.3953665132272863e+27 1383305323119.761 12258.365382741773 5.152818697293606e+52 3.2699621109362646e+47 202792.27542228517 0.007925401983902885 84
9.922609590743276e+22 2.514468951190124e+71 3.810635207628878e+64 3.345313954634144e-200 1.769235984198238e+36 8.248951151109908e+47 3.21263693234073e+25 3.4919966655877527e+25 0.379991034673935 1.6626132022699913e+49 2222444.349017839 832.116021444902 31503729.475355923 5470.634049045011 1.2659653992947015e-200 5.152818697293606e+52 0.03284256381662282 85
1.8579189537008837e+45 2.514468951190124e+71 3.810635207628878e+64 7219604.67143573 12485557.050444331 0.19 592845138479.8971 3.4919966655877527e+25 6.164065439696914e+17 1.6626132022699913e+49 739126250.1761618 832.116021444902 4.500130724803824e+16 2.6498596842738365e+18 4.286568757768433e+21 5470.634049045011 6.034126552925012e+22 5.152818697293606e+52 0.03284256381662282 84
9.922609590743276e+22 2.514468951190124e+71 3.810635207628878e+64 3.218226251034121e+19 1.769235984198238e+36 8.248951151109908e+47 3.21263693234073e+25 0.26 0.379991034673935 1.6626132022699913e+49 739126250.1761618 0.000364788752329196 4.500130724803824e+16 476011734765017.94 12258.365382741773 274020493412.34738 9.044784612532606 5.152818697293606e+52 3.2699621109362646e+47 85
1.8579189537008837e+45 2.514468951190124e+71 3.810635207628878e+64 34634.576655725105 1.769235984198238e+36 8.248951151109908e+47 3.21263693234073e+25 1.8609099344558942e+20 53.76640045708378 415758378523.81464 793.4129506800228 4.404383262573955e+16 476011734765017.94 4.286568757768433e+21 6.034126552925012e+22 5.152818697293606e+52 585.8193184685923 202792.27542228517 2.514806870609727e+19 84
1.8579189537008837e+45 2.514468951190124e+71 3.810635207628878e+64 34634.576655725105 1.769235984198238e+36 8.248951151109908e+47 3.21263693234073e+25 3.4919966655877527e+25 53.76640045708378 1.6626132022699913e+49 21849717627.870163 1.3953665132272863e+27 1383305323119.761 476011734765017.94 8.169482875835902 1685208.4065202856 1.2396129981685366e+16 5.152818697293606e+52 3.2699621109362646e+47 84
1.8579189537008837e+45 2.514468951190124e+71 72568.23373662932 3.218226251034121e+19 1.769235984198238e+36 8.248951151109908e+47 415758378523.81464 5.152818697293606e+52 3.2699621109362646e+47 84
1.8579189537008837e+45 2.514468951190124e+71 3.810635207628878e+64 1.769235984198238e+36 8.248951151109908e+47 3.21263693234073e+25 1.8609099344558942e+20 53.76640045708378 415758378523.81464 21849717627.870163 4.404383262573955e+16 17.830355531640272 0.05828724396844071 8.169482875835902 1.2396129981685366e+16 14487.159088694818 5.152818697293606e+52 3.2699621109362646e+47 84
1.8579189537008837e+45 0.004399037280637036 3.810635207628878e+64 3.218226251034121e+19 1.769235984198238e+36 8.248951151109908e+47 1.8609099344558942e+20 1.6626132022699913e+49 2222444.349017839 4.404383262573955e+16 5.152818697293606e+52 585.8193184685923 84
9.922609590743276e+22 2.514468951190124e+71 3.810635207628878e+64 7219604.67143573 1.769235984198238e+36 3.21263693234073e+25 1.8609099344558942e+20 4.548911110624114e-198 1.6626132022699913e+49 2222444.349017839 1.3953665132272863e+27 4.500130724803824e+16 2.6498596842738365e+18 4.286568757768433e+21 1.2396129981685366e+16 9.044784612532606 5.152818697293606e+52 3.2699621109362646e+47 84
1.8579189537008837e+45 2.514468951190124e+71 3.810635207628878e+64 3.218226251034121e+19 12485557.050444331 8.248951151109908e+47 3.4919966655877527e+25 6.164065439696914e+17 1.6626132022699913e+49 739126250.1761618 0.000364788752329196 31503729.475355923 5470.634049045011 5.152818697293606e+52 3.2699621109362646e+47 931292.3329534095 1.6477644879708812e-200 84
9.922609590743276e+22 2.514468951190124e+71 3.810635207628878e+64 34634.576655725105 1.769235984198238e+36 8.248951151109908e+47 3.21263693234073e+25 0.26 53.76640045708378 415758378523.81464 793.4129506800228 1.3953665132272863e+27 1383305323119.761 0.05828724396844071 4.286568757768433e+21 1.2396129981685366e+16 14487.159088694818 5.152818697293606e+52 202792.27542228517 2.514806870609727e+19 84
1.8579189537008837e+45 2.514468951190124e+71 3.810635207628878e+64 3.218226251034121e+19 1.769235984198238e+36 671.3909147049847 3.21263693234073e+25 1.8609099344558942e+20 116089395713921.33 1.6626132022699913e+49 4.404383262573955e+16 1383305323119.761 0.05828724396844071 12258.365382741773 1685208.4065202856 5.152818697293606e+52 585.8193184685923 84
9.922609590743276e+22 2.514468951190124e+71 3.810635207628878e+64 7219604.67143573 12485557.050444331 8.248951151109908e+47 592845138479.8971 3.4919966655877527e+25 116089395713921.33 1.6626132022699913e+49 739126250.1761618 1.3953665132272863e+27 17.830355531640272 476011734765017.94 6.034126552925012e+22 5.152818697293606e+52 585.8193184685923 84
1.8579189537008837e+45 0.004399037280637036 72568.23373662932 3.218226251034121e+19 1.769235984198238e+36 8.248951151109908e+47 0.02639422368382221 6.012751117502915e-199 0.0006890506369287232 739126250.1761618 1.3953665132272863e+27 1383305323119.761 274020493412.34738 5.152818697293606e+52 3.2699621109362646e+47 202792.27542228517 2.514806870609727e+19 84
1.8579189537008837e+45 2.514468951190124e+71 3.810635207628878e+64 3.218226251034121e+19 1.769235984198238e+36 1.8609099344558942e+20 1.6626132022699913e+49 21849717627.870163 1.3953665132272863e+27 4.500130724803824e+16 4.286568757768433e+21 274020493412.34738 9.044784612532606 5.152818697293606e+52 0.75 931292.3329534095 2.514806870609727e+19 84
9.922609590743276e+22 2.514468951190124e+71 3.810635207628878e+64 3.218226251034121e+19 16445671.499457624 8.248951151109908e+47 3.21263693234073e+25 1.8609099344558942e+20 0.379991034673935 415758378523.81464 2222444.349017839 4.404383262573955e+16 4.500130724803824e+16 476011734765017.94 1.2396129981685366e+16 85
1.8579189537008837e+45 2.514468951190124e+71 3.810635207628878e+64 12485557.050444331 8.248951151109908e+47 3.21263693234073e+25 1.8609099344558942e+20 53.76640045708378 1.6626132022699913e+49 739126250.1761618 4.404383262573955e+16 1383305323119.761 476011734765017.94 4.286568757768433e+21 1.2396129981685366e+16 14487.159088694818 5.152818697293606e+52 3.2699621109362646e+47 84
1.8579189537008837e+45 2.514468951190124e+71 3.810635207628878e+64 3.218226251034121e+19 12485557.050444331 6.164065439696914e+17 1.6626132022699913e+49 4.500130724803824e+16 476011734765017.94 4.286568757768433e+21 5.152818697293606e+52 3.2699621109362646e+47 84
1.8579189537008837e+45 2.514468951190124e+71 3.810635207628878e+64 7219604.67143573 1.769235984198238e+36 8.248951151109908e+47 71.24775616576534 1.8609099344558942e+20 6.164065439696914e+17 1.6626132022699913e+49 1.3953665132272863e+27 4.500130724803824e+16 2.6498596842738365e+18 12258.365382741773 1685208.4065202856 274020493412.34738 6.034126552925012e+22 5.152818697293606e+52 3.2699621109362646e+47 84
9.922609590743276e+22 2.514468951190124e+71 3.810635207628878e+64 12485557.050444331 8.248951151109908e+47 592845138479.8971 116089395713921.33 1.6626132022699913e+49 476011734765017.94 8.169482875835902 1685208.4065202856 5.152818697293606e+52 3.2699621109362646e+47 85
1.8579189537008837e+45 0.004399037280637036 72568.23373662932 3.218226251034121e+19 1.769235984198238e+36 8.248951151109908e+47 0.02639422368382221 6.012751117502915e-199 0.0006890506369287232 739126250.1761618 1.3953665132272863e+27 1383305323119.761 274020493412.34738 5.152818697293606e+52 3.2699621109362646e+47 202792.27542228517 2.514806870609727e+19 84
1.8579189537008837e+45 2.514468951190124e+71 3.810635207628878e+64 3.345313954634144e-200 1.769235984198238e+36 8.248951151109908e+47 71.24775616576534 1.8609099344558942e+20 53.76640045708378 415758378523.81464 793.4129506800228 4.404383262573955e+16 1383305323119.761 476011734765017.94 4.286568757768433e+21 5470.634049045011 6.034126552925012e+22 5.152818697293606e+52 585.8193184685923 84
9.922609590743276e+22 2.514468951190124e+71 3.810635207628878e+64 3.218226251034121e+19 1.769235984198238e+36 0.0006890506369287232 85
9.922609590743276e+22 2.514468951190124e+71 3.810635207628878e+64 3.218226251034121e+19 1.769235984198238e+36 8.248951151109908e+47 592845138479.8971 3.4919966655877527e+25 0.379991034673935 1.6626132022699913e+49 2222444.349017839 832.116021444902 4.500130724803824e+16 476011734765017.94 4.286568757768433e+21 274020493412.34738 5.152818697293606e+52 585.8193184685923 931292.3329534095 2.514806870609727e+19 85
9.922609590743276e+22 2.514468951190124e+71 3.810635207628878e+64 7219604.67143573 12485557.050444331 8.248951151109908e+47 592845138479.8971 3.4919966655877527e+25 116089395713921.33 1.6626132022699913e+49 739126250.1761618 1.3953665132272863e+27 17.830355531640272 476011734765017.94 6.034126552925012e+22 5.152818697293606e+52 585.8193184685923 84
9.922609590743276e+22 2.514468951190124e+71 3.810635207628878e+64 34634.576655725105 1.769235984198238e+36 8.248951151109908e+47 0.02639422368382221 1.8609099344558942e+20 0.0006890506369287232 415758378523.81464 2222444.349017839 4.404383262573955e+16 1383305323119.761 2.6498596842738365e+18 4.286568757768433e+21 1.2396129981685366e+16 6.034126552925012e+22 5.152818697293606e+52 3.2699621109362646e+47 305901954.97172344 2.514806870609727e+19 84
1.8579189537008837e+45 2.514468951190124e+71 3.810635207628878e+64 3.218226251034121e+19 1.769235984198238e+36 8.248951151109908e+47 71.24775616576534 1.8609099344558942e+20 53.76640045708378 1.6626132022699913e+49 793.4129506800228 1.3953665132272863e+27 1383305323119.761 476011734765017.94 5470.634049045011 14487.159088694818 202792.27542228517 84
9.922609590743276e+22 2.514468951190124e+71 3.810635207628878e+64 3.218226251034121e+19 16445671.499457624 671.3909147049847 592845138479.8971 3.4919966655877527e+25 6.164065439696914e+17 1.6626132022699913e+49 188016.27327393624 832.116021444902 4.500130724803824e+16 5.152818697293606e+52 0.03284256381662282 85
1.8579189537008837e+45 2.514468951190124e+71 3.810635207628878e+64 1.769235984198238e+36 0.02639422368382221 1.8609099344558942e+20 0.0006890506369287232 415758378523.81464 21849717627.870163 4.404383262573955e+16 17.830355531640272 1.2396129981685366e+16 6.034126552925012e+22 5.152818697293606e+52 3.2699621109362646e+47 202792.27542228517 2.514806870609727e+19 84
1.8579189537008837e+45 2.514468951190124e+71 3.810635207628878e+64 1.769235984198238e+36 8.248951151109908e+47 3.21263693234073e+25 6.012751117502915e-199 4.548911110624114e-198 415758378523.81464 2222444.349017839 1.3953665132272863e+27 31503729.475355923 476011734765017.94 4.286568757768433e+21 1.2396129981685366e+16 6.034126552925012e+22 5.152818697293606e+52 3.2699621109362646e+47 84
1.8579189537008837e+45 2.514468951190124e+71 3.810635207628878e+64 34634.576655725105 1.769235984198238e+36 8.248951151109908e+47 3.21263693234073e+25 1.8609099344558942e+20 6.164065439696914e+17 1.6626132022699913e+49 739126250.1761618 1.3953665132272863e+27 31503729.475355923 476011734765017.94 12258.365382741773 1685208.4065202856 5470.634049045011 14487.159088694818 179689.35796911345 3.2699621109362646e+47 84
1.8579189537008837e+45 2.514468951190124e+71 72568.23373662932 34634.576655725105 1.769235984198238e+36 8.248951151109908e+47 592845138479.8971 3.4919966655877527e+25 0.379991034673935 1.6626132022699913e+49 2222444.349017839 1.3953665132272863e+27 4.500130724803824e+16 2.6498596842738365e+18 4.286568757768433e+21 0.0011957055170233725 6.034126552925012e+22 5.152818697293606e+52 3.2699621109362646e+47 931292.3329534095 84
1.8579189537008837e+45 2.514468951190124e+71 3.810635207628878e+64 1.769235984198238e+36 53.76640045708378 415758378523.81464 21849717627.870163 4.404383262573955e+16 17.830355531640272 2.6498596842738365e+18 4.286568757768433e+21 6.034126552925012e+22 1.08283704167618e-136 585.8193184685923 85
9.922609590743276e+22 2.514468951190124e+71 3.810635207628878e+64 3.218226251034121e+19 12485557.050444331 8.248951151109908e+47 71.24775616576534 1.8609099344558942e+20 116089395713921.33 2.329267984371351e-277 739126250.1761618 832.116021444902 31503729.475355923 476011734765017.94 12258.365382741773 14487.159088694818 5.152818697293606e+52 3.2699621109362646e+47 85
1.8579189537008837e+45 2.514468951190124e+71 3.810635207628878e+64 3.218226251034121e+19 1.769235984198238e+36 8.248951151109908e+47 592845138479.8971 3.4919966655877527e+25 116089395713921.33 1.6626132022699913e+49 739126250.1761618 1.3953665132272863e+27 4.500130724803824e+16 476011734765017.94 4.286568757768433e+21 5470.634049045011 1.2659653992947015e-200 5.152818697293606e+52 585.8193184685923 84
1.8579189537008837e+45 2.514468951190124e+71 3.810635207628878e+64 34634.576655725105 1.769235984198238e+36 8.248951151109908e+47 0.007925401983902885 84
1.8579189537008837e+45 2.514468951190124e+71 3.810635207628878e+64 7219604.67143573 12485557.050444331 8.248951151109908e+47 592845138479.8971 3.4919966655877527e+25 0.379991034673935 1.6626132022699913e+49 2222444.349017839 1.3953665132272863e+27 31503729.475355923 2.6498596842738365e+18 4.286568757768433e+21 5470.634049045011 14487.159088694818 5.152818697293606e+52 3.2699621109362646e+47 305901954.97172344 84
1.8579189537008837e+45 2.514468951190124e+71 72568.23373662932 34634.576655725105 16445671.499457624 671.3909147049847 3.21263693234073e+25 3.4919966655877527e+25 6.164065439696914e+17 415758378523.81464 188016.27327393624 832.116021444902 4.500130724803824e+16 1.2396129981685366e+16 1.2659653992947015e-200 5.152818697293606e+52 3.2699621109362646e+47 202792.27542228517 0.007925401983902885 84
9.922609590743276e+22 2.514468951190124e+71 3.810635207628878e+64 12485557.050444331 8.248951151109908e+47 592845138479.8971 116089395713921.33 1.6626132022699913e+49 476011734765017.94 8.169482875835902 1685208.4065202856 5.152818697293606e+52 3.2699621109362646e+47 85
2.514468951190124e+71 3.810635207628878e+64 3.218226251034121e+19 1.769235984198238e+36 8.248951151109908e+47 3.4919966655877527e+25 53.76640045708378 415758378523.81464 2222444.349017839 6.034126552925012e+22 84
9.922609590743276e+22 2.514468951190124e+71 3.810635207628878e+64 7219604.67143573 1.769235984198238e+36 8.248951151109908e+47 71.24775616576534 3.4919966655877527e+25 6.164065439696914e+17 1.6626132022699913e+49 188016.27327393624 832.116021444902 4.500130724803824e+16 476011734765017.94 0.0011957055170233725 5.152818697293606e+52 3.2699621109362646e+47 305901954.97172344 2.514806870609727e+19 85
1.8579189537008837e+45 0.004399037280637036 72568.23373662932 7219604.67143573 1.769235984198238e+36 8.248951151109908e+47 84
9.922609590743276e+22 2.514468951190124e+71 3.810635207628878e+64 3.218226251034121e+19 1.769235984198238e+36 8.248951151109908e+47 592845138479.8971 3.4919966655877527e+25 0.379991034673935 1.6626132022699913e+49 2222444.349017839 832.116021444902 4.500130724803824e+16 476011734765017.94 4.286568757768433e+21 274020493412.34738 5.152818697293606e+52 585.8193184685923 931292.3329534095 2.514806870609727e+19 85
9.922609590743276e+22 2.514468951190124e+71 3.810635207628878e+64 34634.576655725105 12485557.050444331 8.248951151109908e+47 0.02639422368382221 3.4919966655877527e+25 116089395713921.33 1.6626132022699913e+49 0.000364788752329196 4.500130724803824e+16 2.6498596842738365e+18 4.286568757768433e+21 274020493412.34738 9.044784612532606 5.152818697293606e+52 3.2699621109362646e+47 85
9.922609590743276e+22 2.514468951190124e+71 3.810635207628878e+64 85
9.922609590743276e+22 2.514468951190124e+71 3.810635207628878e+64 3.218226251034121e+19 1.769235984198238e+36 671.3909147049847 3.21263693234073e+25 3.4919966655877527e+25 116089395713921.33 1.6626132022699913e+49 739126250.1761618 1.3953665132272863e+27 4.500130724803824e+16 2.6498596842738365e+18 4.286568757768433e+21 0.0011957055170233725 1.2659653992947015e-200 5.152818697293606e+52 3.2699621109362646e+47 85
1.8579189537008837e+45 2.514468951190124e+71 3.810635207628878e+64 1.769235984198238e+36 8.248951151109908e+47 415758378523.81464 21849717627.870163 17.830355531640272 0.05828724396844071 4.286568757768433e+21 6.034126552925012e+22 84
9.922609590743276e+22 0.004399037280637036 72568.23373662932 3.218226251034121e+19 1.769235984198238e+36 592845138479.8971 6.164065439696914e+17 1.6626132022699913e+49 21849717627.870163 1.3953665132272863e+27 4.500130724803824e+16 476011734765017.94 4.286568757768433e+21 5470.634049045011 5.152818697293606e+52 3.2699621109362646e+47 931292.3329534095 2.514806870609727e+19 85
1.8579189537008837e+45 2.514468951190124e+71 3.810635207628878e+64 34634.576655725105 1.769235984198238e+36 8.248951151109908e+47 0.007925401983902885 84
1.8579189537008837e+45 2.514468951190124e+71 3.810635207628878e+64 3.218226251034121e+19 16445671.499457624 671.3909147049847 592845138479.8971 3.4919966655877527e+25 6.164065439696914e+17 1.6626132022699913e+49 739126250.1761618 1.3953665132272863e+27 1383305323119.761 476011734765017.94 4.286568757768433e+21 1.2396129981685366e+16 6.034126552925012e+22 5.152818697293606e+52 585.8193184685923 84
9.922609590743276e+22 2.514468951190124e+71 3.810635207628878e+64 34634.576655725105 12485557.050444331 8.248951151109908e+47 3.21263693234073e+25 3.4919966655877527e+25 6.164065439696914e+17 1.6626132022699913e+49 2222444.349017839 832.116021444902 2.6498596842738365e+18 4.286568757768433e+21 5470.634049045011 1.2659653992947015e-200 5.152818697293606e+52 3.2699621109362646e+47 931292.3329534095 2.514806870609727e+19 85
9.922609590743276e+22 2.514468951190124e+71 3.810635207628878e+64 3.218226251034121e+19 12485557.050444331 8.248951151109908e+47 71.24775616576534 3.4919966655877527e+25 6.164065439696914e+17 1.6626132022699913e+49 188016.27327393624 31503729.475355923 476011734765017.94 4.286568757768433e+21 1.2659653992947015e-200 5.152818697293606e+52 3.2699621109362646e+47 85
9.922609590743276e+22 2.514468951190124e+71 3.810635207628878e+64 3.218226251034121e+19 16445671.499457624 8.248951151109908e+47 592845138479.8971 3.4919966655877527e+25 116089395713921.33 1.6626132022699913e+49 739126250.1761618 1.3953665132272863e+27 4.500130724803824e+16 274020493412.34738 9.044784612532606 179689.35796911345 3.2699621109362646e+47 85
1.8579189537008837e+45 2.514468951190124e+71 3.810635207628878e+64 1.769235984198238e+36 8.248951151109908e+47 3.21263693234073e+25 1.8609099344558942e+20 53.76640045708378 415758378523.81464 21849717627.870163 4.404383262573955e+16 17.830355531640272 0.05828724396844071 8.169482875835902 1.2396129981685366e+16 14487.159088694818 5.152818697293606e+52 3.2699621109362646e+47 84
1.8579189537008837e+45 0.004399037280637036 72568.23373662932 1.769235984198238e+36 8.248951151109908e+47 3.21263693234073e+25 1.8609099344558942e+20 53.76640045708378 415758378523.81464 793.4129506800228 4.404383262573955e+16 1383305323119.761 0.05828724396844071 1.2396129981685366e+16 6.034126552925012e+22 5.152818697293606e+52 3.2699621109362646e+47 202792.27542228517 2.514806870609727e+19 85
9.922609590743276e+22 2.514468951190124e+71 3.810635207628878e+64 3.218226251034121e+19 12485557.050444331 8.248951151109908e+47 71.24775616576534 3.4919966655877527e+25 6.164065439696914e+17 1.6626132022699913e+49 188016.27327393624 31503729.475355923 476011734765017.94 4.286568757768433e+21 1.2659653992947015e-200 5.152818697293606e+52 3.2699621109362646e+47 85
1.8579189537008837e+45 0.004399037280637036 72568.23373662932 7219604.67143573 1.769235984198238e+36 8.248951151109908e+47 0.02639422368382221 3.4919966655877527e+25 0.0006890506369287232 415758378523.81464 2222444.349017839 4.404383262573955e+16 17.830355531640272 2.6498596842738365e+18 12258.365382741773 1685208.4065202856 5470.634049045011 5.152818697293606e+52 3.2699621109362646e+47 202792.27542228517 1.6477644879708812e-200 84
1.8579189537008837e+45 2.514468951190124e+71 3.810635207628878e+64 3.218226251034121e+19 16445671.499457624 671.3909147049847 592845138479.8971 3.4919966655877527e+25 6.164065439696914e+17 1.6626132022699913e+49 739126250.1761618 1.3953665132272863e+27 1383305323119.761 476011734765017.94 4.286568757768433e+21 1.2396129981685366e+16 6.034126552925012e+22 5.152818697293606e+52 585.8193184685923 84
9.922609590743276e+22 2.514468951190124e+71 3.810635207628878e+64 3.218226251034121e+19 1.769235984198238e+36 8.248951151109908e+47 592845138479.8971 3.4919966655877527e+25 116089395713921.33 1.6626132022699913e+49 739126250.1761618 31503729.475355923 476011734765017.94 4.286568757768433e+21 5470.634049045011 6.034126552925012e+22 5.152818697293606e+52 3.2699621109362646e+47 305901954.97172344 2.514806870609727e+19 85
2.514468951190124e+71 3.810635207628878e+64 3.218226251034121e+19 12485557.050444331 8.248951151109908e+47 3.21263693234073e+25 3.4919966655877527e+25 116089395713921.33 1.6626132022699913e+49 793.4129506800228 1.3953665132272863e+27 4.500130724803824e+16 476011734765017.94 4.286568757768433e+21 5470.634049045011 6.034126552925012e+22 5.152818697293606e+52 585.8193184685923 305901954.97172344 2.514806870609727e+19 84
1.8579189537008837e+45 2.514468951190124e+71 3.810635207628878e+64 3.218226251034121e+19 1.769235984198238e+36 8.248951151109908e+47 592845138479.8971 3.4919966655877527e+25 116089395713921.33 1.6626132022699913e+49 2222444.349017839 4.404383262573955e+16 31503729.475355923 476011734765017.94 8.169482875835902 1685208.4065202856 14487.159088694818 5.152818697293606e+52 3.2699621109362646e+47 84
9.922609590743276e+22 2.514468951190124e+71 3.810635207628878e+64 3.218226251034121e+19 12485557.050444331 0.19 6.164065439696914e+17 1.6626132022699913e+49 739126250.1761618 31503729.475355923 2.6498596842738365e+18 8.169482875835902 1685208.4065202856 274020493412.34738 179689.35796911345 3.2699621109362646e+47 85
9.922609590743276e+22 2.514468951190124e+71 3.810635207628878e+64 34634.576655725105 12485557.050444331 8.248951151109908e+47 85
1.8579189537008837e+45 2.514468951190124e+71 3.810635207628878e+64 34634.576655725105 1.769235984198238e+36 71.24775616576534 3.4919966655877527e+25 6.164065439696914e+17 1.6626132022699913e+49 739126250.1761618 1.3953665132272863e+27 1383305323119.761 476011734765017.94 4.286568757768433e+21 1.2396129981685366e+16 6.034126552925012e+22 5.152818697293606e+52 3.2699621109362646e+47 84
1.8579189537008837e+45 2.514468951190124e+71 3.810635207628878e+64 1.769235984198238e+36 8.248951151109908e+47 3.21263693234073e+25 3.4919966655877527e+25 116089395713921.33 1.6626132022699913e+49 739126250.1761618 1.3953665132272863e+27 31503729.475355923 2.6498596842738365e+18 4.286568757768433e+21 5470.634049045011 14487.159088694818 1.2353212063515787e-275 585.8193184685923 305901954.97172344 2.514806870609727e+19 84
2.514468951190124e+71 3.810635207628878e+64 3.218226251034121e+19 12485557.050444331 8.248951151109908e+47 3.21263693234073e+25 3.4919966655877527e+25 116089395713921.33 1.6626132022699913e+49 793.4129506800228 1.3953665132272863e+27 4.500130724803824e+16 476011734765017.94 4.286568757768433e+21 5470.634049045011 6.034126552925012e+22 5.152818697293606e+52 585.8193184685923 305901954.97172344 2.514806870609727e+19 84
1.8579189537008837e+45 2.514468951190124e+71 3.810635207628878e+64 84
1.8579189537008837e+45 2.514468951190124e+71 3.810635207628878e+64 3.218226251034121e+19 1.769235984198238e+36 8.248951151109908e+47 3.21263693234073e+25 1.8609099344558942e+20 4.548911110624114e-198 415758378523.81464 1.3953665132272863e+27 1383305323119.761 476011734765017.94 8.169482875835902 1.2396129981685366e+16 6.034126552925012e+22 5.152818697293606e+52 8.752186575808528e-273 84
1.8579189537008837e+45 2.514468951190124e+71 3.810635207628878e+64 1.769235984198238e+36 8.248951151109908e+47 71.24775616576534 0.379991034673935 1.6626132022699913e+49 21849717627.870163 1.3953665132272863e+27 1383305323119.761 476011734765017.94 12258.365382741773 5.152818697293606e+52 3.2699621109362646e+47 84
9.922609590743276e+22 2.514468951190124e+71 3.810635207628878e+64 3.218226251034121e+19 1.769235984198238e+36 8.248951151109908e+47 3.21263693234073e+25 1.8609099344558942e+20 116089395713921.33 832.116021444902 4.500130724803824e+16 476011734765017.94 4.286568757768433e+21 1.2396129981685366e+16 5.152818697293606e+52 585.8193184685923 305901954.97172344 2.514806870609727e+19 85
9.922609590743276e+22 2.514468951190124e+71 3.810635207628878e+64 1.769235984198238e+36 8.248951151109908e+47 3.21263693234073e+25 6.012751117502915e-199 116089395713921.33 1.6626132022699913e+49 793.4129506800228 4.404383262573955e+16 17.830355531640272 476011734765017.94 4.286568757768433e+21 5470.634049045011 6.034126552925012e+22 5.152818697293606e+52 3.2699621109362646e+47 84
9.922609590743276e+22 0.004399037280637036 72568.23373662932 7219604.67143573 1.769235984198238e+36 8.248951151109908e+47 179689.35796911345 3.2699621109362646e+47 85
1.8579189537008837e+45 2.514468951190124e+71 3.810635207628878e+64 3.345313954634144e-200 1.769235984198238e+36 8.248951151109908e+47 3.21263693234073e+25 1.8609099344558942e+20 1.6626132022699913e+49 793.4129506800228 1.3953665132272863e+27 17.830355531640272 84
1.8579189537008837e+45 2.514468951190124e+71 3.810635207628878e+64 3.218226251034121e+19 1.769235984198238e+36 671.3909147049847 592845138479.8971 3.4919966655877527e+25 0.379991034673935 1.6626132022699913e+49 2222444.349017839 832.116021444902 4.500130724803824e+16 2.6498596842738365e+18 4.286568757768433e+21 274020493412.34738 14487.159088694818 5.152818697293606e+52 585.8193184685923 202792.27542228517 2.514806870609727e+19 84
1.8579189537008837e+45 2.514468951190124e+71 3.810635207628878e+64 3.218226251034121e+19 1.769235984198238e+36 8.248951151109908e+47 71.24775616576534 1.8609099344558942e+20 6.164065439696914e+17 1.6626132022699913e+49 2222444.349017839 4.404383262573955e+16 1383305323119.761 0.05828724396844071 12258.365382741773 1685208.4065202856 1.2396129981685366e+16 6.034126552925012e+22 5.152818697293606e+52 3.2699621109362646e+47 84
1.8579189537008837e+45 2.514468951190124e+71 3.810635207628878e+64 3.218226251034121e+19 1.769235984198238e+36 671.3909147049847 3.21263693234073e+25 1.8609099344558942e+20 116089395713921.33 1.6626132022699913e+49 4.404383262573955e+16 1383305323119.761 0.05828724396844071 12258.365382741773 1685208.4065202856 5.152818697293606e+52 585.8193184685923 84
1.8579189537008837e+45 0.004399037280637036 3.810635207628878e+64 3.345313954634144e-200 1.769235984198238e+36 8.248951151109908e+47 832.116021444902 476011734765017.94 274020493412.34738 179689.35796911345 3.2699621109362646e+47 931292.3329534095 2.514806870609727e+19 84
9.922609590743276e+22 0.004399037280637036 72568.23373662932 3.218226251034121e+19 1.769235984198238e+36 592845138479.8971 6.164065439696914e+17 1.6626132022699913e+49 21849717627.870163 1.3953665132272863e+27 4.500130724803824e+16 476011734765017.94 4.286568757768433e+21 5470.634049045011 5.152818697293606e+52 3.2699621109362646e+47 931292.3329534095 2.514806870609727e+19 85
9.922609590743276e+22 2.514468951190124e+71 3.810635207628878e+64 3.218226251034121e+19 1.769235984198238e+36 671.3909147049847 3.21263693234073e+25 3.4919966655877527e+25 116089395713921.33 1.6626132022699913e+49 739126250.1761618 1.3953665132272863e+27 4.500130724803824e+16 2.6498596842738365e+18 4.286568757768433e+21 0.0011957055170233725 1.2659653992947015e-200 5.152818697293606e+52 3.2699621109362646e+47 85
1.8579189537008837e+45 2.514468951190124e+71 3.810635207628878e+64 3.218226251034121e+19 12485557.050444331 8.248951151109908e+47 3.4919966655877527e+25 6.164065439696914e+17 1.6626132022699913e+49 739126250.1761618 0.000364788752329196 31503729.475355923 5470.634049045011 5.152818697293606e+52 3.2699621109362646e+47 931292.3329534095 1.6477644879708812e-200 84
9.922609590743276e+22 2.514468951190124e+71 3.810635207628878e+64 3.218226251034121e+19 1.769235984198238e+36 8.248951151109908e+47 0.02639422368382221 1.8609099344558942e+20 53.76640045708378 415758378523.81464 2222444.349017839 4.404383262573955e+16 17.830355531640272 2.6498596842738365e+18 4.286568757768433e+21 5.152818697293606e+52 0.75 305901954.97172344 2.514806870609727e+19 85
1.8579189537008837e+45 2.514468951190124e+71 3.810635207628878e+64 34634.576655725105 1.769235984198238e+36 8.248951151109908e+47 3.21263693234073e+25 1.8609099344558942e+20 53.76640045708378 1.6626132022699913e+49 793.4129506800228 1.3953665132272863e+27 31503729.475355923 1.2396129981685366e+16 14487.159088694818 5.152818697293606e+52 3.2699621109362646e+47 202792.27542228517 2.514806870609727e+19 84
1.8579189537008837e+45 2.514468951190124e+71 3.810635207628878e+64 3.218226251034121e+19 1.769235984198238e+36 8.248951151109908e+47 3.21263693234073e+25 1.8609099344558942e+20 4.548911110624114e-198 415758378523.81464 1.3953665132272863e+27 1383305323119.761 476011734765017.94 8.169482875835902 1.2396129981685366e+16 6.034126552925012e+22 5.152818697293606e+52 8.752186575808528e-273 84
1.8579189537008837e+45 2.514468951190124e+71 3.810635207628878e+64 7219604.67143573 12485557.050444331 8.248951151109908e+47 592845138479.8971 3.4919966655877527e+25 0.379991034673935 1.6626132022699913e+49 2222444.349017839 1.3953665132272863e+27 31503729.475355923 2.6498596842738365e+18 4.286568757768433e+21 5470.634049045011 14487.159088694818 5.152818697293606e+52 3.2699621109362646e+47 305901954.97172344 84
1.8579189537008837e+45 2.514468951190124e+71 3.810635207628878e+64 34634.576655725105 1.769235984198238e+36 8.248951151109908e+47 71.24775616576534 1.8609099344558942e+20 116089395713921.33 1.6626132022699913e+49 793.4129506800228 1.3953665132272863e+27 1383305323119.761 179689.35796911345 3.2699621109362646e+47 931292.3329534095 84
1.8579189537008837e+45 2.514468951190124e+71 3.810635207628878e+64 34634.576655725105 1.769235984198238e+36 8.248951151109908e+47 116089395713921.33 415758378523.81464 793.4129506800228 4.404383262573955e+16 31503729.475355923 476011734765017.94 8.169482875835902 1685208.4065202856 1.2396129981685366e+16 14487.159088694818 5.152818697293606e+52 3.2699621109362646e+47 202792.27542228517 2.514806870609727e+19 84
9.922609590743276e+22 2.514468951190124e+71 3.810635207628878e+64 3.218226251034121e+19 1.769235984198238e+36 8.248951151109908e+47 0.02639422368382221 1.8609099344558942e+20 6.164065439696914e+17 1.6626132022699913e+49 2222444.349017839 4.404383262573955e+16 1383305323119.761 476011734765017.94 12258.365382741773 1685208.4065202856 5.152818697293606e+52 3.2699621109362646e+47 931292.3329534095 2.514806870609727e+19 85
1.8579189537008837e+45 2.514468951190124e+71 3.810635207628878e+64 5.152818697293606e+52 3.2699621109362646e+47 84
1.8579189537008837e+45 2.514468951190124e+71 3.810635207628878e+64 3.218226251034121e+19 1.769235984198238e+36 8.248951151109908e+47 3.21263693234073e+25 1.8609099344558942e+20 4.548911110624114e-198 415758378523.81464 1.3953665132272863e+27 1383305323119.761 476011734765017.94 8.169482875835902 1.2396129981685366e+16 6.034126552925012e+22 5.152818697293606e+52 8.752186575808528e-273 84
1.8579189537008837e+45 2.514468951190124e+71 3.810635207628878e+64 3.345313954634144e-200 1.769235984198238e+36 8.248951151109908e+47 0.02639422368382221 1.8609099344558942e+20 0.0006890506369287232 415758378523.81464 1.3953665132272863e+27 5.152818697293606e+52 84
9.922609590743276e+22 2.514468951190124e+71 3.810635207628878e+64 8.248951151109908e+47 3.21263693234073e+25 3.4919966655877527e+25 6.164065439696914e+17 1.6626132022699913e+49 739126250.1761618 1.3953665132272863e+27 31503729.475355923 5.152818697293606e+52 585.8193184685923 85
9.922609590743276e+22 2.514468951190124e+71 3.810635207628878e+64 3.218226251034121e+19 1.769235984198238e+36 0.0006890506369287232 85
1.8579189537008837e+45 2.514468951190124e+71 3.810635207628878e+64 1.769235984198238e+36 0.02639422368382221 1.8609099344558942e+20 0.0006890506369287232 415758378523.81464 21849717627.870163 4.404383262573955e+16 17.830355531640272 1.2396129981685366e+16 6.034126552925012e+22 5.152818697293606e+52 3.2699621109362646e+47 202792.27542228517 2.514806870609727e+19 84
9.922609590743276e+22 2.514468951190124e+71 3.810635207628878e+64 3.218226251034121e+19 1.769235984198238e+36 8.248951151109908e+47 592845138479.8971 3.4919966655877527e+25 0.379991034673935 1.6626132022699913e+49 2222444.349017839 832.116021444902 4.500130724803824e+16 476011734765017.94 4.286568757768433e+21 274020493412.34738 5.152818697293606e+52 585.8193184685923 931292.3329534095 2.514806870609727e+19 85
1.8579189537008837e+45 2.514468951190124e+71 3.810635207628878e+64 7219604.67143573 1.769235984198238e+36 8.248951151109908e+47 3.21263693234073e+25 1.8609099344558942e+20 116089395713921.33 415758378523.81464 2222444.349017839 1.3953665132272863e+27 1383305323119.761 476011734765017.94 12258.365382741773 1685208.4065202856 5470.634049045011 9.044784612532606 5.152818697293606e+52 3.2699621109362646e+47 202792.27542228517 84
9.922609590743276e+22 2.514468951190124e+71 3.810635207628878e+64 7219604.67143573 1.769235984198238e+36 8.248951151109908e+47 3.21263693234073e+25 1.8609099344558942e+20 0.0006890506369287232 1.6626132022699913e+49 21849717627.870163 4.404383262573955e+16 4.500130724803824e+16 8.169482875835902 1.2396129981685366e+16 5.152818697293606e+52 3.2699621109362646e+47 2.514806870609727e+19 85
9.922609590743276e+22 2.514468951190124e+71 3.810635207628878e+64 1.769235984198238e+36 8.248951151109908e+47 0.02639422368382221 1.8609099344558942e+20 116089395713921.33 415758378523.81464 793.4129506800228 4.404383262573955e+16 1383305323119.761 8.169482875835902 1.2659653992947015e-200 5.152818697293606e+52 3.2699621109362646e+47 84
1.8579189537008837e+45 2.514468951190124e+71 3.810635207628878e+64 34634.576655725105 16445671.499457624 0.17 3.4919966655877527e+25 53.76640045708378 1.6626132022699913e+49 739126250.1761618 1.3953665132272863e+27 4.500130724803824e+16 2.6498596842738365e+18 4.286568757768433e+21 5470.634049045011 0.0024999983500006797 1.2353212063515787e-275 3.2699621109362646e+47 202792.27542228517 84
9.922609590743276e+22 2.514468951190124e+71 3.810635207628878e+64 3.218226251034121e+19 12485557.050444331 8.248951151109908e+47 71.24775616576534 3.4919966655877527e+25 6.164065439696914e+17 1.6626132022699913e+49 188016.27327393624 31503729.475355923 476011734765017.94 4.286568757768433e+21 1.2659653992947015e-200 5.152818697293606e+52 3.2699621109362646e+47 85
9.922609590743276e+22 2.514468951190124e+71 3.810635207628878e+64 3.218226251034121e+19 16445671.499457624 8.248951151109908e+47 592845138479.8971 3.4919966655877527e+25 6.164065439696914e+17 1.6626132022699913e+49 188016.27327393624 1.3953665132272863e+27 4.500130724803824e+16 5470.634049045011 0.0024999983500006797 179689.35796911345 3.2699621109362646e+47 85
1.8579189537008837e+45 2.514468951190124e+71 3.810635207628878e+64 34634.576655725105 1.769235984198238e+36 8.248951151109908e+47 116089395713921.33 1.6626132022699913e+49 2222444.349017839 1.3953665132272863e+27 1383305323119.761 1.0987611158184766e-136 0.03284256381662282 2.514806870609727e+19 85
1.8579189537008837e+45 2.514468951190124e+71 3.810635207628878e+64 1.769235984198238e+36 8.248951151109908e+47 3.21263693234073e+25 6.164065439696914e+17 1.6626132022699913e+49 4.404383262573955e+16 0.05828724396844071 12258.365382741773 6.034126552925012e+22 5.152818697293606e+52 585.8193184685923 84
1.8579189537008837e+45 2.514468951190124e+71 3.810635207628878e+64 3.218226251034121e+19 16445671.499457624 8.248951151109908e+47 1.6626132022699913e+49 5.152818697293606e+52 3.2699621109362646e+47 84
9.922609590743276e+22 2.514468951190124e+71 3.810635207628878e+64 34634.576655725105 12485557.050444331 8.248951151109908e+47 592845138479.8971 3.4919966655877527e+25 116089395713921.33 1.6626132022699913e+49 188016.27327393624 1.3953665132272863e+27 31503729.475355923 274020493412.34738 5.152818697293606e+52 3.2699621109362646e+47 85
1.8579189537008837e+45 2.514468951190124e+71 3.810635207628878e+64 3.218226251034121e+19 1.769235984198238e+36 8.248951151109908e+47 592845138479.8971 3.4919966655877527e+25 116089395713921.33 1.6626132022699913e+49 2222444.349017839 4.404383262573955e+16 31503729.475355923 476011734765017.94 8.169482875835902 1685208.4065202856 14487.159088694818 5.152818697293606e+52 3.2699621109362646e+47 84
1.8579189537008837e+45 0.004399037280637036 72568.23373662932 5.152818697293606e+52 3.2699621109362646e+47 305901954.97172344 84
1.8579189537008837e+45 2.514468951190124e+71 3.810635207628878e+64 3.218226251034121e+19 16445671.499457624 671.3909147049847 592845138479.8971 3.4919966655877527e+25 6.164065439696914e+17 1.6626132022699913e+49 188016.27327393624 0.000364788752329196 4.500130724803824e+16 476011734765017.94 4.286568757768433e+21 274020493412.34738 1.2659653992947015e-200 5.152818697293606e+52 3.2699621109362646e+47 84
1.8579189537008837e+45 2.514468951190124e+71 3.810635207628878e+64 1.769235984198238e+36 8.248951151109908e+47 3.21263693234073e+25 6.012751117502915e-199 4.548911110624114e-198 415758378523.81464 2222444.349017839 1.3953665132272863e+27 31503729.475355923 476011734765017.94 4.286568757768433e+21 1.2396129981685366e+16 6.034126552925012e+22 5.152818697293606e+52 3.2699621109362646e+47 84
9.922609590743276e+22 2.514468951190124e+71 3.810635207628878e+64 3.218226251034121e+19 12485557.050444331 8.248951151109908e+47 592845138479.8971 3.4919966655877527e+25 116089395713921.33 1.6626132022699913e+49 2222444.349017839 832.116021444902 2.6498596842738365e+18 4.286568757768433e+21 1.2396129981685366e+16 6.034126552925012e+22 5.152818697293606e+52 3.2699621109362646e+47 85
1.8579189537008837e+45 2.514468951190124e+71 3.810635207628878e+64 3.218226251034121e+19 12485557.050444331 8.248951151109908e+47 3.4919966655877527e+25 6.164065439696914e+17 1.6626132022699913e+49 739126250.1761618 0.000364788752329196 31503729.475355923 5470.634049045011 5.152818697293606e+52 3.2699621109362646e+47 931292.3329534095 1.6477644879708812e-200 84
9.922609590743276e+22 2.514468951190124e+71 3.810635207628878e+64 3.218226251034121e+19 12485557.050444331 8.248951151109908e+47 592845138479.8971 6.164065439696914e+17 1.6626132022699913e+49 188016.27327393624 1.3953665132272863e+27 4.500130724803824e+16 476011734765017.94 8.169482875835902 1685208.4065202856 1.2396129981685366e+16 0.0024999983500006797 5.152818697293606e+52 3.2699621109362646e+47 85
1.8579189537008837e+45 2.514468951190124e+71 3.810635207628878e+64 1.769235984198238e+36 8.248951151109908e+47 3.21263693234073e+25 6.012751117502915e-199 4.548911110624114e-198 415758378523.81464 2222444.349017839 1.3953665132272863e+27 31503729.475355923 476011734765017.94 4.286568757768433e+21 1.2396129981685366e+16 6.034126552925012e+22 5.152818697293606e+52 3.2699621109362646e+47 84
