8.895955708376027e+39 7.885228660917044e+69 1.006451504189436e+68 1.979082605365429e+23 3.575699942185882e+44 2.3757844989233534e+51 69333091476973.13 8.795925417249264e+20 1254102095.5406895 4.359590319159586e+37 0.04369222039820252 3.338815961548395e+16 19022223031.234238 8.756984232877752e+21 8.480669699321352e+27 5.272366461946172e+16 0.7915324237976156 5.271270222892296e+54 1.5637407600835023e+50 32053.15248471609 8231987294222.22 84
6.297246298178984e+26 7.885228660917044e+69 1.006451504189436e+68 1.979082605365429e+23 406684.0843433837 2.3757844989233534e+51 69333091476973.13 8.795925417249264e+20 733244949522.2736 4.359590319159586e+37 60.423953548645244 2.6995689207135526e+25 155174061877035.16 8.756984232877752e+21 8.480669699321352e+27 227.77297333507462 0.014026558064806616 5.271270222892296e+54 1.5637407600835023e+50 32053.15248471609 0.8300000000000001 85
8.895955708376027e+39 7.885228660917044e+69 1.006451504189436e+68 127.19167167950528 3.575699942185882e+44 2.3757844989233534e+51 1.242463022877026e+19 5.697432204289534e+24 1254102095.5406895 4.359590319159586e+37 632107519152062.0 2.6995689207135526e+25 19022223031.234238 0.00018117594738317646 8.480669699321352e+27 5.272366461946172e+16 0.7915324237976156 5.271270222892296e+54 1.5637407600835023e+50 10251860.862732535 8231987294222.22 84
6.297246298178984e+26 7.885228660917044e+69 1.006451504189436e+68 3.474786678025097e-281 3.575699942185882e+44 2.3757844989233534e+51 1.242463022877026e+19 5.697432204289534e+24 2.784565314420108e+23 15140136698.329292 3.338815961548395e+16 71179010.03621432 14735210779255.08 7.653377523924647 5.272366461946172e+16 1.5562529327873172e+18 5.271270222892296e+54 1.5637407600835023e+50 84
8.895955708376027e+39 7.885228660917044e+69 1.006451504189436e+68 3.474786678025097e-281 3.575699942185882e+44 69333091476973.13 8.795925417249264e+20 1254102095.5406895 4.359590319159586e+37 0.04369222039820252 3.338815961548395e+16 19022223031.234238 8.756984232877752e+21 8.480669699321352e+27 227.77297333507462 1.5562529327873172e+18 5.271270222892296e+54 1.5637407600835023e+50 32053.15248471609 8231987294222.22 84
8.895955708376027e+39 7.885228660917044e+69 1.006451504189436e+68 1.979082605365429e+23 3.575699942185882e+44 2.3757844989233534e+51 1.242463022877026e+19 5.697432204289534e+24 679453838222.9343 4.359590319159586e+37 15140136698.329292 2.6995689207135526e+25 19022223031.234238 3043955.0824901666 603671313420.9084 5.272366461946172e+16 1.5562529327873172e+18 5.271270222892296e+54 5.147828936143918e-290 85
8.895955708376027e+39 7.885228660917044e+69 1.006451504189436e+68 3.474786678025097e-281 3.575699942185882e+44 69333091476973.13 8.795925417249264e+20 4.359590319159586e+37 327.26811223242987 155174061877035.16 0.1780917077728447 1.5637407600835023e+50 32053.15248471609 84
6.297246298178984e+26 0.004262655648605124 0.8349139117008706 116497972765.4385 3.575699942185882e+44 2.3757844989233534e+51 5.271270222892296e+54 1.5637407600835023e+50 8231987294222.22 84
6.297246298178984e+26 7.885228660917044e+69 1.006451504189436e+68 116497972765.4385 3.575699942185882e+44 1.242463022877026e+19 5.697432204289534e+24 2.231824827410231e-278 4.359590319159586e+37 15140136698.329292 2.6995689207135526e+25 155174061877035.16 14735210779255.08 8.480669699321352e+27 5.272366461946172e+16 3.6137386207315787 5.271270222892296e+54 1.5637407600835023e+50 84
6.297246298178984e+26 7.885228660917044e+69 1.006451504189436e+68 3.575699942185882e+44 2.3757844989233534e+51 4184.71481615986 5.697432204289534e+24 1254102095.5406895 2.784565314420108e+23 0.04369222039820252 3.338815961548395e+16 19022223031.234238 3043955.0824901666 0.014026558064806616 5.271270222892296e+54 1.5637407600835023e+50 84
6.297246298178984e+26 7.885228660917044e+69 1.006451504189436e+68 1.979082605365429e+23 3.575699942185882e+44 2.3757844989233534e+51 4.359590319159586e+37 85
6.297246298178984e+26 7.885228660917044e+69 1.006451504189436e+68 1.979082605365429e+23 406684.0843433837 2.3757844989233534e+51 1.242463022877026e+19 5.697432204289534e+24 679453838222.9343 4.359590319159586e+37 60.423953548645244 3.338815961548395e+16 71179010.03621432 8.756984232877752e+21 603671313420.9084 0.014026558064806616 5.271270222892296e+54 1.5637407600835023e+50 32053.15248471609 85
8.895955708376027e+39 7.885228660917044e+69 1.006451504189436e+68 1.979082605365429e+23 3.575699942185882e+44 2.3757844989233534e+51 0.1780917077728447 1.5637407600835023e+50 84
8.895955708376027e+39 7.885228660917044e+69 1.006451504189436e+68 6.816308117449725e-146 3.575699942185882e+44 1.242463022877026e+19 5.697432204289534e+24 5.507781587956963e-280 4.359590319159586e+37 17483.53771893604 3.338815961548395e+16 155174061877035.16 8.756984232877752e+21 3043955.0824901666 227.77297333507462 3.6137386207315787 5.271270222892296e+54 1.5637407600835023e+50 10251860.862732535 8231987294222.22 84
8.895955708376027e+39 0.004262655648605124 0.8349139117008706 116497972765.4385 3.575699942185882e+44 2.3757844989233534e+51 4184.71481615986 8.795925417249264e+20 5.507781587956963e-280 2.784565314420108e+23 15140136698.329292 3.338815961548395e+16 1821.4402724157594 14735210779255.08 7.653377523924647 603671313420.9084 227.77297333507462 5.271270222892296e+54 1.5637407600835023e+50 10251860.862732535 1.2235427122477575e-05 84
8.895955708376027e+39 7.885228660917044e+69 1.006451504189436e+68 1.979082605365429e+23 4.7666154652306856e-145 2.3757844989233534e+51 1.242463022877026e+19 8.795925417249264e+20 733244949522.2736 4.359590319159586e+37 0.04369222039820252 0.009796326267483987 71179010.03621432 0.00018117594738317646 3043955.0824901666 603671313420.9084 227.77297333507462 5.271270222892296e+54 6435.792740931639 51.951099612532815 8231987294222.22 85
8.895955708376027e+39 7.885228660917044e+69 1.006451504189436e+68 3.575699942185882e+44 2.3757844989233534e+51 2.784565314420108e+23 17483.53771893604 1821.4402724157594 0.00018117594738317646 8.480669699321352e+27 1.5562529327873172e+18 84
6.297246298178984e+26 7.885228660917044e+69 1.006451504189436e+68 127.19167167950528 406684.0843433837 0.04579501057016006 69333091476973.13 8.795925417249264e+20 733244949522.2736 4.359590319159586e+37 15140136698.329292 2.6995689207135526e+25 71179010.03621432 8.756984232877752e+21 8.480669699321352e+27 227.77297333507462 1.5562529327873172e+18 0.1780917077728447 5.147828936143918e-290 32053.15248471609 8231987294222.22 85
8.895955708376027e+39 7.885228660917044e+69 1.006451504189436e+68 116497972765.4385 3.575699942185882e+44 69333091476973.13 8.795925417249264e+20 2.231824827410231e-278 2.784565314420108e+23 632107519152062.0 2.6995689207135526e+25 71179010.03621432 8.756984232877752e+21 7.653377523924647 5.272366461946172e+16 0.7915324237976156 5.271270222892296e+54 1.5637407600835023e+50 84
6.297246298178984e+26 7.885228660917044e+69 1.006451504189436e+68 1.979082605365429e+23 2699.2249626435537 2.3757844989233534e+51 69333091476973.13 8.795925417249264e+20 1254102095.5406895 4.359590319159586e+37 632107519152062.0 2.6995689207135526e+25 155174061877035.16 1572511.7927944171 3.6137386207315787 0.1780917077728447 1.5637407600835023e+50 85
8.895955708376027e+39 7.885228660917044e+69 1.006451504189436e+68 3.575699942185882e+44 1.242463022877026e+19 5.697432204289534e+24 679453838222.9343 2.784565314420108e+23 3.338815961548395e+16 1821.4402724157594 8.756984232877752e+21 8.480669699321352e+27 603671313420.9084 5.271270222892296e+54 6435.792740931639 10251860.862732535 8231987294222.22 84
6.297246298178984e+26 7.885228660917044e+69 1.006451504189436e+68 1.979082605365429e+23 2699.2249626435537 2.3757844989233534e+51 69333091476973.13 8.795925417249264e+20 733244949522.2736 4.359590319159586e+37 632107519152062.0 327.26811223242987 71179010.03621432 1572511.7927944171 0.1780917077728447 1.5637407600835023e+50 85
6.297246298178984e+26 7.885228660917044e+69 1.006451504189436e+68 1.979082605365429e+23 3.575699942185882e+44 2.3757844989233534e+51 1.242463022877026e+19 2.2153001381711606e-145 0.36532265713736095 4.359590319159586e+37 632107519152062.0 0.009796326267483987 155174061877035.16 8.756984232877752e+21 7.653377523924647 1572511.7927944171 3.6137386207315787 5.271270222892296e+54 1.5637407600835023e+50 85
8.895955708376027e+39 7.885228660917044e+69 1.006451504189436e+68 3.575699942185882e+44 2.3757844989233534e+51 1.242463022877026e+19 5.697432204289534e+24 679453838222.9343 2.784565314420108e+23 17483.53771893604 3.338815961548395e+16 1821.4402724157594 0.00018117594738317646 3043955.0824901666 5.272366461946172e+16 0.7915324237976156 5.271270222892296e+54 1.5637407600835023e+50 84
8.895955708376027e+39 0.004262655648605124 0.8349139117008706 116497972765.4385 3.575699942185882e+44 2.3757844989233534e+51 69333091476973.13 733244949522.2736 4.359590319159586e+37 0.04369222039820252 327.26811223242987 19022223031.234238 9.784288617395693e-143 0.1780917077728447 1.5637407600835023e+50 84
8.895955708376027e+39 7.885228660917044e+69 1.006451504189436e+68 3.575699942185882e+44 0.19 679453838222.9343 4.359590319159586e+37 0.04369222039820252 8.480669699321352e+27 603671313420.9084 51.951099612532815 8231987294222.22 84
6.297246298178984e+26 0.004262655648605124 0.8349139117008706 1.979082605365429e+23 3.575699942185882e+44 2.3757844989233534e+51 69333091476973.13 8.795925417249264e+20 0.36532265713736095 4.359590319159586e+37 60.423953548645244 2.6995689207135526e+25 71179010.03621432 0.00018117594738317646 603671313420.9084 1572511.7927944171 3.6137386207315787 5.271270222892296e+54 1.5637407600835023e+50 32053.15248471609 85
8.895955708376027e+39 7.885228660917044e+69 1.006451504189436e+68 116497972765.4385 2699.2249626435537 2.3757844989233534e+51 0.004898163133741994 8.795925417249264e+20 679453838222.9343 15140136698.329292 2.6995689207135526e+25 155174061877035.16 1572511.7927944171 5.271270222892296e+54 1.5637407600835023e+50 84
6.297246298178984e+26 7.885228660917044e+69 1.006451504189436e+68 1.242463022877026e+19 5.697432204289534e+24 733244949522.2736 4.359590319159586e+37 17483.53771893604 2.6995689207135526e+25 19022223031.234238 14735210779255.08 8.480669699321352e+27 5.272366461946172e+16 1.5562529327873172e+18 5.271270222892296e+54 1.5637407600835023e+50 84
6.297246298178984e+26 7.885228660917044e+69 1.006451504189436e+68 127.19167167950528 3.575699942185882e+44 2.3757844989233534e+51 1.242463022877026e+19 8.795925417249264e+20 733244949522.2736 4.359590319159586e+37 632107519152062.0 2.6995689207135526e+25 71179010.03621432 14735210779255.08 3043955.0824901666 603671313420.9084 5.271270222892296e+54 1.5637407600835023e+50 84
8.895955708376027e+39 7.885228660917044e+69 1.006451504189436e+68 1.979082605365429e+23 3.575699942185882e+44 2.3757844989233534e+51 1.242463022877026e+19 8.795925417249264e+20 2.231824827410231e-278 2.784565314420108e+23 0.04369222039820252 2.6995689207135526e+25 19022223031.234238 8.756984232877752e+21 3043955.0824901666 603671313420.9084 5.272366461946172e+16 0.7915324237976156 5.271270222892296e+54 1.5637407600835023e+50 10251860.862732535 84
8.895955708376027e+39 7.885228660917044e+69 1.006451504189436e+68 6.816308117449725e-146 3.575699942185882e+44 2.3757844989233534e+51 1.242463022877026e+19 5.697432204289534e+24 1254102095.5406895 4.359590319159586e+37 17483.53771893604 2.6995689207135526e+25 19022223031.234238 14735210779255.08 8.480669699321352e+27 5.271270222892296e+54 1.5637407600835023e+50 10251860.862732535 84
8.895955708376027e+39 7.885228660917044e+69 1.006451504189436e+68 116497972765.4385 406684.0843433837 0.04579501057016006 733244949522.2736 60.423953548645244 327.26811223242987 0.1780917077728447 6435.792740931639 85
6.297246298178984e+26 7.885228660917044e+69 1.006451504189436e+68 3.575699942185882e+44 2.3757844989233534e+51 1.242463022877026e+19 8.795925417249264e+20 733244949522.2736 4.359590319159586e+37 632107519152062.0 2.6995689207135526e+25 155174061877035.16 8.756984232877752e+21 8.480669699321352e+27 1572511.7927944171 5.271270222892296e+54 1.5637407600835023e+50 84
8.895955708376027e+39 7.885228660917044e+69 1.006451504189436e+68 127.19167167950528 3.575699942185882e+44 2.3757844989233534e+51 1.242463022877026e+19 8.795925417249264e+20 679453838222.9343 4.359590319159586e+37 17483.53771893604 2.6995689207135526e+25 19022223031.234238 8.756984232877752e+21 3043955.0824901666 603671313420.9084 5.272366461946172e+16 5.271270222892296e+54 1.5637407600835023e+50 84
8.895955708376027e+39 7.885228660917044e+69 1.006451504189436e+68 4184.71481615986 5.697432204289534e+24 2.784565314420108e+23 15140136698.329292 3.338815961548395e+16 155174061877035.16 5.271270222892296e+54 6435.792740931639 10251860.862732535 8231987294222.22 84
8.895955708376027e+39 7.885228660917044e+69 1.006451504189436e+68 3.575699942185882e+44 2.3757844989233534e+51 1.242463022877026e+19 8.795925417249264e+20 679453838222.9343 4.359590319159586e+37 15140136698.329292 2.6995689207135526e+25 19022223031.234238 3043955.0824901666 5.272366461946172e+16 0.7915324237976156 5.271270222892296e+54 6435.792740931639 10251860.862732535 8231987294222.22 84
6.297246298178984e+26 7.885228660917044e+69 1.006451504189436e+68 1.979082605365429e+23 2699.2249626435537 2.3757844989233534e+51 69333091476973.13 8.795925417249264e+20 1254102095.5406895 4.359590319159586e+37 632107519152062.0 2.6995689207135526e+25 155174061877035.16 1572511.7927944171 3.6137386207315787 0.1780917077728447 1.5637407600835023e+50 85
6.297246298178984e+26 7.885228660917044e+69 1.006451504189436e+68 3.474786678025097e-281 3.575699942185882e+44 2.3757844989233534e+51 1.242463022877026e+19 8.795925417249264e+20 0.36532265713736095 4.359590319159586e+37 15140136698.329292 327.26811223242987 71179010.03621432 227.77297333507462 0.014026558064806616 5.271270222892296e+54 5.147828936143918e-290 85
6.297246298178984e+26 7.885228660917044e+69 1.006451504189436e+68 3.474786678025097e-281 406684.0843433837 69333091476973.13 8.795925417249264e+20 733244949522.2736 4.359590319159586e+37 632107519152062.0 327.26811223242987 155174061877035.16 8.756984232877752e+21 8.480669699321352e+27 1572511.7927944171 5.271270222892296e+54 1.5637407600835023e+50 51.951099612532815 0.8300000000000001 85
6.297246298178984e+26 7.885228660917044e+69 1.006451504189436e+68 127.19167167950528 3.575699942185882e+44 2.3757844989233534e+51 1.242463022877026e+19 4.359590319159586e+37 632107519152062.0 19022223031.234238 8.756984232877752e+21 7.653377523924647 603671313420.9084 5.272366461946172e+16 0.7915324237976156 5.271270222892296e+54 1.5637407600835023e+50 84
8.895955708376027e+39 7.885228660917044e+69 1.006451504189436e+68 1.979082605365429e+23 3.575699942185882e+44 2.3757844989233534e+51 4184.71481615986 5.697432204289534e+24 679453838222.9343 4.359590319159586e+37 15140136698.329292 3.338815961548395e+16 1821.4402724157594 14735210779255.08 8.480669699321352e+27 5.272366461946172e+16 1.5562529327873172e+18 5.271270222892296e+54 1.5637407600835023e+50 32053.15248471609 0.8300000000000001 84
8.895955708376027e+39 7.885228660917044e+69 1.006451504189436e+68 1.979082605365429e+23 3.575699942185882e+44 2.3757844989233534e+51 1.242463022877026e+19 8.795925417249264e+20 2.231824827410231e-278 2.784565314420108e+23 0.04369222039820252 2.6995689207135526e+25 19022223031.234238 8.756984232877752e+21 3043955.0824901666 603671313420.9084 5.272366461946172e+16 0.7915324237976156 5.271270222892296e+54 1.5637407600835023e+50 10251860.862732535 84
8.895955708376027e+39 7.885228660917044e+69 1.006451504189436e+68 1.979082605365429e+23 3.575699942185882e+44 2.3757844989233534e+51 1.242463022877026e+19 5.697432204289534e+24 1254102095.5406895 4.359590319159586e+37 17483.53771893604 3.338815961548395e+16 1821.4402724157594 8.756984232877752e+21 7.653377523924647 603671313420.9084 5.272366461946172e+16 1.5562529327873172e+18 5.271270222892296e+54 1.5637407600835023e+50 10251860.862732535 8231987294222.22 84
8.895955708376027e+39 7.885228660917044e+69 1.006451504189436e+68 1.979082605365429e+23 3.575699942185882e+44 2.3757844989233534e+51 1.242463022877026e+19 5.697432204289534e+24 1254102095.5406895 4.359590319159586e+37 0.04369222039820252 3.338815961548395e+16 19022223031.234238 8.756984232877752e+21 8.480669699321352e+27 227.77297333507462 1.5562529327873172e+18 5.271270222892296e+54 1.5637407600835023e+50 10251860.862732535 8231987294222.22 84
6.297246298178984e+26 7.885228660917044e+69 1.006451504189436e+68 127.19167167950528 406684.0843433837 2.3757844989233534e+51 1.242463022877026e+19 8.795925417249264e+20 733244949522.2736 4.359590319159586e+37 15140136698.329292 327.26811223242987 14735210779255.08 8.480669699321352e+27 227.77297333507462 0.014026558064806616 5.271270222892296e+54 1.5637407600835023e+50 32053.15248471609 8231987294222.22 85
8.895955708376027e+39 7.885228660917044e+69 1.006451504189436e+68 3.575699942185882e+44 2.3757844989233534e+51 1.242463022877026e+19 1.9745097289319134e-290 2.231824827410231e-278 2.784565314420108e+23 15140136698.329292 2.6995689207135526e+25 71179010.03621432 8.756984232877752e+21 8.480669699321352e+27 5.272366461946172e+16 1.5562529327873172e+18 5.271270222892296e+54 1.5637407600835023e+50 84
6.297246298178984e+26 7.885228660917044e+69 1.006451504189436e+68 116497972765.4385 2699.2249626435537 2.3757844989233534e+51 0.004898163133741994 8.795925417249264e+20 0.36532265713736095 4.359590319159586e+37 60.423953548645244 327.26811223242987 1572511.7927944171 3.6137386207315787 5.271270222892296e+54 5.147828936143918e-290 85
8.895955708376027e+39 7.885228660917044e+69 1.006451504189436e+68 3.575699942185882e+44 1.242463022877026e+19 5.697432204289534e+24 1254102095.5406895 4.359590319159586e+37 0.04369222039820252 3.338815961548395e+16 1821.4402724157594 5.272366461946172e+16 1.5562529327873172e+18 5.271270222892296e+54 6435.792740931639 84
8.895955708376027e+39 7.885228660917044e+69 0.8349139117008706 116497972765.4385 3.575699942185882e+44 2.3757844989233534e+51 0.004898163133741994 5.697432204289534e+24 733244949522.2736 4.359590319159586e+37 2.6995689207135526e+25 155174061877035.16 14735210779255.08 7.653377523924647 5.271270222892296e+54 1.5637407600835023e+50 84
8.895955708376027e+39 7.885228660917044e+69 1.006451504189436e+68 3.575699942185882e+44 1.242463022877026e+19 679453838222.9343 2.784565314420108e+23 17483.53771893604 3.338815961548395e+16 8.756984232877752e+21 9.784288617395693e-143 5.271270222892296e+54 1.5637407600835023e+50 84
6.297246298178984e+26 7.885228660917044e+69 1.006451504189436e+68 1.979082605365429e+23 406684.0843433837 2.3757844989233534e+51 69333091476973.13 733244949522.2736 4.359590319159586e+37 60.423953548645244 2.6995689207135526e+25 155174061877035.16 8.756984232877752e+21 3043955.0824901666 603671313420.9084 5.272366461946172e+16 4.5131650947015166e-290 5.271270222892296e+54 1.5637407600835023e+50 85
8.895955708376027e+39 7.885228660917044e+69 1.006451504189436e+68 6.816308117449725e-146 3.575699942185882e+44 2.3757844989233534e+51 1.242463022877026e+19 5.697432204289534e+24 1254102095.5406895 4.359590319159586e+37 17483.53771893604 2.6995689207135526e+25 19022223031.234238 14735210779255.08 8.480669699321352e+27 5.271270222892296e+54 1.5637407600835023e+50 10251860.862732535 84
6.297246298178984e+26 7.885228660917044e+69 1.006451504189436e+68 1.979082605365429e+23 406684.0843433837 2.3757844989233534e+51 69333091476973.13 8.795925417249264e+20 733244949522.2736 4.359590319159586e+37 327.26811223242987 155174061877035.16 8.756984232877752e+21 8.480669699321352e+27 5.272366461946172e+16 4.5131650947015166e-290 5.271270222892296e+54 1.5637407600835023e+50 85
8.895955708376027e+39 7.885228660917044e+69 1.006451504189436e+68 1.979082605365429e+23 2699.2249626435537 2.3757844989233534e+51 1.242463022877026e+19 5.697432204289534e+24 733244949522.2736 4.359590319159586e+37 60.423953548645244 2.6995689207135526e+25 1572511.7927944171 3.6137386207315787 0.1780917077728447 6435.792740931639 85
6.297246298178984e+26 7.885228660917044e+69 1.006451504189436e+68 3.575699942185882e+44 2.3757844989233534e+51 4184.71481615986 5.697432204289534e+24 1254102095.5406895 2.784565314420108e+23 0.04369222039820252 3.338815961548395e+16 19022223031.234238 3043955.0824901666 0.014026558064806616 5.271270222892296e+54 1.5637407600835023e+50 84
8.895955708376027e+39 7.885228660917044e+69 1.006451504189436e+68 1.979082605365429e+23 406684.0843433837 2.3757844989233534e+51 8.795925417249264e+20 733244949522.2736 4.359590319159586e+37 632107519152062.0 0.009796326267483987 71179010.03621432 227.77297333507462 5.271270222892296e+54 1.5637407600835023e+50 32053.15248471609 1.2235427122477575e-05 84
8.895955708376027e+39 7.885228660917044e+69 1.006451504189436e+68 1.979082605365429e+23 3.575699942185882e+44 2.3757844989233534e+51 5.507781587956963e-280 2.784565314420108e+23 0.04369222039820252 2.6995689207135526e+25 155174061877035.16 7.653377523924647 1572511.7927944171 0.7915324237976156 5.271270222892296e+54 1.5637407600835023e+50 51.951099612532815 8231987294222.22 84
7.885228660917044e+69 1.006451504189436e+68 1.979082605365429e+23 3.575699942185882e+44 2.3757844989233534e+51 8.795925417249264e+20 679453838222.9343 2.784565314420108e+23 15140136698.329292 1.5562529327873172e+18 84
6.297246298178984e+26 7.885228660917044e+69 1.006451504189436e+68 3.575699942185882e+44 1.242463022877026e+19 5.697432204289534e+24 1254102095.5406895 2.784565314420108e+23 17483.53771893604 3.338815961548395e+16 1821.4402724157594 14735210779255.08 7.653377523924647 5.272366461946172e+16 1.5562529327873172e+18 5.271270222892296e+54 84
8.895955708376027e+39 7.885228660917044e+69 1.006451504189436e+68 127.19167167950528 3.575699942185882e+44 2.3757844989233534e+51 69333091476973.13 733244949522.2736 4.359590319159586e+37 17483.53771893604 2.6995689207135526e+25 155174061877035.16 8.480669699321352e+27 0.1780917077728447 6435.792740931639 51.951099612532815 8231987294222.22 84
8.895955708376027e+39 7.885228660917044e+69 1.006451504189436e+68 3.575699942185882e+44 2.3757844989233534e+51 1.242463022877026e+19 733244949522.2736 4.359590319159586e+37 3.338815961548395e+16 0.00018117594738317646 7.653377523924647 1.5562529327873172e+18 5.271270222892296e+54 6435.792740931639 84
8.895955708376027e+39 7.885228660917044e+69 1.006451504189436e+68 1.979082605365429e+23 406684.0843433837 0.04579501057016006 1.242463022877026e+19 8.795925417249264e+20 733244949522.2736 4.359590319159586e+37 2.6995689207135526e+25 71179010.03621432 14735210779255.08 8.480669699321352e+27 1572511.7927944171 4.5131650947015166e-290 5.271270222892296e+54 1.5637407600835023e+50 51.951099612532815 8231987294222.22 85
8.895955708376027e+39 7.885228660917044e+69 1.006451504189436e+68 1.979082605365429e+23 3.575699942185882e+44 2.3757844989233534e+51 4184.71481615986 5.697432204289534e+24 679453838222.9343 4.359590319159586e+37 15140136698.329292 3.338815961548395e+16 1821.4402724157594 14735210779255.08 8.480669699321352e+27 5.272366461946172e+16 1.5562529327873172e+18 5.271270222892296e+54 1.5637407600835023e+50 32053.15248471609 0.8300000000000001 84
6.297246298178984e+26 7.885228660917044e+69 1.006451504189436e+68 1.979082605365429e+23 3.575699942185882e+44 5.507781587956963e-280 85
8.895955708376027e+39 7.885228660917044e+69 1.006451504189436e+68 1.979082605365429e+23 3.575699942185882e+44 2.3757844989233534e+51 1.242463022877026e+19 5.697432204289534e+24 1254102095.5406895 4.359590319159586e+37 0.04369222039820252 3.338815961548395e+16 19022223031.234238 8.756984232877752e+21 8.480669699321352e+27 227.77297333507462 1.5562529327873172e+18 5.271270222892296e+54 1.5637407600835023e+50 10251860.862732535 8231987294222.22 84
8.895955708376027e+39 7.885228660917044e+69 0.8349139117008706 1.979082605365429e+23 3.575699942185882e+44 2.3757844989233534e+51 1.242463022877026e+19 8.795925417249264e+20 733244949522.2736 4.359590319159586e+37 15140136698.329292 327.26811223242987 155174061877035.16 8.756984232877752e+21 7.653377523924647 603671313420.9084 1572511.7927944171 0.7915324237976156 8.359435413042756e-282 1.5637407600835023e+50 32053.15248471609 8231987294222.22 84
8.895955708376027e+39 7.885228660917044e+69 0.8349139117008706 3.474786678025097e-281 4.7666154652306856e-145 2.3757844989233534e+51 5.271270222892296e+54 1.5637407600835023e+50 84
8.895955708376027e+39 7.885228660917044e+69 1.006451504189436e+68 1.979082605365429e+23 3.575699942185882e+44 2.3757844989233534e+51 4184.71481615986 679453838222.9343 2.784565314420108e+23 17483.53771893604 2.6995689207135526e+25 155174061877035.16 14735210779255.08 3043955.0824901666 603671313420.9084 0.7915324237976156 5.271270222892296e+54 1.5637407600835023e+50 1.2235427122477575e-05 84
8.895955708376027e+39 7.885228660917044e+69 0.8349139117008706 127.19167167950528 2699.2249626435537 69333091476973.13 8.795925417249264e+20 733244949522.2736 4.359590319159586e+37 60.423953548645244 327.26811223242987 155174061877035.16 1572511.7927944171 3.6137386207315787 51.951099612532815 8231987294222.22 84
7.885228660917044e+69 1.006451504189436e+68 1.979082605365429e+23 406684.0843433837 2.3757844989233534e+51 1.242463022877026e+19 8.795925417249264e+20 1254102095.5406895 4.359590319159586e+37 0.04369222039820252 2.6995689207135526e+25 155174061877035.16 8.756984232877752e+21 8.480669699321352e+27 227.77297333507462 1.5562529327873172e+18 5.271270222892296e+54 6435.792740931639 51.951099612532815 8231987294222.22 84
6.297246298178984e+26 7.885228660917044e+69 1.006451504189436e+68 127.19167167950528 3.575699942185882e+44 2.3757844989233534e+51 1.242463022877026e+19 5.697432204289534e+24 2.231824827410231e-278 2.784565314420108e+23 0.04369222039820252 327.26811223242987 71179010.03621432 14735210779255.08 7.653377523924647 9.784288617395693e-143 3.6137386207315787 5.271270222892296e+54 1.5637407600835023e+50 51.951099612532815 8231987294222.22 85
8.895955708376027e+39 7.885228660917044e+69 1.006451504189436e+68 1.979082605365429e+23 3.575699942185882e+44 0.004898163133741994 5.697432204289534e+24 0.36532265713736095 4.359590319159586e+37 17483.53771893604 2.6995689207135526e+25 19022223031.234238 14735210779255.08 7.653377523924647 603671313420.9084 1572511.7927944171 1.5562529327873172e+18 0.1780917077728447 1.5637407600835023e+50 51.951099612532815 8231987294222.22 84
8.895955708376027e+39 7.885228660917044e+69 1.006451504189436e+68 116497972765.4385 2699.2249626435537 2.3757844989233534e+51 0.004898163133741994 8.795925417249264e+20 679453838222.9343 15140136698.329292 2.6995689207135526e+25 155174061877035.16 1572511.7927944171 5.271270222892296e+54 1.5637407600835023e+50 84
8.895955708376027e+39 7.885228660917044e+69 1.006451504189436e+68 1.979082605365429e+23 3.575699942185882e+44 2.3757844989233534e+51 1.242463022877026e+19 5.697432204289534e+24 2.231824827410231e-278 2.784565314420108e+23 2.6995689207135526e+25 19022223031.234238 8.756984232877752e+21 3043955.0824901666 5.272366461946172e+16 1.5562529327873172e+18 5.271270222892296e+54 0.76 84
8.895955708376027e+39 7.885228660917044e+69 1.006451504189436e+68 1.979082605365429e+23 3.575699942185882e+44 2.3757844989233534e+51 69333091476973.13 8.795925417249264e+20 1254102095.5406895 4.359590319159586e+37 0.04369222039820252 3.338815961548395e+16 19022223031.234238 8.756984232877752e+21 8.480669699321352e+27 5.272366461946172e+16 0.7915324237976156 5.271270222892296e+54 1.5637407600835023e+50 32053.15248471609 8231987294222.22 84
8.895955708376027e+39 7.885228660917044e+69 1.006451504189436e+68 127.19167167950528 3.575699942185882e+44 2.3757844989233534e+51 69333091476973.13 733244949522.2736 4.359590319159586e+37 17483.53771893604 2.6995689207135526e+25 155174061877035.16 8.480669699321352e+27 0.1780917077728447 6435.792740931639 51.951099612532815 8231987294222.22 84
8.895955708376027e+39 7.885228660917044e+69 1.006451504189436e+68 127.19167167950528 3.575699942185882e+44 2.3757844989233534e+51 1.242463022877026e+19 5.697432204289534e+24 5.507781587956963e-280 4.359590319159586e+37 15140136698.329292 3.338815961548395e+16 1821.4402724157594 0.00018117594738317646 7.653377523924647 603671313420.9084 5.272366461946172e+16 1.5562529327873172e+18 5.271270222892296e+54 2.9262612766607806e-284 85
6.297246298178984e+26 7.885228660917044e+69 1.006451504189436e+68 1.979082605365429e+23 406684.0843433837 2.3757844989233534e+51 69333091476973.13 8.795925417249264e+20 733244949522.2736 4.359590319159586e+37 327.26811223242987 155174061877035.16 8.756984232877752e+21 8.480669699321352e+27 5.272366461946172e+16 4.5131650947015166e-290 5.271270222892296e+54 1.5637407600835023e+50 85
6.297246298178984e+26 7.885228660917044e+69 1.006451504189436e+68 127.19167167950528 4.7666154652306856e-145 0.04579501057016006 69333091476973.13 8.795925417249264e+20 733244949522.2736 4.359590319159586e+37 15140136698.329292 2.6995689207135526e+25 155174061877035.16 8.756984232877752e+21 8.480669699321352e+27 5.272366461946172e+16 3.6137386207315787 0.1780917077728447 1.5637407600835023e+50 85
8.895955708376027e+39 7.885228660917044e+69 1.006451504189436e+68 1.979082605365429e+23 406684.0843433837 2.3757844989233534e+51 69333091476973.13 5.697432204289534e+24 1254102095.5406895 4.359590319159586e+37 0.04369222039820252 3.338815961548395e+16 155174061877035.16 8.756984232877752e+21 3043955.0824901666 603671313420.9084 9.784288617395693e-143 1.5562529327873172e+18 5.271270222892296e+54 1.5637407600835023e+50 32053.15248471609 8231987294222.22 84
8.895955708376027e+39 7.885228660917044e+69 1.006451504189436e+68 1.979082605365429e+23 2699.2249626435537 0.04579501057016006 1.242463022877026e+19 8.795925417249264e+20 733244949522.2736 4.359590319159586e+37 15140136698.329292 0.009796326267483987 155174061877035.16 14735210779255.08 8.480669699321352e+27 5.272366461946172e+16 1.5562529327873172e+18 0.6900000000000001 1.5637407600835023e+50 85
6.297246298178984e+26 7.885228660917044e+69 1.006451504189436e+68 1.242463022877026e+19 1.9745097289319134e-290 5.507781587956963e-280 0.04369222039820252 1821.4402724157594 84
8.895955708376027e+39 7.885228660917044e+69 1.006451504189436e+68 1.979082605365429e+23 3.575699942185882e+44 2.3757844989233534e+51 8.795925417249264e+20 4.359590319159586e+37 17483.53771893604 2.6995689207135526e+25 1.5562529327873172e+18 0.1780917077728447 6435.792740931639 84
6.297246298178984e+26 7.885228660917044e+69 1.006451504189436e+68 1.979082605365429e+23 406684.0843433837 2.3757844989233534e+51 69333091476973.13 8.795925417249264e+20 1254102095.5406895 4.359590319159586e+37 15140136698.329292 327.26811223242987 14735210779255.08 8.480669699321352e+27 5.272366461946172e+16 1.5562529327873172e+18 5.271270222892296e+54 1.5637407600835023e+50 85
8.895955708376027e+39 7.885228660917044e+69 1.006451504189436e+68 84
6.297246298178984e+26 0.004262655648605124 0.8349139117008706 1.979082605365429e+23 3.575699942185882e+44 69333091476973.13 733244949522.2736 4.359590319159586e+37 17483.53771893604 2.6995689207135526e+25 155174061877035.16 8.756984232877752e+21 8.480669699321352e+27 227.77297333507462 5.271270222892296e+54 1.5637407600835023e+50 32053.15248471609 8231987294222.22 85
6.297246298178984e+26 7.885228660917044e+69 1.006451504189436e+68 1.979082605365429e+23 2699.2249626435537 2.3757844989233534e+51 69333091476973.13 8.795925417249264e+20 1254102095.5406895 4.359590319159586e+37 632107519152062.0 2.6995689207135526e+25 155174061877035.16 1572511.7927944171 3.6137386207315787 0.1780917077728447 1.5637407600835023e+50 85
8.895955708376027e+39 0.004262655648605124 0.8349139117008706 3.575699942185882e+44 2.3757844989233534e+51 1.242463022877026e+19 5.697432204289534e+24 679453838222.9343 2.784565314420108e+23 0.04369222039820252 3.338815961548395e+16 19022223031.234238 0.00018117594738317646 5.272366461946172e+16 1.5562529327873172e+18 5.271270222892296e+54 1.5637407600835023e+50 10251860.862732535 8231987294222.22 85
6.297246298178984e+26 7.885228660917044e+69 1.006451504189436e+68 2699.2249626435537 2.3757844989233534e+51 69333091476973.13 8.795925417249264e+20 733244949522.2736 4.359590319159586e+37 632107519152062.0 2.6995689207135526e+25 155174061877035.16 8.756984232877752e+21 8.480669699321352e+27 3.6137386207315787 1.5637407600835023e+50 85
6.297246298178984e+26 7.885228660917044e+69 1.006451504189436e+68 116497972765.4385 3.575699942185882e+44 2.3757844989233534e+51 4184.71481615986 5.697432204289534e+24 5.507781587956963e-280 2.6995689207135526e+25 19022223031.234238 5.271270222892296e+54 1.5637407600835023e+50 85
6.297246298178984e+26 7.885228660917044e+69 1.006451504189436e+68 1.979082605365429e+23 3.575699942185882e+44 2.3757844989233534e+51 4.359590319159586e+37 85
8.895955708376027e+39 7.885228660917044e+69 1.006451504189436e+68 1.979082605365429e+23 406684.0843433837 2.3757844989233534e+51 69333091476973.13 8.795925417249264e+20 2.231824827410231e-278 4.359590319159586e+37 0.04369222039820252 2.6995689207135526e+25 155174061877035.16 8.756984232877752e+21 3043955.0824901666 603671313420.9084 1572511.7927944171 5.271270222892296e+54 1.5637407600835023e+50 51.951099612532815 8231987294222.22 84
6.297246298178984e+26 7.885228660917044e+69 1.006451504189436e+68 116497972765.4385 2699.2249626435537 69333091476973.13 8.795925417249264e+20 0.36532265713736095 4.359590319159586e+37 60.423953548645244 2.6995689207135526e+25 71179010.03621432 14735210779255.08 8.480669699321352e+27 0.014026558064806616 5.271270222892296e+54 1.5637407600835023e+50 32053.15248471609 8231987294222.22 85
6.297246298178984e+26 7.885228660917044e+69 1.006451504189436e+68 1.242463022877026e+19 5.697432204289534e+24 733244949522.2736 4.359590319159586e+37 17483.53771893604 2.6995689207135526e+25 19022223031.234238 14735210779255.08 8.480669699321352e+27 5.272366461946172e+16 1.5562529327873172e+18 5.271270222892296e+54 1.5637407600835023e+50 84
6.297246298178984e+26 7.885228660917044e+69 1.006451504189436e+68 3.474786678025097e-281 3.575699942185882e+44 2.3757844989233534e+51 69333091476973.13 8.795925417249264e+20 2.231824827410231e-278 2.784565314420108e+23 15140136698.329292 0.009796326267483987 155174061877035.16 8.756984232877752e+21 8.480669699321352e+27 9.784288617395693e-143 4.5131650947015166e-290 5.271270222892296e+54 1.5637407600835023e+50 51.951099612532815 8231987294222.22 85
6.297246298178984e+26 0.004262655648605124 0.8349139117008706 3.575699942185882e+44 2.3757844989233534e+51 4184.71481615986 1.9745097289319134e-290 679453838222.9343 2.784565314420108e+23 17483.53771893604 3.338815961548395e+16 1821.4402724157594 84
6.297246298178984e+26 7.885228660917044e+69 1.006451504189436e+68 3.575699942185882e+44 2.3757844989233534e+51 4184.71481615986 5.697432204289534e+24 1254102095.5406895 2.784565314420108e+23 0.04369222039820252 3.338815961548395e+16 19022223031.234238 3043955.0824901666 0.014026558064806616 5.271270222892296e+54 1.5637407600835023e+50 84
8.895955708376027e+39 7.885228660917044e+69 1.006451504189436e+68 3.575699942185882e+44 1.242463022877026e+19 4.359590319159586e+37 3.338815961548395e+16 71179010.03621432 8.756984232877752e+21 8.480669699321352e+27 227.77297333507462 0.7915324237976156 5.271270222892296e+54 1.5637407600835023e+50 84
6.297246298178984e+26 7.885228660917044e+69 1.006451504189436e+68 116497972765.4385 3.575699942185882e+44 2.3757844989233534e+51 4184.71481615986 5.697432204289534e+24 5.507781587956963e-280 2.6995689207135526e+25 19022223031.234238 5.271270222892296e+54 1.5637407600835023e+50 85
6.297246298178984e+26 7.885228660917044e+69 1.006451504189436e+68 116497972765.4385 2699.2249626435537 2.3757844989233534e+51 0.004898163133741994 8.795925417249264e+20 733244949522.2736 4.359590319159586e+37 632107519152062.0 327.26811223242987 155174061877035.16 1572511.7927944171 5.271270222892296e+54 5.147828936143918e-290 32053.15248471609 8231987294222.22 85
8.895955708376027e+39 7.885228660917044e+69 1.006451504189436e+68 127.19167167950528 3.575699942185882e+44 2.3757844989233534e+51 1.242463022877026e+19 5.697432204289534e+24 679453838222.9343 4.359590319159586e+37 0.04369222039820252 2.6995689207135526e+25 71179010.03621432 5.272366461946172e+16 0.7915324237976156 5.271270222892296e+54 1.5637407600835023e+50 10251860.862732535 8231987294222.22 84
6.297246298178984e+26 7.885228660917044e+69 1.006451504189436e+68 127.19167167950528 3.575699942185882e+44 0.04579501057016006 1.242463022877026e+19 5.697432204289534e+24 679453838222.9343 2.784565314420108e+23 15140136698.329292 3.338815961548395e+16 71179010.03621432 3043955.0824901666 603671313420.9084 227.77297333507462 4.5131650947015166e-290 5.271270222892296e+54 1.5637407600835023e+50 10251860.862732535 0.8300000000000001 84
8.895955708376027e+39 7.885228660917044e+69 1.006451504189436e+68 4.7666154652306856e-145 2.3757844989233534e+51 69333091476973.13 8.795925417249264e+20 679453838222.9343 4.359590319159586e+37 17483.53771893604 2.6995689207135526e+25 19022223031.234238 8.756984232877752e+21 3043955.0824901666 603671313420.9084 0.7915324237976156 5.271270222892296e+54 1.5637407600835023e+50 84
8.895955708376027e+39 7.885228660917044e+69 1.006451504189436e+68 1.979082605365429e+23 406684.0843433837 2.3757844989233534e+51 69333091476973.13 5.697432204289534e+24 1254102095.5406895 4.359590319159586e+37 0.04369222039820252 3.338815961548395e+16 155174061877035.16 8.756984232877752e+21 3043955.0824901666 603671313420.9084 9.784288617395693e-143 1.5562529327873172e+18 5.271270222892296e+54 1.5637407600835023e+50 32053.15248471609 8231987294222.22 84
8.895955708376027e+39 7.885228660917044e+69 1.006451504189436e+68 3.575699942185882e+44 1.242463022877026e+19 5.697432204289534e+24 679453838222.9343 2.784565314420108e+23 3.338815961548395e+16 1821.4402724157594 8.756984232877752e+21 8.480669699321352e+27 603671313420.9084 5.271270222892296e+54 6435.792740931639 10251860.862732535 8231987294222.22 84
6.297246298178984e+26 7.885228660917044e+69 1.006451504189436e+68 3.474786678025097e-281 406684.0843433837 69333091476973.13 8.795925417249264e+20 733244949522.2736 4.359590319159586e+37 632107519152062.0 327.26811223242987 155174061877035.16 8.756984232877752e+21 8.480669699321352e+27 1572511.7927944171 5.271270222892296e+54 1.5637407600835023e+50 51.951099612532815 0.8300000000000001 85
6.297246298178984e+26 7.885228660917044e+69 1.006451504189436e+68 116497972765.4385 406684.0843433837 2.3757844989233534e+51 1.242463022877026e+19 8.795925417249264e+20 733244949522.2736 4.359590319159586e+37 60.423953548645244 327.26811223242987 155174061877035.16 8.756984232877752e+21 8.480669699321352e+27 227.77297333507462 3.6137386207315787 5.271270222892296e+54 1.5637407600835023e+50 85
8.895955708376027e+39 0.004262655648605124 0.8349139117008706 116497972765.4385 3.575699942185882e+44 2.3757844989233534e+51 69333091476973.13 733244949522.2736 4.359590319159586e+37 0.04369222039820252 327.26811223242987 19022223031.234238 9.784288617395693e-143 0.1780917077728447 1.5637407600835023e+50 84
8.895955708376027e+39 7.885228660917044e+69 1.006451504189436e+68 116497972765.4385 3.575699942185882e+44 2.3757844989233534e+51 2.231824827410231e-278 4.359590319159586e+37 2.6995689207135526e+25 19022223031.234238 14735210779255.08 5.272366461946172e+16 5.271270222892296e+54 6435.792740931639 32053.15248471609 8231987294222.22 85
8.895955708376027e+39 7.885228660917044e+69 1.006451504189436e+68 84
8.895955708376027e+39 7.885228660917044e+69 0.8349139117008706 127.19167167950528 3.575699942185882e+44 2.3757844989233534e+51 69333091476973.13 8.795925417249264e+20 0.36532265713736095 4.359590319159586e+37 15140136698.329292 2.6995689207135526e+25 155174061877035.16 14735210779255.08 8.480669699321352e+27 9.784288617395693e-143 1.5562529327873172e+18 5.271270222892296e+54 1.5637407600835023e+50 32053.15248471609 84
8.895955708376027e+39 7.885228660917044e+69 1.006451504189436e+68 1.979082605365429e+23 3.575699942185882e+44 2.3757844989233534e+51 4184.71481615986 5.697432204289534e+24 1254102095.5406895 2.784565314420108e+23 632107519152062.0 2.6995689207135526e+25 19022223031.234238 8.756984232877752e+21 8.480669699321352e+27 227.77297333507462 1.5562529327873172e+18 5.271270222892296e+54 1.5637407600835023e+50 51.951099612532815 8231987294222.22 84
6.297246298178984e+26 7.885228660917044e+69 1.006451504189436e+68 1.979082605365429e+23 406684.0843433837 2.3757844989233534e+51 69333091476973.13 8.795925417249264e+20 733244949522.2736 4.359590319159586e+37 60.423953548645244 2.6995689207135526e+25 155174061877035.16 8.756984232877752e+21 8.480669699321352e+27 227.77297333507462 0.014026558064806616 5.271270222892296e+54 1.5637407600835023e+50 32053.15248471609 0.8300000000000001 85
6.297246298178984e+26 7.885228660917044e+69 1.006451504189436e+68 127.19167167950528 406684.0843433837 2.3757844989233534e+51 4184.71481615986 8.795925417249264e+20 1254102095.5406895 4.359590319159586e+37 0.009796326267483987 155174061877035.16 14735210779255.08 8.480669699321352e+27 1572511.7927944171 3.6137386207315787 5.271270222892296e+54 1.5637407600835023e+50 85
6.297246298178984e+26 7.885228660917044e+69 1.006451504189436e+68 116497972765.4385 406684.0843433837 2.3757844989233534e+51 1.242463022877026e+19 8.795925417249264e+20 733244949522.2736 4.359590319159586e+37 60.423953548645244 327.26811223242987 155174061877035.16 8.756984232877752e+21 8.480669699321352e+27 227.77297333507462 3.6137386207315787 5.271270222892296e+54 1.5637407600835023e+50 85
8.895955708376027e+39 7.885228660917044e+69 1.006451504189436e+68 1.979082605365429e+23 3.575699942185882e+44 2.3757844989233534e+51 4184.71481615986 5.697432204289534e+24 733244949522.2736 4.359590319159586e+37 632107519152062.0 2.6995689207135526e+25 19022223031.234238 0.00018117594738317646 3043955.0824901666 5.272366461946172e+16 1.5562529327873172e+18 0.6900000000000001 1.5637407600835023e+50 10251860.862732535 8231987294222.22 84
8.895955708376027e+39 7.885228660917044e+69 1.006451504189436e+68 1.979082605365429e+23 406684.0843433837 2.3757844989233534e+51 69333091476973.13 8.795925417249264e+20 733244949522.2736 2.784565314420108e+23 60.423953548645244 0.009796326267483987 155174061877035.16 8.756984232877752e+21 1572511.7927944171 3.6137386207315787 5.271270222892296e+54 1.5637407600835023e+50 51.951099612532815 0.8300000000000001 85
8.895955708376027e+39 7.885228660917044e+69 1.006451504189436e+68 127.19167167950528 406684.0843433837 2.3757844989233534e+51 1.242463022877026e+19 8.795925417249264e+20 1254102095.5406895 4.359590319159586e+37 0.04369222039820252 327.26811223242987 155174061877035.16 14735210779255.08 8.480669699321352e+27 4.72471970851565e-290 1.5637407600835023e+50 84
8.895955708376027e+39 7.885228660917044e+69 1.006451504189436e+68 1.979082605365429e+23 3.575699942185882e+44 2.3757844989233534e+51 1.242463022877026e+19 5.697432204289534e+24 1254102095.5406895 4.359590319159586e+37 603671313420.9084 5.271270222892296e+54 1.5637407600835023e+50 8231987294222.22 84
6.297246298178984e+26 7.885228660917044e+69 1.006451504189436e+68 127.19167167950528 2699.2249626435537 2.3757844989233534e+51 1.242463022877026e+19 5.697432204289534e+24 0.36532265713736095 4.359590319159586e+37 60.423953548645244 3.338815961548395e+16 155174061877035.16 14735210779255.08 8.480669699321352e+27 1.5562529327873172e+18 5.271270222892296e+54 1.5637407600835023e+50 84
6.297246298178984e+26 7.885228660917044e+69 1.006451504189436e+68 1.979082605365429e+23 2699.2249626435537 2.3757844989233534e+51 69333091476973.13 8.795925417249264e+20 733244949522.2736 4.359590319159586e+37 60.423953548645244 2.6995689207135526e+25 155174061877035.16 227.77297333507462 4.5131650947015166e-290 0.1780917077728447 1.5637407600835023e+50 85
6.297246298178984e+26 7.885228660917044e+69 1.006451504189436e+68 127.19167167950528 406684.0843433837 0.04579501057016006 69333091476973.13 8.795925417249264e+20 733244949522.2736 4.359590319159586e+37 15140136698.329292 2.6995689207135526e+25 71179010.03621432 8.756984232877752e+21 8.480669699321352e+27 227.77297333507462 1.5562529327873172e+18 0.1780917077728447 5.147828936143918e-290 32053.15248471609 8231987294222.22 85
8.895955708376027e+39 7.885228660917044e+69 0.8349139117008706 3.474786678025097e-281 3.575699942185882e+44 2.3757844989233534e+51 69333091476973.13 8.795925417249264e+20 733244949522.2736 4.359590319159586e+37 632107519152062.0 2.6995689207135526e+25 155174061877035.16 8.756984232877752e+21 8.480669699321352e+27 5.272366461946172e+16 1.5562529327873172e+18 5.271270222892296e+54 1.5637407600835023e+50 32053.15248471609 84
6.297246298178984e+26 7.885228660917044e+69 1.006451504189436e+68 1.979082605365429e+23 406684.0843433837 2.3757844989233534e+51 1.242463022877026e+19 8.795925417249264e+20 0.36532265713736095 4.359590319159586e+37 15140136698.329292 2.6995689207135526e+25 71179010.03621432 3043955.0824901666 603671313420.9084 0.7915324237976156 5.271270222892296e+54 1.5637407600835023e+50 10251860.862732535 85
6.297246298178984e+26 7.885228660917044e+69 1.006451504189436e+68 1.979082605365429e+23 406684.0843433837 2.3757844989233534e+51 69333091476973.13 8.795925417249264e+20 733244949522.2736 4.359590319159586e+37 60.423953548645244 2.6995689207135526e+25 155174061877035.16 8.756984232877752e+21 8.480669699321352e+27 227.77297333507462 0.014026558064806616 5.271270222892296e+54 1.5637407600835023e+50 32053.15248471609 85
6.297246298178984e+26 7.885228660917044e+69 1.006451504189436e+68 127.19167167950528 3.575699942185882e+44 2.3757844989233534e+51 1.242463022877026e+19 8.795925417249264e+20 733244949522.2736 4.359590319159586e+37 632107519152062.0 2.6995689207135526e+25 71179010.03621432 14735210779255.08 3043955.0824901666 603671313420.9084 5.271270222892296e+54 1.5637407600835023e+50 84
8.895955708376027e+39 7.885228660917044e+69 1.006451504189436e+68 3.474786678025097e-281 3.575699942185882e+44 2.3757844989233534e+51 0.004898163133741994 5.697432204289534e+24 679453838222.9343 2.784565314420108e+23 0.04369222039820252 3.338815961548395e+16 19022223031.234238 8.756984232877752e+21 8.480669699321352e+27 227.77297333507462 1.5562529327873172e+18 5.271270222892296e+54 6435.792740931639 84
8.895955708376027e+39 0.004262655648605124 0.8349139117008706 116497972765.4385 3.575699942185882e+44 2.3757844989233534e+51 84
8.895955708376027e+39 7.885228660917044e+69 1.006451504189436e+68 127.19167167950528 2699.2249626435537 0.04579501057016006 0.004898163133741994 8.795925417249264e+20 733244949522.2736 4.359590319159586e+37 632107519152062.0 2.6995689207135526e+25 19022223031.234238 0.00018117594738317646 8.480669699321352e+27 5.272366461946172e+16 1.5562529327873172e+18 1.5637407600835023e+50 85
8.895955708376027e+39 7.885228660917044e+69 1.006451504189436e+68 1.979082605365429e+23 3.575699942185882e+44 0.04579501057016006 1.242463022877026e+19 5.697432204289534e+24 1254102095.5406895 4.359590319159586e+37 3.338815961548395e+16 19022223031.234238 0.00018117594738317646 7.653377523924647 603671313420.9084 5.271270222892296e+54 6435.792740931639 84
8.895955708376027e+39 7.885228660917044e+69 1.006451504189436e+68 116497972765.4385 3.575699942185882e+44 2.3757844989233534e+51 69333091476973.13 8.795925417249264e+20 2.231824827410231e-278 2.784565314420108e+23 17483.53771893604 3.338815961548395e+16 1821.4402724157594 0.00018117594738317646 8.480669699321352e+27 5.272366461946172e+16 0.7915324237976156 5.271270222892296e+54 1.5637407600835023e+50 51.951099612532815 84
6.297246298178984e+26 7.885228660917044e+69 1.006451504189436e+68 3.474786678025097e-281 2699.2249626435537 2.3757844989233534e+51 69333091476973.13 8.795925417249264e+20 733244949522.2736 4.359590319159586e+37 15140136698.329292 327.26811223242987 155174061877035.16 227.77297333507462 0.014026558064806616 5.271270222892296e+54 6435.792740931639 85
8.895955708376027e+39 7.885228660917044e+69 1.006451504189436e+68 116497972765.4385 3.575699942185882e+44 2.3757844989233534e+51 4184.71481615986 5.697432204289534e+24 2.231824827410231e-278 2.784565314420108e+23 15140136698.329292 2.6995689207135526e+25 19022223031.234238 14735210779255.08 3043955.0824901666 0.7915324237976156 5.271270222892296e+54 1.5637407600835023e+50 10251860.862732535 84
6.297246298178984e+26 7.885228660917044e+69 1.006451504189436e+68 127.19167167950528 2699.2249626435537 2.3757844989233534e+51 1.242463022877026e+19 8.795925417249264e+20 1254102095.5406895 4.359590319159586e+37 632107519152062.0 0.009796326267483987 19022223031.234238 8.756984232877752e+21 8.480669699321352e+27 1.5562529327873172e+18 0.6900000000000001 1.5637407600835023e+50 32053.15248471609 8231987294222.22 84
8.895955708376027e+39 7.885228660917044e+69 1.006451504189436e+68 127.19167167950528 3.575699942185882e+44 2.3757844989233534e+51 1.242463022877026e+19 8.795925417249264e+20 679453838222.9343 4.359590319159586e+37 17483.53771893604 2.6995689207135526e+25 19022223031.234238 8.756984232877752e+21 3043955.0824901666 603671313420.9084 5.272366461946172e+16 5.271270222892296e+54 1.5637407600835023e+50 84
6.297246298178984e+26 7.885228660917044e+69 1.006451504189436e+68 116497972765.4385 2699.2249626435537 69333091476973.13 8.795925417249264e+20 0.36532265713736095 4.359590319159586e+37 60.423953548645244 2.6995689207135526e+25 71179010.03621432 14735210779255.08 8.480669699321352e+27 0.014026558064806616 5.271270222892296e+54 1.5637407600835023e+50 32053.15248471609 8231987294222.22 85
8.895955708376027e+39 7.885228660917044e+69 0.8349139117008706 406684.0843433837 2.3757844989233534e+51 69333091476973.13 8.795925417249264e+20 1254102095.5406895 4.359590319159586e+37 3.338815961548395e+16 155174061877035.16 8.756984232877752e+21 8.480669699321352e+27 1572511.7927944171 0.7915324237976156 5.271270222892296e+54 1.5637407600835023e+50 32053.15248471609 84
6.297246298178984e+26 7.885228660917044e+69 1.006451504189436e+68 3.575699942185882e+44 2.3757844989233534e+51 1.242463022877026e+19 5.697432204289534e+24 0.36532265713736095 4.359590319159586e+37 15140136698.329292 2.6995689207135526e+25 19022223031.234238 8.756984232877752e+21 8.480669699321352e+27 227.77297333507462 5.271270222892296e+54 2.9262612766607806e-284 84
8.895955708376027e+39 7.885228660917044e+69 1.006451504189436e+68 127.19167167950528 3.575699942185882e+44 2.3757844989233534e+51 1254102095.5406895 2.784565314420108e+23 0.04369222039820252 3.338815961548395e+16 71179010.03621432 8.756984232877752e+21 3043955.0824901666 603671313420.9084 5.272366461946172e+16 0.7915324237976156 5.271270222892296e+54 1.5637407600835023e+50 10251860.862732535 8231987294222.22 84
8.895955708376027e+39 7.885228660917044e+69 1.006451504189436e+68 3.575699942185882e+44 1.242463022877026e+19 1.9745097289319134e-290 679453838222.9343 4.359590319159586e+37 0.04369222039820252 3.338815961548395e+16 1821.4402724157594 14735210779255.08 8.480669699321352e+27 1.5562529327873172e+18 5.271270222892296e+54 6435.792740931639 51.951099612532815 8231987294222.22 84
6.297246298178984e+26 7.885228660917044e+69 1.006451504189436e+68 1.979082605365429e+23 2699.2249626435537 2.3757844989233534e+51 69333091476973.13 8.795925417249264e+20 733244949522.2736 4.359590319159586e+37 60.423953548645244 2.6995689207135526e+25 155174061877035.16 227.77297333507462 4.5131650947015166e-290 0.1780917077728447 1.5637407600835023e+50 85
6.297246298178984e+26 7.885228660917044e+69 1.006451504189436e+68 1.979082605365429e+23 3.575699942185882e+44 2.3757844989233534e+51 4.359590319159586e+37 85
8.895955708376027e+39 7.885228660917044e+69 1.006451504189436e+68 3.575699942185882e+44 2.3757844989233534e+51 1.242463022877026e+19 1.9745097289319134e-290 2.231824827410231e-278 2.784565314420108e+23 15140136698.329292 2.6995689207135526e+25 71179010.03621432 8.756984232877752e+21 8.480669699321352e+27 5.272366461946172e+16 1.5562529327873172e+18 5.271270222892296e+54 1.5637407600835023e+50 84
8.895955708376027e+39 7.885228660917044e+69 1.006451504189436e+68 1.979082605365429e+23 406684.0843433837 733244949522.2736 4.359590319159586e+37 155174061877035.16 8.756984232877752e+21 8.480669699321352e+27 5.271270222892296e+54 1.5637407600835023e+50 84
6.297246298178984e+26 7.885228660917044e+69 0.8349139117008706 116497972765.4385 3.575699942185882e+44 0.04579501057016006 1.242463022877026e+19 8.795925417249264e+20 2.231824827410231e-278 4.359590319159586e+37 15140136698.329292 3.338815961548395e+16 71179010.03621432 14735210779255.08 7.653377523924647 603671313420.9084 0.7915324237976156 5.271270222892296e+54 1.5637407600835023e+50 51.951099612532815 8231987294222.22 84
8.895955708376027e+39 0.004262655648605124 0.8349139117008706 1.979082605365429e+23 3.575699942185882e+44 2.3757844989233534e+51 4184.71481615986 1.9745097289319134e-290 5.507781587956963e-280 632107519152062.0 2.6995689207135526e+25 19022223031.234238 1572511.7927944171 5.271270222892296e+54 1.5637407600835023e+50 10251860.862732535 8231987294222.22 84
8.895955708376027e+39 7.885228660917044e+69 1.006451504189436e+68 84
8.895955708376027e+39 7.885228660917044e+69 1.006451504189436e+68 6.816308117449725e-146 3.575699942185882e+44 1.242463022877026e+19 5.697432204289534e+24 5.507781587956963e-280 4.359590319159586e+37 17483.53771893604 3.338815961548395e+16 155174061877035.16 8.756984232877752e+21 3043955.0824901666 227.77297333507462 3.6137386207315787 5.271270222892296e+54 1.5637407600835023e+50 10251860.862732535 8231987294222.22 84
6.297246298178984e+26 7.885228660917044e+69 1.006451504189436e+68 127.19167167950528 3.575699942185882e+44 2.3757844989233534e+51 1.242463022877026e+19 2.2153001381711606e-145 679453838222.9343 2.784565314420108e+23 0.04369222039820252 2.6995689207135526e+25 19022223031.234238 0.00018117594738317646 8.480669699321352e+27 5.272366461946172e+16 0.7915324237976156 5.271270222892296e+54 10251860.862732535 8231987294222.22 84
8.895955708376027e+39 7.885228660917044e+69 1.006451504189436e+68 1.979082605365429e+23 3.575699942185882e+44 2.3757844989233534e+51 1.242463022877026e+19 5.697432204289534e+24 1254102095.5406895 4.359590319159586e+37 603671313420.9084 5.271270222892296e+54 1.5637407600835023e+50 8231987294222.22 84
6.297246298178984e+26 7.885228660917044e+69 1.006451504189436e+68 116497972765.4385 3.575699942185882e+44 2.3757844989233534e+51 69333091476973.13 8.795925417249264e+20 2.231824827410231e-278 4.359590319159586e+37 632107519152062.0 2.6995689207135526e+25 71179010.03621432 8.756984232877752e+21 8.480669699321352e+27 227.77297333507462 4.5131650947015166e-290 5.271270222892296e+54 1.5637407600835023e+50 51.951099612532815 8231987294222.22 85
8.895955708376027e+39 7.885228660917044e+69 0.8349139117008706 127.19167167950528 406684.0843433837 2.3757844989233534e+51 1.242463022877026e+19 5.697432204289534e+24 4.359590319159586e+37 0.04369222039820252 3.338815961548395e+16 155174061877035.16 8.756984232877752e+21 8.480669699321352e+27 1572511.7927944171 5.271270222892296e+54 1.5637407600835023e+50 51.951099612532815 8231987294222.22 84
8.895955708376027e+39 7.885228660917044e+69 1.006451504189436e+68 1.979082605365429e+23 3.575699942185882e+44 2.3757844989233534e+51 0.004898163133741994 8.795925417249264e+20 0.36532265713736095 4.359590319159586e+37 632107519152062.0 8.756984232877752e+21 5.272366461946172e+16 5.271270222892296e+54 1.5637407600835023e+50 32053.15248471609 0.8300000000000001 84
8.895955708376027e+39 7.885228660917044e+69 1.006451504189436e+68 116497972765.4385 3.575699942185882e+44 2.3757844989233534e+51 4184.71481615986 5.697432204289534e+24 0.36532265713736095 2.784565314420108e+23 0.04369222039820252 3.338815961548395e+16 1821.4402724157594 5.272366461946172e+16 1.5562529327873172e+18 5.271270222892296e+54 6435.792740931639 10251860.862732535 8231987294222.22 84
8.895955708376027e+39 7.885228660917044e+69 1.006451504189436e+68 1.979082605365429e+23 3.575699942185882e+44 0.04579501057016006 1.242463022877026e+19 5.697432204289534e+24 1254102095.5406895 4.359590319159586e+37 3.338815961548395e+16 19022223031.234238 0.00018117594738317646 7.653377523924647 603671313420.9084 5.271270222892296e+54 6435.792740931639 84
6.297246298178984e+26 7.885228660917044e+69 1.006451504189436e+68 1.979082605365429e+23 406684.0843433837 2.3757844989233534e+51 69333091476973.13 733244949522.2736 4.359590319159586e+37 60.423953548645244 2.6995689207135526e+25 155174061877035.16 8.756984232877752e+21 3043955.0824901666 603671313420.9084 5.272366461946172e+16 4.5131650947015166e-290 5.271270222892296e+54 1.5637407600835023e+50 85
6.297246298178984e+26 7.885228660917044e+69 1.006451504189436e+68 1.979082605365429e+23 406684.0843433837 2.3757844989233534e+51 0.004898163133741994 8.795925417249264e+20 2.231824827410231e-278 4.359590319159586e+37 632107519152062.0 327.26811223242987 155174061877035.16 8.480669699321352e+27 0.014026558064806616 5.271270222892296e+54 1.5637407600835023e+50 10251860.862732535 8231987294222.22 85
6.297246298178984e+26 7.885228660917044e+69 1.006451504189436e+68 3.474786678025097e-281 406684.0843433837 69333091476973.13 8.795925417249264e+20 733244949522.2736 4.359590319159586e+37 632107519152062.0 327.26811223242987 155174061877035.16 8.756984232877752e+21 8.480669699321352e+27 1572511.7927944171 5.271270222892296e+54 1.5637407600835023e+50 51.951099612532815 0.8300000000000001 85
6.297246298178984e+26 7.885228660917044e+69 1.006451504189436e+68 1.979082605365429e+23 406684.0843433837 2.3757844989233534e+51 0.004898163133741994 8.795925417249264e+20 2.231824827410231e-278 4.359590319159586e+37 632107519152062.0 327.26811223242987 155174061877035.16 8.480669699321352e+27 0.014026558064806616 5.271270222892296e+54 1.5637407600835023e+50 10251860.862732535 8231987294222.22 85
8.895955708376027e+39 7.885228660917044e+69 1.006451504189436e+68 116497972765.4385 3.575699942185882e+44 2.3757844989233534e+51 4184.71481615986 1.9745097289319134e-290 2.784565314420108e+23 17483.53771893604 3.338815961548395e+16 51.951099612532815 8231987294222.22 85
8.895955708376027e+39 7.885228660917044e+69 1.006451504189436e+68 1.979082605365429e+23 3.575699942185882e+44 2.3757844989233534e+51 4184.71481615986 679453838222.9343 2.784565314420108e+23 17483.53771893604 2.6995689207135526e+25 155174061877035.16 14735210779255.08 3043955.0824901666 603671313420.9084 0.7915324237976156 5.271270222892296e+54 1.5637407600835023e+50 1.2235427122477575e-05 84
8.895955708376027e+39 7.885228660917044e+69 1.006451504189436e+68 4184.71481615986 5.697432204289534e+24 2.784565314420108e+23 15140136698.329292 3.338815961548395e+16 155174061877035.16 5.271270222892296e+54 6435.792740931639 10251860.862732535 8231987294222.22 84
8.895955708376027e+39 0.004262655648605124 0.8349139117008706 116497972765.4385 3.575699942185882e+44 2.3757844989233534e+51 4184.71481615986 8.795925417249264e+20 5.507781587956963e-280 2.784565314420108e+23 15140136698.329292 3.338815961548395e+16 1821.4402724157594 14735210779255.08 7.653377523924647 603671313420.9084 227.77297333507462 5.271270222892296e+54 1.5637407600835023e+50 10251860.862732535 1.2235427122477575e-05 84
8.895955708376027e+39 7.885228660917044e+69 1.006451504189436e+68 116497972765.4385 406684.0843433837 2.3757844989233534e+51 69333091476973.13 8.795925417249264e+20 0.36532265713736095 4.359590319159586e+37 15140136698.329292 2.6995689207135526e+25 71179010.03621432 14735210779255.08 8.480669699321352e+27 227.77297333507462 0.7915324237976156 5.271270222892296e+54 1.5637407600835023e+50 51.951099612532815 84
8.895955708376027e+39 7.885228660917044e+69 1.006451504189436e+68 3.575699942185882e+44 2.3757844989233534e+51 1.242463022877026e+19 5.697432204289534e+24 679453838222.9343 2.784565314420108e+23 0.04369222039820252 2.6995689207135526e+25 1821.4402724157594 5.271270222892296e+54 1.5637407600835023e+50 84
6.297246298178984e+26 7.885228660917044e+69 1.006451504189436e+68 1.979082605365429e+23 2699.2249626435537 0.04579501057016006 1.242463022877026e+19 8.795925417249264e+20 733244949522.2736 327.26811223242987 71179010.03621432 1572511.7927944171 5.271270222892296e+54 6435.792740931639 85
6.297246298178984e+26 7.885228660917044e+69 1.006451504189436e+68 1.979082605365429e+23 3.575699942185882e+44 0.04579501057016006 1.242463022877026e+19 8.795925417249264e+20 1254102095.5406895 4.359590319159586e+37 632107519152062.0 2.6995689207135526e+25 155174061877035.16 14735210779255.08 8.480669699321352e+27 9.784288617395693e-143 0.014026558064806616 5.271270222892296e+54 1.5637407600835023e+50 85
8.895955708376027e+39 7.885228660917044e+69 1.006451504189436e+68 127.19167167950528 3.575699942185882e+44 2.3757844989233534e+51 1.242463022877026e+19 8.795925417249264e+20 679453838222.9343 2.784565314420108e+23 0.04369222039820252 3.338815961548395e+16 19022223031.234238 14735210779255.08 8.480669699321352e+27 0.1780917077728447 5.147828936143918e-290 10251860.862732535 8231987294222.22 85
6.297246298178984e+26 7.885228660917044e+69 1.006451504189436e+68 1.979082605365429e+23 3.575699942185882e+44 2.3757844989233534e+51 69333091476973.13 8.795925417249264e+20 1254102095.5406895 4.359590319159586e+37 632107519152062.0 71179010.03621432 8.756984232877752e+21 8.480669699321352e+27 227.77297333507462 1.5562529327873172e+18 5.271270222892296e+54 1.5637407600835023e+50 51.951099612532815 8231987294222.22 85
6.297246298178984e+26 7.885228660917044e+69 1.006451504189436e+68 127.19167167950528 406684.0843433837 2.3757844989233534e+51 0.004898163133741994 5.697432204289534e+24 1254102095.5406895 4.359590319159586e+37 60.423953548645244 2.6995689207135526e+25 71179010.03621432 0.00018117594738317646 8.480669699321352e+27 603671313420.9084 5.271270222892296e+54 1.5637407600835023e+50 85
8.895955708376027e+39 7.885228660917044e+69 1.006451504189436e+68 1.979082605365429e+23 2699.2249626435537 2.3757844989233534e+51 1.242463022877026e+19 8.795925417249264e+20 0.36532265713736095 4.359590319159586e+37 632107519152062.0 2.6995689207135526e+25 19022223031.234238 8.756984232877752e+21 8.480669699321352e+27 1572511.7927944171 1.5562529327873172e+18 5.271270222892296e+54 1.5637407600835023e+50 51.951099612532815 8231987294222.22 84
8.895955708376027e+39 7.885228660917044e+69 0.8349139117008706 85
8.895955708376027e+39 7.885228660917044e+69 1.006451504189436e+68 127.19167167950528 3.575699942185882e+44 2.3757844989233534e+51 1.242463022877026e+19 5.697432204289534e+24 5.507781587956963e-280 4.359590319159586e+37 15140136698.329292 3.338815961548395e+16 1821.4402724157594 0.00018117594738317646 7.653377523924647 603671313420.9084 5.272366461946172e+16 1.5562529327873172e+18 5.271270222892296e+54 2.9262612766607806e-284 85
6.297246298178984e+26 7.885228660917044e+69 1.006451504189436e+68 116497972765.4385 3.575699942185882e+44 2.3757844989233534e+51 1.242463022877026e+19 5.697432204289534e+24 5.507781587956963e-280 2.784565314420108e+23 15140136698.329292 3.338815961548395e+16 19022223031.234238 14735210779255.08 7.653377523924647 227.77297333507462 1.5562529327873172e+18 5.271270222892296e+54 1.5637407600835023e+50 51.951099612532815 8231987294222.22 85
8.895955708376027e+39 7.885228660917044e+69 1.006451504189436e+68 1.979082605365429e+23 406684.0843433837 733244949522.2736 4.359590319159586e+37 155174061877035.16 8.756984232877752e+21 8.480669699321352e+27 5.271270222892296e+54 1.5637407600835023e+50 84
8.895955708376027e+39 7.885228660917044e+69 1.006451504189436e+68 1.979082605365429e+23 3.575699942185882e+44 2.3757844989233534e+51 4184.71481615986 679453838222.9343 2.784565314420108e+23 17483.53771893604 2.6995689207135526e+25 155174061877035.16 14735210779255.08 3043955.0824901666 603671313420.9084 0.7915324237976156 5.271270222892296e+54 1.5637407600835023e+50 1.2235427122477575e-05 84
8.895955708376027e+39 7.885228660917044e+69 1.006451504189436e+68 116497972765.4385 3.575699942185882e+44 2.3757844989233534e+51 4184.71481615986 1.9745097289319134e-290 2.784565314420108e+23 17483.53771893604 3.338815961548395e+16 51.951099612532815 8231987294222.22 85
6.297246298178984e+26 0.004262655648605124 0.8349139117008706 1.979082605365429e+23 3.575699942185882e+44 2.3757844989233534e+51 69333091476973.13 8.795925417249264e+20 0.36532265713736095 4.359590319159586e+37 60.423953548645244 2.6995689207135526e+25 71179010.03621432 0.00018117594738317646 603671313420.9084 1572511.7927944171 3.6137386207315787 5.271270222892296e+54 1.5637407600835023e+50 32053.15248471609 85
8.895955708376027e+39 7.885228660917044e+69 1.006451504189436e+68 127.19167167950528 2699.2249626435537 2.3757844989233534e+51 5.272366461946172e+16 3.6137386207315787 0.1780917077728447 5.147828936143918e-290 32053.15248471609 8231987294222.22 85
8.895955708376027e+39 7.885228660917044e+69 1.006451504189436e+68 1.979082605365429e+23 2699.2249626435537 2.3757844989233534e+51 733244949522.2736 4.359590319159586e+37 2.6995689207135526e+25 227.77297333507462 5.271270222892296e+54 5.147828936143918e-290 85
8.895955708376027e+39 0.004262655648605124 1.006451504189436e+68 1.979082605365429e+23 3.575699942185882e+44 2.3757844989233534e+51 5.697432204289534e+24 4.359590319159586e+37 15140136698.329292 3.338815961548395e+16 5.271270222892296e+54 6435.792740931639 84
6.297246298178984e+26 7.885228660917044e+69 1.006451504189436e+68 116497972765.4385 3.575699942185882e+44 2.3757844989233534e+51 69333091476973.13 8.795925417249264e+20 2.231824827410231e-278 4.359590319159586e+37 632107519152062.0 2.6995689207135526e+25 71179010.03621432 8.756984232877752e+21 8.480669699321352e+27 227.77297333507462 4.5131650947015166e-290 5.271270222892296e+54 1.5637407600835023e+50 51.951099612532815 8231987294222.22 85
6.297246298178984e+26 7.885228660917044e+69 1.006451504189436e+68 1.979082605365429e+23 3.575699942185882e+44 2.3757844989233534e+51 69333091476973.13 8.795925417249264e+20 1254102095.5406895 4.359590319159586e+37 632107519152062.0 71179010.03621432 8.756984232877752e+21 8.480669699321352e+27 227.77297333507462 1.5562529327873172e+18 5.271270222892296e+54 1.5637407600835023e+50 51.951099612532815 8231987294222.22 85
6.297246298178984e+26 7.885228660917044e+69 0.8349139117008706 116497972765.4385 3.575699942185882e+44 0.04579501057016006 1.242463022877026e+19 8.795925417249264e+20 2.231824827410231e-278 4.359590319159586e+37 15140136698.329292 3.338815961548395e+16 71179010.03621432 14735210779255.08 7.653377523924647 603671313420.9084 0.7915324237976156 5.271270222892296e+54 1.5637407600835023e+50 51.951099612532815 8231987294222.22 84
8.895955708376027e+39 7.885228660917044e+69 1.006451504189436e+68 1.979082605365429e+23 3.575699942185882e+44 0.04579501057016006 1.242463022877026e+19 5.697432204289534e+24 1254102095.5406895 4.359590319159586e+37 3.338815961548395e+16 19022223031.234238 0.00018117594738317646 7.653377523924647 603671313420.9084 5.271270222892296e+54 6435.792740931639 84
8.895955708376027e+39 7.885228660917044e+69 0.8349139117008706 1.979082605365429e+23 3.575699942185882e+44 2.3757844989233534e+51 69333091476973.13 2.784565314420108e+23 2.6995689207135526e+25 19022223031.234238 1572511.7927944171 84
8.895955708376027e+39 7.885228660917044e+69 1.006451504189436e+68 2.3757844989233534e+51 4184.71481615986 5.697432204289534e+24 1254102095.5406895 17483.53771893604 3.338815961548395e+16 19022223031.234238 8.756984232877752e+21 5.272366461946172e+16 0.7915324237976156 5.271270222892296e+54 1.5637407600835023e+50 10251860.862732535 84
6.297246298178984e+26 7.885228660917044e+69 1.006451504189436e+68 69333091476973.13 8.795925417249264e+20 1254102095.5406895 4.359590319159586e+37 60.423953548645244 2.6995689207135526e+25 155174061877035.16 9.784288617395693e-143 0.014026558064806616 5.271270222892296e+54 1.5637407600835023e+50 85
8.895955708376027e+39 7.885228660917044e+69 1.006451504189436e+68 1.979082605365429e+23 3.575699942185882e+44 2.3757844989233534e+51 4184.71481615986 5.697432204289534e+24 679453838222.9343 4.359590319159586e+37 15140136698.329292 3.338815961548395e+16 1821.4402724157594 14735210779255.08 8.480669699321352e+27 5.272366461946172e+16 1.5562529327873172e+18 5.271270222892296e+54 1.5637407600835023e+50 32053.15248471609 0.8300000000000001 84
8.895955708376027e+39 7.885228660917044e+69 1.006451504189436e+68 127.19167167950528 3.575699942185882e+44 2.3757844989233534e+51 0.8300000000000001 84
6.297246298178984e+26 7.885228660917044e+69 1.006451504189436e+68 127.19167167950528 3.575699942185882e+44 2.3757844989233534e+51 1.242463022877026e+19 5.697432204289534e+24 2.231824827410231e-278 2.784565314420108e+23 0.04369222039820252 327.26811223242987 71179010.03621432 14735210779255.08 7.653377523924647 9.784288617395693e-143 3.6137386207315787 5.271270222892296e+54 1.5637407600835023e+50 51.951099612532815 8231987294222.22 85
8.895955708376027e+39 7.885228660917044e+69 1.006451504189436e+68 1.979082605365429e+23 3.575699942185882e+44 2.3757844989233534e+51 1.242463022877026e+19 5.697432204289534e+24 2.231824827410231e-278 2.784565314420108e+23 2.6995689207135526e+25 19022223031.234238 8.756984232877752e+21 3043955.0824901666 5.272366461946172e+16 1.5562529327873172e+18 5.271270222892296e+54 0.76 84
6.297246298178984e+26 7.885228660917044e+69 1.006451504189436e+68 3.474786678025097e-281 3.575699942185882e+44 2.3757844989233534e+51 1.242463022877026e+19 5.697432204289534e+24 2.784565314420108e+23 17483.53771893604 3.338815961548395e+16 1821.4402724157594 227.77297333507462 1.5562529327873172e+18 5.271270222892296e+54 1.5637407600835023e+50 85
6.297246298178984e+26 7.885228660917044e+69 1.006451504189436e+68 1.242463022877026e+19 1.9745097289319134e-290 5.507781587956963e-280 0.04369222039820252 1821.4402724157594 84
6.297246298178984e+26 7.885228660917044e+69 1.006451504189436e+68 127.19167167950528 3.575699942185882e+44 1.242463022877026e+19 5.697432204289534e+24 1254102095.5406895 4.359590319159586e+37 632107519152062.0 2.6995689207135526e+25 71179010.03621432 8.756984232877752e+21 3043955.0824901666 0.7915324237976156 5.271270222892296e+54 1.5637407600835023e+50 10251860.862732535 8231987294222.22 84
6.297246298178984e+26 7.885228660917044e+69 1.006451504189436e+68 127.19167167950528 3.575699942185882e+44 2.3757844989233534e+51 1.242463022877026e+19 8.795925417249264e+20 733244949522.2736 4.359590319159586e+37 632107519152062.0 2.6995689207135526e+25 71179010.03621432 14735210779255.08 3043955.0824901666 603671313420.9084 5.271270222892296e+54 1.5637407600835023e+50 84
6.297246298178984e+26 7.885228660917044e+69 1.006451504189436e+68 116497972765.4385 406684.0843433837 2.3757844989233534e+51 0.004898163133741994 733244949522.2736 4.359590319159586e+37 60.423953548645244 327.26811223242987 155174061877035.16 14735210779255.08 8.480669699321352e+27 1572511.7927944171 3.6137386207315787 0.1780917077728447 6435.792740931639 85
8.895955708376027e+39 7.885228660917044e+69 1.006451504189436e+68 6.816308117449725e-146 3.575699942185882e+44 1.242463022877026e+19 5.697432204289534e+24 5.507781587956963e-280 4.359590319159586e+37 17483.53771893604 3.338815961548395e+16 155174061877035.16 8.756984232877752e+21 3043955.0824901666 227.77297333507462 3.6137386207315787 5.271270222892296e+54 1.5637407600835023e+50 10251860.862732535 8231987294222.22 84
6.297246298178984e+26 7.885228660917044e+69 1.006451504189436e+68 2699.2249626435537 2.3757844989233534e+51 69333091476973.13 8.795925417249264e+20 733244949522.2736 4.359590319159586e+37 632107519152062.0 2.6995689207135526e+25 155174061877035.16 8.756984232877752e+21 8.480669699321352e+27 3.6137386207315787 1.5637407600835023e+50 85
8.895955708376027e+39 7.885228660917044e+69 1.006451504189436e+68 116497972765.4385 2.3757844989233534e+51 1.242463022877026e+19 8.795925417249264e+20 1254102095.5406895 4.359590319159586e+37 0.04369222039820252 3.338815961548395e+16 71179010.03621432 8.756984232877752e+21 0.1780917077728447 1.5637407600835023e+50 32053.15248471609 8231987294222.22 84
6.297246298178984e+26 7.885228660917044e+69 1.006451504189436e+68 1.979082605365429e+23 406684.0843433837 2.3757844989233534e+51 0.004898163133741994 5.697432204289534e+24 1254102095.5406895 2.609173570374314e-290 632107519152062.0 327.26811223242987 71179010.03621432 8.756984232877752e+21 7.653377523924647 0.7915324237976156 5.271270222892296e+54 1.5637407600835023e+50 85
8.895955708376027e+39 7.885228660917044e+69 1.006451504189436e+68 127.19167167950528 3.575699942185882e+44 0.004898163133741994 8.795925417249264e+20 733244949522.2736 4.359590319159586e+37 15140136698.329292 327.26811223242987 155174061877035.16 14735210779255.08 8.480669699321352e+27 1572511.7927944171 0.1780917077728447 6435.792740931639 51.951099612532815 8231987294222.22 84
6.297246298178984e+26 7.885228660917044e+69 1.006451504189436e+68 127.19167167950528 3.575699942185882e+44 2.3757844989233534e+51 4184.71481615986 5.697432204289534e+24 5.507781587956963e-280 2.784565314420108e+23 15140136698.329292 3.338815961548395e+16 19022223031.234238 14735210779255.08 8.480669699321352e+27 5.272366461946172e+16 1.5562529327873172e+18 5.271270222892296e+54 1.5637407600835023e+50 51.951099612532815 8231987294222.22 84
6.297246298178984e+26 7.885228660917044e+69 1.006451504189436e+68 6.816308117449725e-146 2699.2249626435537 2.3757844989233534e+51 0.004898163133741994 8.795925417249264e+20 1254102095.5406895 4.359590319159586e+37 60.423953548645244 2.6995689207135526e+25 71179010.03621432 14735210779255.08 8.480669699321352e+27 1572511.7927944171 1.5562529327873172e+18 5.271270222892296e+54 5.147828936143918e-290 85
8.895955708376027e+39 7.885228660917044e+69 0.8349139117008706 1.979082605365429e+23 3.575699942185882e+44 2.3757844989233534e+51 69333091476973.13 2.784565314420108e+23 2.6995689207135526e+25 19022223031.234238 1572511.7927944171 84
8.895955708376027e+39 7.885228660917044e+69 1.006451504189436e+68 1.979082605365429e+23 406684.0843433837 0.04579501057016006 1.242463022877026e+19 8.795925417249264e+20 733244949522.2736 4.359590319159586e+37 2.6995689207135526e+25 71179010.03621432 14735210779255.08 8.480669699321352e+27 1572511.7927944171 4.5131650947015166e-290 5.271270222892296e+54 1.5637407600835023e+50 51.951099612532815 8231987294222.22 85
6.297246298178984e+26 7.885228660917044e+69 1.006451504189436e+68 127.19167167950528 3.575699942185882e+44 2.3757844989233534e+51 1.242463022877026e+19 2.2153001381711606e-145 679453838222.9343 2.784565314420108e+23 0.04369222039820252 2.6995689207135526e+25 19022223031.234238 0.00018117594738317646 8.480669699321352e+27 5.272366461946172e+16 0.7915324237976156 5.271270222892296e+54 10251860.862732535 8231987294222.22 84
6.297246298178984e+26 7.885228660917044e+69 1.006451504189436e+68 1.979082605365429e+23 2699.2249626435537 0.04579501057016006 1.242463022877026e+19 1254102095.5406895 4.359590319159586e+37 60.423953548645244 155174061877035.16 0.014026558064806616 5.271270222892296e+54 1.5637407600835023e+50 85
8.895955708376027e+39 7.885228660917044e+69 1.006451504189436e+68 1.979082605365429e+23 3.575699942185882e+44 2.3757844989233534e+51 8.795925417249264e+20 4.359590319159586e+37 17483.53771893604 2.6995689207135526e+25 1.5562529327873172e+18 0.1780917077728447 6435.792740931639 84
8.895955708376027e+39 7.885228660917044e+69 1.006451504189436e+68 1.979082605365429e+23 2699.2249626435537 2.3757844989233534e+51 1.242463022877026e+19 679453838222.9343 17483.53771893604 3.338815961548395e+16 19022223031.234238 8.756984232877752e+21 8.480669699321352e+27 5.272366461946172e+16 1.5562529327873172e+18 5.271270222892296e+54 6435.792740931639 84
6.297246298178984e+26 7.885228660917044e+69 1.006451504189436e+68 116497972765.4385 406684.0843433837 69333091476973.13 8.795925417249264e+20 733244949522.2736 4.359590319159586e+37 60.423953548645244 2.6995689207135526e+25 155174061877035.16 1572511.7927944171 4.5131650947015166e-290 4.72471970851565e-290 6435.792740931639 85
6.297246298178984e+26 7.885228660917044e+69 1.006451504189436e+68 0.004898163133741994 8.795925417249264e+20 1254102095.5406895 4.359590319159586e+37 15140136698.329292 2.6995689207135526e+25 71179010.03621432 8.756984232877752e+21 8.480669699321352e+27 227.77297333507462 4.5131650947015166e-290 85
6.297246298178984e+26 7.885228660917044e+69 1.006451504189436e+68 3.575699942185882e+44 2.3757844989233534e+51 1254102095.5406895 4.359590319159586e+37 2.6995689207135526e+25 155174061877035.16 8.756984232877752e+21 8.480669699321352e+27 227.77297333507462 0.014026558064806616 5.271270222892296e+54 1.5637407600835023e+50 84
6.297246298178984e+26 7.885228660917044e+69 1.006451504189436e+68 3.575699942185882e+44 2.3757844989233534e+51 1.242463022877026e+19 8.795925417249264e+20 733244949522.2736 4.359590319159586e+37 632107519152062.0 2.6995689207135526e+25 155174061877035.16 8.756984232877752e+21 8.480669699321352e+27 1572511.7927944171 5.271270222892296e+54 1.5637407600835023e+50 84
6.297246298178984e+26 0.004262655648605124 0.8349139117008706 1.979082605365429e+23 3.575699942185882e+44 69333091476973.13 733244949522.2736 4.359590319159586e+37 17483.53771893604 2.6995689207135526e+25 155174061877035.16 8.756984232877752e+21 8.480669699321352e+27 227.77297333507462 5.271270222892296e+54 1.5637407600835023e+50 32053.15248471609 8231987294222.22 85
8.895955708376027e+39 7.885228660917044e+69 1.006451504189436e+68 127.19167167950528 3.575699942185882e+44 2.3757844989233534e+51 1.242463022877026e+19 5.697432204289534e+24 5.507781587956963e-280 4.359590319159586e+37 15140136698.329292 3.338815961548395e+16 1821.4402724157594 0.00018117594738317646 7.653377523924647 603671313420.9084 5.272366461946172e+16 1.5562529327873172e+18 5.271270222892296e+54 2.9262612766607806e-284 85
6.297246298178984e+26 7.885228660917044e+69 1.006451504189436e+68 127.19167167950528 406684.0843433837 2.3757844989233534e+51 4184.71481615986 8.795925417249264e+20 1254102095.5406895 4.359590319159586e+37 0.009796326267483987 155174061877035.16 14735210779255.08 8.480669699321352e+27 1572511.7927944171 3.6137386207315787 5.271270222892296e+54 1.5637407600835023e+50 85
6.297246298178984e+26 7.885228660917044e+69 1.006451504189436e+68 1.242463022877026e+19 5.697432204289534e+24 733244949522.2736 4.359590319159586e+37 17483.53771893604 2.6995689207135526e+25 19022223031.234238 14735210779255.08 8.480669699321352e+27 5.272366461946172e+16 1.5562529327873172e+18 5.271270222892296e+54 1.5637407600835023e+50 84
6.297246298178984e+26 7.885228660917044e+69 1.006451504189436e+68 1.979082605365429e+23 406684.0843433837 2.3757844989233534e+51 69333091476973.13 8.795925417249264e+20 733244949522.2736 4.359590319159586e+37 60.423953548645244 2.6995689207135526e+25 155174061877035.16 8.756984232877752e+21 8.480669699321352e+27 227.77297333507462 0.014026558064806616 5.271270222892296e+54 1.5637407600835023e+50 32053.15248471609 0.8300000000000001 85
6.297246298178984e+26 7.885228660917044e+69 1.006451504189436e+68 127.19167167950528 3.575699942185882e+44 0.04579501057016006 1.242463022877026e+19 5.697432204289534e+24 679453838222.9343 2.784565314420108e+23 15140136698.329292 3.338815961548395e+16 71179010.03621432 3043955.0824901666 603671313420.9084 227.77297333507462 4.5131650947015166e-290 5.271270222892296e+54 1.5637407600835023e+50 10251860.862732535 0.8300000000000001 84
8.895955708376027e+39 7.885228660917044e+69 1.006451504189436e+68 6.816308117449725e-146 3.575699942185882e+44 0.04579501057016006 69333091476973.13 8.795925417249264e+20 1254102095.5406895 4.359590319159586e+37 632107519152062.0 2.6995689207135526e+25 71179010.03621432 8.756984232877752e+21 5.272366461946172e+16 0.7915324237976156 0.6900000000000001 1.5637407600835023e+50 51.951099612532815 8231987294222.22 84
8.895955708376027e+39 7.885228660917044e+69 1.006451504189436e+68 4.7666154652306856e-145 2.3757844989233534e+51 69333091476973.13 8.795925417249264e+20 679453838222.9343 4.359590319159586e+37 17483.53771893604 2.6995689207135526e+25 19022223031.234238 8.756984232877752e+21 3043955.0824901666 603671313420.9084 0.7915324237976156 5.271270222892296e+54 1.5637407600835023e+50 84
8.895955708376027e+39 7.885228660917044e+69 1.006451504189436e+68 1.979082605365429e+23 406684.0843433837 2.3757844989233534e+51 69333091476973.13 5.697432204289534e+24 1254102095.5406895 4.359590319159586e+37 0.04369222039820252 3.338815961548395e+16 155174061877035.16 8.756984232877752e+21 3043955.0824901666 603671313420.9084 9.784288617395693e-143 1.5562529327873172e+18 5.271270222892296e+54 1.5637407600835023e+50 32053.15248471609 8231987294222.22 84
8.895955708376027e+39 7.885228660917044e+69 0.8349139117008706 85
6.297246298178984e+26 7.885228660917044e+69 1.006451504189436e+68 3.474786678025097e-281 3.575699942185882e+44 2.3757844989233534e+51 1.242463022877026e+19 5.697432204289534e+24 2.784565314420108e+23 15140136698.329292 3.338815961548395e+16 71179010.03621432 14735210779255.08 7.653377523924647 5.272366461946172e+16 1.5562529327873172e+18 5.271270222892296e+54 1.5637407600835023e+50 84
6.297246298178984e+26 7.885228660917044e+69 1.006451504189436e+68 1.979082605365429e+23 3.575699942185882e+44 2.3757844989233534e+51 69333091476973.13 8.795925417249264e+20 4.359590319159586e+37 632107519152062.0 2.6995689207135526e+25 14735210779255.08 8.480669699321352e+27 5.271270222892296e+54 1.5637407600835023e+50 32053.15248471609 8231987294222.22 85
8.895955708376027e+39 7.885228660917044e+69 1.006451504189436e+68 116497972765.4385 4184.71481615986 5.697432204289534e+24 5.507781587956963e-280 2.784565314420108e+23 0.04369222039820252 3.338815961548395e+16 71179010.03621432 14735210779255.08 3043955.0824901666 603671313420.9084 5.272366461946172e+16 0.7915324237976156 5.271270222892296e+54 10251860.862732535 8231987294222.22 84
8.895955708376027e+39 7.885228660917044e+69 1.006451504189436e+68 116497972765.4385 3.575699942185882e+44 2.3757844989233534e+51 5.507781587956963e-280 2.784565314420108e+23 0.04369222039820252 3.338815961548395e+16 19022223031.234238 14735210779255.08 5.272366461946172e+16 1.5562529327873172e+18 5.271270222892296e+54 6435.792740931639 84
8.895955708376027e+39 7.885228660917044e+69 1.006451504189436e+68 3.575699942185882e+44 1.242463022877026e+19 5.697432204289534e+24 2.231824827410231e-278 2.784565314420108e+23 15140136698.329292 3.338815961548395e+16 19022223031.234238 3043955.0824901666 5.272366461946172e+16 0.7915324237976156 5.271270222892296e+54 1.5637407600835023e+50 51.951099612532815 8231987294222.22 84
8.895955708376027e+39 7.885228660917044e+69 1.006451504189436e+68 116497972765.4385 3.575699942185882e+44 2.3757844989233534e+51 5.507781587956963e-280 2.784565314420108e+23 0.04369222039820252 3.338815961548395e+16 19022223031.234238 14735210779255.08 5.272366461946172e+16 1.5562529327873172e+18 5.271270222892296e+54 6435.792740931639 84
8.895955708376027e+39 7.885228660917044e+69 1.006451504189436e+68 1.979082605365429e+23 2699.2249626435537 2.3757844989233534e+51 1.242463022877026e+19 679453838222.9343 17483.53771893604 3.338815961548395e+16 19022223031.234238 8.756984232877752e+21 8.480669699321352e+27 5.272366461946172e+16 1.5562529327873172e+18 5.271270222892296e+54 6435.792740931639 84
6.297246298178984e+26 7.885228660917044e+69 1.006451504189436e+68 1.979082605365429e+23 3.575699942185882e+44 2.3757844989233534e+51 69333091476973.13 8.795925417249264e+20 4.359590319159586e+37 632107519152062.0 2.6995689207135526e+25 14735210779255.08 8.480669699321352e+27 5.271270222892296e+54 1.5637407600835023e+50 32053.15248471609 8231987294222.22 85
8.895955708376027e+39 7.885228660917044e+69 1.006451504189436e+68 3.474786678025097e-281 3.575699942185882e+44 2.3757844989233534e+51 1.242463022877026e+19 5.697432204289534e+24 1254102095.5406895 4.359590319159586e+37 15140136698.329292 3.338815961548395e+16 19022223031.234238 14735210779255.08 3043955.0824901666 603671313420.9084 5.271270222892296e+54 6435.792740931639 10251860.862732535 8231987294222.22 84
8.895955708376027e+39 7.885228660917044e+69 1.006451504189436e+68 3.474786678025097e-281 3.575699942185882e+44 2.3757844989233534e+51 4184.71481615986 5.697432204289534e+24 5.507781587956963e-280 2.784565314420108e+23 2.6995689207135526e+25 5.271270222892296e+54 84
