0.07 0.09441499823747244 0.77 0.9800000000000001 17
1.9331065397505673 0.56 1.1298501224115012 0.25177332863325985 19
0.07 0.14162249735620866 0.77 0.9800000000000001 17
0.04720749911873622 0.8691154787780777 1.1298501224115012 0.25177332863325985 19
0.00707475546998567 0.49000000000000005 0.042448532819914016 0.2930626299892581 18
1.9331065397505673 0.56 1.1298501224115012 0.25177332863325985 19
0.04720749911873622 0.49000000000000005 1.1298501224115012 0.2930626299892581 19
0.07 0.09441499823747244 0.042448532819914016 0.2930626299892581 18
0.00707475546998567 0.49000000000000005 0.042448532819914016 0.2930626299892581 18
0.07 0.8691154787780777 0.77 0.9800000000000001 17
0.07 0.8691154787780777 0.77 0.9800000000000001 17
0.07 0.8691154787780777 0.77 0.9800000000000001 17
0.04720749911873622 0.8691154787780777 1.1298501224115012 0.25177332863325985 19
0.04720749911873622 0.09441499823747244 1.1298501224115012 0.25177332863325985 19
0.04720749911873622 0.09441499823747244 1.1298501224115012 0.25177332863325985 19
0.00707475546998567 0.8691154787780777 0.77 0.9800000000000001 17
1.9331065397505673 0.56 1.1298501224115012 0.25177332863325985 19
0.04720749911873622 0.8691154787780777 0.042448532819914016 0.2930626299892581 18
0.07 0.14162249735620866 0.77 0.9800000000000001 17
0.00707475546998567 0.14162249735620866 1.1298501224115012 0.25177332863325985 19
0.04720749911873622 0.49000000000000005 1.1298501224115012 0.2930626299892581 19
1.9331065397505673 0.8691154787780777 1.1298501224115012 0.25177332863325985 19
