0.04720749911874409 0.09441499823748818 1.12985012241164 0.2517733286333018 19
1.933106539750483 0.56 1.12985012241164 0.2517733286333018 19
0.007074755469988025 0.09441499823748818 0.04244853281992815 0.29306262998934285 18
0.04720749911874409 0.8691154787781846 1.12985012241164 0.2517733286333018 19
0.007074755469988025 0.8691154787781846 0.77 0.9800000000000001 17
1.933106539750483 0.56 1.12985012241164 0.2517733286333018 19
0.007074755469988025 0.8691154787781846 0.77 0.9800000000000001 17
0.007074755469988025 0.8691154787781846 0.77 0.9800000000000001 17
0.007074755469988025 0.49000000000000005 0.04244853281992815 0.29306262998934285 18
0.04720749911874409 0.8691154787781846 0.04244853281992815 0.29306262998934285 18
0.04720749911874409 0.09441499823748818 1.12985012241164 0.2517733286333018 19
0.07 0.14162249735623228 0.77 0.9800000000000001 17
0.07 0.8691154787781846 0.77 0.9800000000000001 17
0.07 0.14162249735623228 0.77 0.9800000000000001 17
0.07 0.09441499823748818 0.77 0.9800000000000001 17
0.07 0.14162249735623228 0.77 0.9800000000000001 17
0.04720749911874409 0.49000000000000005 1.12985012241164 0.2517733286333018 19
1.933106539750483 0.8691154787781846 1.12985012241164 0.2517733286333018 19
0.07 0.8691154787781846 0.77 0.9800000000000001 17
0.07 0.09441499823748818 0.04244853281992815 0.29306262998934285 18
0.07 0.09441499823748818 0.04244853281992815 0.29306262998934285 18
0.007074755469988025 0.09441499823748818 0.04244853281992815 0.29306262998934285 18
