1.0801876304852833 0.2661046994479361 0.4941944418318813 2.9330918852822916 19
1.0801876304852833 0.42000000000000004 0.4941944418318813 0.6082393130238539 19
0.011211595817943584 0.34213461357591785 0.12332755399737942 0.15696234145121019 17
0.011211595817943584 1.9553945901881944 0.12332755399737942 0.15696234145121019 17
0.041289627445059124 0.42000000000000004 2.3464735082258334 2.9330918852822916 18
0.041289627445059124 0.42000000000000004 2.3464735082258334 2.9330918852822916 18
0.041289627445059124 0.42000000000000004 2.3464735082258334 2.9330918852822916 18
0.35000000000000003 1.9553945901881944 0.4941944418318813 0.6082393130238539 19
0.041289627445059124 1.9553945901881944 0.12332755399737942 0.15696234145121019 17
0.011211595817943584 0.34213461357591785 0.12332755399737942 0.15696234145121019 17
0.041289627445059124 0.34213461357591785 0.4941944418318813 0.6082393130238539 19
0.011211595817943584 0.42000000000000004 2.3464735082258334 2.9330918852822916 18
1.0801876304852833 1.9553945901881944 0.4941944418318813 0.6082393130238539 19
0.041289627445059124 0.42000000000000004 2.3464735082258334 2.9330918852822916 18
0.011211595817943584 0.34213461357591785 0.12332755399737942 0.15696234145121019 17
0.041289627445059124 0.34213461357591785 2.3464735082258334 2.9330918852822916 18
1.0801876304852833 0.42000000000000004 0.4941944418318813 0.6082393130238539 19
0.041289627445059124 0.34213461357591785 2.3464735082258334 2.9330918852822916 18
0.35000000000000003 0.1651585097802365 0.4941944418318813 0.6082393130238539 19
0.041289627445059124 1.9553945901881944 0.12332755399737942 0.15696234145121019 17
0.041289627445059124 0.42000000000000004 2.3464735082258334 2.9330918852822916 18
1.0801876304852833 0.42000000000000004 0.4941944418318813 0.6082393130238539 19
