0.00707475546998763 0.49000000000000005 0.04244853281992578 0.2930626299893286 18
0.00707475546998763 0.49000000000000005 0.04244853281992578 0.2930626299893286 18
0.07 0.56 0.77 0.9800000000000001 17
0.04720749911874278 0.49000000000000005 1.1298501224116166 0.2930626299893286 19
0.00707475546998763 0.49000000000000005 0.04244853281992578 0.2930626299893286 18
0.07 0.8691154787781665 0.77 0.9800000000000001 17
0.07 0.14162249735622834 0.77 0.9800000000000001 17
0.04720749911874278 0.49000000000000005 1.1298501224116166 0.2517733286332948 19
0.04720749911874278 0.8691154787781665 1.1298501224116166 0.2517733286332948 19
0.00707475546998763 0.49000000000000005 0.04244853281992578 0.2930626299893286 18
0.07 0.8691154787781665 0.77 0.9800000000000001 17
0.04720749911874278 0.8691154787781665 1.1298501224116166 0.2517733286332948 19
1.9331065397504972 0.56 1.1298501224116166 0.2517733286332948 19
0.07 0.8691154787781665 0.77 0.9800000000000001 17
0.04720749911874278 0.49000000000000005 1.1298501224116166 0.2930626299893286 19
0.07 0.8691154787781665 0.77 0.9800000000000001 17
1.9331065397504972 0.8691154787781665 1.1298501224116166 0.2517733286332948 19
1.9331065397504972 0.56 1.1298501224116166 0.2517733286332948 19
0.04720749911874278 0.09441499823748556 1.1298501224116166 0.2517733286332948 19
0.00707475546998763 0.8691154787781665 0.77 0.9800000000000001 17
0.04720749911874278 0.49000000000000005 1.1298501224116166 0.2517733286332948 19
0.00707475546998763 0.14162249735622834 1.1298501224116166 0.2517733286332948 19
