0.04720749912039602 0.49000000000000005 1.1298501224407191 0.29306263000714056 19
0.04720749912039602 0.49000000000000005 1.1298501224407191 0.29306263000714056 19
0.07 0.8691154788005533 0.77 0.9800000000000001 17
0.04720749912039602 0.8691154788005533 1.1298501224407191 0.2517733286421121 19
0.07 0.14162249736118807 0.77 0.9800000000000001 17
0.007074755470483154 0.49000000000000005 0.04244853282289892 0.29306263000714056 18
0.04720749912039602 0.8691154788005533 0.04244853282289892 0.29306263000714056 18
0.007074755470483154 0.49000000000000005 0.04244853282289892 0.29306263000714056 18
0.04720749912039602 0.8691154788005533 1.1298501224407191 0.2517733286421121 19
0.04720749912039602 0.8691154788005533 1.1298501224407191 0.2517733286421121 19
0.07 0.09441499824079204 0.04244853282289892 0.29306263000714056 18
0.07 0.8691154788005533 0.77 0.9800000000000001 17
0.007074755470483154 0.56 0.04244853282289892 0.29306263000714056 18
0.07 0.8691154788005533 0.77 0.9800000000000001 17
0.07 0.8691154788005533 0.77 0.9800000000000001 17
1.9331065397325915 0.56 1.1298501224407191 0.2517733286421121 19
0.07 0.8691154788005533 0.77 0.9800000000000001 17
0.07 0.14162249736118807 0.77 0.9800000000000001 17
0.04720749912039602 0.8691154788005533 0.04244853282289892 0.29306263000714056 18
0.04720749912039602 0.8691154788005533 1.1298501224407191 0.2517733286421121 19
0.07 0.56 0.77 0.9800000000000001 17
0.07 0.8691154788005533 0.77 0.9800000000000001 17
