2 5 9 17 19 23 27 32
1 5 9 14 19 23 27 32
2 6 9 17 19 23 27 32
1 5 9 14 19 23 27 32
1 5 9 14 19 23 27 32
1 8 9 14 19 23 30 34
4 5 9 14 19 23 27 32
4 5 9 15 19 25 27 32
1 8 9 14 19 23 27 36
1 5 9 18 19 26 29 32
1 5 9 14 19 23 27 32
3 8 9 14 19 23 27 32
1 8 11 14 19 23 27 33
1 5 9 14 19 23 27 32
1 5 9 14 19 23 27 32
1 5 9 14 19 23 27 32
1 8 9 18 19 26 27 32
3 5 9 14 19 23 27 32
1 5 9 14 19 23 27 36
1 5 9 14 19 23 27 32
1 5 9 14 19 23 27 32
1 5 9 14 19 23 27 36
1 5 9 14 19 23 27 32
2 5 9 14 19 23 27 36
1 5 9 17 19 23 27 32
1 5 9 14 19 23 27 32
1 5 9 14 19 23 27 32
1 6 9 14 19 23 27 32
3 5 9 14 19 23 31 36
1 5 9 17 19 23 27 32
1 5 9 14 19 23 27 32
1 5 9 14 19 23 27 32
1 5 9 14 19 23 27 32
3 5 9 14 19 23 27 32
1 7 9 14 19 23 27 32
1 8 9 14 19 23 27 32
1 5 9 17 19 26 27 32
1 8 9 14 19 23 29 32
4 5 9 14 19 23 27 32
1 5 9 14 19 23 27 36
1 8 9 17 19 23 31 32
1 5 9 14 19 23 27 32
1 5 9 14 19 23 27 32
1 5 9 14 19 23 27 32
1 5 9 14 19 23 27 32
1 8 9 14 19 23 27 32
1 5 9 14 19 23 27 32
1 5 9 14 19 23 27 32
1 5 12 14 19 26 27 32
1 8 9 14 22 23 30 32
1 5 9 14 19 23 27 32
2 5 10 14 19 23 27 32
1 5 10 14 19 23 27 32
1 5 9 14 19 23 27 32
1 5 9 14 19 23 27 32
1 5 9 14 19 23 27 32
1 5 9 14 19 23 27 32
1 5 9 14 19 23 27 32
1 5 9 14 19 23 27 32
1 5 9 16 19 24 27 32
1 5 9 14 19 23 27 32
1 5 9 14 19 23 27 32
3 8 9 14 19 23 27 35
1 5 9 14 22 23 27 33
1 5 9 14 19 23 27 32
1 5 9 14 19 23 27 32
1 5 9 14 19 23 27 32
1 5 9 14 19 23 27 32
1 5 9 14 19 23 27 36
1 5 9 14 19 23 27 32
1 5 9 14 19 23 27 32
1 5 9 14 19 23 27 36
1 5 9 14 19 23 27 32
1 5 9 14 19 23 27 32
1 5 9 14 19 23 27 32
1 6 9 14 19 23 27 32
1 5 9 14 19 23 27 32
1 5 9 14 19 23 27 32
1 5 9 14 19 23 27 32
1 5 9 14 19 23 27 36
1 5 10 16 19 23 30 32
1 5 9 14 21 23 27 32
1 5 9 14 19 23 27 32
1 5 9 14 19 23 27 32
1 5 9 14 19 23 27 32
1 5 9 14 19 24 27 32
1 5 9 14 19 23 27 32
1 8 9 14 22 23 27 32
1 5 9 14 19 23 27 35
1 5 9 14 19 23 27 32
1 5 9 14 19 23 27 32
1 5 9 14 19 23 27 32
1 5 9 14 19 23 27 32
1 5 9 14 19 23 27 32
2 5 9 14 19 23 27 32
1 8 9 14 19 23 27 36
1 8 12 14 19 23 27 32
1 5 9 14 19 23 27 32
1 5 9 14 19 23 27 32
1 5 9 14 19 23 27 32
1 5 9 14 19 23 27 34
1 5 9 16 19 23 27 32
1 5 9 14 19 23 27 32
1 5 9 14 19 23 27 32
1 5 9 14 19 23 27 36
1 8 9 14 19 23 27 32
1 5 9 14 19 23 27 33
1 5 9 14 19 23 27 32
1 8 9 14 19 23 27 32
1 5 9 16 19 23 27 32
1 5 10 14 19 23 27 32
3 5 9 18 19 23 27 36
1 5 9 14 19 23 27 32
1 5 9 14 19 23 27 32
1 8 9 18 19 23 27 36
1 5 9 15 19 25 27 32
1 5 9 14 19 23 27 32
1 8 9 14 19 23 27 32
1 5 9 14 19 23 27 32
3 8 9 14 19 23 27 33
1 5 9 14 19 23 27 32
1 5 9 14 19 23 27 33
1 8 9 18 22 23 31 32
1 5 9 14 19 23 27 32
1 5 9 14 19 23 27 32
1 5 9 14 19 23 27 32
1 5 9 14 19 23 27 32
1 6 9 14 19 23 27 32
1 5 9 14 19 23 27 32
1 5 9 14 19 23 27 32
1 5 9 14 19 23 27 36
1 5 9 17 19 23 27 32
1 5 9 14 19 23 27 33
4 5 9 14 19 23 27 32
1 5 9 14 19 23 27 32
1 5 9 14 19 23 27 32
1 6 9 14 19 23 27 32
1 6 9 14 19 23 27 32
1 8 9 14 19 23 27 32
1 5 9 16 19 25 30 32
3 5 9 14 19 23 27 32
1 5 9 14 19 23 27 32
1 8 9 14 19 23 27 32
1 8 9 14 19 23 27 32
1 5 10 14 19 23 27 35
1 5 9 14 19 23 27 32
1 7 9 17 19 23 27 32
1 5 9 14 19 23 27 32
1 7 9 14 19 23 27 32
1 5 9 14 19 23 28 32
4 8 12 14 19 23 27 32
1 5 9 14 19 23 27 32
3 5 9 14 19 23 27 32
1 5 9 14 19 23 27 32
1 5 9 17 19 23 31 36
1 5 9 14 19 23 27 32
1 8 9 14 22 23 27 32
3 8 9 14 19 23 27 32
1 5 9 14 19 23 27 32
1 5 9 14 19 23 27 32
1 8 9 14 22 23 27 36
1 5 9 14 19 23 27 32
1 5 9 14 19 23 27 32
1 5 10 17 19 23 27 32
1 5 10 14 19 26 27 32
1 5 9 14 19 23 27 32
1 5 9 14 19 23 27 32
1 5 9 14 19 23 27 32
1 5 12 17 19 26 27 32
1 5 9 14 19 23 27 32
1 5 9 14 19 23 27 32
1 6 9 14 19 23 27 32
1 5 9 14 19 23 27 32
1 5 9 14 19 23 27 32
1 5 9 14 19 23 27 32
1 5 9 14 20 25 27 32
1 6 9 14 19 23 27 32
2 5 9 14 19 23 27 32
1 6 9 14 20 23 27 32
1 5 10 14 19 23 27 32
1 5 9 14 19 23 27 32
1 8 9 14 19 23 27 32
1 8 9 14 19 23 27 32
1 5 9 14 19 23 27 32
1 8 9 14 19 23 27 36
1 5 9 14 19 23 27 32
4 5 9 14 19 23 27 32
4 5 9 17 19 23 27 36
1 5 9 14 19 23 27 32
1 5 9 14 19 23 27 32
1 5 9 14 19 23 27 32
1 5 9 14 19 23 27 36
1 5 9 14 19 23 27 32
1 5 9 14 19 23 27 32
1 5 9 14 19 23 27 32
1 6 9 14 19 23 27 32
1 5 9 14 19 23 27 32
1 5 9 14 19 23 27 32
4 5 9 14 19 23 27 32
4 8 9 16 19 23 27 33
1 5 9 14 19 23 31 32
1 5 9 14 19 23 28 32
1 8 9 14 19 23 30 32
1 5 9 14 19 23 27 32
2 5 9 14 19 23 27 32
1 5 9 14 19 23 27 32
3 5 9 14 19 23 27 32
1 6 9 14 19 23 27 36
1 6 9 14 19 24 27 33
1 5 9 14 19 23 27 32
1 8 9 14 19 23 27 36
1 5 9 14 19 23 30 32
1 8 9 17 22 23 27 32
1 5 9 14 19 23 27 32
1 5 9 14 19 23 29 32
2 8 9 14 19 23 27 32
1 5 9 14 19 23 27 32
1 5 9 14 19 23 27 32
2 8 9 14 19 23 27 32
1 8 9 14 19 23 27 32
1 5 9 14 19 23 27 32
1 5 9 14 19 23 27 32
1 5 9 14 19 23 27 32
1 8 9 14 21 23 27 32
1 8 9 14 20 23 27 32
1 5 9 14 19 23 27 32
1 5 9 14 19 23 27 32
1 5 9 18 19 23 27 32
4 6 9 14 19 23 27 36
1 5 9 14 19 23 27 32
1 5 9 14 19 23 27 32
1 5 9 14 19 23 27 32
1 8 9 14 19 23 27 32
1 8 9 14 19 23 27 32
1 5 9 14 19 23 27 32
1 5 9 14 19 23 27 32
1 5 9 14 19 23 27 32
1 6 9 14 19 23 27 32
1 5 9 14 19 23 27 32
4 7 9 15 19 23 27 32
2 8 9 14 19 23 27 32
1 5 9 17 19 23 27 32
1 8 9 14 19 23 27 32
1 5 9 17 19 23 27 32
1 6 9 14 19 23 27 32
4 5 9 14 19 26 27 32
1 5 9 14 19 23 27 32
1 5 9 14 19 23 27 32
1 8 9 17 19 23 30 32
1 8 9 14 19 25 27 32
1 5 9 14 19 23 27 32
1 5 9 18 19 23 27 32
1 5 9 14 19 23 29 32
1 5 9 14 19 23 27 32
1 8 9 14 19 23 30 33
1 8 9 14 19 23 27 32
1 5 9 14 19 23 27 32
1 5 9 14 19 23 28 32
1 8 9 14 19 23 27 32
4 5 9 14 19 23 27 32
1 5 9 14 19 23 27 32
1 5 9 14 19 23 27 32
2 5 9 14 19 23 30 32
1 5 9 14 19 23 27 32
1 8 9 14 19 23 27 32
1 5 9 14 19 23 27 32
1 5 9 18 19 23 29 32
1 5 9 14 19 23 27 32
4 5 9 14 19 23 27 33
1 5 9 14 19 23 27 32
2 5 9 14 19 23 27 32
1 5 9 17 19 23 27 32
1 5 9 14 19 23 27 32
1 8 9 14 21 23 27 32
3 6 9 18 19 23 30 33
1 5 9 14 19 23 27 33
1 8 9 14 19 23 27 36
1 5 9 14 19 23 27 32
1 5 9 15 19 23 27 32
1 5 9 14 19 23 27 32
1 5 9 14 19 23 27 32
1 5 9 14 19 23 27 33
1 5 9 14 19 23 27 32
1 5 9 14 19 23 27 32
1 5 9 14 19 23 30 32
1 8 9 14 19 23 27 32
3 5 9 14 19 23 27 32
1 5 9 16 19 23 27 32
1 5 9 17 19 23 27 32
1 8 9 14 19 23 27 32
1 5 9 15 19 23 27 32
1 5 9 14 19 23 27 32
1 5 9 14 19 23 27 33
1 6 9 14 22 23 27 32
1 5 9 14 19 23 27 32
1 5 9 14 19 23 27 32
1 8 11 17 19 23 27 32
1 5 9 14 19 23 27 32
1 8 9 17 19 23 27 32
1 5 9 14 19 23 27 32
1 5 9 14 19 23 27 32
1 5 9 18 19 23 27 32
1 5 9 14 19 23 27 32
1 5 9 14 19 23 27 36
1 5 9 14 19 23 27 33
1 5 9 14 19 23 27 32
1 5 9 14 19 23 27 32
4 8 9 14 19 23 27 32
1 5 9 14 19 23 27 32
2 5 9 14 19 23 27 33
1 5 9 14 19 23 27 32
1 5 9 14 19 23 27 32
1 5 9 14 19 23 27 32
1 8 9 17 22 23 27 32
1 5 9 14 19 23 27 32
1 5 9 14 19 23 27 32
1 5 9 14 19 23 27 32
1 5 9 14 19 23 27 32
1 5 9 14 19 23 27 32
1 5 9 14 19 23 27 32
2 8 9 14 19 23 27 33
1 5 9 14 19 23 27 32
1 5 9 14 19 23 27 32
1 8 9 14 19 23 27 32
1 5 9 14 19 23 27 32
1 5 9 14 19 23 27 32
3 5 9 14 19 23 27 36
1 7 9 14 19 23 27 32
1 5 9 14 19 23 27 32
2 8 12 14 19 24 27 35
1 5 9 17 19 23 27 32
1 8 9 14 19 23 27 32
1 5 9 14 19 23 27 32
1 6 9 14 19 23 27 32
1 5 9 14 19 23 27 32
1 5 9 14 19 23 27 32
1 5 9 14 19 23 27 32
1 5 9 14 19 23 27 32
1 5 9 14 19 23 27 32
1 8 9 14 19 23 27 32
1 5 9 14 19 23 27 36
1 5 9 14 19 23 27 32
1 5 9 14 19 23 27 32
2 8 9 14 19 23 27 32
1 5 9 14 19 23 27 32
3 5 9 14 19 23 27 32
1 5 9 14 19 23 27 32
1 8 9 14 19 23 27 33
1 5 9 14 19 23 27 32
1 5 9 14 19 23 27 32
1 5 9 15 19 23 27 32
1 5 9 14 19 23 27 32
1 5 9 16 22 23 27 32
1 5 9 17 19 23 27 32
1 8 9 14 19 23 27 32
3 5 9 14 19 23 27 32
1 5 10 14 19 23 27 32
1 5 9 14 19 23 27 32
1 5 9 14 19 23 27 32
1 5 9 14 19 23 27 32
1 5 9 14 19 23 27 32
1 5 9 14 19 23 27 36
1 5 9 14 19 23 30 32
1 5 9 14 19 23 27 32
1 5 9 14 19 23 27 33
1 5 9 14 19 23 27 32
1 5 9 14 19 23 27 32
1 8 9 14 19 23 27 32
1 5 9 14 19 23 27 32
1 5 9 17 19 23 27 32
1 5 9 14 19 23 27 32
4 5 9 14 19 23 27 33
1 5 9 14 19 23 27 32
1 5 9 14 19 23 27 32
1 5 9 14 19 23 27 32
3 5 9 14 19 23 27 32
1 5 9 14 19 23 27 32
1 5 9 17 19 23 27 32
1 5 9 14 19 23 27 36
1 5 9 14 19 23 27 32
1 5 9 14 19 23 27 32
1 5 12 14 19 23 27 36
3 5 9 14 19 23 27 32
1 5 9 14 19 23 27 32
1 5 9 14 19 23 27 32
1 5 9 17 19 23 27 32
1 8 9 16 19 25 27 32
1 5 9 14 19 23 27 32
1 5 9 14 19 23 27 32
1 5 9 16 19 23 27 32
2 8 9 14 19 23 30 33
1 5 9 18 19 23 27 32
1 5 9 14 19 23 27 32
1 5 9 14 19 23 27 32
1 8 9 14 19 26 27 32
1 8 9 14 19 23 27 32
1 8 9 14 19 25 30 36
1 5 9 15 19 23 27 32
1 8 9 14 19 23 27 32
1 5 9 14 19 23 27 32
1 5 9 14 19 23 27 32
4 5 9 14 19 23 27 36
1 5 9 14 19 23 27 32
1 5 9 14 19 23 27 32
1 8 9 17 19 23 27 32
1 5 9 14 19 23 27 32
1 8 9 14 21 23 27 32
1 5 9 14 19 23 27 32
1 6 9 14 19 23 27 33
1 5 9 14 19 23 27 32
1 8 9 14 19 23 27 32
1 5 9 14 19 23 27 32
1 5 10 14 19 23 27 32
1 5 9 14 19 23 27 32
1 6 9 14 19 23 27 32
1 6 9 14 19 23 27 36
1 8 9 14 19 23 27 32
1 8 9 14 19 23 27 32
1 8 9 14 19 23 27 36
1 5 9 14 19 23 27 32
1 5 9 14 19 23 30 32
1 5 9 15 19 23 29 32
1 5 9 14 19 23 27 32
1 6 9 14 19 23 27 36
1 5 9 14 19 23 27 32
1 5 9 14 19 23 27 32
1 5 9 14 19 23 27 32
1 5 9 14 19 23 27 32
1 5 9 18 19 23 27 32
1 5 9 14 19 23 27 32
1 5 9 14 19 23 27 32
1 5 9 14 19 23 27 32
2 8 9 14 19 23 27 34
1 5 9 14 19 23 28 32
1 5 9 14 19 23 27 32
1 8 9 17 22 23 27 34
1 5 9 14 19 23 31 32
1 8 9 14 19 23 27 32
1 5 9 14 19 23 27 32
1 8 9 16 19 23 27 32
1 8 9 14 19 23 27 32
4 8 9 14 19 23 27 32
1 5 9 14 19 23 27 32
1 5 9 18 19 23 30 32
2 5 9 14 19 23 27 32
1 6 9 14 19 23 27 36
1 5 9 14 19 23 27 32
2 6 9 14 19 23 27 34
4 8 9 14 19 23 30 33
1 6 10 16 19 26 27 32
1 5 9 14 19 23 29 32
1 5 9 14 19 23 27 32
1 5 9 14 19 23 30 32
1 5 9 14 19 23 27 32
1 5 9 14 19 23 27 33
1 5 9 14 19 23 28 32
1 5 9 14 19 23 27 32
1 5 9 14 19 23 27 32
1 5 9 14 19 23 27 32
1 5 9 14 19 23 27 32
1 8 9 14 19 26 27 32
1 5 9 14 19 23 27 32
1 5 9 17 19 25 27 32
1 5 9 14 19 23 27 32
1 5 9 14 19 23 27 32
1 5 9 14 19 25 27 32
1 5 9 14 19 23 27 32
1 5 9 14 19 23 27 32
1 5 9 14 19 23 27 32
4 5 9 14 19 23 27 32
1 5 9 14 19 23 27 32
1 5 9 14 19 23 27 32
4 5 9 14 19 23 27 32
1 5 9 14 19 23 27 32
1 5 9 14 19 23 27 32
1 7 9 14 19 23 27 35
1 5 9 14 19 23 27 36
1 6 9 14 19 23 27 32
1 5 9 14 19 23 27 32
2 5 9 14 19 23 27 36
1 8 9 14 22 23 31 32
1 5 9 14 19 23 27 36
1 5 9 14 19 23 27 32
1 5 9 14 19 23 27 32
1 5 9 14 19 23 27 32
4 8 9 14 19 23 30 32
1 5 9 15 19 23 27 32
2 5 9 14 19 23 27 32
1 5 9 14 19 23 27 32
1 5 9 14 19 23 27 32
1 5 9 14 19 23 28 32
1 5 9 14 19 23 27 32
1 5 9 14 19 23 27 32
1 5 9 14 19 23 27 32
1 5 9 14 19 23 27 32
1 6 9 14 19 23 27 32
1 6 9 14 19 23 27 32
1 5 9 15 19 23 27 32
1 5 9 14 19 23 27 36
1 8 9 17 19 26 27 32
1 5 9 14 19 23 27 32
1 6 9 14 19 23 27 32
1 5 9 14 19 23 27 32
1 5 9 14 19 23 27 32
1 8 9 14 19 23 27 33
1 5 9 14 19 23 27 32
1 5 9 14 19 23 27 36
1 5 9 14 19 24 27 32
1 5 9 14 19 23 27 32
1 5 9 14 19 23 27 32
1 8 9 14 19 23 27 32
1 5 9 14 19 23 27 32
1 5 9 14 19 23 27 32
1 5 9 14 19 23 27 36
1 5 9 14 19 23 27 32
1 5 10 14 19 23 27 32
1 5 9 14 19 23 31 32
1 5 9 17 19 23 27 32
1 5 9 14 19 23 27 32
1 5 9 14 19 23 27 32
1 8 9 14 19 23 27 32
1 5 9 14 19 23 27 32
1 8 9 14 19 23 27 32
1 5 9 14 19 23 31 32
1 5 9 14 19 23 30 32
1 5 9 14 19 23 27 32
1 5 9 14 19 23 27 32
1 5 9 14 19 23 27 32
1 5 10 14 19 26 27 32
1 5 9 14 19 23 27 32
1 6 9 17 19 25 27 32
1 5 9 14 19 23 27 32
1 5 9 14 19 23 27 36
1 5 9 14 19 23 27 32
1 5 9 14 19 23 30 32
1 5 9 14 19 23 27 32
1 8 9 14 19 23 27 32
1 8 9 18 22 23 27 32
1 5 9 14 19 23 27 32
1 5 9 14 19 23 27 32
1 5 9 14 19 23 27 32
1 6 9 14 19 23 27 36
1 5 9 14 19 23 27 32
1 5 13 14 19 23 27 32
1 5 9 14 19 23 27 32
3 5 10 14 19 23 30 32
1 5 9 17 19 23 27 32
1 6 9 14 19 23 31 32
1 5 9 17 19 23 27 32
1 8 9 14 19 23 31 32
1 5 9 14 19 23 27 32
1 5 9 14 19 23 27 32
1 5 9 14 19 23 27 32
1 8 9 14 19 23 27 32
1 5 9 14 19 23 27 32
1 5 9 14 19 23 27 32
1 5 9 14 19 23 27 32
1 5 9 14 19 23 27 32
1 5 9 14 19 23 27 32
1 8 9 14 22 23 27 32
1 8 9 14 19 23 27 32
1 5 9 14 19 23 27 32
1 8 10 14 19 23 27 36
1 6 9 15 19 23 27 32
1 8 9 14 19 23 27 33
1 5 9 16 19 23 27 32
1 8 9 14 19 23 27 33
2 8 9 14 19 23 30 32
1 5 9 14 19 23 27 32
1 5 9 14 19 23 27 32
1 7 9 14 19 23 27 32
4 5 9 15 19 26 27 32
1 5 9 14 19 23 27 32
1 6 9 14 19 23 27 36
1 5 9 14 19 23 27 32
1 8 9 14 19 23 27 32
1 5 9 17 19 23 27 32
1 8 9 14 19 23 27 32
1 5 9 14 19 23 27 32
2 5 9 14 19 23 30 33
1 5 9 14 19 23 27 33
1 5 9 14 19 23 27 32
1 5 9 14 19 23 27 32
4 5 9 14 19 23 27 32
1 5 9 14 19 23 27 32
1 6 9 14 19 23 27 32
4 5 9 14 19 23 27 32
4 5 9 18 19 23 27 32
1 5 9 14 19 23 27 32
1 5 9 14 19 23 27 35
4 5 9 14 19 23 27 32
1 5 9 14 19 23 27 32
1 5 9 18 19 26 27 32
1 5 9 14 19 23 30 32
1 5 9 14 19 23 27 32
1 7 9 17 20 23 27 32
1 5 9 14 19 23 27 32
1 5 9 14 19 23 27 32
1 5 9 14 19 23 27 32
1 5 9 14 19 23 27 32
1 5 9 18 19 23 27 32
1 5 9 14 19 23 31 32
1 8 9 17 22 23 27 32
1 5 9 14 19 23 27 32
1 5 9 14 19 23 30 32
2 5 9 14 19 23 27 32
1 5 9 14 19 23 27 32
1 8 10 14 19 23 31 32
1 5 9 14 19 23 27 32
1 7 9 14 19 23 27 32
2 5 9 14 21 23 27 32
1 5 9 14 19 23 27 32
3 5 9 14 19 25 30 32
1 5 9 14 19 23 27 32
