3e-10 5e-10 9e-10 1.4000000000000001e-09 1.9e-09 2.3e-09 2.7e-09 3.2e-09 37
4e-10 5e-10 9e-10 1.7000000000000001e-09 1.9e-09 2.3e-09 2.7e-09 3.6e-09 38
1e-10 5e-10 9e-10 1.4000000000000001e-09 1.9e-09 2.3e-09 2.7e-09 3.2e-09 37
1e-10 5e-10 9e-10 1.4000000000000001e-09 1.9e-09 2.3e-09 2.7e-09 3.2e-09 38
1e-10 5e-10 9e-10 1.4000000000000001e-09 1.9e-09 2.3e-09 2.7e-09 3.2e-09 37
1e-10 8e-10 9e-10 1.7000000000000001e-09 1.9e-09 2.3e-09 2.7e-09 3.2e-09 38
1e-10 5e-10 9e-10 1.4000000000000001e-09 1.9e-09 2.3e-09 2.7e-09 3.2e-09 38
1e-10 5e-10 9e-10 1.4000000000000001e-09 1.9e-09 2.3e-09 2.7e-09 3.2e-09 37
1e-10 5e-10 9e-10 1.4000000000000001e-09 1.9e-09 2.3e-09 2.7e-09 3.2e-09 37
1e-10 5e-10 9e-10 1.6832058474450635e-246 1.9e-09 2.3e-09 2.7e-09 3.2e-09 37
1e-10 5e-10 9e-10 1.4000000000000001e-09 1.9e-09 2.3e-09 2.7e-09 3.2e-09 37
1e-10 5e-10 9e-10 1.7000000000000001e-09 1.9e-09 2.3e-09 2.7e-09 3.2e-09 37
1e-10 5e-10 9e-10 1.7000000000000001e-09 1.9e-09 2.3e-09 2.7e-09 3.2e-09 38
1e-10 5e-10 9e-10 1.4000000000000001e-09 1.9e-09 2.3e-09 2.7e-09 3.2e-09 37
1e-10 8e-10 9e-10 1.7000000000000001e-09 1.9e-09 2.3e-09 3.1e-09 3.2e-09 38
1e-10 5e-10 9e-10 1.5e-09 1.9e-09 2.3e-09 2.7e-09 3.2e-09 38
4e-10 8e-10 1.1756884930053514e-165 1.4000000000000001e-09 1.9e-09 2.3e-09 2.7e-09 3.2e-09 38
1e-10 5e-10 9e-10 1.4000000000000001e-09 1.9e-09 2.3e-09 2.7e-09 3.2e-09 38
1e-10 5e-10 9e-10 1.4000000000000001e-09 1.9e-09 2.630009136632912e-246 2.7e-09 3.2e-09 38
1e-10 5e-10 9e-10 1.4000000000000001e-09 1.9e-09 2.3e-09 3.1e-09 3.2e-09 38
1e-10 5e-10 9e-10 1.4000000000000001e-09 1.9e-09 2.3e-09 2.7e-09 3.2e-09 37
2e-10 8e-10 9e-10 1.4000000000000001e-09 1.9e-09 2.3e-09 2.7e-09 3.2e-09 38
1e-10 5e-10 9e-10 1.4000000000000001e-09 1.9e-09 2.3e-09 2.7e-09 3.2e-09 37
1e-10 5e-10 9e-10 1.4000000000000001e-09 1.9e-09 2.3e-09 2.7e-09 3.2e-09 37
1e-10 8e-10 9e-10 1.4000000000000001e-09 1.9e-09 2.3e-09 2.841247191429599e-165 3.2e-09 38
1e-10 8e-10 9e-10 1.4000000000000001e-09 1.9e-09 2.3e-09 2.7e-09 3.2e-09 38
1e-10 5e-10 9e-10 1.4000000000000001e-09 1.9e-09 2.3e-09 2.7e-09 3.2e-09 37
1e-10 5e-10 9e-10 1.4000000000000001e-09 1.9e-09 2.3e-09 2.7e-09 3.6e-09 37
1e-10 8e-10 9e-10 1.4000000000000001e-09 1.9e-09 2.3e-09 2.7e-09 3.2e-09 38
1e-10 5e-10 9e-10 1.4000000000000001e-09 1.9e-09 2.3e-09 2.7e-09 3.6e-09 37
1e-10 5e-10 9e-10 1.8e-09 1.9e-09 2.3e-09 2.841247191429599e-165 3.2e-09 38
1e-10 5e-10 9e-10 1.4000000000000001e-09 1.9e-09 2.3e-09 2.7e-09 3.2e-09 37
1e-10 5e-10 0.3 1.4000000000000001e-09 1.9e-09 2.3e-09 2.7e-09 3.2e-09 38
1e-10 8e-10 9e-10 1.4000000000000001e-09 1.9e-09 2.3e-09 2.7e-09 3.2e-09 38
1e-10 8e-10 9e-10 1.4000000000000001e-09 1.9e-09 2.3e-09 2.7e-09 3.2e-09 37
1e-10 5e-10 0.3 1.4000000000000001e-09 1.9e-09 2.3e-09 2.7e-09 3.2e-09 37
1e-10 8e-10 9e-10 1.7000000000000001e-09 1.9e-09 2.3e-09 2.7e-09 3.3e-09 37
1e-10 8e-10 9e-10 1.4000000000000001e-09 1.9e-09 2.3e-09 2.7e-09 3.6e-09 37
1e-10 6e-10 9e-10 1.5e-09 1.9e-09 2.3e-09 2.7e-09 3.2e-09 37
1e-10 5e-10 9e-10 1.4000000000000001e-09 1.9e-09 2.3e-09 2.7e-09 3.2e-09 37
1e-10 5e-10 9e-10 1.4000000000000001e-09 1.9e-09 2.3e-09 2.7e-09 3.6e-09 37
1e-10 8e-10 9e-10 1.7000000000000001e-09 1.9e-09 2.2743031715105274e-247 2.7e-09 3.2e-09 38
1e-10 5e-10 9e-10 1.4000000000000001e-09 1.9e-09 2.3e-09 2.7e-09 3.2e-09 38
1e-10 8e-10 9e-10 1.4000000000000001e-09 2.2000000000000003e-09 2.3e-09 3.1e-09 3.2e-09 37
2e-10 5e-10 9e-10 1.7000000000000001e-09 1.9e-09 2.3e-09 2.7e-09 3.2e-09 37
1e-10 8e-10 9e-10 1.4000000000000001e-09 1.9e-09 2.3e-09 2.7e-09 3.6e-09 38
1e-10 5e-10 9e-10 1.4000000000000001e-09 1.9e-09 2.3e-09 2.7e-09 3.2e-09 38
1e-10 5e-10 9e-10 1.6832058474450635e-246 1.9e-09 2.3e-09 2.7e-09 3.2e-09 37
1e-10 5e-10 9e-10 1.8e-09 1.9e-09 2.2743031715105274e-247 2.7e-09 3.2e-09 38
1e-10 5e-10 9e-10 1.4000000000000001e-09 1.9e-09 2.3e-09 2.7e-09 3.2e-09 37
1e-10 5e-10 9e-10 1.4000000000000001e-09 1.9e-09 2.3e-09 2.7e-09 3.2e-09 37
1e-10 5e-10 9e-10 1.4000000000000001e-09 1.9e-09 2.3e-09 2.7e-09 3.2e-09 37
1e-10 5e-10 9e-10 1.4000000000000001e-09 1.9e-09 2.3e-09 2.7e-09 3.2e-09 37
1e-10 8e-10 9e-10 1.4000000000000001e-09 1.9e-09 2.3e-09 2.7e-09 3.2e-09 38
1e-10 5e-10 9e-10 1.4000000000000001e-09 1.9e-09 2.3e-09 2.7e-09 3.2e-09 37
1e-10 5e-10 9e-10 1.4000000000000001e-09 1.9e-09 2.3e-09 2.7e-09 3.2e-09 38
1e-10 5e-10 9e-10 1.4000000000000001e-09 1.9e-09 2.3e-09 2.7e-09 3.2e-09 38
1e-10 5e-10 9e-10 1.4000000000000001e-09 1.9e-09 2.3e-09 2.7e-09 3.2e-09 37
1e-10 5e-10 9e-10 1.8e-09 1.9e-09 2.3e-09 2.841247191429599e-165 3.2e-09 38
3e-10 5e-10 9e-10 1.4000000000000001e-09 1.9e-09 2.3e-09 2.7e-09 3.2e-09 38
1e-10 5e-10 9e-10 1.4000000000000001e-09 1.9e-09 2.3e-09 2.7e-09 3.2e-09 37
1e-10 5e-10 9e-10 1.4000000000000001e-09 1.9e-09 2.3e-09 2.7e-09 3.6e-09 37
3e-10 5e-10 9e-10 1.4000000000000001e-09 1.9e-09 2.3e-09 2.7e-09 3.6e-09 38
1e-10 8e-10 9e-10 1.4000000000000001e-09 1.9e-09 2.3e-09 2.7e-09 3.6e-09 38
1e-10 8e-10 9e-10 1.4000000000000001e-09 1.9e-09 2.3e-09 2.7e-09 3.2e-09 38
1e-10 8e-10 9e-10 1.4000000000000001e-09 1.9e-09 2.3e-09 2.7e-09 3.2e-09 38
1e-10 5e-10 9e-10 1.4000000000000001e-09 1.9e-09 2.3e-09 2.7e-09 3.2e-09 37
1e-10 5e-10 9e-10 1.4000000000000001e-09 1.9e-09 2.3e-09 2.7e-09 3.2e-09 37
1e-10 8e-10 9e-10 1.4000000000000001e-09 1.9e-09 2.3e-09 2.7e-09 3.3e-09 38
1e-10 8e-10 9e-10 1.4000000000000001e-09 1.9e-09 2.3e-09 2.7e-09 3.2e-09 38
1e-10 5e-10 9e-10 1.4000000000000001e-09 1.9e-09 2.3e-09 2.7e-09 3.2e-09 37
1e-10 5e-10 9e-10 1.4000000000000001e-09 1.9e-09 2.3e-09 2.7e-09 3.2e-09 37
1e-10 5e-10 9e-10 1.4000000000000001e-09 1.9e-09 2.3e-09 2.7e-09 3.2e-09 38
1e-10 5e-10 9e-10 1.4000000000000001e-09 1.9e-09 2.3e-09 2.7e-09 3.2e-09 38
1e-10 5e-10 9e-10 1.4000000000000001e-09 1.9e-09 2.3e-09 2.7e-09 3.2e-09 37
3e-10 5e-10 9e-10 1.4000000000000001e-09 1.9e-09 2.3e-09 2.7e-09 3.2e-09 37
1e-10 5e-10 9e-10 1.4000000000000001e-09 1.9e-09 2.3e-09 2.7e-09 3.6e-09 37
1e-10 5e-10 0.3 1.4000000000000001e-09 1.9e-09 2.3e-09 2.7e-09 3.2e-09 38
1e-10 5e-10 9e-10 1.4000000000000001e-09 1.9e-09 2.3e-09 2.7e-09 3.2e-09 37
1e-10 8e-10 9e-10 1.4000000000000001e-09 1.9e-09 2.3e-09 2.7e-09 3.6e-09 37
1e-10 5e-10 9e-10 1.4000000000000001e-09 1.9e-09 5.885226102009878e-248 2.7e-09 3.2e-09 37
1e-10 5e-10 9e-10 1.4000000000000001e-09 1.9e-09 2.3e-09 2.7e-09 3.2e-09 37
1e-10 5e-10 9e-10 1.4000000000000001e-09 1.9e-09 2.3e-09 2.7e-09 3.2e-09 37
1e-10 5e-10 9e-10 1.4000000000000001e-09 1.9e-09 2.3e-09 2.0365299473586775e-248 3.2e-09 38
1e-10 5e-10 9e-10 1.4000000000000001e-09 1.9e-09 2.3e-09 3e-09 3.2e-09 38
1e-10 8e-10 9e-10 1.7000000000000001e-09 2.2000000000000003e-09 2.3e-09 2.7e-09 3.2e-09 37
3e-10 5e-10 9e-10 1.4000000000000001e-09 1.9e-09 2.3e-09 2.7e-09 3.2e-09 38
1e-10 6e-10 9e-10 1.4000000000000001e-09 1.9e-09 2.3e-09 2.7e-09 3.2e-09 38
1e-10 5e-10 9e-10 1.4000000000000001e-09 1.9e-09 2.3e-09 2.7e-09 3.2e-09 37
1e-10 5e-10 9e-10 1.4000000000000001e-09 1.9e-09 2.3e-09 2.7e-09 3.2e-09 38
1e-10 5e-10 9e-10 1.4000000000000001e-09 1.9e-09 2.3e-09 2.7e-09 3.2e-09 38
1e-10 5e-10 9e-10 1.4000000000000001e-09 1.9e-09 2.3e-09 2.7e-09 3.2e-09 37
1e-10 6e-10 9e-10 1.4000000000000001e-09 1.9e-09 2.3e-09 2.7e-09 3.6e-09 38
1e-10 5e-10 9e-10 1.4000000000000001e-09 1.9e-09 2.3e-09 2.7e-09 3.2e-09 37
1e-10 8e-10 9e-10 1.4000000000000001e-09 1.9e-09 2.3e-09 2.841247191429599e-165 3.2e-09 38
1e-10 5e-10 9e-10 1.4000000000000001e-09 1.9e-09 2.3e-09 2.7e-09 3.2e-09 37
1e-10 8e-10 9e-10 1.7000000000000001e-09 1.9e-09 2.3e-09 2.7e-09 3.3e-09 37
1e-10 5e-10 9e-10 1.4000000000000001e-09 1.9e-09 2.3e-09 2.7e-09 3.2e-09 37
1e-10 5e-10 9e-10 1.4000000000000001e-09 1.9e-09 2.3e-09 2.7e-09 3.2e-09 38
1e-10 5e-10 9e-10 1.4000000000000001e-09 1.9e-09 2.3e-09 2.7e-09 3.2e-09 37
1e-10 6e-10 9e-10 1.4000000000000001e-09 1.9e-09 2.3e-09 2.7e-09 3.3e-09 38
1e-10 5e-10 9e-10 1.4000000000000001e-09 1.9e-09 2.3e-09 2.7e-09 3.2e-09 37
1e-10 5e-10 9e-10 1.4000000000000001e-09 1.9e-09 2.3e-09 2.7e-09 3.2e-09 37
1e-10 5e-10 9e-10 1.4000000000000001e-09 1.9e-09 2.3e-09 2.7e-09 3.2e-09 37
1e-10 8e-10 9e-10 1.4000000000000001e-09 1.9e-09 2.3e-09 2.7e-09 3.2e-09 38
1e-10 6e-10 9e-10 1.4000000000000001e-09 1.9e-09 2.3e-09 2.7e-09 3.2e-09 38
4e-10 5e-10 9e-10 1.4000000000000001e-09 1.9e-09 2.3e-09 2.7e-09 3.3e-09 38
1e-10 5e-10 0.3 1.6832058474450635e-246 1.9e-09 2.3e-09 3e-09 3.2e-09 38
1e-10 5e-10 9e-10 1.4000000000000001e-09 1.9e-09 2.3e-09 2.7e-09 3.2e-09 37
1e-10 8e-10 9e-10 1.4000000000000001e-09 1.9e-09 2.3e-09 2.7e-09 3.2e-09 38
1e-10 5e-10 9e-10 1.4000000000000001e-09 1.9e-09 2.3e-09 2.7e-09 3.2e-09 38
1e-10 5e-10 9e-10 1.4000000000000001e-09 1.9e-09 2.3e-09 2.7e-09 3.2e-09 38
1e-10 5e-10 9e-10 1.4000000000000001e-09 1.9e-09 2.3e-09 2.7e-09 3.6e-09 37
1e-10 5e-10 9e-10 1.6832058474450635e-246 1.9e-09 2.3e-09 2.7e-09 3.2e-09 38
1e-10 5e-10 9e-10 1.4000000000000001e-09 1.9e-09 2.3e-09 2.7e-09 3.2e-09 37
1e-10 5e-10 9e-10 1.4000000000000001e-09 1.9e-09 2.3e-09 2.7e-09 3.2e-09 37
4e-10 5e-10 9e-10 1.4000000000000001e-09 1.9e-09 2.3e-09 2.7e-09 3.2e-09 38
1e-10 5e-10 9e-10 1.4000000000000001e-09 1.9e-09 2.3e-09 3.1e-09 3.2e-09 37
1e-10 5e-10 9e-10 1.4000000000000001e-09 1.9e-09 2.3e-09 2.7e-09 3.2e-09 37
1e-10 5e-10 9e-10 1.4000000000000001e-09 1.9e-09 2.3e-09 2.7e-09 3.2e-09 37
1e-10 5e-10 9e-10 1.4000000000000001e-09 1.9e-09 2.3e-09 2.7e-09 3.2e-09 37
1e-10 5e-10 9e-10 1.4000000000000001e-09 1.9e-09 2.3e-09 2.7e-09 3.2e-09 37
1e-10 8e-10 9e-10 1.8e-09 1.9e-09 2.2743031715105274e-247 2.7e-09 3.2e-09 38
1e-10 5e-10 9e-10 1.4000000000000001e-09 1.9e-09 2.3e-09 2.7e-09 3.2e-09 38
1e-10 8e-10 9e-10 1.4000000000000001e-09 1.9e-09 2.3e-09 2.7e-09 3.2e-09 38
4e-10 6e-10 0.3 1.4000000000000001e-09 1.9e-09 2.3e-09 2.7e-09 3.3e-09 38
1e-10 5e-10 9e-10 1.4000000000000001e-09 1.9e-09 2.3e-09 2.7e-09 2.460879807699508e-248 38
1e-10 5e-10 9e-10 1.4000000000000001e-09 1.9e-09 2.3e-09 2.7e-09 3.2e-09 37
1e-10 5e-10 9e-10 1.4000000000000001e-09 1.9e-09 2.3e-09 2.7e-09 2.460879807699508e-248 38
1e-10 5e-10 9e-10 1.4000000000000001e-09 1.9e-09 2.3e-09 2.7e-09 3.2e-09 38
1e-10 8e-10 9e-10 1.4000000000000001e-09 1.9e-09 2.3e-09 2.7e-09 3.2e-09 37
2e-10 5e-10 9e-10 1.4000000000000001e-09 1.9e-09 2.3e-09 2.7e-09 3.2e-09 37
1e-10 8e-10 9e-10 1.4000000000000001e-09 1.9e-09 2.3e-09 2.7e-09 3.2e-09 37
1e-10 5e-10 9e-10 1.4000000000000001e-09 1.9e-09 2.3e-09 2.7e-09 3.2e-09 37
1e-10 5e-10 9e-10 1.4000000000000001e-09 1.9e-09 2.3e-09 2.7e-09 3.2e-09 37
1e-10 8e-10 9e-10 1.4000000000000001e-09 1.9e-09 2.3e-09 2.7e-09 3.2e-09 38
1e-10 5e-10 9e-10 1.4000000000000001e-09 1.9e-09 2.3e-09 2.7e-09 3.2e-09 38
4e-10 8e-10 9e-10 1.4000000000000001e-09 1.9e-09 2.3e-09 3e-09 3.3e-09 38
1e-10 8e-10 9e-10 1.4000000000000001e-09 1.9e-09 2.3e-09 2.7e-09 3.2e-09 38
3e-10 5e-10 9e-10 1.4000000000000001e-09 1.9e-09 2.3e-09 3.1e-09 3.6e-09 37
1e-10 8e-10 9e-10 1.4000000000000001e-09 1.9e-09 2.3e-09 3e-09 3.2e-09 38
1e-10 5e-10 9e-10 1.4000000000000001e-09 1.9e-09 2.3e-09 2.7e-09 3.6e-09 37
1e-10 5e-10 9e-10 1.4000000000000001e-09 1.9e-09 2.3e-09 2.7e-09 3.6e-09 37
1e-10 8e-10 9e-10 1.4000000000000001e-09 1.9e-09 2.3e-09 2.7e-09 3.6e-09 38
1e-10 5e-10 9e-10 1.4000000000000001e-09 1.9e-09 2.3e-09 2.7e-09 3.2e-09 38
1e-10 5e-10 9e-10 1.4000000000000001e-09 1.9e-09 2.3e-09 2.841247191429599e-165 3.2e-09 37
1e-10 5e-10 9e-10 1.4000000000000001e-09 1.9e-09 2.3e-09 3.1e-09 3.2e-09 37
1e-10 6e-10 9e-10 1.4000000000000001e-09 1.9e-09 2.3e-09 2.7e-09 3.2e-09 38
1e-10 5e-10 9e-10 1.4000000000000001e-09 1.9e-09 2.3e-09 2.7e-09 3.2e-09 37
1e-10 5e-10 9e-10 1.4000000000000001e-09 1.9e-09 2.3e-09 3.1e-09 3.2e-09 37
1e-10 5e-10 9e-10 1.4000000000000001e-09 1.9e-09 2.3e-09 2.7e-09 3.2e-09 37
1e-10 5e-10 9e-10 1.4000000000000001e-09 1.9e-09 2.3e-09 2.7e-09 3.2e-09 37
1e-10 5e-10 9e-10 1.4000000000000001e-09 1.9e-09 2.3e-09 2.7e-09 3.2e-09 37
1e-10 5e-10 9e-10 1.4000000000000001e-09 1.9e-09 2.3e-09 2.7e-09 3.2e-09 37
3e-10 5e-10 9e-10 1.4000000000000001e-09 1.9e-09 2.3e-09 2.7e-09 3.2e-09 37
1e-10 5e-10 9e-10 1.7000000000000001e-09 1.9e-09 2.3e-09 2.7e-09 3.2e-09 37
1e-10 5e-10 9e-10 1.4000000000000001e-09 1.9e-09 2.3e-09 2.7e-09 3.2e-09 37
1e-10 5e-10 9e-10 1.4000000000000001e-09 1.9e-09 2.3e-09 2.7e-09 3.2e-09 37
1e-10 8e-10 9e-10 1.4000000000000001e-09 1.9e-09 2.3e-09 2.7e-09 3.3e-09 38
1e-10 5e-10 9e-10 1.4000000000000001e-09 1.9e-09 2.3e-09 2.7e-09 3.2e-09 37
1e-10 5e-10 9e-10 1.4000000000000001e-09 1.9e-09 2.3e-09 2.7e-09 3.2e-09 37
1e-10 5e-10 9e-10 1.4000000000000001e-09 1.9e-09 2.3e-09 2.7e-09 3.2e-09 37
1e-10 8e-10 9e-10 1.4000000000000001e-09 1.9e-09 2.3e-09 2.7e-09 3.2e-09 38
1e-10 8e-10 9e-10 1.4000000000000001e-09 1.9e-09 2.3e-09 2.7e-09 3.2e-09 38
1e-10 5e-10 9e-10 1.4000000000000001e-09 1.9e-09 2.3e-09 2.7e-09 3.2e-09 37
1e-10 6e-10 9e-10 1.4000000000000001e-09 1.9e-09 2.3e-09 2.7e-09 3.2e-09 37
1e-10 5e-10 9e-10 1.4000000000000001e-09 1.9e-09 2.3e-09 2.7e-09 3.2e-09 37
3e-10 5e-10 9e-10 1.4000000000000001e-09 1.9e-09 2.3e-09 3.1e-09 3.6e-09 37
2e-10 5e-10 9e-10 1.4000000000000001e-09 1.9e-09 2.3e-09 2.7e-09 3.2e-09 38
1e-10 5e-10 9e-10 1.4000000000000001e-09 1.9e-09 2.3e-09 2.7e-09 3.2e-09 37
2e-10 8e-10 9e-10 1.4000000000000001e-09 1.9e-09 2.3e-09 2.7e-09 3.3e-09 38
2e-10 8e-10 9e-10 1.4000000000000001e-09 1.9e-09 2.3e-09 3e-09 3.2e-09 38
1e-10 5e-10 0.3 1.4000000000000001e-09 1.9e-09 2.3e-09 2.7e-09 3.2e-09 37
1e-10 5e-10 9e-10 1.4000000000000001e-09 1.9e-09 2.3e-09 2.7e-09 3.2e-09 37
1e-10 5e-10 9e-10 1.4000000000000001e-09 1.9e-09 2.3e-09 2.7e-09 3.2e-09 37
1e-10 5e-10 9e-10 1.4000000000000001e-09 1.9e-09 2.3e-09 2.7e-09 3.6e-09 37
1e-10 5e-10 9e-10 1.4000000000000001e-09 1.9e-09 2.3e-09 2.7e-09 3.6e-09 37
1e-10 5e-10 9e-10 1.4000000000000001e-09 1.9e-09 2.630009136632912e-246 2.7e-09 3.2e-09 38
1e-10 5e-10 9e-10 1.4000000000000001e-09 1.9e-09 2.3e-09 2.7e-09 3.2e-09 38
1e-10 5e-10 9e-10 1.4000000000000001e-09 1.9e-09 2.3e-09 2.7e-09 3.2e-09 37
1e-10 8e-10 9e-10 1.4000000000000001e-09 1.9e-09 2.3e-09 2.7e-09 3.2e-09 38
1e-10 5e-10 9e-10 1.4000000000000001e-09 1.9e-09 2.3e-09 2.7e-09 3.2e-09 37
1e-10 8e-10 9e-10 1.4000000000000001e-09 1.9e-09 2.3e-09 2.7e-09 3.6e-09 38
1e-10 5e-10 9e-10 1.4000000000000001e-09 1.9e-09 2.3e-09 2.7e-09 3.2e-09 37
1e-10 5e-10 9e-10 1.8e-09 1.9e-09 2.3e-09 2.7e-09 3.2e-09 37
1e-10 5e-10 9e-10 1.4000000000000001e-09 1.9e-09 2.3e-09 2.7e-09 3.2e-09 37
1e-10 8e-10 9e-10 1.4000000000000001e-09 1.9e-09 2.3e-09 2.7e-09 3.2e-09 37
1e-10 5e-10 0.3 1.4000000000000001e-09 1.9e-09 2.3e-09 2.7e-09 3.2e-09 37
1e-10 5e-10 9e-10 1.4000000000000001e-09 1.9e-09 2.3e-09 2.7e-09 3.2e-09 37
1e-10 5e-10 9e-10 1.4000000000000001e-09 1.9e-09 2.3e-09 2.7e-09 3.2e-09 37
1e-10 5e-10 9e-10 1.4000000000000001e-09 1.9e-09 2.3e-09 3e-09 3.2e-09 37
1e-10 5e-10 9e-10 1.7000000000000001e-09 1.9e-09 2.3e-09 2.7e-09 3.2e-09 37
1e-10 5e-10 9e-10 1.4000000000000001e-09 1.9e-09 2.3e-09 2.7e-09 3.2e-09 37
3e-10 5e-10 0.32999999999999996 1.4000000000000001e-09 1.9e-09 2.3e-09 2.7e-09 3.3e-09 37
1e-10 5e-10 9e-10 1.4000000000000001e-09 1.9e-09 2.3e-09 2.7e-09 3.2e-09 38
1e-10 5e-10 9e-10 1.4000000000000001e-09 1.9e-09 2.3e-09 2.7e-09 3.2e-09 37
1e-10 8e-10 9e-10 1.4000000000000001e-09 2.2000000000000003e-09 2.3e-09 2.7e-09 3.2e-09 38
4e-10 5e-10 9e-10 1.5e-09 1.9e-09 2.630009136632912e-246 2.7e-09 3.2e-09 37
1e-10 5e-10 9e-10 1.4000000000000001e-09 1.9e-09 2.3e-09 2.7e-09 3.2e-09 37
1e-10 5e-10 9e-10 1.4000000000000001e-09 1.9e-09 2.3e-09 2.7e-09 3.3e-09 37
1e-10 5e-10 9e-10 1.4000000000000001e-09 1.9e-09 2.3e-09 3e-09 3.2e-09 37
1e-10 5e-10 9e-10 1.4000000000000001e-09 1.9e-09 2.3e-09 2.7e-09 3.2e-09 38
1e-10 5e-10 9e-10 1.4000000000000001e-09 1.9e-09 2.3e-09 2.7e-09 3.2e-09 37
1e-10 5e-10 9e-10 1.4000000000000001e-09 1.9e-09 2.3e-09 2.7e-09 3.2e-09 38
1e-10 5e-10 9e-10 1.6832058474450635e-246 1.9e-09 2.630009136632912e-246 3e-09 3.2e-09 37
1e-10 5e-10 9e-10 1.4000000000000001e-09 1.9e-09 2.3e-09 2.7e-09 3.2e-09 37
1e-10 5e-10 9e-10 1.4000000000000001e-09 1.9e-09 2.3e-09 2.7e-09 3.2e-09 37
3e-10 5e-10 9e-10 1.4000000000000001e-09 1.9e-09 2.3e-09 2.7e-09 3.2e-09 37
1e-10 5e-10 9e-10 1.4000000000000001e-09 1.9e-09 2.3e-09 2.7e-09 3.2e-09 37
1e-10 5e-10 9e-10 1.4000000000000001e-09 1.9e-09 2.3e-09 2.7e-09 3.2e-09 37
1e-10 5e-10 9e-10 1.4000000000000001e-09 1.9e-09 2.3e-09 2.7e-09 3.2e-09 37
1e-10 5e-10 9e-10 1.4000000000000001e-09 1.9e-09 2.3e-09 2.7e-09 3.2e-09 37
1e-10 5e-10 9e-10 1.4000000000000001e-09 1.9e-09 2.3e-09 2.0365299473586775e-248 3.2e-09 37
1e-10 5e-10 9e-10 1.4000000000000001e-09 1.9e-09 2.3e-09 2.7e-09 3.2e-09 37
1e-10 5e-10 9e-10 1.4000000000000001e-09 1.9e-09 2.3e-09 2.7e-09 3.2e-09 38
1e-10 5e-10 9e-10 1.4000000000000001e-09 1.9e-09 2.3e-09 2.7e-09 3.2e-09 37
1e-10 5e-10 9e-10 1.4000000000000001e-09 1.9e-09 2.3e-09 2.7e-09 3.2e-09 38
1e-10 5e-10 9e-10 1.8e-09 1.9e-09 2.3e-09 2.7e-09 3.2e-09 38
3e-10 8e-10 9e-10 1.4000000000000001e-09 1.9e-09 2.3e-09 2.7e-09 3.2e-09 38
1e-10 8e-10 0.32999999999999996 1.4000000000000001e-09 1.9e-09 2.3e-09 2.7e-09 3.3e-09 38
1e-10 5e-10 9e-10 1.4000000000000001e-09 1.9e-09 2.3e-09 2.7e-09 3.2e-09 37
1e-10 8e-10 9e-10 1.7000000000000001e-09 1.9e-09 2.3e-09 2.7e-09 3.2e-09 38
1e-10 5e-10 9e-10 1.8e-09 1.9e-09 2.3e-09 2.7e-09 3.2e-09 37
1e-10 8e-10 9e-10 1.4000000000000001e-09 1.9e-09 2.3e-09 2.7e-09 3.2e-09 37
1e-10 6e-10 9e-10 1.4000000000000001e-09 1.9e-09 2.3e-09 2.7e-09 3.2e-09 37
1e-10 5e-10 9e-10 1.4000000000000001e-09 1.9e-09 2.3e-09 2.7e-09 3.2e-09 37
2e-10 8e-10 9e-10 1.4000000000000001e-09 1.9e-09 2.3e-09 2.7e-09 3.2e-09 38
1e-10 8e-10 9e-10 1.4000000000000001e-09 1.9e-09 2.3e-09 2.7e-09 3.2e-09 38
1e-10 5e-10 9e-10 1.4000000000000001e-09 1.9e-09 2.3e-09 2.7e-09 3.2e-09 38
1e-10 5e-10 9e-10 1.4000000000000001e-09 1.9e-09 2.3e-09 2.7e-09 3.2e-09 37
1e-10 5e-10 9e-10 1.4000000000000001e-09 1.9e-09 2.3e-09 2.7e-09 3.2e-09 38
1e-10 5e-10 9e-10 1.4000000000000001e-09 1.9e-09 2.3e-09 2.7e-09 3.2e-09 38
1e-10 6e-10 9e-10 1.5e-09 1.9e-09 2.3e-09 2.7e-09 3.2e-09 37
4e-10 6e-10 0.3 1.4000000000000001e-09 1.9e-09 2.3e-09 2.7e-09 3.3e-09 38
1e-10 5e-10 9e-10 1.4000000000000001e-09 1.9e-09 2.3e-09 2.7e-09 3.2e-09 37
1e-10 8e-10 0.32999999999999996 1.7000000000000001e-09 1.9e-09 2.3e-09 2.7e-09 3.2e-09 38
1e-10 5e-10 9e-10 1.8e-09 1.9e-09 2.3e-09 2.7e-09 3.2e-09 37
1e-10 5e-10 9e-10 1.4000000000000001e-09 1.9e-09 2.3e-09 2.7e-09 3.2e-09 37
1e-10 5e-10 9e-10 1.4000000000000001e-09 1.9e-09 2.3e-09 2.7e-09 3.6e-09 37
1e-10 5e-10 9e-10 1.4000000000000001e-09 1.9e-09 2.3e-09 2.7e-09 3.2e-09 37
1e-10 5e-10 9e-10 1.4000000000000001e-09 1.9e-09 2.3e-09 2.841247191429599e-165 3.2e-09 38
4e-10 5e-10 9e-10 1.4000000000000001e-09 1.9e-09 2.3e-09 2.7e-09 3.3e-09 37
1e-10 5e-10 9e-10 1.4000000000000001e-09 1.9e-09 2.3e-09 2.7e-09 3.3e-09 37
1e-10 5e-10 9e-10 1.4000000000000001e-09 1.9e-09 2.3e-09 2.7e-09 3.2e-09 37
1e-10 5e-10 9e-10 1.4000000000000001e-09 1.9e-09 2.3e-09 2.7e-09 3.2e-09 37
3e-10 5e-10 9e-10 1.4000000000000001e-09 1.9e-09 2.3e-09 3.1e-09 3.6e-09 37
1e-10 5e-10 0.3 1.6832058474450635e-246 1.9e-09 2.3e-09 3e-09 3.2e-09 38
2e-10 5e-10 9e-10 1.4000000000000001e-09 1.9e-09 2.3e-09 3e-09 3.2e-09 38
1e-10 5e-10 9e-10 1.4000000000000001e-09 1.9e-09 2.3e-09 2.7e-09 3.2e-09 37
1e-10 5e-10 9e-10 1.4000000000000001e-09 1.9e-09 2.3e-09 2.7e-09 3.2e-09 37
1e-10 8e-10 9e-10 1.4000000000000001e-09 1.9e-09 2.3e-09 2.7e-09 3.2e-09 38
1e-10 5e-10 9e-10 1.4000000000000001e-09 1.9e-09 2.3e-09 2.7e-09 3.2e-09 37
1e-10 8e-10 9e-10 1.4000000000000001e-09 1.9e-09 2.3e-09 2.7e-09 3.2e-09 38
1e-10 5e-10 9e-10 1.4000000000000001e-09 1.9e-09 2.3e-09 2.7e-09 3.3e-09 37
1e-10 8e-10 9e-10 1.4000000000000001e-09 1.9e-09 2.3e-09 2.7e-09 3.2e-09 38
1e-10 5e-10 9e-10 1.7000000000000001e-09 1.9e-09 2.3e-09 2.7e-09 3.2e-09 37
2e-10 6e-10 9e-10 1.4000000000000001e-09 1.9e-09 2.3e-09 2.7e-09 1.02 38
1e-10 8e-10 9e-10 1.4000000000000001e-09 1.9e-09 2.3e-09 2.7e-09 3.2e-09 38
1e-10 5e-10 9e-10 1.4000000000000001e-09 1.9e-09 2.3e-09 2.7e-09 3.2e-09 37
1e-10 5e-10 9e-10 1.5e-09 1.9e-09 2.3e-09 2.7e-09 3.2e-09 37
1e-10 5e-10 9e-10 1.4000000000000001e-09 1.9e-09 2.3e-09 2.7e-09 3.2e-09 37
1e-10 5e-10 9e-10 1.4000000000000001e-09 1.9e-09 2.3e-09 2.7e-09 3.2e-09 38
1e-10 5e-10 9e-10 1.4000000000000001e-09 1.9e-09 2.3e-09 2.841247191429599e-165 3.2e-09 37
1e-10 5e-10 9e-10 1.6832058474450635e-246 1.9e-09 2.3e-09 2.7e-09 3.2e-09 37
1e-10 5e-10 9e-10 1.4000000000000001e-09 1.9e-09 2.3e-09 2.7e-09 3.6e-09 37
1e-10 5e-10 9e-10 1.6832058474450635e-246 1.9e-09 2.3e-09 2.7e-09 3.2e-09 37
1e-10 5e-10 9e-10 1.6832058474450635e-246 2.2000000000000003e-09 2.3e-09 2.7e-09 3.2e-09 37
1e-10 5e-10 9e-10 1.7000000000000001e-09 1.9e-09 2.3e-09 2.7e-09 3.2e-09 38
1e-10 5e-10 9e-10 1.4000000000000001e-09 1.9e-09 2.3e-09 2.7e-09 3.2e-09 38
1e-10 5e-10 9e-10 1.4000000000000001e-09 1.9e-09 2.3e-09 2.7e-09 3.2e-09 37
1e-10 5e-10 9e-10 1.4000000000000001e-09 1.9e-09 2.3e-09 2.7e-09 3.2e-09 37
1e-10 5e-10 9e-10 1.4000000000000001e-09 1.9e-09 2.3e-09 3e-09 3.2e-09 37
1e-10 5e-10 9e-10 1.4000000000000001e-09 1.9e-09 2.3e-09 2.7e-09 3.6e-09 37
1e-10 8e-10 9e-10 1.4000000000000001e-09 1.9e-09 2.3e-09 2.7e-09 3.2e-09 38
1e-10 8e-10 9e-10 1.4000000000000001e-09 1.9e-09 2.3e-09 2.7e-09 3.2e-09 38
1e-10 8e-10 9e-10 1.4000000000000001e-09 1.9e-09 2.3e-09 2.7e-09 3.6e-09 37
1e-10 5e-10 9e-10 1.4000000000000001e-09 1.9e-09 2.3e-09 2.7e-09 3.3e-09 38
1e-10 5e-10 9e-10 1.4000000000000001e-09 1.9e-09 2.3e-09 2.7e-09 3.6e-09 37
1e-10 5e-10 9e-10 1.4000000000000001e-09 1.9e-09 2.3e-09 2.7e-09 3.2e-09 37
1e-10 5e-10 9e-10 1.4000000000000001e-09 1.9e-09 2.3e-09 2.7e-09 3.2e-09 37
4e-10 5e-10 9e-10 1.4000000000000001e-09 1.9e-09 2.3e-09 2.7e-09 3.3e-09 37
2e-10 6e-10 9e-10 1.7000000000000001e-09 1.9e-09 2.3e-09 2.7e-09 3.2e-09 38
1e-10 5e-10 9e-10 1.4000000000000001e-09 1.9e-09 2.3e-09 2.7e-09 3.2e-09 37
2e-10 5e-10 9e-10 1.4000000000000001e-09 1.9e-09 2.3e-09 2.7e-09 3.2e-09 38
1e-10 5e-10 0.3 1.4000000000000001e-09 1.9e-09 2.3e-09 2.7e-09 2.460879807699508e-248 38
1e-10 5e-10 1.1756884930053514e-165 1.4000000000000001e-09 1.9e-09 2.3e-09 2.7e-09 3.6e-09 37
1e-10 5e-10 9e-10 1.4000000000000001e-09 1.9e-09 2.3e-09 2.7e-09 3.2e-09 38
1e-10 5e-10 9e-10 1.4000000000000001e-09 1.9e-09 2.3e-09 2.7e-09 3.2e-09 38
1e-10 5e-10 9e-10 1.4000000000000001e-09 1.9e-09 2.3e-09 2.841247191429599e-165 3.2e-09 37
1e-10 5e-10 9e-10 1.4000000000000001e-09 1.9e-09 2.3e-09 2.7e-09 2.460879807699508e-248 38
1e-10 5e-10 9e-10 1.4000000000000001e-09 1.9e-09 2.3e-09 2.7e-09 3.2e-09 37
1e-10 5e-10 9e-10 1.4000000000000001e-09 1.9e-09 2.3e-09 2.7e-09 3.2e-09 37
1e-10 8e-10 9e-10 1.7000000000000001e-09 1.9e-09 2.2743031715105274e-247 2.7e-09 3.2e-09 38
1e-10 5e-10 9e-10 1.5e-09 1.9e-09 2.630009136632912e-246 2.7e-09 3.2e-09 37
1e-10 8e-10 9e-10 1.4000000000000001e-09 1.9e-09 2.3e-09 2.7e-09 3.2e-09 37
1e-10 5e-10 9e-10 1.4000000000000001e-09 1.9e-09 2.3e-09 2.7e-09 3.2e-09 37
1e-10 5e-10 9e-10 1.4000000000000001e-09 1.9e-09 2.3e-09 2.7e-09 3.2e-09 38
1e-10 5e-10 9e-10 1.4000000000000001e-09 1.9e-09 2.3e-09 2.7e-09 3.2e-09 37
4e-10 5e-10 9e-10 1.4000000000000001e-09 1.9e-09 2.3e-09 2.7e-09 3.2e-09 38
1e-10 5e-10 9e-10 1.4000000000000001e-09 1.9e-09 2.3e-09 2.7e-09 3.2e-09 37
1e-10 5e-10 9e-10 1.4000000000000001e-09 1.9e-09 2.3e-09 2.7e-09 3.2e-09 37
1e-10 6e-10 9e-10 1.4000000000000001e-09 1.9e-09 2.3e-09 2.7e-09 3.2e-09 37
1e-10 5e-10 9e-10 1.4000000000000001e-09 1.9e-09 2.3e-09 2.7e-09 3.2e-09 37
1e-10 8e-10 9e-10 1.4000000000000001e-09 1.9e-09 2.3e-09 2.7e-09 3.2e-09 38
1e-10 5e-10 9e-10 1.4000000000000001e-09 1.9e-09 2.3e-09 2.7e-09 3.2e-09 38
3e-10 5e-10 9e-10 1.4000000000000001e-09 1.9e-09 2.3e-09 2.7e-09 3.6e-09 38
1e-10 5e-10 9e-10 1.4000000000000001e-09 1.9e-09 2.3e-09 2.7e-09 3.2e-09 38
1e-10 5e-10 9e-10 1.4000000000000001e-09 1.9e-09 2.3e-09 2.7e-09 3.2e-09 37
1e-10 5e-10 9e-10 1.4000000000000001e-09 1.9e-09 2.3e-09 2.7e-09 3.2e-09 37
1e-10 5e-10 9e-10 1.8e-09 1.9e-09 2.2743031715105274e-247 2.841247191429599e-165 3.2e-09 37
1e-10 5e-10 9e-10 1.4000000000000001e-09 1.9e-09 2.3e-09 2.7e-09 3.2e-09 37
1e-10 8e-10 9e-10 1.4000000000000001e-09 1.9e-09 2.3e-09 2.7e-09 3.2e-09 37
1e-10 5e-10 9e-10 1.4000000000000001e-09 1.9e-09 2.3e-09 2.7e-09 3.2e-09 38
1e-10 5e-10 9e-10 1.4000000000000001e-09 1.9e-09 2.3e-09 2.7e-09 3.2e-09 37
1e-10 6e-10 9e-10 1.4000000000000001e-09 1.9e-09 2.3e-09 2.7e-09 3.2e-09 38
1e-10 5e-10 9e-10 1.4000000000000001e-09 1.9e-09 2.3e-09 2.7e-09 3.2e-09 37
1e-10 5e-10 9e-10 1.4000000000000001e-09 1.9e-09 2.3e-09 2.7e-09 3.2e-09 37
1e-10 5e-10 9e-10 1.4000000000000001e-09 1.9e-09 2.3e-09 2.7e-09 3.2e-09 37
1e-10 5e-10 9e-10 1.7000000000000001e-09 1.9e-09 2.630009136632912e-246 2.7e-09 3.2e-09 38
1e-10 8e-10 9e-10 1.4000000000000001e-09 1.9e-09 2.3e-09 2.7e-09 3.2e-09 38
1e-10 8e-10 9e-10 1.4000000000000001e-09 1.9e-09 2.3e-09 2.7e-09 3.2e-09 38
1e-10 5e-10 9e-10 1.4000000000000001e-09 1.9e-09 2.3e-09 2.7e-09 3.2e-09 37
1e-10 5e-10 0.3 1.4000000000000001e-09 1.9e-09 2.3e-09 2.7e-09 3.2e-09 37
1e-10 5e-10 9e-10 1.4000000000000001e-09 1.9e-09 2.3e-09 2.7e-09 3.2e-09 37
1e-10 8e-10 9e-10 1.4000000000000001e-09 1.9e-09 2.3e-09 2.7e-09 3.2e-09 38
1e-10 5e-10 9e-10 1.4000000000000001e-09 1.9e-09 2.3e-09 2.7e-09 3.2e-09 37
1e-10 5e-10 9e-10 1.4000000000000001e-09 1.9e-09 2.3e-09 2.7e-09 3.2e-09 38
1e-10 8e-10 9e-10 1.4000000000000001e-09 1.9e-09 2.3e-09 2.7e-09 3.2e-09 38
1e-10 5e-10 9e-10 1.4000000000000001e-09 1.9e-09 2.3e-09 2.7e-09 3.2e-09 37
1e-10 8e-10 9e-10 1.4000000000000001e-09 1.9e-09 2.3e-09 2.7e-09 3.2e-09 38
1e-10 5e-10 9e-10 1.4000000000000001e-09 1.9e-09 2.3e-09 2.7e-09 3.2e-09 37
1e-10 5e-10 9e-10 1.4000000000000001e-09 1.9e-09 2.3e-09 2.7e-09 3.2e-09 37
1e-10 5e-10 9e-10 1.4000000000000001e-09 1.9e-09 2.3e-09 2.7e-09 3.2e-09 37
1e-10 6e-10 9e-10 1.4000000000000001e-09 1.9e-09 2.3e-09 2.7e-09 3.2e-09 38
1e-10 5e-10 9e-10 1.4000000000000001e-09 1.9e-09 2.3e-09 2.0365299473586775e-248 3.2e-09 37
1e-10 5e-10 9e-10 1.4000000000000001e-09 1.9e-09 2.3e-09 2.7e-09 3.2e-09 37
1e-10 8e-10 0.32999999999999996 1.4000000000000001e-09 1.9e-09 2.3e-09 2.7e-09 3.2e-09 38
1e-10 5e-10 9e-10 1.4000000000000001e-09 1.9e-09 2.3e-09 2.7e-09 3.2e-09 38
1e-10 5e-10 9e-10 1.4000000000000001e-09 1.9e-09 2.3e-09 2.7e-09 3.2e-09 37
1e-10 5e-10 9e-10 1.4000000000000001e-09 1.9e-09 2.3e-09 2.7e-09 3.2e-09 37
1e-10 6e-10 9e-10 1.4000000000000001e-09 1.9e-09 2.3e-09 2.7e-09 3.2e-09 38
2e-10 5e-10 9e-10 1.4000000000000001e-09 0.63 2.3e-09 2.7e-09 3.2e-09 37
1e-10 8e-10 9e-10 1.4000000000000001e-09 1.9e-09 2.3e-09 2.7e-09 3.3e-09 38
1e-10 8e-10 9e-10 1.4000000000000001e-09 1.9e-09 2.3e-09 2.7e-09 3.2e-09 37
1e-10 6e-10 9e-10 1.4000000000000001e-09 1.9e-09 2.3e-09 2.7e-09 3.6e-09 38
1e-10 5e-10 9e-10 1.4000000000000001e-09 1.9e-09 2.3e-09 2.7e-09 3.2e-09 38
2e-10 5e-10 9e-10 1.4000000000000001e-09 1.9e-09 2.3e-09 2.7e-09 3.2e-09 38
1e-10 5e-10 9e-10 1.4000000000000001e-09 1.9e-09 2.3e-09 2.7e-09 3.2e-09 37
1e-10 5e-10 9e-10 1.4000000000000001e-09 1.9e-09 2.3e-09 2.7e-09 3.2e-09 37
1e-10 5e-10 0.3 1.4000000000000001e-09 1.9e-09 2.3e-09 2.7e-09 3.2e-09 38
1e-10 5e-10 9e-10 1.4000000000000001e-09 1.9e-09 2.3e-09 3e-09 3.2e-09 38
1e-10 5e-10 9e-10 1.4000000000000001e-09 1.9e-09 2.3e-09 2.7e-09 3.6e-09 37
1e-10 5e-10 9e-10 1.4000000000000001e-09 1.9e-09 2.3e-09 2.7e-09 3.2e-09 37
1e-10 8e-10 0.3 1.4000000000000001e-09 1.9e-09 2.3e-09 3.1e-09 3.2e-09 37
4e-10 0.21 9e-10 1.5e-09 1.9e-09 2.3e-09 2.7e-09 3.2e-09 38
1e-10 5e-10 9e-10 1.4000000000000001e-09 1.9e-09 2.3e-09 2.7e-09 3.2e-09 37
3e-10 5e-10 9e-10 1.4000000000000001e-09 1.9e-09 2.3e-09 2.7e-09 3.2e-09 37
1e-10 6e-10 9e-10 1.8e-09 1.9e-09 2.3e-09 2.7e-09 3.2e-09 37
1e-10 5e-10 9e-10 1.4000000000000001e-09 1.9e-09 2.3e-09 2.7e-09 3.2e-09 37
2e-10 5e-10 9e-10 1.4000000000000001e-09 1.9e-09 2.3e-09 2.7e-09 3.2e-09 38
1e-10 8e-10 9e-10 1.4000000000000001e-09 1.9e-09 2.3e-09 2.7e-09 3.6e-09 37
1e-10 8e-10 9e-10 1.7000000000000001e-09 2.2000000000000003e-09 2.3e-09 2.7e-09 1.02 38
1e-10 6e-10 9e-10 1.4000000000000001e-09 1.9e-09 2.3e-09 2.7e-09 3.6e-09 38
1e-10 8e-10 9e-10 1.4000000000000001e-09 1.9e-09 2.3e-09 2.7e-09 3.6e-09 37
1e-10 5e-10 9e-10 1.4000000000000001e-09 1.9e-09 2.3e-09 2.7e-09 3.2e-09 37
1e-10 5e-10 9e-10 1.4000000000000001e-09 1.9e-09 2.3e-09 2.7e-09 3.2e-09 37
1e-10 8e-10 9e-10 1.4000000000000001e-09 1.9e-09 2.3e-09 2.7e-09 3.2e-09 38
1e-10 6e-10 0.3 1.6832058474450635e-246 1.9e-09 2.2743031715105274e-247 2.7e-09 3.2e-09 38
1e-10 5e-10 9e-10 1.4000000000000001e-09 1.9e-09 2.3e-09 2.7e-09 3.2e-09 37
1e-10 5e-10 9e-10 1.4000000000000001e-09 1.9e-09 2.3e-09 2.7e-09 3.2e-09 37
1e-10 5e-10 9e-10 1.4000000000000001e-09 1.9e-09 2.3e-09 2.7e-09 3.2e-09 37
1e-10 5e-10 9e-10 1.4000000000000001e-09 1.9e-09 2.3e-09 2.7e-09 3.2e-09 37
1e-10 5e-10 9e-10 1.8e-09 1.9e-09 2.3e-09 2.7e-09 3.2e-09 38
1e-10 5e-10 9e-10 1.4000000000000001e-09 1.9e-09 2.3e-09 2.7e-09 3.2e-09 37
1e-10 6e-10 9e-10 1.4000000000000001e-09 1.9e-09 2.3e-09 2.7e-09 3.6e-09 38
1e-10 5e-10 9e-10 1.4000000000000001e-09 1.9e-09 2.3e-09 2.7e-09 3.2e-09 38
3e-10 5e-10 9e-10 1.4000000000000001e-09 1.9e-09 2.3e-09 2.7e-09 3.2e-09 37
1e-10 5e-10 0.3 1.4000000000000001e-09 1.9e-09 2.3e-09 2.7e-09 3.2e-09 37
1e-10 6e-10 9e-10 1.4000000000000001e-09 1.9e-09 2.3e-09 2.7e-09 3.6e-09 37
1e-10 5e-10 9e-10 1.4000000000000001e-09 1.9e-09 2.3e-09 2.7e-09 3.2e-09 37
1e-10 8e-10 9e-10 1.7000000000000001e-09 1.9e-09 2.3e-09 2.7e-09 3.2e-09 38
1e-10 5e-10 9e-10 1.4000000000000001e-09 1.9e-09 2.3e-09 2.7e-09 3.2e-09 38
1e-10 5e-10 9e-10 1.4000000000000001e-09 1.9e-09 2.3e-09 2.7e-09 3.2e-09 37
4e-10 0.21 9e-10 1.5e-09 1.9e-09 2.3e-09 2.7e-09 3.2e-09 38
1e-10 5e-10 9e-10 1.7000000000000001e-09 1.9e-09 2.2743031715105274e-247 2.7e-09 3.2e-09 38
1e-10 5e-10 9e-10 1.4000000000000001e-09 1.9e-09 2.3e-09 2.7e-09 3.2e-09 37
1e-10 5e-10 9e-10 1.7000000000000001e-09 1.9e-09 2.3e-09 2.7e-09 3.2e-09 37
1e-10 5e-10 9e-10 1.4000000000000001e-09 1.9e-09 2.3e-09 2.7e-09 3.3e-09 38
1e-10 5e-10 9e-10 1.4000000000000001e-09 1.9e-09 2.3e-09 2.7e-09 3.2e-09 37
4e-10 8e-10 1.1756884930053514e-165 1.4000000000000001e-09 1.9e-09 2.3e-09 2.7e-09 3.2e-09 38
1e-10 5e-10 9e-10 1.4000000000000001e-09 1.9e-09 2.3e-09 2.7e-09 3.2e-09 37
1e-10 5e-10 9e-10 1.4000000000000001e-09 1.9e-09 2.3e-09 2.7e-09 3.2e-09 37
1e-10 6e-10 9e-10 1.4000000000000001e-09 1.9594808216755853e-165 2.3e-09 2.7e-09 3.2e-09 38
1e-10 8e-10 9e-10 1.7000000000000001e-09 2.2000000000000003e-09 2.3e-09 2.7e-09 3.2e-09 37
1e-10 8e-10 9e-10 1.4000000000000001e-09 1.9e-09 2.3e-09 2.7e-09 3.6e-09 37
2e-10 8e-10 9e-10 1.4000000000000001e-09 1.9e-09 2.3e-09 3e-09 3.2e-09 38
1e-10 0.21 9e-10 1.4000000000000001e-09 1.9e-09 2.3e-09 2.7e-09 2.460879807699508e-248 38
1e-10 5e-10 9e-10 1.4000000000000001e-09 1.9e-09 2.3e-09 2.7e-09 3.2e-09 37
1e-10 5e-10 9e-10 1.4000000000000001e-09 1.9e-09 2.3e-09 2.7e-09 3.2e-09 37
1e-10 5e-10 9e-10 1.4000000000000001e-09 1.9e-09 2.3e-09 2.7e-09 3.2e-09 37
1e-10 5e-10 9e-10 1.4000000000000001e-09 1.9e-09 2.3e-09 2.7e-09 3.2e-09 37
1e-10 6e-10 9e-10 1.4000000000000001e-09 1.9e-09 2.3e-09 2.7e-09 3.6e-09 37
4e-10 5e-10 0.32999999999999996 1.4000000000000001e-09 1.9e-09 2.3e-09 2.7e-09 3.3e-09 37
1e-10 5e-10 9e-10 1.4000000000000001e-09 1.9e-09 2.3e-09 2.7e-09 3.2e-09 37
1e-10 5e-10 9e-10 1.5e-09 1.9e-09 2.630009136632912e-246 2.7e-09 3.2e-09 37
1e-10 5e-10 9e-10 1.4000000000000001e-09 1.9e-09 2.3e-09 3.1e-09 3.2e-09 37
1e-10 0.21 9e-10 1.7000000000000001e-09 1.9e-09 2.3e-09 2.7e-09 3.2e-09 38
1e-10 5e-10 9e-10 1.4000000000000001e-09 1.9e-09 2.3e-09 2.7e-09 3.2e-09 37
1e-10 5e-10 9e-10 1.4000000000000001e-09 1.9e-09 2.3e-09 2.7e-09 3.2e-09 38
1e-10 5e-10 9e-10 1.4000000000000001e-09 1.9e-09 2.3e-09 2.7e-09 3.2e-09 37
1e-10 8e-10 9e-10 1.4000000000000001e-09 1.9e-09 2.3e-09 2.7e-09 3.2e-09 38
1e-10 6e-10 9e-10 1.4000000000000001e-09 1.9e-09 2.3e-09 2.7e-09 3.2e-09 38
1e-10 5e-10 9e-10 1.4000000000000001e-09 1.9e-09 2.3e-09 2.7e-09 3.2e-09 37
1e-10 5e-10 9e-10 1.4000000000000001e-09 1.9e-09 2.3e-09 2.7e-09 3.2e-09 37
1e-10 5e-10 9e-10 1.4000000000000001e-09 1.9e-09 2.3e-09 2.7e-09 3.2e-09 37
1e-10 5e-10 9e-10 1.8e-09 1.9e-09 2.2743031715105274e-247 2.7e-09 3.2e-09 38
1e-10 5e-10 9e-10 1.4000000000000001e-09 1.9e-09 2.3e-09 2.7e-09 3.3e-09 37
1e-10 5e-10 9e-10 1.4000000000000001e-09 1.9e-09 2.3e-09 3.1e-09 3.2e-09 37
1e-10 8e-10 9e-10 1.4000000000000001e-09 1.9e-09 2.3e-09 2.7e-09 3.3e-09 38
2e-10 8e-10 9e-10 1.4000000000000001e-09 1.9e-09 2.3e-09 2.7e-09 3.2e-09 38
1e-10 5e-10 9e-10 1.4000000000000001e-09 1.9e-09 2.3e-09 2.7e-09 3.3e-09 38
1e-10 5e-10 9e-10 1.4000000000000001e-09 1.9e-09 2.3e-09 2.7e-09 3.2e-09 37
1e-10 5e-10 9e-10 1.4000000000000001e-09 1.9e-09 2.3e-09 2.7e-09 3.2e-09 38
1e-10 5e-10 9e-10 1.7000000000000001e-09 1.9e-09 2.3e-09 2.7e-09 3.2e-09 38
1e-10 5e-10 1.1756884930053514e-165 1.4000000000000001e-09 1.9e-09 2.2743031715105274e-247 2.7e-09 3.2e-09 38
3e-10 5e-10 9e-10 1.4000000000000001e-09 1.9e-09 2.3e-09 2.7e-09 3.2e-09 38
1e-10 5e-10 9e-10 1.4000000000000001e-09 1.9e-09 2.3e-09 2.7e-09 3.2e-09 37
1e-10 8e-10 0.32999999999999996 1.4000000000000001e-09 1.9e-09 2.3e-09 2.7e-09 3.3e-09 38
1e-10 5e-10 9e-10 1.4000000000000001e-09 1.9e-09 2.3e-09 2.7e-09 3.2e-09 37
1e-10 6e-10 9e-10 1.4000000000000001e-09 1.9e-09 2.3e-09 2.7e-09 3.6e-09 38
3e-10 6e-10 9e-10 1.8e-09 1.9e-09 2.3e-09 3e-09 3.3e-09 38
1e-10 6e-10 9e-10 1.4000000000000001e-09 1.9e-09 2.3e-09 2.7e-09 3.6e-09 38
1e-10 5e-10 9e-10 1.4000000000000001e-09 1.9e-09 2.3e-09 2.7e-09 3.6e-09 37
1e-10 5e-10 9e-10 1.4000000000000001e-09 1.9e-09 2.3e-09 2.7e-09 3.6e-09 37
1e-10 5e-10 9e-10 1.4000000000000001e-09 1.9e-09 2.3e-09 2.7e-09 3.2e-09 37
4e-10 5e-10 9e-10 1.4000000000000001e-09 1.9e-09 2.3e-09 2.7e-09 3.2e-09 37
1e-10 6e-10 9e-10 1.5e-09 1.9e-09 2.3e-09 2.7e-09 3.2e-09 37
1e-10 5e-10 9e-10 1.4000000000000001e-09 1.9e-09 2.3e-09 2.7e-09 3.2e-09 37
1e-10 5e-10 9e-10 1.4000000000000001e-09 1.9e-09 2.3e-09 3e-09 3.2e-09 38
1e-10 8e-10 9e-10 1.4000000000000001e-09 1.9e-09 2.3e-09 2.7e-09 3.2e-09 38
1e-10 5e-10 9e-10 1.4000000000000001e-09 1.9e-09 2.3e-09 2.7e-09 3.2e-09 38
1e-10 6e-10 9e-10 1.4000000000000001e-09 1.9e-09 2.3e-09 3.1e-09 3.2e-09 37
1e-10 8e-10 9e-10 1.4000000000000001e-09 1.9e-09 2.3e-09 2.7e-09 3.6e-09 38
1e-10 5e-10 9e-10 1.4000000000000001e-09 1.9e-09 2.3e-09 2.7e-09 3.2e-09 38
1e-10 5e-10 9e-10 1.4000000000000001e-09 1.9e-09 2.3e-09 2.7e-09 3.2e-09 37
1e-10 5e-10 9e-10 1.4000000000000001e-09 1.9e-09 2.3e-09 2.7e-09 3.3e-09 37
1e-10 8e-10 9e-10 1.4000000000000001e-09 1.9e-09 2.3e-09 3e-09 3.2e-09 38
1e-10 5e-10 9e-10 1.4000000000000001e-09 1.9e-09 2.3e-09 2.7e-09 3.2e-09 37
1e-10 8e-10 9e-10 1.4000000000000001e-09 1.9e-09 2.3e-09 2.7e-09 3.2e-09 38
1e-10 5e-10 9e-10 1.4000000000000001e-09 1.9e-09 2.3e-09 2.7e-09 3.2e-09 37
1e-10 5e-10 9e-10 1.4000000000000001e-09 1.9e-09 2.3e-09 2.7e-09 3.2e-09 37
1e-10 6e-10 9e-10 1.4000000000000001e-09 1.9e-09 2.3e-09 2.7e-09 3.2e-09 37
1e-10 5e-10 9e-10 1.4000000000000001e-09 1.9e-09 2.3e-09 2.7e-09 3.6e-09 37
1e-10 6e-10 9e-10 1.4000000000000001e-09 1.9e-09 2.3e-09 2.7e-09 3.3e-09 38
3e-10 5e-10 9e-10 1.4000000000000001e-09 1.9e-09 2.3e-09 3.1e-09 3.6e-09 37
1e-10 5e-10 9e-10 1.4000000000000001e-09 1.9e-09 2.3e-09 2.7e-09 3.2e-09 38
1e-10 5e-10 9e-10 1.4000000000000001e-09 1.9e-09 2.3e-09 2.7e-09 3.2e-09 37
1e-10 5e-10 9e-10 1.4000000000000001e-09 1.9e-09 2.3e-09 2.7e-09 3.2e-09 37
1e-10 5e-10 9e-10 1.4000000000000001e-09 1.9e-09 2.3e-09 2.7e-09 3.2e-09 37
2e-10 8e-10 9e-10 1.4000000000000001e-09 1.9e-09 2.3e-09 3e-09 3.2e-09 38
1e-10 5e-10 9e-10 1.4000000000000001e-09 1.9e-09 2.3e-09 2.7e-09 3.2e-09 37
1e-10 5e-10 9e-10 1.4000000000000001e-09 1.9e-09 2.3e-09 2.7e-09 3.6e-09 37
1e-10 5e-10 9e-10 1.4000000000000001e-09 1.9e-09 2.3e-09 2.7e-09 3.2e-09 37
1e-10 5e-10 9e-10 1.7000000000000001e-09 1.9e-09 2.3e-09 2.7e-09 3.2e-09 37
1e-10 8e-10 9e-10 1.4000000000000001e-09 1.9e-09 2.3e-09 3e-09 1.02 38
2e-10 6e-10 9e-10 1.4000000000000001e-09 1.9e-09 2.3e-09 2.7e-09 1.02 38
1e-10 5e-10 9e-10 1.4000000000000001e-09 1.9e-09 2.3e-09 2.7e-09 3.6e-09 37
1e-10 5e-10 9e-10 1.7000000000000001e-09 1.9e-09 2.630009136632912e-246 2.7e-09 3.2e-09 38
1e-10 5e-10 9e-10 1.4000000000000001e-09 1.9e-09 2.3e-09 2.7e-09 3.2e-09 37
1e-10 5e-10 9e-10 1.4000000000000001e-09 1.9e-09 2.3e-09 2.7e-09 3.2e-09 37
1e-10 5e-10 9e-10 1.4000000000000001e-09 1.9e-09 2.3e-09 2.7e-09 3.2e-09 37
1e-10 8e-10 9e-10 1.6832058474450635e-246 1.9e-09 2.3e-09 2.7e-09 3.2e-09 38
1e-10 5e-10 9e-10 1.4000000000000001e-09 1.9e-09 2.3e-09 2.7e-09 3.2e-09 37
1e-10 5e-10 9e-10 1.4000000000000001e-09 1.9e-09 2.3e-09 2.7e-09 3.2e-09 37
1e-10 8e-10 9e-10 1.4000000000000001e-09 1.9e-09 2.3e-09 2.7e-09 3.2e-09 38
1e-10 8e-10 9e-10 1.4000000000000001e-09 1.9e-09 2.2743031715105274e-247 2.7e-09 3.2e-09 38
1e-10 5e-10 9e-10 1.4000000000000001e-09 1.9e-09 2.3e-09 2.7e-09 3.2e-09 37
1e-10 8e-10 9e-10 1.4000000000000001e-09 2.2000000000000003e-09 2.3e-09 2.7e-09 3.6e-09 38
1e-10 5e-10 9e-10 1.4000000000000001e-09 1.9e-09 2.3e-09 2.7e-09 3.2e-09 37
1e-10 8e-10 9e-10 1.4000000000000001e-09 1.9e-09 2.3e-09 2.7e-09 3.2e-09 37
1e-10 5e-10 9e-10 1.4000000000000001e-09 1.9e-09 2.3e-09 2.7e-09 3.2e-09 38
1e-10 5e-10 9e-10 1.4000000000000001e-09 1.9e-09 2.3e-09 2.7e-09 3.2e-09 37
1e-10 5e-10 9e-10 1.6832058474450635e-246 1.9e-09 2.3e-09 2.7e-09 3.2e-09 37
1e-10 5e-10 9e-10 1.4000000000000001e-09 1.9e-09 2.3e-09 2.7e-09 3.2e-09 37
1e-10 5e-10 9e-10 1.4000000000000001e-09 1.9e-09 2.3e-09 2.7e-09 3.2e-09 37
1e-10 8e-10 9e-10 1.4000000000000001e-09 1.9e-09 2.3e-09 2.7e-09 3.2e-09 38
1e-10 5e-10 9e-10 1.4000000000000001e-09 1.9e-09 2.3e-09 2.7e-09 3.2e-09 37
1e-10 5e-10 9e-10 1.4000000000000001e-09 1.9e-09 2.3e-09 2.7e-09 3.2e-09 37
4e-10 8e-10 9e-10 1.6832058474450635e-246 1.9e-09 2.3e-09 2.7e-09 3.3e-09 38
1e-10 8e-10 9e-10 1.4000000000000001e-09 1.9e-09 2.3e-09 2.7e-09 3.2e-09 38
1e-10 5e-10 9e-10 1.4000000000000001e-09 1.9e-09 2.3e-09 3e-09 3.2e-09 37
