1e-10 5e-10 9e-10 1.4000000000000001e-09 1.9e-09 2.3e-09 2.7e-09 3.2e-09 37
1e-10 5e-10 9e-10 1.4000000000000001e-09 1.9e-09 2.3e-09 2.7e-09 3.2e-09 37
2e-10 8e-10 9e-10 1.4000000000000001e-09 1.9e-09 2.3e-09 2.7e-09 3.4000000000000003e-09 38
1e-10 8e-10 9e-10 1.4000000000000001e-09 2.2000000000000003e-09 2.3e-09 2.7e-09 3.2e-09 38
1e-10 5e-10 9e-10 1.4000000000000001e-09 1.9e-09 2.3e-09 2.7e-09 3.2e-09 37
1e-10 5e-10 9e-10 1.4000000000000001e-09 1.9e-09 2.3e-09 2.7e-09 3.2e-09 37
1e-10 5e-10 9e-10 1.4000000000000001e-09 1.9e-09 2.3e-09 2.7e-09 3.2e-09 37
1e-10 5e-10 9e-10 1.4000000000000001e-09 1.9e-09 2.3e-09 2.7e-09 3.2e-09 37
1e-10 5e-10 1e-09 1.4000000000000001e-09 1.9e-09 2.6e-09 2.7e-09 3.2e-09 37
1e-10 8e-10 9e-10 1.8e-09 2.2000000000000003e-09 2.3e-09 2.7e-09 3.2e-09 38
1e-10 5e-10 9e-10 1.4000000000000001e-09 1.9e-09 2.3e-09 2.7e-09 3.2e-09 37
1e-10 5e-10 9e-10 1.4000000000000001e-09 1.9e-09 2.3e-09 2.7e-09 3.2e-09 37
1e-10 5e-10 9e-10 1.4000000000000001e-09 1.9e-09 2.3e-09 2.7e-09 3.2e-09 37
1e-10 5e-10 9e-10 1.4000000000000001e-09 1.9e-09 2.3e-09 2.7e-09 3.2e-09 37
3e-10 8e-10 9e-10 1.4000000000000001e-09 1.9e-09 2.3e-09 2.7e-09 3.2e-09 38
1e-10 5e-10 9e-10 1.4000000000000001e-09 1.9e-09 2.3e-09 2.7e-09 3.2e-09 38
1e-10 5e-10 9e-10 1.7000000000000001e-09 1.9e-09 2.3e-09 2.7e-09 3.2e-09 38
1e-10 8e-10 9e-10 1.4000000000000001e-09 1.9e-09 2.3e-09 2.7e-09 3.3e-09 38
1e-10 5e-10 9e-10 1.4000000000000001e-09 1.9e-09 2.3e-09 2.7e-09 3.2e-09 37
1e-10 5e-10 9e-10 1.4000000000000001e-09 1.9e-09 2.3e-09 2.7e-09 3.2e-09 38
1e-10 5e-10 9e-10 1.4000000000000001e-09 1.9e-09 2.3e-09 2.7e-09 3.2e-09 38
1e-10 5e-10 9e-10 1.4000000000000001e-09 1.9e-09 2.3e-09 2.7e-09 3.2e-09 37
1e-10 8e-10 9e-10 1.8e-09 1.9e-09 2.3e-09 2.7e-09 3.6e-09 38
1e-10 5e-10 9e-10 1.7000000000000001e-09 1.9e-09 2.3e-09 2.7e-09 3.2e-09 37
1e-10 8e-10 9e-10 1.4000000000000001e-09 1.9e-09 2.3e-09 2.7e-09 3.2e-09 38
1e-10 5e-10 9e-10 1.4000000000000001e-09 1.9e-09 2.3e-09 2.7e-09 3.2e-09 37
1e-10 5e-10 9e-10 1.4000000000000001e-09 1.9e-09 2.3e-09 2.7e-09 3.2e-09 37
1e-10 5e-10 9e-10 1.4000000000000001e-09 1.9e-09 2.3e-09 2.7e-09 3.6e-09 38
1e-10 5e-10 9e-10 1.4000000000000001e-09 1.9e-09 2.3e-09 2.7e-09 3.2e-09 37
1e-10 5e-10 9e-10 1.4000000000000001e-09 1.9e-09 2.3e-09 2.7e-09 3.2e-09 37
1e-10 5e-10 9e-10 1.4000000000000001e-09 1.9e-09 2.3e-09 2.7e-09 3.2e-09 37
1e-10 5e-10 9e-10 1.4000000000000001e-09 1.9e-09 2.3e-09 2.7e-09 3.2e-09 37
4e-10 5e-10 9e-10 1.4000000000000001e-09 1.9e-09 2.3e-09 2.7e-09 3.2e-09 38
3e-10 6e-10 9e-10 1.8e-09 1.9e-09 2.3e-09 3e-09 3.3e-09 38
1e-10 5e-10 9e-10 1.4000000000000001e-09 1.9e-09 2.3e-09 2.7e-09 3.2e-09 37
1e-10 8e-10 9e-10 1.4000000000000001e-09 1.9e-09 2.3e-09 2.7e-09 3.2e-09 37
1e-10 5e-10 9e-10 1.4000000000000001e-09 1.9e-09 2.3e-09 2.7e-09 3.2e-09 37
1e-10 5e-10 9e-10 1.4000000000000001e-09 1.9e-09 2.3e-09 2.7e-09 3.2e-09 37
4e-10 5e-10 9e-10 1.4000000000000001e-09 1.9e-09 2.3e-09 2.7e-09 3.2e-09 37
1e-10 5e-10 9e-10 1.4000000000000001e-09 1.9e-09 2.3e-09 2.7e-09 3.2e-09 38
1e-10 5e-10 9e-10 1.4000000000000001e-09 1.9e-09 2.3e-09 2.7e-09 3.2e-09 37
2e-10 5e-10 9e-10 1.4000000000000001e-09 1.9e-09 2.3e-09 2.7e-09 3.3e-09 37
1e-10 5e-10 9e-10 1.4000000000000001e-09 1.9e-09 2.3e-09 2.7e-09 3.2e-09 38
1e-10 8e-10 9e-10 1.4000000000000001e-09 1.9e-09 2.3e-09 2.7e-09 3.2e-09 37
4e-10 5e-10 9e-10 1.4000000000000001e-09 1.9e-09 2.3e-09 2.7e-09 3.2e-09 37
1e-10 5e-10 9e-10 1.4000000000000001e-09 1.9e-09 2.3e-09 3e-09 3.2e-09 38
1e-10 5e-10 9e-10 1.4000000000000001e-09 1.9e-09 2.3e-09 2.7e-09 3.2e-09 38
1e-10 5e-10 9e-10 1.4000000000000001e-09 1.9e-09 2.3e-09 2.7e-09 3.2e-09 37
1e-10 5e-10 9e-10 1.4000000000000001e-09 1.9e-09 2.3e-09 2.7e-09 3.2e-09 37
1e-10 5e-10 9e-10 1.4000000000000001e-09 1.9e-09 2.3e-09 2.7e-09 3.2e-09 37
1e-10 6e-10 9e-10 1.4000000000000001e-09 1.7606987628315621e-124 2.3e-09 2.7e-09 3.2e-09 38
1e-10 5e-10 9e-10 1.4000000000000001e-09 1.9e-09 2.3e-09 2.7e-09 3.2e-09 37
1e-10 5e-10 9e-10 1.4000000000000001e-09 1.9e-09 2.3e-09 2.7e-09 3.2e-09 37
3e-10 5e-10 9e-10 1.4000000000000001e-09 1.9e-09 2.3e-09 2.7e-09 3.2e-09 37
4e-10 5e-10 9e-10 1.4000000000000001e-09 1.9e-09 2.3e-09 2.7e-09 3.2e-09 37
1e-10 5e-10 9e-10 1.4000000000000001e-09 1.9e-09 2.3e-09 2.7e-09 3.2e-09 38
1e-10 5e-10 9e-10 1.4000000000000001e-09 1.9e-09 2.3e-09 2.7e-09 3.2e-09 38
1e-10 5e-10 9e-10 7.993320445785968e-126 1.9e-09 2.3e-09 2.7e-09 3.2e-09 38
1e-10 5e-10 9e-10 1.4000000000000001e-09 1.9e-09 2.3e-09 0.87 3.2e-09 37
1e-10 5e-10 9e-10 1.4000000000000001e-09 1.9e-09 2.3e-09 2.7e-09 3.2e-09 38
1e-10 8e-10 9e-10 1.4000000000000001e-09 1.9e-09 2.3e-09 2.7e-09 3.2e-09 38
1e-10 5e-10 9e-10 1.4000000000000001e-09 1.9e-09 2.3e-09 3e-09 3.2e-09 38
2e-10 8e-10 9e-10 1.4000000000000001e-09 1.9e-09 2.3e-09 3e-09 3.2e-09 38
1e-10 5e-10 9e-10 1.4000000000000001e-09 1.9e-09 2.3e-09 2.7e-09 3.2e-09 38
1e-10 5e-10 9e-10 1.4000000000000001e-09 1.9e-09 2.3e-09 2.7e-09 3.2e-09 37
1e-10 5e-10 9e-10 1.4000000000000001e-09 1.9e-09 2.3e-09 2.7e-09 3.3e-09 37
2e-10 5e-10 9e-10 1.4000000000000001e-09 2.1e-09 2.3e-09 2.7e-09 3.2e-09 37
1e-10 8e-10 9e-10 1.4000000000000001e-09 1.9e-09 2.3e-09 2.7e-09 3.2e-09 37
1e-10 5e-10 9e-10 1.4000000000000001e-09 1.9e-09 2.3e-09 2.7e-09 3.2e-09 38
1e-10 5e-10 9e-10 1.4000000000000001e-09 1.9e-09 2.3e-09 3e-09 3.2e-09 38
2e-10 5e-10 9e-10 1.4000000000000001e-09 2.1e-09 2.3e-09 2.7e-09 3.2e-09 37
1e-10 5e-10 9e-10 1.4000000000000001e-09 1.9e-09 2.3e-09 2.7e-09 3.2e-09 37
1e-10 8e-10 9e-10 1.4000000000000001e-09 2.2000000000000003e-09 2.3e-09 3e-09 3.2e-09 38
1e-10 5e-10 9e-10 1.4000000000000001e-09 1.9e-09 2.3e-09 2.7e-09 3.2e-09 37
1e-10 5e-10 9e-10 1.4000000000000001e-09 1.9e-09 2.3e-09 2.7e-09 3.2e-09 37
1e-10 5e-10 9e-10 1.4000000000000001e-09 1.9e-09 2.3e-09 2.7e-09 3.2e-09 38
1e-10 5e-10 9e-10 1.4000000000000001e-09 1.9e-09 2.3e-09 2.7e-09 3.2e-09 37
1e-10 5e-10 9e-10 1.4000000000000001e-09 1.9e-09 2.3e-09 2.7e-09 3.2e-09 37
1e-10 5e-10 9e-10 1.4000000000000001e-09 1.9e-09 2.3e-09 2.7e-09 3.2e-09 37
1e-10 6e-10 9e-10 1.4000000000000001e-09 1.9e-09 2.3e-09 2.7e-09 3.2e-09 38
1e-10 5e-10 9e-10 1.4000000000000001e-09 1.9e-09 2.3e-09 2.7e-09 3.2e-09 37
4e-10 8e-10 9e-10 1.4000000000000001e-09 1.9e-09 2.3e-09 3e-09 3.2e-09 37
1e-10 5e-10 9e-10 1.4000000000000001e-09 1.9e-09 2.3e-09 2.7e-09 3.2e-09 37
1e-10 8e-10 9e-10 1.4000000000000001e-09 1.9e-09 2.3e-09 2.7e-09 3.2e-09 38
1e-10 7.000000000000001e-10 9e-10 1.4000000000000001e-09 1.9e-09 2.3e-09 2.7e-09 3.2e-09 37
1e-10 5e-10 9e-10 1.4000000000000001e-09 1.9e-09 2.3e-09 2.7e-09 3.2e-09 37
1e-10 5e-10 9e-10 1.4000000000000001e-09 1.9e-09 2.3e-09 2.7e-09 3.2e-09 37
1e-10 5e-10 9e-10 1.7000000000000001e-09 1.9e-09 2.6e-09 2.7e-09 3.2e-09 38
1e-10 5e-10 1e-09 1.4000000000000001e-09 1.9e-09 2.6e-09 2.7e-09 3.2e-09 38
1e-10 5e-10 9e-10 1.4000000000000001e-09 1.9e-09 2.3e-09 2.7e-09 3.2e-09 38
1e-10 5e-10 9e-10 1.4000000000000001e-09 1.9e-09 2.3e-09 2.7e-09 3.2e-09 37
1e-10 5e-10 9e-10 1.8e-09 1.9e-09 2.3e-09 2.7e-09 3.2e-09 37
2e-10 8e-10 9e-10 1.4000000000000001e-09 1.9e-09 2.3e-09 2.7e-09 3.4000000000000003e-09 38
4e-10 8e-10 9e-10 1.4000000000000001e-09 1.9e-09 2.3e-09 3e-09 3.3e-09 38
3e-10 5e-10 9e-10 1.4000000000000001e-09 1.9e-09 2.3e-09 3.1e-09 3.6e-09 37
1e-10 5e-10 9e-10 1.4000000000000001e-09 1.9e-09 2.3e-09 2.7e-09 3.2e-09 37
1e-10 5e-10 9e-10 1.4000000000000001e-09 1.9e-09 2.3e-09 2.7e-09 3.2e-09 37
1e-10 6e-10 9e-10 1.4000000000000001e-09 1.9e-09 2.3e-09 2.7e-09 3.2e-09 38
1e-10 5e-10 9e-10 1.7000000000000001e-09 1.9e-09 2.3e-09 2.7e-09 3.2e-09 37
1e-10 5e-10 9e-10 1.4000000000000001e-09 1.9e-09 2.3e-09 3e-09 3.2e-09 38
1e-10 5e-10 9e-10 1.4000000000000001e-09 1.9e-09 2.3e-09 3e-09 3.2e-09 38
1e-10 5e-10 9e-10 1.4000000000000001e-09 1.9e-09 2.3e-09 0.87 3.2e-09 37
1e-10 5e-10 9e-10 1.4000000000000001e-09 1.9e-09 2.3e-09 2.7e-09 3.2e-09 37
1e-10 5e-10 9e-10 1.4000000000000001e-09 1.9e-09 2.3e-09 2.7e-09 3.2e-09 37
1e-10 8e-10 9e-10 1.4000000000000001e-09 1.9e-09 2.3e-09 2.7e-09 3.2e-09 38
1e-10 7.000000000000001e-10 9e-10 1.4000000000000001e-09 1.9e-09 2.3e-09 2.7e-09 3.2e-09 37
1e-10 5e-10 9e-10 1.4000000000000001e-09 1.9e-09 2.3e-09 2.7e-09 3.2e-09 37
1e-10 5e-10 9e-10 1.4000000000000001e-09 1.9e-09 2.3e-09 2.7e-09 3.2e-09 37
1e-10 5e-10 9e-10 1.4000000000000001e-09 1.9e-09 2.3e-09 2.7e-09 3.2e-09 37
1e-10 5e-10 9e-10 1.4000000000000001e-09 1.9e-09 2.3e-09 2.7e-09 3.2e-09 37
1e-10 5e-10 9e-10 1.4085590102652496e-124 1.9e-09 2.3e-09 2.7e-09 3.2e-09 37
1e-10 8e-10 9e-10 1.4000000000000001e-09 2.2000000000000003e-09 2.3e-09 2.7e-09 3.6e-09 38
1e-10 8e-10 9e-10 1.8e-09 1.9e-09 2.6e-09 3.1e-09 3.2e-09 38
1e-10 5e-10 9e-10 1.4000000000000001e-09 1.9e-09 2.3e-09 2.7e-09 3.2e-09 37
1e-10 5e-10 9e-10 1.4000000000000001e-09 1.9e-09 2.3e-09 2.7e-09 3.2e-09 38
1e-10 5e-10 9e-10 1.8e-09 1.9e-09 2.3e-09 2.7e-09 3.2e-09 38
1e-10 5e-10 9e-10 1.4000000000000001e-09 1.9e-09 2.3e-09 2.7e-09 3.2e-09 37
1e-10 8e-10 9e-10 1.4000000000000001e-09 2.2000000000000003e-09 2.3e-09 2.7e-09 3.2e-09 38
1e-10 5e-10 9e-10 1.4000000000000001e-09 1.9e-09 2.3e-09 2.7e-09 3.2e-09 37
1e-10 8e-10 1.0564192576989372e-124 1.4000000000000001e-09 1.9e-09 2.3e-09 2.7e-09 3.2e-09 37
1e-10 5e-10 9e-10 1.4000000000000001e-09 1.9e-09 2.3e-09 2.7e-09 3.2e-09 38
1e-10 5e-10 9e-10 1.4000000000000001e-09 1.9e-09 2.3e-09 2.7e-09 3.2e-09 37
1e-10 5e-10 9e-10 1.4000000000000001e-09 1.9e-09 2.3e-09 2.7e-09 3.3e-09 38
1e-10 8e-10 9e-10 1.4000000000000001e-09 1.9e-09 2.3e-09 2.7e-09 3.2e-09 38
1e-10 5e-10 9e-10 1.4000000000000001e-09 1.9e-09 2.3e-09 2.7e-09 3.2e-09 37
1e-10 5e-10 9e-10 1.4000000000000001e-09 1.9e-09 2.3e-09 2.7e-09 3.2e-09 38
1e-10 7.000000000000001e-10 9e-10 1.4000000000000001e-09 1.9e-09 2.3e-09 2.7e-09 3.2e-09 38
1e-10 5e-10 9e-10 1.4000000000000001e-09 1.9e-09 2.3e-09 2.7e-09 3.2e-09 37
1e-10 5e-10 9e-10 1.4000000000000001e-09 1.9e-09 2.3e-09 2.7e-09 3.2e-09 37
1e-10 5e-10 9e-10 1.7000000000000001e-09 1.9e-09 2.3e-09 2.7e-09 3.2e-09 38
2e-10 8e-10 9e-10 1.4000000000000001e-09 1.9e-09 2.3e-09 2.7e-09 3.3e-09 38
1e-10 8e-10 9e-10 1.4000000000000001e-09 1.9e-09 2.3e-09 2.7e-09 3.2e-09 38
1e-10 8e-10 5.8617683269097104e-126 1.4000000000000001e-09 1.9e-09 2.3e-09 2.7e-09 3.3e-09 38
1e-10 5e-10 9e-10 1.4000000000000001e-09 1.9e-09 2.3e-09 2.7e-09 3.2e-09 37
1e-10 5e-10 9e-10 1.4000000000000001e-09 1.9e-09 2.3e-09 2.7e-09 3.2e-09 37
1e-10 5e-10 9e-10 1.4000000000000001e-09 1.9e-09 2.3e-09 2.7e-09 3.2e-09 37
1e-10 6e-10 9e-10 1.4000000000000001e-09 1.9e-09 2.3e-09 2.7e-09 3.6e-09 38
1e-10 8e-10 9e-10 1.4000000000000001e-09 1.7606987628315621e-124 2.3e-09 2.7e-09 3.2e-09 37
1e-10 8e-10 9e-10 1.4000000000000001e-09 1.9e-09 2.6e-09 2.7e-09 3.2e-09 38
1e-10 6e-10 9e-10 1.4000000000000001e-09 1.7606987628315621e-124 2.3e-09 2.7e-09 3.2e-09 38
1e-10 5e-10 9e-10 1.4000000000000001e-09 1.9e-09 2.3e-09 0.87 3.2e-09 38
1e-10 5e-10 1e-09 1.4000000000000001e-09 1.9e-09 2.3e-09 2.7e-09 3.2e-09 38
4e-10 8e-10 9e-10 1.4000000000000001e-09 1.9e-09 2.3e-09 3e-09 3.2e-09 37
1e-10 6e-10 9e-10 1.4000000000000001e-09 1.9e-09 2.3e-09 2.7e-09 3.2e-09 38
4e-10 5e-10 9e-10 1.4000000000000001e-09 1.9e-09 2.3e-09 2.7e-09 3.2e-09 37
1e-10 5e-10 9e-10 1.4000000000000001e-09 1.9e-09 2.3e-09 2.7e-09 3.6e-09 37
1e-10 8e-10 9e-10 1.7000000000000001e-09 2.2000000000000003e-09 2.3e-09 2.7e-09 3.2e-09 37
1e-10 5e-10 9e-10 1.4000000000000001e-09 1.9e-09 2.3e-09 2.7e-09 3.2e-09 37
1e-10 5e-10 9e-10 1.4000000000000001e-09 1.9e-09 2.3e-09 2.7e-09 3.2e-09 37
1e-10 8e-10 9e-10 1.4000000000000001e-09 1.9e-09 2.3e-09 2.7e-09 3.2e-09 38
1e-10 5e-10 9e-10 1.4000000000000001e-09 1.9e-09 2.3e-09 2.7e-09 3.2e-09 38
1e-10 5e-10 9e-10 1.4000000000000001e-09 1.9e-09 2.3e-09 2.7e-09 3.2e-09 37
1e-10 5e-10 9e-10 1.4000000000000001e-09 2.1e-09 2.3e-09 2.7e-09 3.2e-09 37
1e-10 5e-10 9e-10 1.4000000000000001e-09 1.9e-09 2.3e-09 2.7e-09 3.2e-09 37
1e-10 5e-10 9e-10 1.4000000000000001e-09 1.9e-09 2.3e-09 2.7e-09 3.2e-09 37
2e-10 8e-10 9e-10 1.4000000000000001e-09 1.9e-09 2.3e-09 2.7e-09 3.4000000000000003e-09 38
1e-10 5e-10 9e-10 1.4000000000000001e-09 1.9e-09 2.3e-09 2.7e-09 3.2e-09 37
1e-10 5e-10 9e-10 1.4000000000000001e-09 1.9e-09 2.3e-09 2.7e-09 3.2e-09 37
1e-10 5e-10 9e-10 1.4000000000000001e-09 1.9e-09 2.3e-09 2.7e-09 3.2e-09 37
1e-10 5e-10 9e-10 1.4000000000000001e-09 1.9e-09 2.3e-09 2.7e-09 3.2e-09 37
3e-10 5e-10 9e-10 1.4000000000000001e-09 1.9e-09 2.3e-09 2.7e-09 3.2e-09 37
1e-10 5e-10 9e-10 1.4000000000000001e-09 1.9e-09 2.3e-09 2.7e-09 3.2e-09 37
1e-10 5e-10 9e-10 1.4000000000000001e-09 1.9e-09 2.3e-09 2.7e-09 3.2e-09 38
1e-10 5e-10 9e-10 1.4000000000000001e-09 1.9e-09 2.3e-09 2.7e-09 3.2e-09 38
1e-10 6e-10 9e-10 1.4000000000000001e-09 1.9e-09 2.3e-09 2.7e-09 3.3e-09 38
1e-10 6e-10 9e-10 1.4000000000000001e-09 1.9e-09 2.3e-09 2.7e-09 3.2e-09 38
1e-10 5e-10 9e-10 1.4000000000000001e-09 1.9e-09 2.3e-09 2.7e-09 3.2e-09 38
4e-10 8e-10 9e-10 1.4085590102652496e-124 1.9e-09 2.3e-09 2.7e-09 3.3e-09 38
1e-10 8e-10 9e-10 1.4000000000000001e-09 1.9e-09 2.3e-09 2.7e-09 3.2e-09 38
1e-10 5e-10 9e-10 1.4000000000000001e-09 1.9e-09 2.3e-09 3.1e-09 3.2e-09 37
1e-10 5e-10 9e-10 1.4000000000000001e-09 1.9e-09 2.3e-09 2.7e-09 3.2e-09 38
1e-10 5e-10 9e-10 1.4000000000000001e-09 1.9e-09 2.3e-09 2.7e-09 3.2e-09 37
4e-10 8e-10 9e-10 1.4085590102652496e-124 1.9e-09 2.3e-09 2.7e-09 3.3e-09 38
1e-10 5e-10 9e-10 1.4000000000000001e-09 1.9e-09 2.3e-09 3e-09 3.2e-09 38
1e-10 5e-10 9e-10 1.4000000000000001e-09 1.9e-09 2.3e-09 3e-09 3.2e-09 38
1e-10 5e-10 9e-10 1.4000000000000001e-09 1.9e-09 2.3e-09 2.7e-09 3.2e-09 37
1e-10 5e-10 9e-10 1.4000000000000001e-09 1.9e-09 2.3e-09 2.7e-09 3.2e-09 37
1e-10 5e-10 9e-10 1.4000000000000001e-09 1.9e-09 2.3e-09 2.7e-09 3.2e-09 37
1e-10 5e-10 9e-10 1.4000000000000001e-09 1.9e-09 2.3e-09 2.7e-09 3.2e-09 37
1e-10 5e-10 9e-10 1.4000000000000001e-09 1.9e-09 2.3e-09 2.7e-09 3.2e-09 38
1e-10 8e-10 9e-10 1.4000000000000001e-09 1.9e-09 2.3e-09 3e-09 3.3e-09 38
1e-10 5e-10 9e-10 1.4000000000000001e-09 1.9e-09 2.3e-09 2.7e-09 3.2e-09 37
1e-10 5e-10 9e-10 1.4000000000000001e-09 1.9e-09 2.3e-09 2.7e-09 3.2e-09 37
1e-10 5e-10 9e-10 1.4000000000000001e-09 1.9e-09 2.3e-09 2.7e-09 3.2e-09 37
1e-10 5e-10 9e-10 1.4000000000000001e-09 1.9e-09 2.3e-09 2.7e-09 3.2e-09 37
1e-10 5e-10 9e-10 1.4000000000000001e-09 1.9e-09 2.3e-09 2.7e-09 3.2e-09 37
1e-10 5e-10 9e-10 1.4000000000000001e-09 1.9e-09 2.3e-09 3e-09 3.2e-09 38
1e-10 5e-10 9e-10 1.4000000000000001e-09 1.9e-09 2.3e-09 2.7e-09 3.2e-09 37
1e-10 5e-10 1e-09 1.7000000000000001e-09 1.9e-09 2.3e-09 2.7e-09 3.2e-09 37
1e-10 7.000000000000001e-10 9e-10 1.4000000000000001e-09 1.9e-09 2.3e-09 2.7e-09 3.0812228349552334e-124 38
1e-10 6e-10 9e-10 1.4000000000000001e-09 1.9e-09 2.3e-09 2.7e-09 3.2e-09 38
1e-10 5e-10 9e-10 1.4000000000000001e-09 1.9e-09 2.3e-09 2.7e-09 3.2e-09 37
1e-10 5e-10 9e-10 1.4000000000000001e-09 1.9e-09 2.3e-09 2.7e-09 3.6e-09 37
3e-10 5e-10 9e-10 1.4000000000000001e-09 1.9e-09 2.3e-09 2.7e-09 3.2e-09 38
1e-10 5e-10 9e-10 1.4000000000000001e-09 1.9e-09 2.3e-09 2.7e-09 3.2e-09 37
1e-10 5e-10 9e-10 1.4000000000000001e-09 1.9e-09 2.3e-09 2.7e-09 3.2e-09 38
1e-10 5e-10 9e-10 1.4000000000000001e-09 1.9e-09 2.3e-09 2.7e-09 3.2e-09 37
1e-10 5e-10 9e-10 1.4000000000000001e-09 1.9e-09 2.3e-09 2.7e-09 3.2e-09 37
1e-10 5e-10 9e-10 1.4000000000000001e-09 1.9e-09 2.3e-09 2.7e-09 3.2e-09 37
1e-10 5e-10 9e-10 1.4000000000000001e-09 1.9e-09 2.3e-09 2.7e-09 3.2e-09 37
1e-10 7.000000000000001e-10 9e-10 1.4000000000000001e-09 1.9e-09 2.3e-09 2.7e-09 3.2e-09 37
1e-10 5e-10 9e-10 1.4000000000000001e-09 1.9e-09 2.3e-09 2.7e-09 3.2e-09 37
1e-10 8e-10 9e-10 1.4000000000000001e-09 1.7606987628315621e-124 2.3e-09 2.7e-09 3.2e-09 37
1e-10 5e-10 9e-10 1.4000000000000001e-09 1.9e-09 2.3e-09 2.7e-09 3.2e-09 37
1e-10 8e-10 9e-10 1.4000000000000001e-09 1.9e-09 2.3e-09 2.7e-09 3.6e-09 38
1e-10 5e-10 9e-10 1.4000000000000001e-09 1.9e-09 2.3e-09 2.7e-09 3.2e-09 37
1e-10 5e-10 9e-10 1.4000000000000001e-09 1.9e-09 2.3e-09 2.7e-09 3.2e-09 37
1e-10 7.000000000000001e-10 9e-10 1.4000000000000001e-09 1.9e-09 2.3e-09 2.7e-09 3.2e-09 37
2e-10 8e-10 9e-10 1.4000000000000001e-09 1.9e-09 2.3e-09 2.7e-09 3.2e-09 38
1e-10 6e-10 9e-10 1.4000000000000001e-09 1.9e-09 2.3e-09 2.7e-09 3.6e-09 38
1e-10 5e-10 9e-10 1.4000000000000001e-09 1.9e-09 2.3e-09 2.7e-09 3.2e-09 37
1e-10 5e-10 9e-10 1.4000000000000001e-09 1.9e-09 2.3e-09 2.7e-09 3.2e-09 38
1e-10 5e-10 9e-10 1.4000000000000001e-09 1.9e-09 2.3e-09 2.7e-09 3.2e-09 37
1e-10 5e-10 9e-10 1.4000000000000001e-09 1.9e-09 2.3e-09 2.7e-09 3.3e-09 38
1e-10 6e-10 9e-10 1.4000000000000001e-09 1.9e-09 2.3e-09 2.7e-09 3.2e-09 37
1e-10 5e-10 9e-10 1.4000000000000001e-09 1.9e-09 2.3e-09 2.7e-09 3.6e-09 37
1e-10 8e-10 9e-10 1.4000000000000001e-09 1.9e-09 2.3e-09 2.7e-09 3.2e-09 38
1e-10 5e-10 9e-10 1.4000000000000001e-09 1.9e-09 2.3e-09 2.7e-09 3.2e-09 37
1e-10 5e-10 1e-09 1.4000000000000001e-09 1.9e-09 2.3e-09 2.7e-09 3.2e-09 37
1e-10 8e-10 9e-10 1.4000000000000001e-09 1.9e-09 2.3e-09 2.7e-09 3.6e-09 38
1e-10 6e-10 9e-10 1.4000000000000001e-09 1.9e-09 2.3e-09 2.7e-09 3.2e-09 38
1e-10 5e-10 9e-10 1.4000000000000001e-09 1.9e-09 2.3e-09 2.7e-09 3.2e-09 37
1e-10 8e-10 9e-10 1.4000000000000001e-09 1.9e-09 2.3e-09 2.7e-09 3.2e-09 38
1e-10 7.000000000000001e-10 9e-10 1.4000000000000001e-09 1.9e-09 2.3e-09 2.7e-09 3.2e-09 37
1e-10 5e-10 9e-10 1.4000000000000001e-09 1.9e-09 2.3e-09 0.84 3.2e-09 37
1e-10 5e-10 9e-10 1.4000000000000001e-09 1.9e-09 2.3e-09 2.7e-09 3.2e-09 37
1e-10 5e-10 9e-10 1.4000000000000001e-09 1.9e-09 2.3e-09 2.7e-09 3.2e-09 37
1e-10 5e-10 9e-10 1.8e-09 1.9e-09 2.3e-09 2.7e-09 3.2e-09 37
1e-10 5e-10 9e-10 1.4000000000000001e-09 1.9e-09 2.3e-09 2.7e-09 3.2e-09 37
1e-10 5e-10 9e-10 1.4085590102652496e-124 1.9e-09 1.278931271325755e-125 2.7e-09 3.2e-09 37
1e-10 5e-10 9e-10 1.4000000000000001e-09 1.9e-09 2.3e-09 2.7e-09 3.2e-09 37
1e-10 5e-10 9e-10 1.4000000000000001e-09 1.9e-09 2.3e-09 2.7e-09 3.2e-09 37
1e-10 5e-10 9e-10 1.4000000000000001e-09 1.9e-09 2.3e-09 2.7e-09 3.2e-09 38
1e-10 5e-10 9e-10 1.4000000000000001e-09 1.9e-09 2.3e-09 2.7e-09 3.2e-09 37
1e-10 8e-10 9e-10 1.4000000000000001e-09 1.9e-09 2.3e-09 2.7e-09 3.2e-09 37
1e-10 5e-10 9e-10 1.4000000000000001e-09 1.9e-09 2.3e-09 2.7e-09 3.2e-09 37
1e-10 5e-10 9e-10 1.4000000000000001e-09 1.9e-09 2.3e-09 2.7e-09 3.2e-09 37
1e-10 5e-10 9e-10 1.4000000000000001e-09 1.9e-09 2.3e-09 2.7e-09 3.2e-09 37
3e-10 5e-10 9e-10 1.4000000000000001e-09 1.9e-09 2.3e-09 2.7e-09 3.2e-09 38
1e-10 6e-10 9e-10 1.4000000000000001e-09 1.9e-09 2.3e-09 2.7e-09 3.3e-09 38
1e-10 5e-10 9e-10 1.4000000000000001e-09 1.9e-09 2.3e-09 2.7e-09 3.2e-09 37
1e-10 8e-10 9e-10 1.4000000000000001e-09 1.9e-09 2.3e-09 2.7e-09 3.2e-09 37
1e-10 5e-10 9e-10 1.4000000000000001e-09 1.9e-09 2.3e-09 2.7e-09 3.2e-09 37
1e-10 5e-10 9e-10 1.4000000000000001e-09 1.9e-09 2.3e-09 2.7e-09 3.2e-09 37
1e-10 5e-10 9e-10 1.7000000000000001e-09 1.9e-09 2.3e-09 2.7e-09 3.2e-09 37
1e-10 5e-10 0.39 1.4000000000000001e-09 1.9e-09 2.3e-09 2.7e-09 3.2e-09 37
1e-10 5e-10 9e-10 1.4000000000000001e-09 1.9e-09 2.3e-09 2.7e-09 3.2e-09 37
1e-10 8e-10 9e-10 1.4000000000000001e-09 1.9e-09 2.3e-09 2.7e-09 3.2e-09 38
1e-10 5e-10 9e-10 1.4000000000000001e-09 1.9e-09 2.3e-09 2.7e-09 3.2e-09 37
1e-10 6e-10 9e-10 1.4000000000000001e-09 2.2000000000000003e-09 2.3e-09 2.7e-09 3.2e-09 38
1e-10 5e-10 9e-10 1.4000000000000001e-09 1.9e-09 2.3e-09 3e-09 3.2e-09 38
1e-10 5e-10 9e-10 1.4000000000000001e-09 1.9e-09 2.3e-09 2.7e-09 3.2e-09 37
1e-10 8e-10 9e-10 1.8e-09 2.2000000000000003e-09 2.3e-09 2.7e-09 3.2e-09 38
1e-10 5e-10 9e-10 1.4000000000000001e-09 1.9e-09 2.3e-09 2.7e-09 3.4000000000000003e-09 37
1e-10 8e-10 9e-10 1.4000000000000001e-09 1.9e-09 2.3e-09 2.7e-09 3.2e-09 38
1e-10 5e-10 9e-10 7.993320445785968e-126 1.9e-09 2.3e-09 2.7e-09 3.2e-09 37
1e-10 5e-10 9e-10 1.4000000000000001e-09 1.9e-09 2.3e-09 2.7e-09 3.2e-09 37
1e-10 8e-10 9e-10 1.4000000000000001e-09 1.9e-09 2.3e-09 2.7e-09 3.2e-09 38
1e-10 5e-10 9e-10 1.4000000000000001e-09 1.9e-09 2.3e-09 2.7e-09 3.2e-09 37
1e-10 8e-10 9e-10 1.4000000000000001e-09 1.9e-09 2.3e-09 2.7e-09 3.2e-09 38
1e-10 5e-10 9e-10 1.4000000000000001e-09 1.9e-09 2.3e-09 2.7e-09 3.2e-09 38
1e-10 5e-10 9e-10 1.4000000000000001e-09 1.9e-09 2.3e-09 2.7e-09 3.2e-09 37
1e-10 8e-10 9e-10 1.4000000000000001e-09 1.9e-09 2.3e-09 2.7e-09 3.6e-09 38
1e-10 5e-10 9e-10 1.4000000000000001e-09 1.9e-09 2.3e-09 2.7e-09 3.2e-09 37
1e-10 5e-10 9e-10 1.4000000000000001e-09 1.9e-09 2.3e-09 2.7e-09 3.2e-09 37
1e-10 5e-10 9e-10 1.4000000000000001e-09 1.9e-09 2.3e-09 2.7e-09 3.2e-09 37
1e-10 7.000000000000001e-10 9e-10 1.4000000000000001e-09 1.9e-09 2.3e-09 2.7e-09 3.2e-09 37
2e-10 8e-10 9e-10 1.4000000000000001e-09 1.9e-09 2.3e-09 2.7e-09 3.2e-09 38
1e-10 5e-10 1e-09 1.4000000000000001e-09 1.9e-09 2.6e-09 2.7e-09 3.2e-09 37
1e-10 5e-10 9e-10 1.4000000000000001e-09 1.9e-09 2.3e-09 2.7e-09 3.2e-09 37
2e-10 8e-10 9e-10 1.4000000000000001e-09 1.9e-09 2.3e-09 3e-09 3.3e-09 38
1e-10 8e-10 9e-10 1.4000000000000001e-09 1.9e-09 2.3e-09 2.7e-09 3.6e-09 37
1e-10 8e-10 9e-10 1.7000000000000001e-09 1.9e-09 2.6e-09 2.7e-09 3.2e-09 37
1e-10 8e-10 9e-10 1.4000000000000001e-09 1.9e-09 2.3e-09 2.7e-09 3.6e-09 37
2e-10 8e-10 9e-10 1.4000000000000001e-09 1.9e-09 2.3e-09 2.7e-09 3.3e-09 38
3e-10 5e-10 9e-10 1.4000000000000001e-09 1.9e-09 2.3e-09 2.7e-09 3.2e-09 38
1e-10 5e-10 9e-10 1.4000000000000001e-09 1.9e-09 2.3e-09 2.7e-09 3.2e-09 37
1e-10 5e-10 9e-10 1.7000000000000001e-09 1.9e-09 2.3e-09 2.7e-09 3.2e-09 38
1e-10 5e-10 9e-10 1.4000000000000001e-09 1.9e-09 2.3e-09 2.7e-09 3.6e-09 38
1e-10 5e-10 9e-10 1.4000000000000001e-09 1.9e-09 2.3e-09 2.7e-09 3.2e-09 38
1e-10 8e-10 9e-10 1.4000000000000001e-09 1.9e-09 2.3e-09 2.7e-09 3.2e-09 38
1e-10 5e-10 9e-10 1.4000000000000001e-09 1.9e-09 2.3e-09 2.7e-09 3.2e-09 37
1e-10 6e-10 9e-10 1.4000000000000001e-09 1.9e-09 2.3e-09 2.7e-09 3.2e-09 38
2e-10 5e-10 9e-10 1.7000000000000001e-09 1.9e-09 2.3e-09 2.7e-09 3.2e-09 37
1e-10 5e-10 9e-10 1.4000000000000001e-09 1.9e-09 2.3e-09 2.7e-09 3.2e-09 37
1e-10 5e-10 9e-10 1.4000000000000001e-09 1.9e-09 2.3e-09 2.7e-09 3.2e-09 37
1e-10 5e-10 9e-10 1.4085590102652496e-124 1.9e-09 2.3e-09 2.7e-09 3.2e-09 37
1e-10 5e-10 9e-10 1.4000000000000001e-09 1.9e-09 2.3e-09 2.7e-09 3.2e-09 38
2e-10 8e-10 9e-10 1.4000000000000001e-09 1.9e-09 2.3e-09 2.7e-09 3.3e-09 38
1e-10 5e-10 9e-10 1.4000000000000001e-09 1.9e-09 2.3e-09 2.7e-09 3.2e-09 37
1e-10 5e-10 9e-10 1.4000000000000001e-09 1.9e-09 2.3e-09 2.7e-09 3.2e-09 37
1e-10 5e-10 9e-10 1.4000000000000001e-09 1.9e-09 2.3e-09 2.7e-09 3.2e-09 38
1e-10 6e-10 9e-10 1.4000000000000001e-09 1.9e-09 2.3e-09 2.7e-09 3.6e-09 38
4e-10 5e-10 9e-10 1.4000000000000001e-09 1.9e-09 2.3e-09 2.7e-09 3.2e-09 38
1e-10 5e-10 9e-10 7.993320445785968e-126 1.9e-09 2.3e-09 2.7e-09 3.2e-09 37
1e-10 5e-10 9e-10 1.4000000000000001e-09 1.9e-09 2.3e-09 2.7e-09 3.2e-09 38
1e-10 5e-10 9e-10 1.4000000000000001e-09 1.9e-09 2.3e-09 2.7e-09 3.2e-09 37
4e-10 5e-10 9e-10 1.4000000000000001e-09 1.9e-09 2.3e-09 2.7e-09 3.2e-09 38
1e-10 5e-10 9e-10 1.7000000000000001e-09 1.9e-09 2.3e-09 2.7e-09 3.2e-09 37
1e-10 8e-10 9e-10 1.4000000000000001e-09 1.9e-09 2.3e-09 2.7e-09 3.2e-09 38
1e-10 5e-10 9e-10 1.4000000000000001e-09 1.9e-09 2.3e-09 2.7e-09 3.2e-09 38
1e-10 5e-10 9e-10 1.4000000000000001e-09 1.9e-09 2.3e-09 2.7e-09 3.2e-09 37
1e-10 5e-10 9e-10 1.4000000000000001e-09 1.9e-09 2.3e-09 2.7e-09 3.2e-09 37
1e-10 5e-10 9e-10 1.4000000000000001e-09 1.9e-09 2.3e-09 2.7e-09 3.2e-09 37
1e-10 6e-10 9e-10 1.4000000000000001e-09 1.9e-09 2.3e-09 3e-09 3.2e-09 37
1e-10 5e-10 9e-10 1.4000000000000001e-09 1.9e-09 2.3e-09 2.7e-09 3.2e-09 37
1e-10 6e-10 9e-10 1.4000000000000001e-09 1.9e-09 2.3e-09 3.1e-09 3.2e-09 37
1e-10 5e-10 9e-10 1.4000000000000001e-09 1.9e-09 2.3e-09 2.7e-09 3.2e-09 37
1e-10 5e-10 9e-10 1.4000000000000001e-09 1.9e-09 2.3e-09 2.7e-09 3.2e-09 37
1e-10 8e-10 9e-10 1.7000000000000001e-09 1.9e-09 2.3e-09 2.7e-09 3.2e-09 38
1e-10 5e-10 9e-10 1.4000000000000001e-09 1.9e-09 2.3e-09 2.7e-09 3.2e-09 37
1e-10 5e-10 9e-10 1.4000000000000001e-09 1.9e-09 2.3e-09 2.7e-09 3.2e-09 37
1e-10 5e-10 9e-10 1.4000000000000001e-09 1.9e-09 2.3e-09 2.7e-09 3.2e-09 37
4e-10 5e-10 9e-10 7.993320445785968e-126 1.9e-09 2.3e-09 2.7e-09 3.3e-09 37
1e-10 5e-10 9e-10 1.4000000000000001e-09 1.9e-09 2.3e-09 2.7e-09 3.2e-09 37
1e-10 5e-10 9e-10 1.4000000000000001e-09 1.9e-09 2.3e-09 2.7e-09 3.2e-09 37
1e-10 5e-10 9e-10 1.4000000000000001e-09 1.9e-09 2.3e-09 2.7e-09 3.2e-09 37
1e-10 5e-10 9e-10 7.993320445785968e-126 1.9e-09 2.3e-09 2.7e-09 3.2e-09 37
1e-10 5e-10 9e-10 1.4000000000000001e-09 1.9e-09 2.3e-09 2.7e-09 3.2e-09 38
1e-10 6e-10 9e-10 1.4000000000000001e-09 1.9e-09 2.3e-09 2.7e-09 3.2e-09 38
1e-10 5e-10 9e-10 1.4000000000000001e-09 1.9e-09 2.3e-09 3.1e-09 3.2e-09 37
1e-10 8e-10 9e-10 1.4000000000000001e-09 1.9e-09 2.3e-09 2.7e-09 3.2e-09 38
1e-10 5e-10 9e-10 1.4000000000000001e-09 1.9e-09 2.3e-09 2.7e-09 3.2e-09 38
1e-10 8e-10 9e-10 1.4000000000000001e-09 2.2000000000000003e-09 2.3e-09 2.7e-09 3.2e-09 38
1e-10 5e-10 9e-10 1.4000000000000001e-09 1.9e-09 2.3e-09 2.7e-09 3.2e-09 37
1e-10 5e-10 9e-10 1.4000000000000001e-09 1.9e-09 2.3e-09 2.7e-09 3.2e-09 37
1e-10 8e-10 9e-10 1.8e-09 1.9e-09 2.6e-09 2.7e-09 3.2e-09 38
1e-10 5e-10 9e-10 1.4000000000000001e-09 1.9e-09 2.3e-09 2.7e-09 3.2e-09 38
1e-10 5e-10 9e-10 1.4000000000000001e-09 1.9e-09 2.3e-09 2.7e-09 3.2e-09 37
1e-10 8e-10 9e-10 1.4000000000000001e-09 1.9e-09 2.3e-09 2.7e-09 3.3e-09 38
1e-10 5e-10 9e-10 1.4000000000000001e-09 1.9e-09 2.3e-09 3.1e-09 3.2e-09 38
1e-10 5e-10 9e-10 1.4000000000000001e-09 1.9e-09 2.3e-09 2.7e-09 3.2e-09 37
1e-10 5e-10 9e-10 1.4000000000000001e-09 1.9e-09 2.3e-09 2.7e-09 3.2e-09 38
1e-10 5e-10 9e-10 1.4000000000000001e-09 1.9e-09 2.3e-09 2.7e-09 3.3e-09 37
2e-10 8e-10 9e-10 1.4000000000000001e-09 1.9e-09 2.3e-09 2.7e-09 3.3e-09 38
1e-10 8e-10 9e-10 1.7000000000000001e-09 1.9e-09 2.3e-09 2.7e-09 3.2e-09 38
1e-10 5e-10 9e-10 1.4000000000000001e-09 1.9e-09 2.3e-09 2.7e-09 3.2e-09 37
4e-10 5e-10 5.8617683269097104e-126 1.4000000000000001e-09 1.9e-09 2.3e-09 2.7e-09 3.3e-09 37
1e-10 8e-10 9e-10 1.4000000000000001e-09 1.9e-09 2.3e-09 2.7e-09 3.2e-09 38
1e-10 5e-10 9e-10 1.4000000000000001e-09 1.9e-09 2.3e-09 2.7e-09 3.6e-09 37
1e-10 5e-10 9e-10 1.4000000000000001e-09 1.9e-09 2.3e-09 2.7e-09 3.2e-09 37
1e-10 5e-10 9e-10 1.4000000000000001e-09 1.9e-09 2.3e-09 2.7e-09 3.2e-09 37
1e-10 5e-10 9e-10 1.4085590102652496e-124 1.9e-09 2.3e-09 2.7e-09 3.2e-09 38
1e-10 5e-10 9e-10 1.4000000000000001e-09 1.9e-09 2.3e-09 2.7e-09 3.2e-09 38
1e-10 6e-10 9e-10 1.4000000000000001e-09 1.9e-09 2.3e-09 2.7e-09 3.2e-09 37
1e-10 8e-10 9e-10 1.4000000000000001e-09 1.9e-09 2.3e-09 2.7e-09 3.2e-09 38
1e-10 5e-10 9e-10 1.4000000000000001e-09 1.9e-09 2.3e-09 2.7e-09 3.3e-09 38
1e-10 5e-10 9e-10 1.4000000000000001e-09 1.9e-09 2.3e-09 2.7e-09 3.2e-09 37
1e-10 5e-10 9e-10 1.4000000000000001e-09 1.9e-09 1.278931271325755e-125 2.7e-09 3.2e-09 37
1e-10 5e-10 9e-10 1.4000000000000001e-09 1.9e-09 2.3e-09 3.1e-09 3.2e-09 38
1e-10 5e-10 9e-10 1.4000000000000001e-09 1.9e-09 2.3e-09 2.7e-09 3.2e-09 37
1e-10 5e-10 9e-10 1.8e-09 1.9e-09 2.3e-09 2.7e-09 3.2e-09 37
1e-10 5e-10 9e-10 1.4000000000000001e-09 1.9e-09 2.3e-09 3e-09 3.2e-09 38
4e-10 7.000000000000001e-10 9e-10 7.993320445785968e-126 1.9e-09 2.3e-09 2.7e-09 3.2e-09 38
1e-10 5e-10 9e-10 1.4000000000000001e-09 1.9e-09 2.3e-09 3e-09 3.2e-09 38
4e-10 5e-10 9e-10 1.4000000000000001e-09 1.9e-09 2.3e-09 2.7e-09 3.2e-09 38
1e-10 5e-10 9e-10 1.4000000000000001e-09 1.9e-09 2.3e-09 2.7e-09 3.2e-09 37
1e-10 5e-10 9e-10 1.4000000000000001e-09 1.9e-09 2.3e-09 2.7e-09 3.2e-09 37
1e-10 6e-10 9e-10 1.4000000000000001e-09 1.9e-09 2.3e-09 2.7e-09 3.2e-09 38
1e-10 8e-10 9e-10 1.4000000000000001e-09 1.9e-09 2.3e-09 2.7e-09 3.2e-09 38
1e-10 5e-10 9e-10 1.4000000000000001e-09 1.9e-09 2.3e-09 2.7e-09 3.2e-09 37
1e-10 8e-10 9e-10 1.7000000000000001e-09 1.9e-09 2.6e-09 2.7e-09 3.2e-09 37
1e-10 5e-10 9e-10 1.4000000000000001e-09 1.9e-09 2.3e-09 2.7e-09 3.3e-09 37
1e-10 5e-10 9e-10 1.7000000000000001e-09 1.9e-09 2.3e-09 2.7e-09 3.2e-09 38
1e-10 8e-10 9e-10 1.4000000000000001e-09 1.9e-09 2.3e-09 2.7e-09 3.2e-09 38
1e-10 5e-10 9e-10 1.4000000000000001e-09 1.9e-09 2.3e-09 3e-09 3.2e-09 38
1e-10 5e-10 9e-10 1.4000000000000001e-09 1.9e-09 2.3e-09 2.7e-09 3.2e-09 37
1e-10 5e-10 9e-10 1.4000000000000001e-09 1.9e-09 2.3e-09 3.1e-09 3.2e-09 38
1e-10 8e-10 9e-10 1.4000000000000001e-09 1.9e-09 2.3e-09 2.7e-09 3.2e-09 38
1e-10 8e-10 9e-10 1.7000000000000001e-09 1.9e-09 2.3e-09 2.7e-09 3.2e-09 38
1e-10 8e-10 9e-10 1.8e-09 2.2000000000000003e-09 2.3e-09 2.7e-09 3.2e-09 38
1e-10 5e-10 9e-10 1.8e-09 1.9e-09 2.3e-09 2.7e-09 3.2e-09 37
1e-10 5e-10 9e-10 1.4000000000000001e-09 1.9e-09 2.3e-09 2.7e-09 3.2e-09 37
1e-10 5e-10 9e-10 1.4000000000000001e-09 1.9e-09 2.3e-09 2.7e-09 3.2e-09 38
1e-10 8e-10 9e-10 1.8e-09 1.9e-09 2.3e-09 2.7e-09 3.6e-09 38
1e-10 5e-10 9e-10 1.4000000000000001e-09 1.9e-09 1.278931271325755e-125 2.7e-09 3.2e-09 37
1e-10 5e-10 9e-10 1.4000000000000001e-09 1.9e-09 2.3e-09 2.7e-09 3.2e-09 38
1e-10 5e-10 9e-10 1.4000000000000001e-09 1.9e-09 2.3e-09 2.7e-09 3.2e-09 37
1e-10 5e-10 9e-10 1.4000000000000001e-09 1.9e-09 2.3e-09 2.7e-09 3.2e-09 37
1e-10 5e-10 9e-10 1.4000000000000001e-09 1.9e-09 2.3e-09 2.7e-09 3.2e-09 37
1e-10 8e-10 9e-10 1.4000000000000001e-09 1.9e-09 2.3e-09 2.7e-09 3.2e-09 38
1e-10 8e-10 9e-10 1.4000000000000001e-09 2.2000000000000003e-09 2.3e-09 2.7e-09 3.2e-09 38
1e-10 5e-10 9e-10 1.4000000000000001e-09 1.9e-09 2.3e-09 2.7e-09 3.2e-09 38
3e-10 8e-10 9e-10 1.4000000000000001e-09 1.9e-09 2.3e-09 2.7e-09 3.0812228349552334e-124 37
4e-10 5e-10 9e-10 7.993320445785968e-126 1.9e-09 2.5e-09 2.7e-09 3.2e-09 37
1e-10 7.000000000000001e-10 9e-10 1.7000000000000001e-09 1.7606987628315621e-124 2.3e-09 2.7e-09 3.2e-09 37
1e-10 5e-10 9e-10 1.4000000000000001e-09 1.9e-09 2.3e-09 2.7e-09 3.2e-09 37
1e-10 5e-10 9e-10 1.4000000000000001e-09 1.9e-09 2.3e-09 2.7e-09 3.2e-09 37
1e-10 5e-10 9e-10 1.4000000000000001e-09 1.9e-09 2.3e-09 2.7e-09 3.2e-09 37
1e-10 5e-10 9e-10 1.4000000000000001e-09 1.9e-09 2.3e-09 2.7e-09 3.2e-09 37
1e-10 8e-10 9e-10 1.4000000000000001e-09 1.9e-09 2.3e-09 2.7e-09 3.2e-09 38
1e-10 5e-10 9e-10 1.4085590102652496e-124 1.9e-09 2.3e-09 2.7e-09 3.2e-09 38
1e-10 5e-10 9e-10 1.4000000000000001e-09 1.9e-09 2.3e-09 2.7e-09 3.2e-09 38
1e-10 5e-10 9e-10 1.4000000000000001e-09 1.9e-09 2.3e-09 2.7e-09 3.2e-09 38
1e-10 5e-10 9e-10 1.4000000000000001e-09 1.9e-09 2.3e-09 2.7e-09 3.2e-09 38
1e-10 5e-10 9e-10 1.4000000000000001e-09 1.9e-09 2.3e-09 2.7e-09 3.2e-09 37
1e-10 5e-10 9e-10 1.4000000000000001e-09 1.9e-09 2.3e-09 2.7e-09 3.2e-09 37
1e-10 5e-10 9e-10 1.4000000000000001e-09 1.9e-09 2.3e-09 2.7e-09 3.2e-09 37
1e-10 5e-10 9e-10 1.4000000000000001e-09 1.9e-09 2.3e-09 2.7e-09 3.2e-09 37
1e-10 8e-10 9e-10 1.8e-09 2.2000000000000003e-09 2.3e-09 2.7e-09 3.2e-09 38
1e-10 5e-10 9e-10 1.4000000000000001e-09 1.9e-09 2.3e-09 2.7e-09 3.2e-09 37
1e-10 6e-10 9e-10 1.4000000000000001e-09 2.2000000000000003e-09 2.3e-09 2.7e-09 3.2e-09 38
1e-10 5e-10 9e-10 1.4000000000000001e-09 1.9e-09 2.3e-09 2.7e-09 3.2e-09 37
3e-10 5e-10 9e-10 1.4000000000000001e-09 1.9e-09 2.5e-09 3e-09 3.2e-09 38
1e-10 6e-10 9e-10 1.4000000000000001e-09 1.9e-09 2.3e-09 2.7e-09 3.3e-09 38
1e-10 5e-10 9e-10 1.4000000000000001e-09 1.9e-09 2.3e-09 2.7e-09 3.2e-09 37
3e-10 5e-10 9e-10 1.4000000000000001e-09 1.9e-09 2.3e-09 2.7e-09 3.2e-09 38
1e-10 8e-10 1.0564192576989372e-124 1.4000000000000001e-09 1.9e-09 2.3e-09 2.7e-09 3.2e-09 37
3e-10 5e-10 9e-10 1.4000000000000001e-09 1.9e-09 2.3e-09 2.7e-09 3.2e-09 37
1e-10 6e-10 9e-10 7.993320445785968e-126 1.9e-09 2.3e-09 2.7e-09 3.2e-09 37
1e-10 5e-10 9e-10 1.4000000000000001e-09 1.9e-09 2.3e-09 2.7e-09 3.2e-09 37
1e-10 5e-10 9e-10 1.4000000000000001e-09 1.9e-09 2.3e-09 2.7e-09 3.2e-09 37
2e-10 8e-10 9e-10 1.4000000000000001e-09 1.9e-09 2.3e-09 2.7e-09 3.2e-09 38
1e-10 5e-10 9e-10 1.4000000000000001e-09 1.9e-09 2.3e-09 2.7e-09 3.2e-09 37
1e-10 5e-10 9e-10 1.4000000000000001e-09 1.9e-09 2.3e-09 2.7e-09 3.2e-09 37
1e-10 5e-10 9e-10 1.4000000000000001e-09 1.9e-09 2.3e-09 2.7e-09 3.2e-09 37
1e-10 6e-10 9e-10 1.4000000000000001e-09 1.9e-09 2.3e-09 2.7e-09 3.2e-09 37
1e-10 5e-10 9e-10 1.4000000000000001e-09 1.9e-09 2.3e-09 2.7e-09 3.2e-09 37
1e-10 7.000000000000001e-10 9e-10 1.4000000000000001e-09 1.9e-09 2.3e-09 2.7e-09 3.2e-09 38
1e-10 5e-10 1e-09 1.4000000000000001e-09 1.9e-09 2.3e-09 2.7e-09 3.2e-09 37
1e-10 5e-10 9e-10 1.4000000000000001e-09 1.9e-09 2.3e-09 2.7e-09 3.2e-09 37
1e-10 5e-10 9e-10 1.4000000000000001e-09 1.9e-09 2.3e-09 2.7e-09 3.2e-09 38
2e-10 6e-10 9e-10 1.4000000000000001e-09 1.9e-09 2.3e-09 2.7e-09 3.4000000000000003e-09 38
1e-10 5e-10 9e-10 1.4000000000000001e-09 1.9e-09 2.3e-09 2.7e-09 3.2e-09 37
1e-10 5e-10 9e-10 1.4000000000000001e-09 1.9e-09 2.3e-09 2.7e-09 3.2e-09 38
1e-10 5e-10 9e-10 1.4000000000000001e-09 1.9e-09 2.3e-09 2.7e-09 3.2e-09 37
1e-10 5e-10 9e-10 1.4000000000000001e-09 1.9e-09 2.3e-09 2.7e-09 3.2e-09 37
1e-10 5e-10 9e-10 1.4000000000000001e-09 1.9e-09 2.3e-09 2.7e-09 3.2e-09 37
1e-10 5e-10 9e-10 1.4000000000000001e-09 1.9e-09 2.3e-09 2.7e-09 3.2e-09 37
1e-10 6e-10 9e-10 1.4000000000000001e-09 1.9e-09 2.3e-09 2.7e-09 3.2e-09 37
1e-10 5e-10 9e-10 1.4000000000000001e-09 1.9e-09 2.3e-09 2.7e-09 3.2e-09 37
1e-10 5e-10 9e-10 1.4000000000000001e-09 1.9e-09 2.3e-09 3e-09 3.2e-09 38
1e-10 5e-10 9e-10 1.4000000000000001e-09 1.9e-09 2.3e-09 2.7e-09 3.2e-09 37
1e-10 5e-10 9e-10 1.4000000000000001e-09 1.9e-09 2.3e-09 2.7e-09 3.6e-09 37
1e-10 5e-10 1e-09 1.4000000000000001e-09 1.9e-09 2.6e-09 2.7e-09 3.2e-09 38
1e-10 5e-10 9e-10 7.993320445785968e-126 1.9e-09 2.3e-09 0.87 3.2e-09 38
1e-10 5e-10 9e-10 1.4000000000000001e-09 1.9e-09 2.3e-09 2.7e-09 3.2e-09 37
1e-10 5e-10 9e-10 1.4000000000000001e-09 1.9e-09 2.3e-09 2.7e-09 3.2e-09 37
1e-10 5e-10 9e-10 1.4000000000000001e-09 1.9e-09 2.3e-09 2.7e-09 3.2e-09 37
1e-10 5e-10 9e-10 1.4000000000000001e-09 1.9e-09 2.3e-09 2.7e-09 3.2e-09 38
1e-10 5e-10 9e-10 1.4000000000000001e-09 1.9e-09 2.3e-09 2.7e-09 3.2e-09 37
1e-10 5e-10 9e-10 1.4000000000000001e-09 1.9e-09 2.3e-09 2.7e-09 3.6e-09 37
1e-10 5e-10 9e-10 1.4000000000000001e-09 1.9e-09 2.3e-09 2.7e-09 3.2e-09 37
1e-10 5e-10 9e-10 1.4000000000000001e-09 1.9e-09 2.3e-09 2.7e-09 3.2e-09 37
1e-10 5e-10 9e-10 1.4085590102652496e-124 1.9e-09 2.3e-09 2.7e-09 3.2e-09 38
1e-10 5e-10 9e-10 1.4000000000000001e-09 1.9e-09 2.3e-09 2.7e-09 3.2e-09 37
1e-10 7.000000000000001e-10 9e-10 1.7000000000000001e-09 1.7606987628315621e-124 2.3e-09 2.7e-09 3.2e-09 37
1e-10 8e-10 9e-10 1.4000000000000001e-09 1.9e-09 2.6e-09 2.7e-09 3.2e-09 38
1e-10 5e-10 9e-10 1.4000000000000001e-09 1.9e-09 2.3e-09 2.7e-09 3.2e-09 37
1e-10 5e-10 9e-10 1.4000000000000001e-09 1.9e-09 2.3e-09 2.7e-09 3.2e-09 37
3e-10 5e-10 9e-10 1.4000000000000001e-09 1.9e-09 2.3e-09 2.7e-09 3.2e-09 38
1e-10 6e-10 9e-10 1.4000000000000001e-09 2.2000000000000003e-09 2.3e-09 2.7e-09 3.2e-09 38
1e-10 5e-10 9e-10 1.4000000000000001e-09 1.9e-09 2.3e-09 2.7e-09 3.2e-09 37
1e-10 5e-10 9e-10 1.4000000000000001e-09 1.9e-09 2.3e-09 2.7e-09 3.3e-09 37
1e-10 6e-10 9e-10 1.4000000000000001e-09 1.9e-09 2.3e-09 2.7e-09 3.2e-09 37
1e-10 8e-10 9e-10 1.7000000000000001e-09 1.9e-09 2.3e-09 2.7e-09 3.2e-09 38
1e-10 5e-10 9e-10 1.4000000000000001e-09 1.9e-09 2.3e-09 2.7e-09 3.3e-09 38
1e-10 5e-10 9e-10 1.4000000000000001e-09 1.9e-09 2.3e-09 2.7e-09 3.2e-09 37
1e-10 6e-10 9e-10 1.4000000000000001e-09 1.9e-09 2.3e-09 2.7e-09 3.2e-09 38
2e-10 8e-10 1.0564192576989372e-124 1.4000000000000001e-09 1.9e-09 1.278931271325755e-125 2.7e-09 3.0812228349552334e-124 38
1e-10 5e-10 1e-09 1.4000000000000001e-09 1.9e-09 2.3e-09 2.7e-09 3.2e-09 37
1e-10 5e-10 9e-10 1.4000000000000001e-09 1.9e-09 2.3e-09 2.7e-09 3.2e-09 38
1e-10 5e-10 9e-10 1.4085590102652496e-124 1.9e-09 2.5e-09 3e-09 3.2e-09 37
4e-10 8e-10 9e-10 1.4085590102652496e-124 1.9e-09 2.3e-09 2.7e-09 3.3e-09 38
1e-10 5e-10 9e-10 1.4000000000000001e-09 1.9e-09 2.3e-09 2.7e-09 3.2e-09 38
1e-10 5e-10 9e-10 1.4000000000000001e-09 1.9e-09 2.3e-09 2.7e-09 3.6e-09 37
1e-10 5e-10 9e-10 1.4000000000000001e-09 1.9e-09 2.3e-09 2.7e-09 3.2e-09 38
1e-10 5e-10 9e-10 1.4000000000000001e-09 1.9e-09 2.3e-09 2.7e-09 3.2e-09 37
1e-10 5e-10 9e-10 1.4000000000000001e-09 1.9e-09 2.3e-09 2.7e-09 3.2e-09 37
1e-10 8e-10 9e-10 1.4000000000000001e-09 1.9e-09 2.3e-09 2.7e-09 3.2e-09 37
1e-10 5e-10 9e-10 1.4000000000000001e-09 1.9e-09 2.3e-09 2.7e-09 3.2e-09 37
1e-10 5e-10 9e-10 1.4000000000000001e-09 1.9e-09 2.3e-09 2.7e-09 3.3e-09 38
1e-10 5e-10 9e-10 1.4000000000000001e-09 1.9e-09 2.3e-09 2.7e-09 3.2e-09 38
1e-10 6e-10 9e-10 1.4000000000000001e-09 1.9e-09 2.3e-09 2.7e-09 3.2e-09 37
1e-10 5e-10 9e-10 1.4000000000000001e-09 1.9e-09 2.3e-09 3e-09 3.2e-09 38
1e-10 5e-10 9e-10 1.4000000000000001e-09 1.9e-09 2.3e-09 2.7e-09 3.2e-09 37
1e-10 5e-10 9e-10 1.4000000000000001e-09 1.9e-09 2.3e-09 2.7e-09 3.2e-09 37
1e-10 5e-10 9e-10 1.4000000000000001e-09 1.9e-09 2.3e-09 2.7e-09 3.2e-09 37
1e-10 6e-10 9e-10 1.4000000000000001e-09 1.9e-09 2.3e-09 2.7e-09 3.2e-09 38
1e-10 5e-10 9e-10 1.4000000000000001e-09 1.9e-09 2.3e-09 2.7e-09 3.2e-09 38
1e-10 5e-10 9e-10 1.4000000000000001e-09 1.9e-09 2.3e-09 2.7e-09 3.2e-09 37
1e-10 5e-10 9e-10 1.4000000000000001e-09 1.9e-09 2.3e-09 2.7e-09 3.2e-09 37
1e-10 5e-10 9e-10 1.4000000000000001e-09 1.9e-09 2.3e-09 2.7e-09 3.2e-09 37
1e-10 5e-10 9e-10 1.4000000000000001e-09 1.9e-09 2.3e-09 2.7e-09 3.2e-09 37
3e-10 5e-10 9e-10 1.4000000000000001e-09 1.9e-09 2.3e-09 2.7e-09 3.2e-09 37
1e-10 8e-10 9e-10 1.4000000000000001e-09 1.9e-09 2.3e-09 3e-09 3.3e-09 38
1e-10 8e-10 9e-10 1.4000000000000001e-09 1.9e-09 2.3e-09 2.7e-09 3.6e-09 38
1e-10 5e-10 9e-10 1.4000000000000001e-09 1.9e-09 2.3e-09 2.7e-09 3.2e-09 37
1e-10 5e-10 9e-10 1.4000000000000001e-09 1.9e-09 2.3e-09 2.7e-09 3.2e-09 37
1e-10 5e-10 9e-10 1.4000000000000001e-09 1.9e-09 2.3e-09 3.1e-09 3.2e-09 37
1e-10 5e-10 9e-10 1.4000000000000001e-09 1.9e-09 2.3e-09 2.7e-09 3.2e-09 38
