1.6275917046151502e+71 7.769091441062921e+65 8.703781329564663e+80 7.750122529317515e+67 6.545745155180533e+77 3.096587007731381e+76 5.3004674193582904e+72 2.8271595315580875e+70 37
1.6275917046151502e+71 7.769091441062921e+65 8.703781329564663e+80 7.750122529317515e+67 6.545745155180533e+77 3.096587007731381e+76 5.3004674193582904e+72 0.00023704126197454303 38
1.6275917046151502e+71 7.769091441062921e+65 8.703781329564663e+80 0.004545889217103028 6.545745155180533e+77 3.096587007731381e+76 5.3004674193582904e+72 2.8271595315580875e+70 37
1.6275917046151502e+71 213.9440376557012 8.703781329564663e+80 7.750122529317515e+67 6.545745155180533e+77 3.096587007731381e+76 5.3004674193582904e+72 0.019499010169876867 38
1.6275917046151502e+71 7.769091441062921e+65 1.256857990974732e-08 7.750122529317515e+67 6.545745155180533e+77 3.096587007731381e+76 5.3004674193582904e+72 0.019499010169876867 37
1.6275917046151502e+71 7.769091441062921e+65 8.703781329564663e+80 7.750122529317515e+67 6.545745155180533e+77 3.096587007731381e+76 5.3004674193582904e+72 2.8271595315580875e+70 37
3.3087958692757267e-06 7.769091441062921e+65 8.703781329564663e+80 4.2106702226979636e-06 6.545745155180533e+77 2.3696220970127674e-245 5.3004674193582904e+72 2.8271595315580875e+70 38
1.6275917046151502e+71 7.769091441062921e+65 8.703781329564663e+80 0.004545889217103028 6.545745155180533e+77 3.096587007731381e+76 2.6919173461603585e-08 0.019499010169876867 38
1.6275917046151502e+71 1.4625517692182635e-05 8.703781329564663e+80 7.750122529317515e+67 6.545745155180533e+77 3.096587007731381e+76 5.3004674193582904e+72 0.019499010169876867 38
1.6275917046151502e+71 7.769091441062921e+65 8.703781329564663e+80 7.750122529317515e+67 6.545745155180533e+77 3.096587007731381e+76 5.3004674193582904e+72 2.8271595315580875e+70 37
1.6275917046151502e+71 7.769091441062921e+65 8.703781329564663e+80 7.750122529317515e+67 6.545745155180533e+77 3.096587007731381e+76 5.3004674193582904e+72 2.8271595315580875e+70 38
4.87517256406088e-06 213.9440376557012 8.703781329564663e+80 7.750122529317515e+67 6.545745155180533e+77 3.096587007731381e+76 5.3004674193582904e+72 2.8271595315580875e+70 38
3.3087958692757267e-06 7.769091441062921e+65 8.703781329564663e+80 7.750122529317515e+67 6.545745155180533e+77 3.096587007731381e+76 5.3004674193582904e+72 2.8271595315580875e+70 38
1.6275917046151502e+71 7.769091441062921e+65 8.703781329564663e+80 6.239890447935407e-244 6.545745155180533e+77 3.096587007731381e+76 5.3004674193582904e+72 2.8271595315580875e+70 38
1.6275917046151502e+71 7.769091441062921e+65 8.703781329564663e+80 7.750122529317515e+67 6.545745155180533e+77 3.096587007731381e+76 5.3004674193582904e+72 2.8271595315580875e+70 38
1.6275917046151502e+71 7.769091441062921e+65 8.703781329564663e+80 7.750122529317515e+67 6.545745155180533e+77 3.096587007731381e+76 5.3004674193582904e+72 2.8271595315580875e+70 37
1.6275917046151502e+71 7.769091441062921e+65 8.703781329564663e+80 7.750122529317515e+67 6.545745155180533e+77 3.096587007731381e+76 5.3004674193582904e+72 2.8271595315580875e+70 37
1.6275917046151502e+71 7.769091441062921e+65 8.703781329564663e+80 0.004545889217103028 6.545745155180533e+77 3.096587007731381e+76 5.3004674193582904e+72 2.8271595315580875e+70 37
1.6275917046151502e+71 7.769091441062921e+65 8.703781329564663e+80 7.750122529317515e+67 6.545745155180533e+77 3.096587007731381e+76 5.3004674193582904e+72 2.8271595315580875e+70 37
1.6275917046151502e+71 7.769091441062921e+65 8.703781329564663e+80 7.750122529317515e+67 6.545745155180533e+77 3.096587007731381e+76 5.3004674193582904e+72 2.8271595315580875e+70 37
1.6275917046151502e+71 7.769091441062921e+65 8.703781329564663e+80 7.750122529317515e+67 6.545745155180533e+77 3.096587007731381e+76 5.3004674193582904e+72 2.8271595315580875e+70 37
1.6275917046151502e+71 7.769091441062921e+65 0.3 7.750122529317515e+67 6.545745155180533e+77 2.3696220970127674e-245 5.3004674193582904e+72 2.8271595315580875e+70 38
1.6275917046151502e+71 213.9440376557012 8.703781329564663e+80 7.750122529317515e+67 6.545745155180533e+77 3.096587007731381e+76 5.3004674193582904e+72 2.8271595315580875e+70 37
3.3087958692757267e-06 7.769091441062921e+65 8.703781329564663e+80 7.750122529317515e+67 6.545745155180533e+77 3.096587007731381e+76 5.3004674193582904e+72 2.8271595315580875e+70 37
9.259259012345686e-09 213.9440376557012 8.703781329564663e+80 7.750122529317515e+67 6.545745155180533e+77 3.096587007731381e+76 5.3004674193582904e+72 2.8271595315580875e+70 37
4.87517256406088e-06 213.9440376557012 8.703781329564663e+80 7.750122529317515e+67 6.545745155180533e+77 3.096587007731381e+76 5.3004674193582904e+72 0.00023704126197454303 38
1.6275917046151502e+71 7.769091441062921e+65 8.703781329564663e+80 7.750122529317515e+67 6.545745155180533e+77 3.096587007731381e+76 5.3004674193582904e+72 2.8271595315580875e+70 37
1.6275917046151502e+71 7.769091441062921e+65 8.703781329564663e+80 7.750122529317515e+67 6.545745155180533e+77 3.096587007731381e+76 5.3004674193582904e+72 2.8271595315580875e+70 38
1.6275917046151502e+71 7.769091441062921e+65 8.703781329564663e+80 7.750122529317515e+67 6.545745155180533e+77 3.096587007731381e+76 5.3004674193582904e+72 2.8271595315580875e+70 37
1.6275917046151502e+71 7.769091441062921e+65 8.703781329564663e+80 7.750122529317515e+67 6.545745155180533e+77 3.096587007731381e+76 5.3004674193582904e+72 2.8271595315580875e+70 37
1.6275917046151502e+71 213.9440376557012 8.703781329564663e+80 7.750122529317515e+67 6.545745155180533e+77 3.096587007731381e+76 5.3004674193582904e+72 2.8271595315580875e+70 38
1.6275917046151502e+71 7.769091441062921e+65 8.703781329564663e+80 7.750122529317515e+67 6.545745155180533e+77 3.096587007731381e+76 5.3004674193582904e+72 2.8271595315580875e+70 37
1.6275917046151502e+71 7.769091441062921e+65 8.703781329564663e+80 7.750122529317515e+67 6.545745155180533e+77 3.096587007731381e+76 5.3004674193582904e+72 2.8271595315580875e+70 37
9.259259012345686e-09 7.769091441062921e+65 8.703781329564663e+80 7.750122529317515e+67 6.545745155180533e+77 3.096587007731381e+76 5.3004674193582904e+72 2.8271595315580875e+70 37
1.6275917046151502e+71 213.9440376557012 8.703781329564663e+80 7.750122529317515e+67 6.545745155180533e+77 3.096587007731381e+76 5.3004674193582904e+72 2.8271595315580875e+70 38
1.6275917046151502e+71 7.769091441062921e+65 0.3 7.750122529317515e+67 6.545745155180533e+77 3.096587007731381e+76 5.3004674193582904e+72 2.8271595315580875e+70 37
1.6275917046151502e+71 7.769091441062921e+65 8.703781329564663e+80 7.750122529317515e+67 6.545745155180533e+77 3.096587007731381e+76 5.3004674193582904e+72 2.8271595315580875e+70 38
1.6275917046151502e+71 7.769091441062921e+65 8.703781329564663e+80 7.750122529317515e+67 6.545745155180533e+77 3.096587007731381e+76 5.3004674193582904e+72 2.8271595315580875e+70 37
1.6275917046151502e+71 7.769091441062921e+65 8.703781329564663e+80 6.239890447935407e-244 6.1756496599570105e-06 3.096587007731381e+76 5.3004674193582904e+72 2.8271595315580875e+70 37
1.6275917046151502e+71 7.769091441062921e+65 8.703781329564663e+80 7.750122529317515e+67 6.545745155180533e+77 3.096587007731381e+76 5.3004674193582904e+72 2.8271595315580875e+70 37
1.6275917046151502e+71 7.769091441062921e+65 8.703781329564663e+80 7.750122529317515e+67 6.545745155180533e+77 3.096587007731381e+76 5.3004674193582904e+72 2.8271595315580875e+70 37
1.6275917046151502e+71 7.769091441062921e+65 8.703781329564663e+80 7.750122529317515e+67 6.545745155180533e+77 3.096587007731381e+76 5.3004674193582904e+72 2.8271595315580875e+70 37
1.6275917046151502e+71 7.769091441062921e+65 8.703781329564663e+80 7.750122529317515e+67 6.545745155180533e+77 3.096587007731381e+76 5.3004674193582904e+72 2.8271595315580875e+70 38
1.6275917046151502e+71 7.769091441062921e+65 8.703781329564663e+80 7.750122529317515e+67 6.545745155180533e+77 3.096587007731381e+76 5.3004674193582904e+72 2.8271595315580875e+70 37
1.6275917046151502e+71 213.9440376557012 8.703781329564663e+80 0.004545889217103028 6.545745155180533e+77 3.096587007731381e+76 5.3004674193582904e+72 2.8271595315580875e+70 38
1.6275917046151502e+71 7.769091441062921e+65 8.703781329564663e+80 7.750122529317515e+67 6.545745155180533e+77 3.096587007731381e+76 5.3004674193582904e+72 2.8271595315580875e+70 38
1.6275917046151502e+71 7.769091441062921e+65 8.703781329564663e+80 7.750122529317515e+67 6.545745155180533e+77 3.096587007731381e+76 5.3004674193582904e+72 2.8271595315580875e+70 37
1.6275917046151502e+71 7.769091441062921e+65 8.703781329564663e+80 7.750122529317515e+67 6.545745155180533e+77 3.096587007731381e+76 5.3004674193582904e+72 2.8271595315580875e+70 37
1.6275917046151502e+71 7.769091441062921e+65 8.703781329564663e+80 7.750122529317515e+67 6.545745155180533e+77 3.096587007731381e+76 5.3004674193582904e+72 2.8271595315580875e+70 37
1.6275917046151502e+71 7.769091441062921e+65 8.703781329564663e+80 7.750122529317515e+67 6.545745155180533e+77 3.096587007731381e+76 5.3004674193582904e+72 2.8271595315580875e+70 37
1.6275917046151502e+71 7.769091441062921e+65 8.703781329564663e+80 7.750122529317515e+67 6.545745155180533e+77 3.096587007731381e+76 5.3004674193582904e+72 2.8271595315580875e+70 37
1.6275917046151502e+71 7.769091441062921e+65 8.703781329564663e+80 7.750122529317515e+67 6.545745155180533e+77 3.096587007731381e+76 5.3004674193582904e+72 2.8271595315580875e+70 37
1.6275917046151502e+71 7.769091441062921e+65 8.703781329564663e+80 7.750122529317515e+67 6.545745155180533e+77 3.096587007731381e+76 5.3004674193582904e+72 2.8271595315580875e+70 37
1.6275917046151502e+71 7.769091441062921e+65 8.703781329564663e+80 7.750122529317515e+67 6.545745155180533e+77 3.096587007731381e+76 5.3004674193582904e+72 2.8271595315580875e+70 37
1.6275917046151502e+71 7.769091441062921e+65 8.703781329564663e+80 7.750122529317515e+67 6.545745155180533e+77 3.096587007731381e+76 5.3004674193582904e+72 2.8271595315580875e+70 37
1.6275917046151502e+71 7.769091441062921e+65 8.703781329564663e+80 7.750122529317515e+67 6.545745155180533e+77 1.723395243493362e-246 5.3004674193582904e+72 2.8271595315580875e+70 37
1.6275917046151502e+71 7.769091441062921e+65 8.703781329564663e+80 7.750122529317515e+67 6.545745155180533e+77 3.096587007731381e+76 5.3004674193582904e+72 0.00023704126197454303 38
1.6275917046151502e+71 7.769091441062921e+65 8.703781329564663e+80 7.750122529317515e+67 6.545745155180533e+77 3.096587007731381e+76 5.3004674193582904e+72 2.8271595315580875e+70 37
1.6275917046151502e+71 7.769091441062921e+65 8.703781329564663e+80 7.750122529317515e+67 6.545745155180533e+77 3.096587007731381e+76 5.3004674193582904e+72 2.8271595315580875e+70 37
1.6275917046151502e+71 7.769091441062921e+65 8.703781329564663e+80 7.750122529317515e+67 6.545745155180533e+77 3.096587007731381e+76 5.3004674193582904e+72 0.019499010169876867 37
1.6275917046151502e+71 7.769091441062921e+65 8.703781329564663e+80 7.750122529317515e+67 6.545745155180533e+77 3.096587007731381e+76 5.3004674193582904e+72 2.8271595315580875e+70 37
1.6275917046151502e+71 1.4625517692182635e-05 8.703781329564663e+80 7.750122529317515e+67 6.545745155180533e+77 3.096587007731381e+76 5.3004674193582904e+72 2.8271595315580875e+70 38
1.6275917046151502e+71 7.769091441062921e+65 8.703781329564663e+80 7.750122529317515e+67 6.545745155180533e+77 3.096587007731381e+76 5.3004674193582904e+72 0.019499010169876867 37
1.6275917046151502e+71 213.9440376557012 8.703781329564663e+80 7.750122529317515e+67 6.545745155180533e+77 3.096587007731381e+76 5.3004674193582904e+72 2.8271595315580875e+70 38
1.6275917046151502e+71 7.769091441062921e+65 8.703781329564663e+80 7.750122529317515e+67 6.545745155180533e+77 3.096587007731381e+76 5.3004674193582904e+72 2.8271595315580875e+70 37
3.3087958692757267e-06 7.769091441062921e+65 0.32999999999999996 7.750122529317515e+67 6.545745155180533e+77 3.096587007731381e+76 5.3004674193582904e+72 0.00023704126197454303 37
1.6275917046151502e+71 7.769091441062921e+65 8.703781329564663e+80 7.750122529317515e+67 6.545745155180533e+77 3.096587007731381e+76 2.6919173461603585e-08 2.8271595315580875e+70 37
1.6275917046151502e+71 7.769091441062921e+65 8.703781329564663e+80 7.750122529317515e+67 6.545745155180533e+77 3.096587007731381e+76 5.3004674193582904e+72 2.8271595315580875e+70 37
1.6275917046151502e+71 7.769091441062921e+65 8.703781329564663e+80 7.750122529317515e+67 6.545745155180533e+77 3.096587007731381e+76 5.3004674193582904e+72 2.8271595315580875e+70 37
1.6275917046151502e+71 213.9440376557012 8.703781329564663e+80 7.750122529317515e+67 6.545745155180533e+77 3.096587007731381e+76 0.006650989215865402 2.8271595315580875e+70 38
1.6275917046151502e+71 7.769091441062921e+65 8.703781329564663e+80 7.750122529317515e+67 6.545745155180533e+77 3.096587007731381e+76 5.3004674193582904e+72 0.019499010169876867 37
1.6275917046151502e+71 213.9440376557012 8.703781329564663e+80 7.750122529317515e+67 6.545745155180533e+77 3.096587007731381e+76 5.3004674193582904e+72 2.8271595315580875e+70 37
1.6275917046151502e+71 0.21 8.703781329564663e+80 7.750122529317515e+67 6.545745155180533e+77 3.096587007731381e+76 5.3004674193582904e+72 2.8271595315580875e+70 38
1.6275917046151502e+71 213.9440376557012 8.703781329564663e+80 7.750122529317515e+67 6.545745155180533e+77 3.096587007731381e+76 2.6919173461603585e-08 2.8271595315580875e+70 38
1.6275917046151502e+71 7.769091441062921e+65 8.703781329564663e+80 7.750122529317515e+67 6.545745155180533e+77 3.096587007731381e+76 2.6919173461603585e-08 2.8271595315580875e+70 37
1.6275917046151502e+71 7.769091441062921e+65 8.703781329564663e+80 7.750122529317515e+67 6.545745155180533e+77 3.096587007731381e+76 5.3004674193582904e+72 0.019499010169876867 37
1.6275917046151502e+71 213.9440376557012 8.703781329564663e+80 7.750122529317515e+67 6.545745155180533e+77 9.749828824899072e-244 0.006650989215865402 0.019499010169876867 37
1.6275917046151502e+71 7.769091441062921e+65 8.703781329564663e+80 7.750122529317515e+67 6.545745155180533e+77 3.096587007731381e+76 5.3004674193582904e+72 2.8271595315580875e+70 37
1.6275917046151502e+71 7.769091441062921e+65 8.703781329564663e+80 7.750122529317515e+67 6.545745155180533e+77 3.096587007731381e+76 5.3004674193582904e+72 2.8271595315580875e+70 37
1.6275917046151502e+71 7.769091441062921e+65 8.703781329564663e+80 7.750122529317515e+67 6.545745155180533e+77 3.096587007731381e+76 5.3004674193582904e+72 0.00023704126197454303 37
1.6275917046151502e+71 7.769091441062921e+65 8.703781329564663e+80 7.750122529317515e+67 6.545745155180533e+77 3.096587007731381e+76 5.3004674193582904e+72 2.8271595315580875e+70 38
1.6275917046151502e+71 7.769091441062921e+65 8.703781329564663e+80 7.750122529317515e+67 6.545745155180533e+77 3.096587007731381e+76 5.3004674193582904e+72 2.8271595315580875e+70 37
3.3087958692757267e-06 7.769091441062921e+65 8.703781329564663e+80 7.750122529317515e+67 6.545745155180533e+77 3.096587007731381e+76 5.3004674193582904e+72 2.8271595315580875e+70 37
1.6275917046151502e+71 7.769091441062921e+65 8.703781329564663e+80 0.004545889217103028 6.545745155180533e+77 3.096587007731381e+76 5.3004674193582904e+72 2.8271595315580875e+70 37
1.6275917046151502e+71 1.4625517692182635e-05 8.703781329564663e+80 7.750122529317515e+67 6.545745155180533e+77 3.096587007731381e+76 5.3004674193582904e+72 2.8271595315580875e+70 38
1.6275917046151502e+71 213.9440376557012 8.703781329564663e+80 7.750122529317515e+67 6.545745155180533e+77 3.096587007731381e+76 5.3004674193582904e+72 2.8271595315580875e+70 38
1.6275917046151502e+71 7.769091441062921e+65 8.703781329564663e+80 7.750122529317515e+67 6.545745155180533e+77 3.096587007731381e+76 5.3004674193582904e+72 0.019499010169876867 38
1.6275917046151502e+71 7.769091441062921e+65 8.703781329564663e+80 7.750122529317515e+67 6.545745155180533e+77 9.749828824899072e-244 5.3004674193582904e+72 2.8271595315580875e+70 38
1.6275917046151502e+71 213.9440376557012 8.703781329564663e+80 7.750122529317515e+67 6.1756496599570105e-06 2.3696220970127674e-245 5.3004674193582904e+72 2.8271595315580875e+70 37
1.6275917046151502e+71 1.4625517692182635e-05 8.703781329564663e+80 7.750122529317515e+67 6.545745155180533e+77 3.096587007731381e+76 5.3004674193582904e+72 2.8271595315580875e+70 38
1.6275917046151502e+71 7.769091441062921e+65 8.703781329564663e+80 7.750122529317515e+67 6.545745155180533e+77 3.096587007731381e+76 5.3004674193582904e+72 2.8271595315580875e+70 37
1.6275917046151502e+71 7.769091441062921e+65 8.703781329564663e+80 7.750122529317515e+67 6.545745155180533e+77 3.096587007731381e+76 5.3004674193582904e+72 2.8271595315580875e+70 37
1.6275917046151502e+71 0.21 8.703781329564663e+80 0.004545889217103028 2.09476331829122e-08 3.096587007731381e+76 5.3004674193582904e+72 2.8271595315580875e+70 37
1.6275917046151502e+71 7.769091441062921e+65 8.703781329564663e+80 7.750122529317515e+67 6.545745155180533e+77 3.096587007731381e+76 5.3004674193582904e+72 2.8271595315580875e+70 37
9.259259012345686e-09 7.769091441062921e+65 0.3 7.750122529317515e+67 6.545745155180533e+77 3.096587007731381e+76 0.006650989215865402 2.8271595315580875e+70 37
1.6275917046151502e+71 213.9440376557012 8.703781329564663e+80 7.750122529317515e+67 6.545745155180533e+77 3.096587007731381e+76 5.3004674193582904e+72 2.8271595315580875e+70 37
1.6275917046151502e+71 7.769091441062921e+65 8.703781329564663e+80 7.750122529317515e+67 6.545745155180533e+77 9.749828824899072e-244 5.3004674193582904e+72 2.8271595315580875e+70 38
1.6275917046151502e+71 7.769091441062921e+65 0.3 7.750122529317515e+67 6.545745155180533e+77 2.3696220970127674e-245 5.3004674193582904e+72 2.8271595315580875e+70 38
4.87517256406088e-06 7.769091441062921e+65 8.703781329564663e+80 7.750122529317515e+67 6.545745155180533e+77 3.096587007731381e+76 5.3004674193582904e+72 2.8271595315580875e+70 38
1.6275917046151502e+71 7.769091441062921e+65 8.703781329564663e+80 6.239890447935407e-244 6.545745155180533e+77 1.723395243493362e-246 5.3004674193582904e+72 2.8271595315580875e+70 37
1.6275917046151502e+71 7.769091441062921e+65 8.703781329564663e+80 7.750122529317515e+67 6.545745155180533e+77 3.096587007731381e+76 5.3004674193582904e+72 2.8271595315580875e+70 37
1.6275917046151502e+71 213.9440376557012 8.703781329564663e+80 7.750122529317515e+67 6.545745155180533e+77 3.096587007731381e+76 5.3004674193582904e+72 2.8271595315580875e+70 38
1.6275917046151502e+71 7.769091441062921e+65 8.703781329564663e+80 7.750122529317515e+67 6.545745155180533e+77 3.096587007731381e+76 5.3004674193582904e+72 2.8271595315580875e+70 37
1.6275917046151502e+71 7.769091441062921e+65 0.3 7.750122529317515e+67 6.545745155180533e+77 2.3696220970127674e-245 5.3004674193582904e+72 2.8271595315580875e+70 38
1.6275917046151502e+71 7.769091441062921e+65 8.703781329564663e+80 7.750122529317515e+67 6.545745155180533e+77 3.096587007731381e+76 5.3004674193582904e+72 2.8271595315580875e+70 38
1.6275917046151502e+71 7.769091441062921e+65 8.703781329564663e+80 7.750122529317515e+67 6.545745155180533e+77 3.096587007731381e+76 5.3004674193582904e+72 2.8271595315580875e+70 38
1.6275917046151502e+71 7.769091441062921e+65 8.703781329564663e+80 7.750122529317515e+67 6.545745155180533e+77 3.096587007731381e+76 5.3004674193582904e+72 2.8271595315580875e+70 37
3.3087958692757267e-06 213.9440376557012 8.703781329564663e+80 6.239890447935407e-244 6.545745155180533e+77 3.096587007731381e+76 5.3004674193582904e+72 0.00023704126197454303 38
1.6275917046151502e+71 7.769091441062921e+65 8.703781329564663e+80 7.750122529317515e+67 6.545745155180533e+77 3.096587007731381e+76 5.3004674193582904e+72 2.8271595315580875e+70 37
1.6275917046151502e+71 7.769091441062921e+65 8.703781329564663e+80 7.750122529317515e+67 6.545745155180533e+77 3.096587007731381e+76 5.3004674193582904e+72 2.8271595315580875e+70 37
1.6275917046151502e+71 7.769091441062921e+65 8.703781329564663e+80 7.750122529317515e+67 6.545745155180533e+77 3.096587007731381e+76 5.3004674193582904e+72 2.8271595315580875e+70 37
9.259259012345686e-09 1.4625517692182635e-05 8.703781329564663e+80 1.357289718772763e-07 6.545745155180533e+77 3.096587007731381e+76 0.006650989215865402 0.00023704126197454303 38
1.6275917046151502e+71 7.769091441062921e+65 8.703781329564663e+80 7.750122529317515e+67 6.545745155180533e+77 3.096587007731381e+76 5.3004674193582904e+72 2.8271595315580875e+70 37
1.6275917046151502e+71 1.4625517692182635e-05 8.703781329564663e+80 7.750122529317515e+67 6.545745155180533e+77 3.096587007731381e+76 5.3004674193582904e+72 2.8271595315580875e+70 37
1.6275917046151502e+71 7.769091441062921e+65 8.703781329564663e+80 7.750122529317515e+67 6.545745155180533e+77 3.096587007731381e+76 5.3004674193582904e+72 0.019499010169876867 37
1.6275917046151502e+71 213.9440376557012 8.703781329564663e+80 7.750122529317515e+67 6.545745155180533e+77 3.096587007731381e+76 5.3004674193582904e+72 2.8271595315580875e+70 38
1.6275917046151502e+71 7.769091441062921e+65 8.703781329564663e+80 7.750122529317515e+67 6.545745155180533e+77 3.096587007731381e+76 5.3004674193582904e+72 2.8271595315580875e+70 37
1.6275917046151502e+71 7.769091441062921e+65 8.703781329564663e+80 7.750122529317515e+67 6.545745155180533e+77 3.096587007731381e+76 5.3004674193582904e+72 2.090192149730275e-88 38
1.6275917046151502e+71 7.769091441062921e+65 8.703781329564663e+80 7.750122529317515e+67 6.545745155180533e+77 3.096587007731381e+76 5.3004674193582904e+72 2.8271595315580875e+70 37
1.6275917046151502e+71 7.769091441062921e+65 8.703781329564663e+80 7.750122529317515e+67 6.545745155180533e+77 3.096587007731381e+76 5.3004674193582904e+72 2.8271595315580875e+70 37
1.6275917046151502e+71 7.769091441062921e+65 8.703781329564663e+80 7.750122529317515e+67 6.545745155180533e+77 3.096587007731381e+76 5.3004674193582904e+72 2.8271595315580875e+70 37
1.6275917046151502e+71 7.769091441062921e+65 8.703781329564663e+80 7.750122529317515e+67 6.545745155180533e+77 3.096587007731381e+76 5.3004674193582904e+72 2.8271595315580875e+70 37
1.6275917046151502e+71 7.769091441062921e+65 8.703781329564663e+80 7.750122529317515e+67 6.545745155180533e+77 3.096587007731381e+76 5.3004674193582904e+72 0.019499010169876867 37
1.6275917046151502e+71 213.9440376557012 8.703781329564663e+80 7.750122529317515e+67 6.545745155180533e+77 2.3696220970127674e-245 5.3004674193582904e+72 2.8271595315580875e+70 38
1.6275917046151502e+71 7.769091441062921e+65 8.703781329564663e+80 7.750122529317515e+67 6.545745155180533e+77 3.096587007731381e+76 5.3004674193582904e+72 2.8271595315580875e+70 37
4.87517256406088e-06 7.769091441062921e+65 0.3 7.750122529317515e+67 6.545745155180533e+77 3.096587007731381e+76 5.3004674193582904e+72 2.8271595315580875e+70 38
1.6275917046151502e+71 7.769091441062921e+65 8.703781329564663e+80 7.750122529317515e+67 6.545745155180533e+77 3.096587007731381e+76 5.3004674193582904e+72 2.8271595315580875e+70 37
1.6275917046151502e+71 7.769091441062921e+65 8.703781329564663e+80 7.750122529317515e+67 6.545745155180533e+77 3.096587007731381e+76 5.3004674193582904e+72 2.8271595315580875e+70 38
1.6275917046151502e+71 213.9440376557012 8.703781329564663e+80 0.004545889217103028 6.1756496599570105e-06 3.096587007731381e+76 5.3004674193582904e+72 1.02 38
1.6275917046151502e+71 7.769091441062921e+65 0.3 7.750122529317515e+67 6.545745155180533e+77 2.3696220970127674e-245 5.3004674193582904e+72 2.8271595315580875e+70 38
4.87517256406088e-06 213.9440376557012 8.703781329564663e+80 7.750122529317515e+67 6.545745155180533e+77 3.096587007731381e+76 5.3004674193582904e+72 2.8271595315580875e+70 38
1.6275917046151502e+71 213.9440376557012 8.703781329564663e+80 1.357289718772763e-07 6.545745155180533e+77 2.3696220970127674e-245 5.3004674193582904e+72 2.8271595315580875e+70 38
1.6275917046151502e+71 7.769091441062921e+65 8.703781329564663e+80 7.750122529317515e+67 6.545745155180533e+77 3.096587007731381e+76 5.3004674193582904e+72 2.8271595315580875e+70 38
1.6275917046151502e+71 213.9440376557012 8.703781329564663e+80 7.750122529317515e+67 6.545745155180533e+77 3.096587007731381e+76 5.3004674193582904e+72 0.019499010169876867 37
1.6275917046151502e+71 7.769091441062921e+65 8.703781329564663e+80 7.750122529317515e+67 6.545745155180533e+77 3.096587007731381e+76 5.3004674193582904e+72 0.00023704126197454303 38
1.6275917046151502e+71 7.769091441062921e+65 8.703781329564663e+80 7.750122529317515e+67 6.545745155180533e+77 3.096587007731381e+76 5.3004674193582904e+72 2.8271595315580875e+70 37
4.87517256406088e-06 1.4625517692182635e-05 8.703781329564663e+80 0.004545889217103028 6.545745155180533e+77 3.096587007731381e+76 5.3004674193582904e+72 2.8271595315580875e+70 38
1.6275917046151502e+71 1.4625517692182635e-05 8.703781329564663e+80 7.750122529317515e+67 6.545745155180533e+77 3.096587007731381e+76 0.006650989215865402 2.8271595315580875e+70 37
1.6275917046151502e+71 7.769091441062921e+65 8.703781329564663e+80 7.750122529317515e+67 6.545745155180533e+77 3.096587007731381e+76 5.3004674193582904e+72 2.8271595315580875e+70 37
1.6275917046151502e+71 7.769091441062921e+65 8.703781329564663e+80 7.750122529317515e+67 6.545745155180533e+77 3.096587007731381e+76 5.3004674193582904e+72 2.8271595315580875e+70 37
1.6275917046151502e+71 213.9440376557012 8.703781329564663e+80 0.004545889217103028 6.545745155180533e+77 2.3696220970127674e-245 5.3004674193582904e+72 2.8271595315580875e+70 37
1.6275917046151502e+71 7.769091441062921e+65 8.703781329564663e+80 7.750122529317515e+67 6.545745155180533e+77 3.096587007731381e+76 5.3004674193582904e+72 2.8271595315580875e+70 37
1.6275917046151502e+71 7.769091441062921e+65 8.703781329564663e+80 7.750122529317515e+67 6.545745155180533e+77 3.096587007731381e+76 5.3004674193582904e+72 2.8271595315580875e+70 37
1.6275917046151502e+71 213.9440376557012 0.3 7.750122529317515e+67 6.545745155180533e+77 3.096587007731381e+76 5.3004674193582904e+72 0.019499010169876867 37
9.259259012345686e-09 213.9440376557012 8.703781329564663e+80 7.750122529317515e+67 6.545745155180533e+77 3.096587007731381e+76 5.3004674193582904e+72 2.090192149730275e-88 37
1.6275917046151502e+71 1.4625517692182635e-05 8.703781329564663e+80 7.750122529317515e+67 6.545745155180533e+77 3.096587007731381e+76 5.3004674193582904e+72 2.8271595315580875e+70 37
1.6275917046151502e+71 7.769091441062921e+65 8.703781329564663e+80 7.750122529317515e+67 6.545745155180533e+77 3.096587007731381e+76 5.3004674193582904e+72 2.8271595315580875e+70 37
1.6275917046151502e+71 7.769091441062921e+65 8.703781329564663e+80 7.750122529317515e+67 6.545745155180533e+77 3.096587007731381e+76 5.3004674193582904e+72 2.8271595315580875e+70 37
1.6275917046151502e+71 1.4625517692182635e-05 8.703781329564663e+80 7.750122529317515e+67 6.545745155180533e+77 3.096587007731381e+76 5.3004674193582904e+72 0.019499010169876867 37
1.6275917046151502e+71 213.9440376557012 8.703781329564663e+80 7.750122529317515e+67 6.545745155180533e+77 3.096587007731381e+76 5.3004674193582904e+72 2.8271595315580875e+70 38
1.6275917046151502e+71 213.9440376557012 0.32999999999999996 0.004545889217103028 6.545745155180533e+77 3.096587007731381e+76 5.3004674193582904e+72 2.8271595315580875e+70 38
1.6275917046151502e+71 7.769091441062921e+65 8.703781329564663e+80 1.357289718772763e-07 6.545745155180533e+77 3.096587007731381e+76 5.3004674193582904e+72 2.8271595315580875e+70 37
3.3087958692757267e-06 1.4625517692182635e-05 0.3 7.750122529317515e+67 6.545745155180533e+77 3.096587007731381e+76 5.3004674193582904e+72 0.00023704126197454303 38
1.6275917046151502e+71 7.769091441062921e+65 8.703781329564663e+80 7.750122529317515e+67 6.545745155180533e+77 3.096587007731381e+76 5.3004674193582904e+72 2.8271595315580875e+70 37
3.3087958692757267e-06 7.769091441062921e+65 0.32999999999999996 7.750122529317515e+67 6.545745155180533e+77 3.096587007731381e+76 5.3004674193582904e+72 0.00023704126197454303 37
1.6275917046151502e+71 7.769091441062921e+65 8.703781329564663e+80 7.750122529317515e+67 6.545745155180533e+77 3.096587007731381e+76 5.3004674193582904e+72 0.00023704126197454303 37
3.3087958692757267e-06 7.769091441062921e+65 8.703781329564663e+80 4.2106702226979636e-06 6.545745155180533e+77 2.3696220970127674e-245 5.3004674193582904e+72 2.8271595315580875e+70 38
1.6275917046151502e+71 7.769091441062921e+65 8.703781329564663e+80 7.750122529317515e+67 6.545745155180533e+77 3.096587007731381e+76 5.3004674193582904e+72 2.8271595315580875e+70 37
1.6275917046151502e+71 7.769091441062921e+65 8.703781329564663e+80 7.750122529317515e+67 6.545745155180533e+77 3.096587007731381e+76 3.037406811522269e-08 2.8271595315580875e+70 37
1.6275917046151502e+71 7.769091441062921e+65 8.703781329564663e+80 7.750122529317515e+67 6.545745155180533e+77 3.096587007731381e+76 5.3004674193582904e+72 2.8271595315580875e+70 37
1.6275917046151502e+71 7.769091441062921e+65 8.703781329564663e+80 7.750122529317515e+67 6.545745155180533e+77 3.096587007731381e+76 5.3004674193582904e+72 2.8271595315580875e+70 37
1.6275917046151502e+71 7.769091441062921e+65 8.703781329564663e+80 7.750122529317515e+67 6.545745155180533e+77 3.096587007731381e+76 5.3004674193582904e+72 2.8271595315580875e+70 38
1.6275917046151502e+71 7.769091441062921e+65 8.703781329564663e+80 7.750122529317515e+67 6.545745155180533e+77 3.096587007731381e+76 3.037406811522269e-08 2.8271595315580875e+70 37
1.6275917046151502e+71 7.769091441062921e+65 8.703781329564663e+80 7.750122529317515e+67 6.545745155180533e+77 3.096587007731381e+76 5.3004674193582904e+72 0.019499010169876867 37
1.6275917046151502e+71 7.769091441062921e+65 8.703781329564663e+80 7.750122529317515e+67 6.545745155180533e+77 3.096587007731381e+76 5.3004674193582904e+72 0.019499010169876867 37
1.6275917046151502e+71 1.4625517692182635e-05 8.703781329564663e+80 7.750122529317515e+67 6.545745155180533e+77 3.096587007731381e+76 5.3004674193582904e+72 0.019499010169876867 37
1.6275917046151502e+71 7.769091441062921e+65 8.703781329564663e+80 7.750122529317515e+67 6.545745155180533e+77 3.096587007731381e+76 5.3004674193582904e+72 2.8271595315580875e+70 37
1.6275917046151502e+71 7.769091441062921e+65 8.703781329564663e+80 7.750122529317515e+67 6.545745155180533e+77 3.096587007731381e+76 5.3004674193582904e+72 2.8271595315580875e+70 38
1.6275917046151502e+71 7.769091441062921e+65 8.703781329564663e+80 7.750122529317515e+67 6.545745155180533e+77 3.096587007731381e+76 5.3004674193582904e+72 2.8271595315580875e+70 37
4.87517256406088e-06 213.9440376557012 8.703781329564663e+80 7.750122529317515e+67 6.545745155180533e+77 3.096587007731381e+76 0.006650989215865402 2.8271595315580875e+70 38
1.6275917046151502e+71 213.9440376557012 8.703781329564663e+80 7.750122529317515e+67 6.545745155180533e+77 3.096587007731381e+76 5.3004674193582904e+72 2.8271595315580875e+70 38
1.6275917046151502e+71 7.769091441062921e+65 8.703781329564663e+80 7.750122529317515e+67 6.545745155180533e+77 3.096587007731381e+76 5.3004674193582904e+72 2.8271595315580875e+70 37
1.6275917046151502e+71 213.9440376557012 8.703781329564663e+80 7.750122529317515e+67 6.545745155180533e+77 3.096587007731381e+76 5.3004674193582904e+72 2.8271595315580875e+70 38
1.6275917046151502e+71 7.769091441062921e+65 8.703781329564663e+80 7.750122529317515e+67 6.545745155180533e+77 3.096587007731381e+76 5.3004674193582904e+72 2.8271595315580875e+70 37
1.6275917046151502e+71 7.769091441062921e+65 8.703781329564663e+80 0.004545889217103028 6.545745155180533e+77 3.096587007731381e+76 2.6919173461603585e-08 0.019499010169876867 38
1.6275917046151502e+71 7.769091441062921e+65 8.703781329564663e+80 7.750122529317515e+67 6.545745155180533e+77 3.096587007731381e+76 5.3004674193582904e+72 2.8271595315580875e+70 37
3.3087958692757267e-06 7.769091441062921e+65 8.703781329564663e+80 7.750122529317515e+67 6.545745155180533e+77 3.096587007731381e+76 5.3004674193582904e+72 2.8271595315580875e+70 38
1.6275917046151502e+71 7.769091441062921e+65 8.703781329564663e+80 7.750122529317515e+67 6.545745155180533e+77 3.096587007731381e+76 5.3004674193582904e+72 2.8271595315580875e+70 37
1.6275917046151502e+71 7.769091441062921e+65 8.703781329564663e+80 7.750122529317515e+67 6.545745155180533e+77 3.096587007731381e+76 0.006650989215865402 2.8271595315580875e+70 38
1.6275917046151502e+71 7.769091441062921e+65 8.703781329564663e+80 7.750122529317515e+67 6.545745155180533e+77 3.096587007731381e+76 5.3004674193582904e+72 1.02 37
1.6275917046151502e+71 7.769091441062921e+65 8.703781329564663e+80 7.750122529317515e+67 6.545745155180533e+77 3.096587007731381e+76 5.963655326834587e-247 2.8271595315580875e+70 37
1.6275917046151502e+71 7.769091441062921e+65 8.703781329564663e+80 7.750122529317515e+67 6.545745155180533e+77 3.096587007731381e+76 5.3004674193582904e+72 2.8271595315580875e+70 37
1.6275917046151502e+71 7.769091441062921e+65 8.703781329564663e+80 7.750122529317515e+67 6.545745155180533e+77 3.096587007731381e+76 5.3004674193582904e+72 2.8271595315580875e+70 37
1.6275917046151502e+71 7.769091441062921e+65 8.703781329564663e+80 7.750122529317515e+67 6.545745155180533e+77 3.096587007731381e+76 5.3004674193582904e+72 2.8271595315580875e+70 37
9.259259012345686e-09 7.769091441062921e+65 8.703781329564663e+80 7.750122529317515e+67 6.545745155180533e+77 3.096587007731381e+76 5.3004674193582904e+72 2.8271595315580875e+70 37
1.6275917046151502e+71 7.769091441062921e+65 8.703781329564663e+80 7.750122529317515e+67 6.545745155180533e+77 3.096587007731381e+76 5.3004674193582904e+72 2.8271595315580875e+70 38
1.6275917046151502e+71 7.769091441062921e+65 8.703781329564663e+80 7.750122529317515e+67 6.545745155180533e+77 3.096587007731381e+76 5.3004674193582904e+72 2.8271595315580875e+70 37
1.6275917046151502e+71 7.769091441062921e+65 8.703781329564663e+80 7.750122529317515e+67 6.545745155180533e+77 3.096587007731381e+76 5.3004674193582904e+72 2.8271595315580875e+70 37
1.6275917046151502e+71 7.769091441062921e+65 8.703781329564663e+80 7.750122529317515e+67 6.545745155180533e+77 3.096587007731381e+76 5.3004674193582904e+72 2.8271595315580875e+70 37
1.6275917046151502e+71 213.9440376557012 8.703781329564663e+80 7.750122529317515e+67 6.545745155180533e+77 3.096587007731381e+76 5.3004674193582904e+72 0.019499010169876867 38
1.6275917046151502e+71 213.9440376557012 8.703781329564663e+80 7.750122529317515e+67 6.545745155180533e+77 3.096587007731381e+76 5.3004674193582904e+72 2.8271595315580875e+70 37
1.6275917046151502e+71 213.9440376557012 8.703781329564663e+80 0.004545889217103028 6.1756496599570105e-06 3.096587007731381e+76 5.3004674193582904e+72 2.8271595315580875e+70 37
1.6275917046151502e+71 7.769091441062921e+65 8.703781329564663e+80 7.750122529317515e+67 6.545745155180533e+77 3.096587007731381e+76 5.3004674193582904e+72 2.8271595315580875e+70 37
1.6275917046151502e+71 0.21 8.703781329564663e+80 0.004545889217103028 2.09476331829122e-08 3.096587007731381e+76 5.3004674193582904e+72 2.8271595315580875e+70 37
1.6275917046151502e+71 213.9440376557012 0.32999999999999996 7.750122529317515e+67 6.545745155180533e+77 3.096587007731381e+76 5.3004674193582904e+72 0.00023704126197454303 38
1.6275917046151502e+71 7.769091441062921e+65 8.703781329564663e+80 7.750122529317515e+67 6.545745155180533e+77 3.096587007731381e+76 5.3004674193582904e+72 2.8271595315580875e+70 37
4.87517256406088e-06 213.9440376557012 8.703781329564663e+80 7.750122529317515e+67 6.545745155180533e+77 3.096587007731381e+76 5.3004674193582904e+72 1.02 38
1.6275917046151502e+71 7.769091441062921e+65 8.703781329564663e+80 7.750122529317515e+67 6.545745155180533e+77 3.096587007731381e+76 5.3004674193582904e+72 0.00023704126197454303 37
4.87517256406088e-06 213.9440376557012 8.703781329564663e+80 7.750122529317515e+67 6.545745155180533e+77 3.096587007731381e+76 5.3004674193582904e+72 2.8271595315580875e+70 37
1.6275917046151502e+71 7.769091441062921e+65 8.703781329564663e+80 7.750122529317515e+67 6.545745155180533e+77 3.096587007731381e+76 5.3004674193582904e+72 0.019499010169876867 37
1.6275917046151502e+71 7.769091441062921e+65 8.703781329564663e+80 7.750122529317515e+67 6.545745155180533e+77 3.096587007731381e+76 5.3004674193582904e+72 2.8271595315580875e+70 37
1.6275917046151502e+71 7.769091441062921e+65 8.703781329564663e+80 7.750122529317515e+67 6.545745155180533e+77 3.096587007731381e+76 5.3004674193582904e+72 2.8271595315580875e+70 37
1.6275917046151502e+71 7.769091441062921e+65 8.703781329564663e+80 7.750122529317515e+67 6.545745155180533e+77 3.096587007731381e+76 5.3004674193582904e+72 2.8271595315580875e+70 37
1.6275917046151502e+71 1.4625517692182635e-05 8.703781329564663e+80 7.750122529317515e+67 6.545745155180533e+77 3.096587007731381e+76 5.3004674193582904e+72 0.019499010169876867 38
1.6275917046151502e+71 7.769091441062921e+65 8.703781329564663e+80 7.750122529317515e+67 6.545745155180533e+77 3.096587007731381e+76 2.6919173461603585e-08 2.8271595315580875e+70 37
1.6275917046151502e+71 7.769091441062921e+65 8.703781329564663e+80 7.750122529317515e+67 6.545745155180533e+77 3.096587007731381e+76 5.3004674193582904e+72 2.8271595315580875e+70 37
3.3087958692757267e-06 7.769091441062921e+65 8.703781329564663e+80 7.750122529317515e+67 6.545745155180533e+77 3.096587007731381e+76 5.3004674193582904e+72 2.8271595315580875e+70 37
1.6275917046151502e+71 7.769091441062921e+65 8.703781329564663e+80 7.750122529317515e+67 6.545745155180533e+77 3.096587007731381e+76 5.3004674193582904e+72 2.8271595315580875e+70 38
1.6275917046151502e+71 7.769091441062921e+65 8.703781329564663e+80 7.750122529317515e+67 6.545745155180533e+77 3.096587007731381e+76 5.3004674193582904e+72 2.8271595315580875e+70 37
3.3087958692757267e-06 7.769091441062921e+65 8.703781329564663e+80 7.750122529317515e+67 6.545745155180533e+77 3.096587007731381e+76 5.3004674193582904e+72 2.8271595315580875e+70 37
1.6275917046151502e+71 7.769091441062921e+65 0.3 7.750122529317515e+67 6.545745155180533e+77 3.096587007731381e+76 5.3004674193582904e+72 2.8271595315580875e+70 38
1.6275917046151502e+71 7.769091441062921e+65 8.703781329564663e+80 7.750122529317515e+67 6.545745155180533e+77 3.096587007731381e+76 5.3004674193582904e+72 2.8271595315580875e+70 37
3.3087958692757267e-06 7.769091441062921e+65 0.32999999999999996 7.750122529317515e+67 6.545745155180533e+77 3.096587007731381e+76 5.3004674193582904e+72 0.00023704126197454303 37
1.6275917046151502e+71 7.769091441062921e+65 8.703781329564663e+80 7.750122529317515e+67 6.545745155180533e+77 3.096587007731381e+76 5.3004674193582904e+72 2.8271595315580875e+70 37
1.6275917046151502e+71 7.769091441062921e+65 8.703781329564663e+80 7.750122529317515e+67 6.545745155180533e+77 3.096587007731381e+76 5.3004674193582904e+72 2.8271595315580875e+70 38
1.6275917046151502e+71 7.769091441062921e+65 8.703781329564663e+80 7.750122529317515e+67 6.545745155180533e+77 3.096587007731381e+76 5.3004674193582904e+72 2.8271595315580875e+70 37
1.6275917046151502e+71 7.769091441062921e+65 8.703781329564663e+80 7.750122529317515e+67 6.545745155180533e+77 3.096587007731381e+76 5.3004674193582904e+72 2.8271595315580875e+70 37
9.259259012345686e-09 7.769091441062921e+65 8.703781329564663e+80 7.750122529317515e+67 6.545745155180533e+77 3.096587007731381e+76 5.3004674193582904e+72 2.8271595315580875e+70 38
1.6275917046151502e+71 7.769091441062921e+65 8.703781329564663e+80 0.004545889217103028 6.545745155180533e+77 3.096587007731381e+76 5.3004674193582904e+72 2.8271595315580875e+70 37
1.6275917046151502e+71 7.769091441062921e+65 8.703781329564663e+80 6.239890447935407e-244 6.545745155180533e+77 3.096587007731381e+76 5.3004674193582904e+72 2.8271595315580875e+70 37
1.6275917046151502e+71 7.769091441062921e+65 8.703781329564663e+80 7.750122529317515e+67 6.545745155180533e+77 3.096587007731381e+76 5.3004674193582904e+72 2.8271595315580875e+70 38
1.6275917046151502e+71 7.769091441062921e+65 8.703781329564663e+80 7.750122529317515e+67 6.545745155180533e+77 3.096587007731381e+76 5.3004674193582904e+72 2.8271595315580875e+70 37
1.6275917046151502e+71 7.769091441062921e+65 8.703781329564663e+80 7.750122529317515e+67 6.545745155180533e+77 3.096587007731381e+76 3.037406811522269e-08 2.8271595315580875e+70 37
4.87517256406088e-06 213.9440376557012 8.703781329564663e+80 7.750122529317515e+67 6.545745155180533e+77 3.096587007731381e+76 5.3004674193582904e+72 1.02 38
4.87517256406088e-06 213.9440376557012 8.703781329564663e+80 7.750122529317515e+67 6.545745155180533e+77 3.096587007731381e+76 5.3004674193582904e+72 2.8271595315580875e+70 38
1.6275917046151502e+71 7.769091441062921e+65 8.703781329564663e+80 7.750122529317515e+67 6.545745155180533e+77 3.096587007731381e+76 5.3004674193582904e+72 2.8271595315580875e+70 37
1.6275917046151502e+71 213.9440376557012 8.703781329564663e+80 7.750122529317515e+67 6.545745155180533e+77 3.096587007731381e+76 5.3004674193582904e+72 2.8271595315580875e+70 38
1.6275917046151502e+71 7.769091441062921e+65 8.703781329564663e+80 4.2106702226979636e-06 6.545745155180533e+77 3.096587007731381e+76 5.3004674193582904e+72 2.8271595315580875e+70 37
9.259259012345686e-09 7.769091441062921e+65 8.703781329564663e+80 7.750122529317515e+67 6.545745155180533e+77 3.096587007731381e+76 5.3004674193582904e+72 2.8271595315580875e+70 38
1.6275917046151502e+71 213.9440376557012 8.703781329564663e+80 7.750122529317515e+67 6.545745155180533e+77 3.096587007731381e+76 5.3004674193582904e+72 2.8271595315580875e+70 38
1.6275917046151502e+71 7.769091441062921e+65 8.703781329564663e+80 6.239890447935407e-244 6.545745155180533e+77 3.096587007731381e+76 5.3004674193582904e+72 2.8271595315580875e+70 37
1.6275917046151502e+71 7.769091441062921e+65 8.703781329564663e+80 7.750122529317515e+67 6.545745155180533e+77 3.096587007731381e+76 5.3004674193582904e+72 2.8271595315580875e+70 37
1.6275917046151502e+71 213.9440376557012 8.703781329564663e+80 7.750122529317515e+67 6.545745155180533e+77 3.096587007731381e+76 5.3004674193582904e+72 2.8271595315580875e+70 38
1.6275917046151502e+71 7.769091441062921e+65 8.703781329564663e+80 7.750122529317515e+67 6.545745155180533e+77 9.749828824899072e-244 5.3004674193582904e+72 2.8271595315580875e+70 38
1.6275917046151502e+71 7.769091441062921e+65 8.703781329564663e+80 7.750122529317515e+67 6.545745155180533e+77 3.096587007731381e+76 5.3004674193582904e+72 2.8271595315580875e+70 37
1.6275917046151502e+71 7.769091441062921e+65 8.703781329564663e+80 7.750122529317515e+67 6.545745155180533e+77 3.096587007731381e+76 5.3004674193582904e+72 2.8271595315580875e+70 38
1.6275917046151502e+71 7.769091441062921e+65 8.703781329564663e+80 7.750122529317515e+67 6.545745155180533e+77 3.096587007731381e+76 5.3004674193582904e+72 2.8271595315580875e+70 37
1.6275917046151502e+71 7.769091441062921e+65 8.703781329564663e+80 7.750122529317515e+67 6.545745155180533e+77 3.096587007731381e+76 5.3004674193582904e+72 2.8271595315580875e+70 37
1.6275917046151502e+71 7.769091441062921e+65 8.703781329564663e+80 7.750122529317515e+67 6.545745155180533e+77 3.096587007731381e+76 5.3004674193582904e+72 2.8271595315580875e+70 37
1.6275917046151502e+71 7.769091441062921e+65 8.703781329564663e+80 7.750122529317515e+67 6.545745155180533e+77 3.096587007731381e+76 0.006650989215865402 2.8271595315580875e+70 38
1.6275917046151502e+71 7.769091441062921e+65 8.703781329564663e+80 7.750122529317515e+67 6.545745155180533e+77 3.096587007731381e+76 5.3004674193582904e+72 0.019499010169876867 37
1.6275917046151502e+71 7.769091441062921e+65 8.703781329564663e+80 7.750122529317515e+67 6.545745155180533e+77 3.096587007731381e+76 5.3004674193582904e+72 2.8271595315580875e+70 37
1.6275917046151502e+71 7.769091441062921e+65 8.703781329564663e+80 7.750122529317515e+67 6.545745155180533e+77 3.096587007731381e+76 5.3004674193582904e+72 2.8271595315580875e+70 37
1.6275917046151502e+71 7.769091441062921e+65 8.703781329564663e+80 7.750122529317515e+67 6.545745155180533e+77 3.096587007731381e+76 5.3004674193582904e+72 2.8271595315580875e+70 37
1.6275917046151502e+71 7.769091441062921e+65 8.703781329564663e+80 7.750122529317515e+67 6.545745155180533e+77 3.096587007731381e+76 5.3004674193582904e+72 2.8271595315580875e+70 37
1.6275917046151502e+71 7.769091441062921e+65 8.703781329564663e+80 7.750122529317515e+67 6.545745155180533e+77 3.096587007731381e+76 5.3004674193582904e+72 2.8271595315580875e+70 37
1.6275917046151502e+71 7.769091441062921e+65 8.703781329564663e+80 6.239890447935407e-244 6.545745155180533e+77 3.096587007731381e+76 5.3004674193582904e+72 2.8271595315580875e+70 38
1.6275917046151502e+71 7.769091441062921e+65 8.703781329564663e+80 7.750122529317515e+67 6.545745155180533e+77 3.096587007731381e+76 5.3004674193582904e+72 2.8271595315580875e+70 37
1.6275917046151502e+71 7.769091441062921e+65 8.703781329564663e+80 7.750122529317515e+67 6.545745155180533e+77 3.096587007731381e+76 5.3004674193582904e+72 2.8271595315580875e+70 37
1.6275917046151502e+71 7.769091441062921e+65 8.703781329564663e+80 7.750122529317515e+67 6.545745155180533e+77 3.096587007731381e+76 5.3004674193582904e+72 2.8271595315580875e+70 37
1.6275917046151502e+71 7.769091441062921e+65 8.703781329564663e+80 7.750122529317515e+67 6.545745155180533e+77 3.096587007731381e+76 5.3004674193582904e+72 2.8271595315580875e+70 37
1.6275917046151502e+71 7.769091441062921e+65 8.703781329564663e+80 7.750122529317515e+67 6.545745155180533e+77 3.096587007731381e+76 5.3004674193582904e+72 2.8271595315580875e+70 37
1.6275917046151502e+71 7.769091441062921e+65 8.703781329564663e+80 1.357289718772763e-07 6.545745155180533e+77 3.096587007731381e+76 5.3004674193582904e+72 2.8271595315580875e+70 38
1.6275917046151502e+71 7.769091441062921e+65 8.703781329564663e+80 7.750122529317515e+67 6.545745155180533e+77 9.749828824899072e-244 5.3004674193582904e+72 2.8271595315580875e+70 38
1.6275917046151502e+71 7.769091441062921e+65 8.703781329564663e+80 7.750122529317515e+67 6.545745155180533e+77 3.096587007731381e+76 5.3004674193582904e+72 2.8271595315580875e+70 37
1.6275917046151502e+71 213.9440376557012 8.703781329564663e+80 7.750122529317515e+67 6.545745155180533e+77 3.096587007731381e+76 5.3004674193582904e+72 2.8271595315580875e+70 38
1.6275917046151502e+71 7.769091441062921e+65 8.703781329564663e+80 7.750122529317515e+67 6.545745155180533e+77 3.096587007731381e+76 5.3004674193582904e+72 2.8271595315580875e+70 37
1.6275917046151502e+71 213.9440376557012 8.703781329564663e+80 7.750122529317515e+67 6.545745155180533e+77 3.096587007731381e+76 5.3004674193582904e+72 2.8271595315580875e+70 37
1.6275917046151502e+71 7.769091441062921e+65 8.703781329564663e+80 7.750122529317515e+67 6.545745155180533e+77 3.096587007731381e+76 5.3004674193582904e+72 2.8271595315580875e+70 38
1.6275917046151502e+71 213.9440376557012 8.703781329564663e+80 1.357289718772763e-07 6.545745155180533e+77 3.096587007731381e+76 5.3004674193582904e+72 0.019499010169876867 38
1.6275917046151502e+71 7.769091441062921e+65 8.703781329564663e+80 7.750122529317515e+67 6.545745155180533e+77 3.096587007731381e+76 5.3004674193582904e+72 2.8271595315580875e+70 37
9.259259012345686e-09 1.4625517692182635e-05 8.703781329564663e+80 1.357289718772763e-07 6.545745155180533e+77 3.096587007731381e+76 0.006650989215865402 0.00023704126197454303 38
1.6275917046151502e+71 7.769091441062921e+65 8.703781329564663e+80 7.750122529317515e+67 6.545745155180533e+77 3.096587007731381e+76 5.3004674193582904e+72 2.8271595315580875e+70 37
1.6275917046151502e+71 7.769091441062921e+65 8.703781329564663e+80 7.750122529317515e+67 6.545745155180533e+77 3.096587007731381e+76 5.3004674193582904e+72 2.8271595315580875e+70 38
1.6275917046151502e+71 213.9440376557012 8.703781329564663e+80 7.750122529317515e+67 6.545745155180533e+77 3.096587007731381e+76 5.3004674193582904e+72 2.8271595315580875e+70 38
1.6275917046151502e+71 7.769091441062921e+65 8.703781329564663e+80 7.750122529317515e+67 6.545745155180533e+77 3.096587007731381e+76 5.3004674193582904e+72 2.8271595315580875e+70 37
3.3087958692757267e-06 7.769091441062921e+65 8.703781329564663e+80 7.750122529317515e+67 6.545745155180533e+77 3.096587007731381e+76 5.3004674193582904e+72 2.8271595315580875e+70 38
4.87517256406088e-06 7.769091441062921e+65 8.703781329564663e+80 7.750122529317515e+67 6.545745155180533e+77 3.096587007731381e+76 5.3004674193582904e+72 2.8271595315580875e+70 38
1.6275917046151502e+71 7.769091441062921e+65 8.703781329564663e+80 7.750122529317515e+67 6.545745155180533e+77 3.096587007731381e+76 5.3004674193582904e+72 2.8271595315580875e+70 37
1.6275917046151502e+71 7.769091441062921e+65 8.703781329564663e+80 7.750122529317515e+67 6.545745155180533e+77 3.096587007731381e+76 2.6919173461603585e-08 2.8271595315580875e+70 38
1.6275917046151502e+71 7.769091441062921e+65 8.703781329564663e+80 7.750122529317515e+67 6.545745155180533e+77 3.096587007731381e+76 5.3004674193582904e+72 2.8271595315580875e+70 37
1.6275917046151502e+71 7.769091441062921e+65 8.703781329564663e+80 7.750122529317515e+67 6.545745155180533e+77 3.096587007731381e+76 5.3004674193582904e+72 2.8271595315580875e+70 37
1.6275917046151502e+71 7.769091441062921e+65 8.703781329564663e+80 7.750122529317515e+67 6.545745155180533e+77 3.096587007731381e+76 5.3004674193582904e+72 2.8271595315580875e+70 37
4.87517256406088e-06 7.769091441062921e+65 8.703781329564663e+80 7.750122529317515e+67 6.545745155180533e+77 3.096587007731381e+76 5.3004674193582904e+72 2.8271595315580875e+70 37
1.6275917046151502e+71 7.769091441062921e+65 8.703781329564663e+80 7.750122529317515e+67 6.545745155180533e+77 3.096587007731381e+76 5.3004674193582904e+72 2.8271595315580875e+70 37
1.6275917046151502e+71 213.9440376557012 8.703781329564663e+80 7.750122529317515e+67 6.545745155180533e+77 3.096587007731381e+76 5.3004674193582904e+72 2.8271595315580875e+70 38
1.6275917046151502e+71 7.769091441062921e+65 8.703781329564663e+80 7.750122529317515e+67 6.545745155180533e+77 3.096587007731381e+76 5.3004674193582904e+72 2.8271595315580875e+70 37
1.6275917046151502e+71 7.769091441062921e+65 0.3 0.004545889217103028 6.545745155180533e+77 3.096587007731381e+76 5.3004674193582904e+72 2.8271595315580875e+70 37
1.6275917046151502e+71 7.769091441062921e+65 8.703781329564663e+80 7.750122529317515e+67 6.545745155180533e+77 3.096587007731381e+76 5.963655326834587e-247 2.8271595315580875e+70 38
1.6275917046151502e+71 7.769091441062921e+65 8.703781329564663e+80 7.750122529317515e+67 6.545745155180533e+77 3.096587007731381e+76 5.3004674193582904e+72 2.8271595315580875e+70 38
1.6275917046151502e+71 7.769091441062921e+65 8.703781329564663e+80 7.750122529317515e+67 6.545745155180533e+77 3.096587007731381e+76 5.3004674193582904e+72 2.8271595315580875e+70 37
1.6275917046151502e+71 7.769091441062921e+65 8.703781329564663e+80 7.750122529317515e+67 6.545745155180533e+77 3.096587007731381e+76 5.3004674193582904e+72 2.8271595315580875e+70 37
1.6275917046151502e+71 7.769091441062921e+65 8.703781329564663e+80 7.750122529317515e+67 6.545745155180533e+77 3.096587007731381e+76 5.3004674193582904e+72 2.8271595315580875e+70 37
1.6275917046151502e+71 7.769091441062921e+65 8.703781329564663e+80 7.750122529317515e+67 6.545745155180533e+77 3.096587007731381e+76 5.3004674193582904e+72 2.8271595315580875e+70 37
1.6275917046151502e+71 7.769091441062921e+65 8.703781329564663e+80 7.750122529317515e+67 6.545745155180533e+77 3.096587007731381e+76 5.3004674193582904e+72 2.8271595315580875e+70 37
1.6275917046151502e+71 7.769091441062921e+65 8.703781329564663e+80 7.750122529317515e+67 6.545745155180533e+77 3.096587007731381e+76 5.3004674193582904e+72 2.8271595315580875e+70 37
1.6275917046151502e+71 213.9440376557012 8.703781329564663e+80 0.004545889217103028 6.545745155180533e+77 3.096587007731381e+76 5.3004674193582904e+72 2.8271595315580875e+70 38
1.6275917046151502e+71 213.9440376557012 8.703781329564663e+80 7.750122529317515e+67 6.545745155180533e+77 3.096587007731381e+76 5.3004674193582904e+72 2.8271595315580875e+70 38
1.6275917046151502e+71 1.4625517692182635e-05 8.703781329564663e+80 7.750122529317515e+67 6.545745155180533e+77 3.096587007731381e+76 5.3004674193582904e+72 2.8271595315580875e+70 38
1.6275917046151502e+71 7.769091441062921e+65 8.703781329564663e+80 7.750122529317515e+67 6.545745155180533e+77 3.096587007731381e+76 5.3004674193582904e+72 2.8271595315580875e+70 37
1.6275917046151502e+71 213.9440376557012 8.703781329564663e+80 7.750122529317515e+67 6.545745155180533e+77 3.096587007731381e+76 5.3004674193582904e+72 0.019499010169876867 37
4.87517256406088e-06 213.9440376557012 8.703781329564663e+80 7.750122529317515e+67 6.545745155180533e+77 3.096587007731381e+76 5.3004674193582904e+72 1.02 38
1.6275917046151502e+71 213.9440376557012 8.703781329564663e+80 0.004545889217103028 6.545745155180533e+77 3.096587007731381e+76 2.6919173461603585e-08 2.8271595315580875e+70 38
1.6275917046151502e+71 7.769091441062921e+65 8.703781329564663e+80 7.750122529317515e+67 6.545745155180533e+77 3.096587007731381e+76 5.3004674193582904e+72 2.8271595315580875e+70 37
1.6275917046151502e+71 213.9440376557012 8.703781329564663e+80 7.750122529317515e+67 6.1756496599570105e-06 3.096587007731381e+76 5.3004674193582904e+72 2.8271595315580875e+70 38
1.6275917046151502e+71 7.769091441062921e+65 8.703781329564663e+80 7.750122529317515e+67 6.545745155180533e+77 3.096587007731381e+76 0.006650989215865402 2.8271595315580875e+70 38
1.6275917046151502e+71 0.21 8.703781329564663e+80 7.750122529317515e+67 6.545745155180533e+77 3.096587007731381e+76 5.3004674193582904e+72 2.8271595315580875e+70 37
9.259259012345686e-09 7.769091441062921e+65 8.703781329564663e+80 7.750122529317515e+67 6.545745155180533e+77 3.096587007731381e+76 5.3004674193582904e+72 2.8271595315580875e+70 37
1.6275917046151502e+71 7.769091441062921e+65 8.703781329564663e+80 7.750122529317515e+67 6.545745155180533e+77 3.096587007731381e+76 2.6919173461603585e-08 2.8271595315580875e+70 37
1.6275917046151502e+71 7.769091441062921e+65 8.703781329564663e+80 7.750122529317515e+67 6.545745155180533e+77 3.096587007731381e+76 5.3004674193582904e+72 2.8271595315580875e+70 37
1.6275917046151502e+71 7.769091441062921e+65 8.703781329564663e+80 7.750122529317515e+67 6.545745155180533e+77 3.096587007731381e+76 5.3004674193582904e+72 0.00023704126197454303 38
1.6275917046151502e+71 7.769091441062921e+65 0.3 7.750122529317515e+67 6.545745155180533e+77 2.3696220970127674e-245 5.3004674193582904e+72 2.8271595315580875e+70 38
4.87517256406088e-06 1.4625517692182635e-05 8.703781329564663e+80 7.750122529317515e+67 6.545745155180533e+77 3.096587007731381e+76 5.3004674193582904e+72 1.02 38
1.6275917046151502e+71 7.769091441062921e+65 8.703781329564663e+80 7.750122529317515e+67 6.545745155180533e+77 3.096587007731381e+76 5.3004674193582904e+72 2.8271595315580875e+70 37
1.6275917046151502e+71 7.769091441062921e+65 8.703781329564663e+80 7.750122529317515e+67 6.545745155180533e+77 3.096587007731381e+76 5.3004674193582904e+72 2.8271595315580875e+70 37
1.6275917046151502e+71 7.769091441062921e+65 8.703781329564663e+80 7.750122529317515e+67 6.545745155180533e+77 3.096587007731381e+76 5.3004674193582904e+72 2.8271595315580875e+70 37
1.6275917046151502e+71 7.769091441062921e+65 8.703781329564663e+80 7.750122529317515e+67 6.545745155180533e+77 3.096587007731381e+76 5.3004674193582904e+72 2.8271595315580875e+70 37
1.6275917046151502e+71 7.769091441062921e+65 8.703781329564663e+80 7.750122529317515e+67 6.545745155180533e+77 3.096587007731381e+76 5.3004674193582904e+72 2.8271595315580875e+70 37
3.3087958692757267e-06 7.769091441062921e+65 8.703781329564663e+80 7.750122529317515e+67 6.545745155180533e+77 3.096587007731381e+76 5.3004674193582904e+72 2.8271595315580875e+70 37
1.6275917046151502e+71 7.769091441062921e+65 8.703781329564663e+80 7.750122529317515e+67 6.545745155180533e+77 3.096587007731381e+76 5.3004674193582904e+72 2.8271595315580875e+70 37
1.6275917046151502e+71 213.9440376557012 8.703781329564663e+80 7.750122529317515e+67 6.1756496599570105e-06 2.3696220970127674e-245 5.3004674193582904e+72 2.8271595315580875e+70 37
1.6275917046151502e+71 7.769091441062921e+65 8.703781329564663e+80 7.750122529317515e+67 6.545745155180533e+77 3.096587007731381e+76 5.3004674193582904e+72 2.8271595315580875e+70 38
1.6275917046151502e+71 7.769091441062921e+65 8.703781329564663e+80 7.750122529317515e+67 6.545745155180533e+77 3.096587007731381e+76 5.3004674193582904e+72 2.8271595315580875e+70 37
1.6275917046151502e+71 1.4625517692182635e-05 8.703781329564663e+80 7.750122529317515e+67 6.545745155180533e+77 3.096587007731381e+76 5.3004674193582904e+72 2.8271595315580875e+70 38
1.6275917046151502e+71 7.769091441062921e+65 8.703781329564663e+80 7.750122529317515e+67 6.545745155180533e+77 3.096587007731381e+76 5.3004674193582904e+72 2.8271595315580875e+70 37
1.6275917046151502e+71 7.769091441062921e+65 8.703781329564663e+80 7.750122529317515e+67 6.545745155180533e+77 3.096587007731381e+76 5.3004674193582904e+72 2.8271595315580875e+70 37
1.6275917046151502e+71 7.769091441062921e+65 8.703781329564663e+80 7.750122529317515e+67 6.545745155180533e+77 3.096587007731381e+76 5.3004674193582904e+72 2.8271595315580875e+70 37
1.6275917046151502e+71 7.769091441062921e+65 8.703781329564663e+80 7.750122529317515e+67 6.545745155180533e+77 3.096587007731381e+76 2.6919173461603585e-08 2.8271595315580875e+70 37
1.6275917046151502e+71 7.769091441062921e+65 8.703781329564663e+80 7.750122529317515e+67 6.545745155180533e+77 3.096587007731381e+76 5.3004674193582904e+72 2.8271595315580875e+70 37
1.6275917046151502e+71 1.4625517692182635e-05 8.703781329564663e+80 4.2106702226979636e-06 6.545745155180533e+77 3.096587007731381e+76 5.3004674193582904e+72 2.8271595315580875e+70 37
4.87517256406088e-06 7.769091441062921e+65 8.703781329564663e+80 7.750122529317515e+67 6.545745155180533e+77 3.096587007731381e+76 5.3004674193582904e+72 2.8271595315580875e+70 37
1.6275917046151502e+71 1.4625517692182635e-05 8.703781329564663e+80 7.750122529317515e+67 6.545745155180533e+77 3.096587007731381e+76 5.3004674193582904e+72 2.8271595315580875e+70 37
1.6275917046151502e+71 7.769091441062921e+65 8.703781329564663e+80 7.750122529317515e+67 6.545745155180533e+77 3.096587007731381e+76 5.3004674193582904e+72 2.8271595315580875e+70 38
1.6275917046151502e+71 7.769091441062921e+65 8.703781329564663e+80 7.750122529317515e+67 6.545745155180533e+77 3.096587007731381e+76 5.3004674193582904e+72 2.8271595315580875e+70 37
1.6275917046151502e+71 213.9440376557012 8.703781329564663e+80 0.004545889217103028 6.545745155180533e+77 3.096587007731381e+76 5.3004674193582904e+72 2.8271595315580875e+70 38
1.6275917046151502e+71 213.9440376557012 8.703781329564663e+80 7.750122529317515e+67 6.545745155180533e+77 3.096587007731381e+76 0.006650989215865402 2.8271595315580875e+70 38
1.6275917046151502e+71 7.769091441062921e+65 8.703781329564663e+80 7.750122529317515e+67 6.545745155180533e+77 3.096587007731381e+76 5.3004674193582904e+72 2.8271595315580875e+70 37
1.6275917046151502e+71 7.769091441062921e+65 8.703781329564663e+80 7.750122529317515e+67 6.545745155180533e+77 3.096587007731381e+76 5.3004674193582904e+72 2.8271595315580875e+70 37
1.6275917046151502e+71 7.769091441062921e+65 8.703781329564663e+80 7.750122529317515e+67 6.545745155180533e+77 3.096587007731381e+76 5.3004674193582904e+72 2.8271595315580875e+70 37
1.6275917046151502e+71 7.769091441062921e+65 0.39 7.750122529317515e+67 6.545745155180533e+77 3.096587007731381e+76 5.3004674193582904e+72 2.8271595315580875e+70 37
1.6275917046151502e+71 7.769091441062921e+65 8.703781329564663e+80 7.750122529317515e+67 6.545745155180533e+77 3.096587007731381e+76 5.3004674193582904e+72 2.8271595315580875e+70 37
9.259259012345686e-09 7.769091441062921e+65 8.703781329564663e+80 7.750122529317515e+67 6.545745155180533e+77 3.096587007731381e+76 2.6919173461603585e-08 0.019499010169876867 37
1.6275917046151502e+71 7.769091441062921e+65 8.703781329564663e+80 7.750122529317515e+67 6.545745155180533e+77 3.096587007731381e+76 5.3004674193582904e+72 2.8271595315580875e+70 37
1.6275917046151502e+71 7.769091441062921e+65 8.703781329564663e+80 7.750122529317515e+67 6.545745155180533e+77 3.096587007731381e+76 5.3004674193582904e+72 2.8271595315580875e+70 37
1.6275917046151502e+71 1.4625517692182635e-05 8.703781329564663e+80 7.750122529317515e+67 6.545745155180533e+77 3.096587007731381e+76 5.3004674193582904e+72 2.8271595315580875e+70 37
1.6275917046151502e+71 7.769091441062921e+65 8.703781329564663e+80 7.750122529317515e+67 6.545745155180533e+77 3.096587007731381e+76 5.3004674193582904e+72 2.8271595315580875e+70 37
1.6275917046151502e+71 213.9440376557012 1.256857990974732e-08 7.750122529317515e+67 6.545745155180533e+77 3.096587007731381e+76 5.3004674193582904e+72 2.8271595315580875e+70 37
1.6275917046151502e+71 7.769091441062921e+65 8.703781329564663e+80 7.750122529317515e+67 6.545745155180533e+77 3.096587007731381e+76 5.3004674193582904e+72 2.8271595315580875e+70 37
1.6275917046151502e+71 7.769091441062921e+65 8.703781329564663e+80 7.750122529317515e+67 6.545745155180533e+77 3.096587007731381e+76 5.3004674193582904e+72 2.8271595315580875e+70 37
1.6275917046151502e+71 213.9440376557012 8.703781329564663e+80 7.750122529317515e+67 6.545745155180533e+77 3.096587007731381e+76 0.006650989215865402 2.8271595315580875e+70 38
1.6275917046151502e+71 7.769091441062921e+65 8.703781329564663e+80 7.750122529317515e+67 6.545745155180533e+77 3.096587007731381e+76 5.3004674193582904e+72 2.8271595315580875e+70 38
1.6275917046151502e+71 7.769091441062921e+65 8.703781329564663e+80 7.750122529317515e+67 6.545745155180533e+77 3.096587007731381e+76 5.3004674193582904e+72 2.8271595315580875e+70 37
1.6275917046151502e+71 7.769091441062921e+65 8.703781329564663e+80 7.750122529317515e+67 6.545745155180533e+77 3.096587007731381e+76 5.3004674193582904e+72 2.8271595315580875e+70 37
1.6275917046151502e+71 7.769091441062921e+65 8.703781329564663e+80 7.750122529317515e+67 6.545745155180533e+77 3.096587007731381e+76 5.3004674193582904e+72 2.8271595315580875e+70 37
1.6275917046151502e+71 7.769091441062921e+65 8.703781329564663e+80 7.750122529317515e+67 6.545745155180533e+77 3.096587007731381e+76 5.3004674193582904e+72 2.8271595315580875e+70 37
1.6275917046151502e+71 7.769091441062921e+65 8.703781329564663e+80 7.750122529317515e+67 6.545745155180533e+77 3.096587007731381e+76 5.3004674193582904e+72 2.8271595315580875e+70 38
1.6275917046151502e+71 7.769091441062921e+65 8.703781329564663e+80 7.750122529317515e+67 6.545745155180533e+77 3.096587007731381e+76 5.3004674193582904e+72 2.8271595315580875e+70 37
1.6275917046151502e+71 213.9440376557012 8.703781329564663e+80 7.750122529317515e+67 6.1756496599570105e-06 3.096587007731381e+76 5.3004674193582904e+72 2.8271595315580875e+70 38
1.6275917046151502e+71 7.769091441062921e+65 8.703781329564663e+80 7.750122529317515e+67 6.545745155180533e+77 3.096587007731381e+76 2.6919173461603585e-08 2.8271595315580875e+70 37
1.6275917046151502e+71 7.769091441062921e+65 8.703781329564663e+80 7.750122529317515e+67 6.545745155180533e+77 3.096587007731381e+76 5.3004674193582904e+72 2.8271595315580875e+70 37
1.6275917046151502e+71 213.9440376557012 8.703781329564663e+80 7.750122529317515e+67 6.1756496599570105e-06 3.096587007731381e+76 5.3004674193582904e+72 2.8271595315580875e+70 38
1.6275917046151502e+71 7.769091441062921e+65 8.703781329564663e+80 7.750122529317515e+67 0.63 3.096587007731381e+76 5.3004674193582904e+72 2.8271595315580875e+70 37
9.259259012345686e-09 1.4625517692182635e-05 8.703781329564663e+80 1.357289718772763e-07 6.545745155180533e+77 3.096587007731381e+76 0.006650989215865402 0.00023704126197454303 38
1.6275917046151502e+71 213.9440376557012 1.256857990974732e-08 7.750122529317515e+67 6.545745155180533e+77 3.096587007731381e+76 5.3004674193582904e+72 2.8271595315580875e+70 37
1.6275917046151502e+71 7.769091441062921e+65 8.703781329564663e+80 7.750122529317515e+67 6.545745155180533e+77 3.096587007731381e+76 5.3004674193582904e+72 2.8271595315580875e+70 37
1.6275917046151502e+71 7.769091441062921e+65 8.703781329564663e+80 7.750122529317515e+67 6.545745155180533e+77 3.096587007731381e+76 5.3004674193582904e+72 2.8271595315580875e+70 38
3.3087958692757267e-06 7.769091441062921e+65 8.703781329564663e+80 4.2106702226979636e-06 6.545745155180533e+77 3.096587007731381e+76 5.3004674193582904e+72 0.00023704126197454303 37
1.6275917046151502e+71 7.769091441062921e+65 8.703781329564663e+80 7.750122529317515e+67 6.545745155180533e+77 3.096587007731381e+76 5.3004674193582904e+72 0.00023704126197454303 38
4.87517256406088e-06 213.9440376557012 8.703781329564663e+80 7.750122529317515e+67 6.545745155180533e+77 3.096587007731381e+76 5.3004674193582904e+72 2.8271595315580875e+70 37
1.6275917046151502e+71 7.769091441062921e+65 0.39 7.750122529317515e+67 6.545745155180533e+77 3.096587007731381e+76 5.3004674193582904e+72 2.8271595315580875e+70 37
1.6275917046151502e+71 7.769091441062921e+65 8.703781329564663e+80 7.750122529317515e+67 6.545745155180533e+77 3.096587007731381e+76 5.3004674193582904e+72 2.8271595315580875e+70 38
1.6275917046151502e+71 7.769091441062921e+65 0.3 7.750122529317515e+67 6.545745155180533e+77 3.096587007731381e+76 5.3004674193582904e+72 2.090192149730275e-88 38
1.6275917046151502e+71 7.769091441062921e+65 8.703781329564663e+80 7.750122529317515e+67 6.545745155180533e+77 3.096587007731381e+76 0.006650989215865402 2.8271595315580875e+70 38
1.6275917046151502e+71 7.769091441062921e+65 8.703781329564663e+80 7.750122529317515e+67 6.545745155180533e+77 3.096587007731381e+76 5.3004674193582904e+72 2.8271595315580875e+70 37
1.6275917046151502e+71 213.9440376557012 8.703781329564663e+80 7.750122529317515e+67 6.545745155180533e+77 3.096587007731381e+76 5.3004674193582904e+72 0.019499010169876867 38
1.6275917046151502e+71 7.769091441062921e+65 8.703781329564663e+80 7.750122529317515e+67 6.545745155180533e+77 3.096587007731381e+76 5.3004674193582904e+72 2.8271595315580875e+70 37
1.6275917046151502e+71 7.769091441062921e+65 8.703781329564663e+80 4.2106702226979636e-06 6.545745155180533e+77 3.096587007731381e+76 5.3004674193582904e+72 2.8271595315580875e+70 37
1.6275917046151502e+71 7.769091441062921e+65 0.3 7.750122529317515e+67 6.545745155180533e+77 3.096587007731381e+76 5.3004674193582904e+72 2.8271595315580875e+70 38
1.6275917046151502e+71 7.769091441062921e+65 8.703781329564663e+80 7.750122529317515e+67 6.545745155180533e+77 3.096587007731381e+76 5.3004674193582904e+72 2.8271595315580875e+70 37
1.6275917046151502e+71 213.9440376557012 8.703781329564663e+80 7.750122529317515e+67 6.545745155180533e+77 3.096587007731381e+76 5.3004674193582904e+72 2.8271595315580875e+70 38
1.6275917046151502e+71 7.769091441062921e+65 8.703781329564663e+80 7.750122529317515e+67 6.545745155180533e+77 3.096587007731381e+76 5.3004674193582904e+72 2.8271595315580875e+70 37
1.6275917046151502e+71 213.9440376557012 8.703781329564663e+80 7.750122529317515e+67 6.545745155180533e+77 3.096587007731381e+76 5.3004674193582904e+72 2.8271595315580875e+70 38
1.6275917046151502e+71 7.769091441062921e+65 8.703781329564663e+80 7.750122529317515e+67 6.545745155180533e+77 3.096587007731381e+76 5.3004674193582904e+72 2.8271595315580875e+70 38
1.6275917046151502e+71 7.769091441062921e+65 8.703781329564663e+80 7.750122529317515e+67 6.545745155180533e+77 3.096587007731381e+76 5.3004674193582904e+72 2.8271595315580875e+70 37
1.6275917046151502e+71 213.9440376557012 8.703781329564663e+80 7.750122529317515e+67 6.545745155180533e+77 3.096587007731381e+76 3.037406811522269e-08 2.8271595315580875e+70 38
1.6275917046151502e+71 0.21 8.703781329564663e+80 7.750122529317515e+67 6.545745155180533e+77 3.096587007731381e+76 5.3004674193582904e+72 2.090192149730275e-88 38
1.6275917046151502e+71 7.769091441062921e+65 8.703781329564663e+80 7.750122529317515e+67 6.545745155180533e+77 3.096587007731381e+76 5.3004674193582904e+72 0.019499010169876867 37
1.6275917046151502e+71 7.769091441062921e+65 8.703781329564663e+80 7.750122529317515e+67 6.545745155180533e+77 3.096587007731381e+76 5.3004674193582904e+72 2.8271595315580875e+70 37
3.3087958692757267e-06 7.769091441062921e+65 8.703781329564663e+80 7.750122529317515e+67 6.545745155180533e+77 3.096587007731381e+76 5.3004674193582904e+72 2.8271595315580875e+70 37
1.6275917046151502e+71 213.9440376557012 8.703781329564663e+80 7.750122529317515e+67 6.545745155180533e+77 3.096587007731381e+76 5.3004674193582904e+72 2.8271595315580875e+70 37
9.259259012345686e-09 7.769091441062921e+65 8.703781329564663e+80 7.750122529317515e+67 6.545745155180533e+77 3.096587007731381e+76 2.6919173461603585e-08 0.019499010169876867 37
1.6275917046151502e+71 7.769091441062921e+65 8.703781329564663e+80 7.750122529317515e+67 6.545745155180533e+77 3.096587007731381e+76 5.3004674193582904e+72 2.8271595315580875e+70 38
1.6275917046151502e+71 7.769091441062921e+65 8.703781329564663e+80 6.239890447935407e-244 6.1756496599570105e-06 3.096587007731381e+76 5.3004674193582904e+72 2.8271595315580875e+70 37
1.6275917046151502e+71 7.769091441062921e+65 8.703781329564663e+80 7.750122529317515e+67 6.545745155180533e+77 3.096587007731381e+76 5.3004674193582904e+72 2.8271595315580875e+70 37
1.6275917046151502e+71 7.769091441062921e+65 8.703781329564663e+80 7.750122529317515e+67 6.545745155180533e+77 3.096587007731381e+76 5.3004674193582904e+72 2.8271595315580875e+70 38
1.6275917046151502e+71 1.4625517692182635e-05 8.703781329564663e+80 7.750122529317515e+67 6.545745155180533e+77 3.096587007731381e+76 5.3004674193582904e+72 2.8271595315580875e+70 38
1.6275917046151502e+71 7.769091441062921e+65 8.703781329564663e+80 7.750122529317515e+67 6.545745155180533e+77 3.096587007731381e+76 5.3004674193582904e+72 2.8271595315580875e+70 37
1.6275917046151502e+71 7.769091441062921e+65 8.703781329564663e+80 7.750122529317515e+67 6.545745155180533e+77 3.096587007731381e+76 5.3004674193582904e+72 0.00023704126197454303 37
1.6275917046151502e+71 7.769091441062921e+65 8.703781329564663e+80 7.750122529317515e+67 6.545745155180533e+77 3.096587007731381e+76 5.3004674193582904e+72 2.8271595315580875e+70 37
1.6275917046151502e+71 213.9440376557012 8.703781329564663e+80 0.004545889217103028 6.1756496599570105e-06 3.096587007731381e+76 5.3004674193582904e+72 1.02 38
1.6275917046151502e+71 1.4625517692182635e-05 8.703781329564663e+80 7.750122529317515e+67 6.545745155180533e+77 3.096587007731381e+76 2.6919173461603585e-08 2.8271595315580875e+70 37
1.6275917046151502e+71 7.769091441062921e+65 8.703781329564663e+80 6.239890447935407e-244 6.545745155180533e+77 9.749828824899072e-244 0.006650989215865402 2.8271595315580875e+70 37
1.6275917046151502e+71 7.769091441062921e+65 8.703781329564663e+80 7.750122529317515e+67 6.545745155180533e+77 3.096587007731381e+76 5.3004674193582904e+72 0.00023704126197454303 37
1.6275917046151502e+71 7.769091441062921e+65 8.703781329564663e+80 7.750122529317515e+67 6.545745155180533e+77 3.096587007731381e+76 5.3004674193582904e+72 2.8271595315580875e+70 37
1.6275917046151502e+71 7.769091441062921e+65 8.703781329564663e+80 7.750122529317515e+67 6.545745155180533e+77 3.096587007731381e+76 5.3004674193582904e+72 2.8271595315580875e+70 37
1.6275917046151502e+71 7.769091441062921e+65 8.703781329564663e+80 7.750122529317515e+67 6.545745155180533e+77 3.096587007731381e+76 5.3004674193582904e+72 2.8271595315580875e+70 37
1.6275917046151502e+71 7.769091441062921e+65 8.703781329564663e+80 7.750122529317515e+67 6.545745155180533e+77 3.096587007731381e+76 5.3004674193582904e+72 0.019499010169876867 37
1.6275917046151502e+71 7.769091441062921e+65 8.703781329564663e+80 7.750122529317515e+67 6.545745155180533e+77 3.096587007731381e+76 5.3004674193582904e+72 2.8271595315580875e+70 38
1.6275917046151502e+71 7.769091441062921e+65 8.703781329564663e+80 7.750122529317515e+67 6.545745155180533e+77 3.096587007731381e+76 5.3004674193582904e+72 2.8271595315580875e+70 37
4.87517256406088e-06 7.769091441062921e+65 8.703781329564663e+80 7.750122529317515e+67 6.545745155180533e+77 3.096587007731381e+76 5.3004674193582904e+72 2.8271595315580875e+70 37
1.6275917046151502e+71 213.9440376557012 8.703781329564663e+80 7.750122529317515e+67 6.545745155180533e+77 3.096587007731381e+76 5.3004674193582904e+72 2.8271595315580875e+70 38
1.6275917046151502e+71 7.769091441062921e+65 8.703781329564663e+80 7.750122529317515e+67 6.545745155180533e+77 3.096587007731381e+76 5.3004674193582904e+72 2.8271595315580875e+70 37
1.6275917046151502e+71 7.769091441062921e+65 8.703781329564663e+80 0.004545889217103028 6.545745155180533e+77 3.096587007731381e+76 5.3004674193582904e+72 2.8271595315580875e+70 37
1.6275917046151502e+71 7.769091441062921e+65 8.703781329564663e+80 7.750122529317515e+67 6.545745155180533e+77 3.096587007731381e+76 5.3004674193582904e+72 2.8271595315580875e+70 37
1.6275917046151502e+71 7.769091441062921e+65 8.703781329564663e+80 7.750122529317515e+67 6.545745155180533e+77 3.096587007731381e+76 5.3004674193582904e+72 2.8271595315580875e+70 38
1.6275917046151502e+71 7.769091441062921e+65 8.703781329564663e+80 7.750122529317515e+67 6.545745155180533e+77 3.096587007731381e+76 5.3004674193582904e+72 2.8271595315580875e+70 37
1.6275917046151502e+71 7.769091441062921e+65 8.703781329564663e+80 7.750122529317515e+67 6.545745155180533e+77 3.096587007731381e+76 5.3004674193582904e+72 2.8271595315580875e+70 37
9.259259012345686e-09 7.769091441062921e+65 8.703781329564663e+80 7.750122529317515e+67 6.545745155180533e+77 3.096587007731381e+76 5.3004674193582904e+72 2.8271595315580875e+70 38
1.6275917046151502e+71 7.769091441062921e+65 8.703781329564663e+80 0.004545889217103028 6.545745155180533e+77 3.096587007731381e+76 2.6919173461603585e-08 0.019499010169876867 38
1.6275917046151502e+71 7.769091441062921e+65 0.3 7.750122529317515e+67 6.545745155180533e+77 3.096587007731381e+76 0.006650989215865402 2.8271595315580875e+70 37
1.6275917046151502e+71 213.9440376557012 8.703781329564663e+80 7.750122529317515e+67 6.545745155180533e+77 3.096587007731381e+76 5.3004674193582904e+72 0.019499010169876867 37
3.3087958692757267e-06 7.769091441062921e+65 8.703781329564663e+80 7.750122529317515e+67 6.545745155180533e+77 3.096587007731381e+76 5.3004674193582904e+72 2.8271595315580875e+70 37
1.6275917046151502e+71 213.9440376557012 8.703781329564663e+80 7.750122529317515e+67 6.545745155180533e+77 3.096587007731381e+76 5.3004674193582904e+72 2.8271595315580875e+70 38
1.6275917046151502e+71 7.769091441062921e+65 8.703781329564663e+80 7.750122529317515e+67 6.545745155180533e+77 3.096587007731381e+76 5.3004674193582904e+72 2.8271595315580875e+70 38
1.6275917046151502e+71 0.21 8.703781329564663e+80 7.750122529317515e+67 6.545745155180533e+77 3.096587007731381e+76 5.3004674193582904e+72 2.8271595315580875e+70 37
3.3087958692757267e-06 7.769091441062921e+65 8.703781329564663e+80 0.004545889217103028 6.545745155180533e+77 3.096587007731381e+76 5.3004674193582904e+72 0.019499010169876867 38
1.6275917046151502e+71 7.769091441062921e+65 8.703781329564663e+80 7.750122529317515e+67 6.545745155180533e+77 3.096587007731381e+76 5.3004674193582904e+72 2.8271595315580875e+70 37
1.6275917046151502e+71 7.769091441062921e+65 8.703781329564663e+80 7.750122529317515e+67 6.545745155180533e+77 3.096587007731381e+76 5.3004674193582904e+72 2.8271595315580875e+70 37
9.259259012345686e-09 7.769091441062921e+65 8.703781329564663e+80 7.750122529317515e+67 6.545745155180533e+77 3.096587007731381e+76 2.6919173461603585e-08 0.019499010169876867 37
1.6275917046151502e+71 213.9440376557012 8.703781329564663e+80 7.750122529317515e+67 6.1756496599570105e-06 3.096587007731381e+76 5.3004674193582904e+72 2.8271595315580875e+70 38
1.6275917046151502e+71 213.9440376557012 8.703781329564663e+80 7.750122529317515e+67 6.545745155180533e+77 9.749828824899072e-244 0.006650989215865402 0.019499010169876867 37
1.6275917046151502e+71 7.769091441062921e+65 8.703781329564663e+80 7.750122529317515e+67 6.545745155180533e+77 3.096587007731381e+76 5.3004674193582904e+72 2.8271595315580875e+70 37
1.6275917046151502e+71 7.769091441062921e+65 8.703781329564663e+80 7.750122529317515e+67 6.545745155180533e+77 3.096587007731381e+76 5.3004674193582904e+72 2.8271595315580875e+70 38
1.6275917046151502e+71 7.769091441062921e+65 8.703781329564663e+80 7.750122529317515e+67 6.545745155180533e+77 3.096587007731381e+76 5.3004674193582904e+72 2.8271595315580875e+70 37
1.6275917046151502e+71 7.769091441062921e+65 8.703781329564663e+80 7.750122529317515e+67 6.545745155180533e+77 3.096587007731381e+76 5.3004674193582904e+72 2.8271595315580875e+70 37
1.6275917046151502e+71 213.9440376557012 8.703781329564663e+80 7.750122529317515e+67 6.545745155180533e+77 3.096587007731381e+76 5.3004674193582904e+72 2.8271595315580875e+70 38
1.6275917046151502e+71 213.9440376557012 1.256857990974732e-08 7.750122529317515e+67 6.545745155180533e+77 3.096587007731381e+76 5.3004674193582904e+72 2.8271595315580875e+70 37
1.6275917046151502e+71 7.769091441062921e+65 8.703781329564663e+80 7.750122529317515e+67 6.545745155180533e+77 3.096587007731381e+76 5.3004674193582904e+72 2.8271595315580875e+70 37
1.6275917046151502e+71 7.769091441062921e+65 8.703781329564663e+80 7.750122529317515e+67 6.545745155180533e+77 3.096587007731381e+76 5.3004674193582904e+72 0.019499010169876867 37
1.6275917046151502e+71 7.769091441062921e+65 8.703781329564663e+80 7.750122529317515e+67 6.545745155180533e+77 3.096587007731381e+76 5.3004674193582904e+72 2.8271595315580875e+70 37
1.6275917046151502e+71 7.769091441062921e+65 8.703781329564663e+80 7.750122529317515e+67 6.545745155180533e+77 3.096587007731381e+76 5.3004674193582904e+72 2.8271595315580875e+70 37
1.6275917046151502e+71 213.9440376557012 8.703781329564663e+80 7.750122529317515e+67 6.545745155180533e+77 3.096587007731381e+76 5.3004674193582904e+72 2.8271595315580875e+70 38
1.6275917046151502e+71 7.769091441062921e+65 8.703781329564663e+80 7.750122529317515e+67 6.545745155180533e+77 3.096587007731381e+76 5.3004674193582904e+72 0.00023704126197454303 38
1.6275917046151502e+71 7.769091441062921e+65 8.703781329564663e+80 7.750122529317515e+67 6.545745155180533e+77 3.096587007731381e+76 5.3004674193582904e+72 2.8271595315580875e+70 37
1.6275917046151502e+71 213.9440376557012 8.703781329564663e+80 7.750122529317515e+67 6.545745155180533e+77 3.096587007731381e+76 5.3004674193582904e+72 0.019499010169876867 38
1.6275917046151502e+71 7.769091441062921e+65 8.703781329564663e+80 7.750122529317515e+67 6.545745155180533e+77 3.096587007731381e+76 5.3004674193582904e+72 2.8271595315580875e+70 37
1.6275917046151502e+71 7.769091441062921e+65 8.703781329564663e+80 7.750122529317515e+67 6.545745155180533e+77 3.096587007731381e+76 5.3004674193582904e+72 2.8271595315580875e+70 37
1.6275917046151502e+71 7.769091441062921e+65 8.703781329564663e+80 7.750122529317515e+67 6.545745155180533e+77 3.096587007731381e+76 5.3004674193582904e+72 2.8271595315580875e+70 38
1.6275917046151502e+71 7.769091441062921e+65 8.703781329564663e+80 7.750122529317515e+67 6.545745155180533e+77 3.096587007731381e+76 5.3004674193582904e+72 0.019499010169876867 37
3.3087958692757267e-06 7.769091441062921e+65 8.703781329564663e+80 7.750122529317515e+67 6.545745155180533e+77 3.096587007731381e+76 5.3004674193582904e+72 0.00023704126197454303 38
1.6275917046151502e+71 7.769091441062921e+65 8.703781329564663e+80 7.750122529317515e+67 6.545745155180533e+77 3.096587007731381e+76 5.3004674193582904e+72 0.019499010169876867 37
1.6275917046151502e+71 213.9440376557012 8.703781329564663e+80 7.750122529317515e+67 6.545745155180533e+77 3.096587007731381e+76 5.3004674193582904e+72 2.8271595315580875e+70 38
1.6275917046151502e+71 7.769091441062921e+65 8.703781329564663e+80 7.750122529317515e+67 6.545745155180533e+77 3.096587007731381e+76 5.3004674193582904e+72 2.8271595315580875e+70 37
1.6275917046151502e+71 7.769091441062921e+65 8.703781329564663e+80 7.750122529317515e+67 6.545745155180533e+77 3.096587007731381e+76 5.3004674193582904e+72 2.8271595315580875e+70 38
1.6275917046151502e+71 7.769091441062921e+65 8.703781329564663e+80 7.750122529317515e+67 6.545745155180533e+77 3.096587007731381e+76 5.3004674193582904e+72 2.8271595315580875e+70 37
4.87517256406088e-06 7.769091441062921e+65 8.703781329564663e+80 7.750122529317515e+67 6.545745155180533e+77 3.096587007731381e+76 5.3004674193582904e+72 0.00023704126197454303 37
1.6275917046151502e+71 7.769091441062921e+65 8.703781329564663e+80 7.750122529317515e+67 6.545745155180533e+77 3.096587007731381e+76 5.3004674193582904e+72 0.00023704126197454303 38
1.6275917046151502e+71 7.769091441062921e+65 8.703781329564663e+80 7.750122529317515e+67 6.545745155180533e+77 3.096587007731381e+76 5.3004674193582904e+72 2.8271595315580875e+70 37
1.6275917046151502e+71 7.769091441062921e+65 8.703781329564663e+80 7.750122529317515e+67 6.545745155180533e+77 3.096587007731381e+76 5.3004674193582904e+72 0.019499010169876867 37
3.3087958692757267e-06 7.769091441062921e+65 8.703781329564663e+80 7.750122529317515e+67 6.545745155180533e+77 2.3696220970127674e-245 5.3004674193582904e+72 2.8271595315580875e+70 38
1.6275917046151502e+71 7.769091441062921e+65 8.703781329564663e+80 7.750122529317515e+67 6.545745155180533e+77 3.096587007731381e+76 5.3004674193582904e+72 0.00023704126197454303 37
9.259259012345686e-09 7.769091441062921e+65 8.703781329564663e+80 7.750122529317515e+67 6.545745155180533e+77 3.096587007731381e+76 5.3004674193582904e+72 2.8271595315580875e+70 38
3.3087958692757267e-06 7.769091441062921e+65 8.703781329564663e+80 4.2106702226979636e-06 6.545745155180533e+77 2.3696220970127674e-245 5.3004674193582904e+72 2.8271595315580875e+70 38
1.6275917046151502e+71 213.9440376557012 8.703781329564663e+80 0.004545889217103028 6.545745155180533e+77 3.096587007731381e+76 5.3004674193582904e+72 2.8271595315580875e+70 38
1.6275917046151502e+71 213.9440376557012 8.703781329564663e+80 0.004545889217103028 6.545745155180533e+77 2.3696220970127674e-245 5.3004674193582904e+72 2.8271595315580875e+70 37
1.6275917046151502e+71 1.4625517692182635e-05 8.703781329564663e+80 7.750122529317515e+67 6.545745155180533e+77 3.096587007731381e+76 5.3004674193582904e+72 0.019499010169876867 37
1.6275917046151502e+71 7.769091441062921e+65 8.703781329564663e+80 7.750122529317515e+67 6.545745155180533e+77 3.096587007731381e+76 5.3004674193582904e+72 2.8271595315580875e+70 38
1.6275917046151502e+71 213.9440376557012 8.703781329564663e+80 7.750122529317515e+67 6.545745155180533e+77 3.096587007731381e+76 5.3004674193582904e+72 2.8271595315580875e+70 38
1.6275917046151502e+71 7.769091441062921e+65 8.703781329564663e+80 7.750122529317515e+67 6.545745155180533e+77 3.096587007731381e+76 5.3004674193582904e+72 2.8271595315580875e+70 37
1.6275917046151502e+71 1.4625517692182635e-05 8.703781329564663e+80 7.750122529317515e+67 6.545745155180533e+77 3.096587007731381e+76 5.3004674193582904e+72 2.8271595315580875e+70 38
1.6275917046151502e+71 7.769091441062921e+65 8.703781329564663e+80 7.750122529317515e+67 6.545745155180533e+77 3.096587007731381e+76 5.3004674193582904e+72 0.019499010169876867 37
1.6275917046151502e+71 7.769091441062921e+65 8.703781329564663e+80 7.750122529317515e+67 6.545745155180533e+77 3.096587007731381e+76 5.3004674193582904e+72 2.8271595315580875e+70 37
1.6275917046151502e+71 7.769091441062921e+65 8.703781329564663e+80 7.750122529317515e+67 6.545745155180533e+77 3.096587007731381e+76 5.3004674193582904e+72 2.8271595315580875e+70 37
1.6275917046151502e+71 213.9440376557012 8.703781329564663e+80 7.750122529317515e+67 6.545745155180533e+77 3.096587007731381e+76 5.3004674193582904e+72 2.8271595315580875e+70 37
1.6275917046151502e+71 7.769091441062921e+65 8.703781329564663e+80 7.750122529317515e+67 6.545745155180533e+77 3.096587007731381e+76 5.3004674193582904e+72 2.8271595315580875e+70 37
1.6275917046151502e+71 7.769091441062921e+65 8.703781329564663e+80 7.750122529317515e+67 6.545745155180533e+77 3.096587007731381e+76 5.3004674193582904e+72 0.019499010169876867 37
1.6275917046151502e+71 213.9440376557012 8.703781329564663e+80 7.750122529317515e+67 6.545745155180533e+77 3.096587007731381e+76 5.3004674193582904e+72 0.019499010169876867 37
1.6275917046151502e+71 7.769091441062921e+65 8.703781329564663e+80 7.750122529317515e+67 6.545745155180533e+77 3.096587007731381e+76 5.3004674193582904e+72 2.8271595315580875e+70 38
1.6275917046151502e+71 7.769091441062921e+65 8.703781329564663e+80 4.2106702226979636e-06 6.545745155180533e+77 3.096587007731381e+76 5.3004674193582904e+72 2.8271595315580875e+70 37
4.87517256406088e-06 7.769091441062921e+65 8.703781329564663e+80 7.750122529317515e+67 6.545745155180533e+77 3.096587007731381e+76 5.3004674193582904e+72 2.8271595315580875e+70 37
1.6275917046151502e+71 213.9440376557012 8.703781329564663e+80 7.750122529317515e+67 6.545745155180533e+77 3.096587007731381e+76 5.3004674193582904e+72 2.8271595315580875e+70 38
4.87517256406088e-06 213.9440376557012 8.703781329564663e+80 7.750122529317515e+67 6.545745155180533e+77 3.096587007731381e+76 5.3004674193582904e+72 2.8271595315580875e+70 37
1.6275917046151502e+71 213.9440376557012 8.703781329564663e+80 7.750122529317515e+67 6.545745155180533e+77 3.096587007731381e+76 5.3004674193582904e+72 0.019499010169876867 38
3.3087958692757267e-06 7.769091441062921e+65 8.703781329564663e+80 7.750122529317515e+67 6.545745155180533e+77 3.096587007731381e+76 5.3004674193582904e+72 2.8271595315580875e+70 38
1.6275917046151502e+71 7.769091441062921e+65 8.703781329564663e+80 7.750122529317515e+67 6.545745155180533e+77 3.096587007731381e+76 5.3004674193582904e+72 2.8271595315580875e+70 37
1.6275917046151502e+71 7.769091441062921e+65 8.703781329564663e+80 7.750122529317515e+67 6.545745155180533e+77 3.096587007731381e+76 5.3004674193582904e+72 2.8271595315580875e+70 37
4.87517256406088e-06 1.4625517692182635e-05 8.703781329564663e+80 7.750122529317515e+67 6.545745155180533e+77 3.096587007731381e+76 5.3004674193582904e+72 1.02 38
4.87517256406088e-06 7.769091441062921e+65 0.3 7.750122529317515e+67 6.545745155180533e+77 3.096587007731381e+76 5.3004674193582904e+72 2.8271595315580875e+70 38
1.6275917046151502e+71 7.769091441062921e+65 8.703781329564663e+80 7.750122529317515e+67 6.545745155180533e+77 3.096587007731381e+76 5.3004674193582904e+72 2.8271595315580875e+70 37
1.6275917046151502e+71 7.769091441062921e+65 8.703781329564663e+80 7.750122529317515e+67 6.545745155180533e+77 3.096587007731381e+76 5.3004674193582904e+72 2.8271595315580875e+70 37
1.6275917046151502e+71 7.769091441062921e+65 8.703781329564663e+80 7.750122529317515e+67 6.545745155180533e+77 3.096587007731381e+76 5.3004674193582904e+72 2.8271595315580875e+70 37
1.6275917046151502e+71 7.769091441062921e+65 8.703781329564663e+80 7.750122529317515e+67 0.63 3.096587007731381e+76 5.3004674193582904e+72 2.8271595315580875e+70 37
1.6275917046151502e+71 7.769091441062921e+65 8.703781329564663e+80 7.750122529317515e+67 6.545745155180533e+77 3.096587007731381e+76 5.3004674193582904e+72 2.8271595315580875e+70 37
1.6275917046151502e+71 7.769091441062921e+65 8.703781329564663e+80 7.750122529317515e+67 6.545745155180533e+77 3.096587007731381e+76 5.3004674193582904e+72 2.8271595315580875e+70 37
1.6275917046151502e+71 213.9440376557012 8.703781329564663e+80 0.004545889217103028 6.1756496599570105e-06 3.096587007731381e+76 5.3004674193582904e+72 1.02 38
1.6275917046151502e+71 7.769091441062921e+65 8.703781329564663e+80 0.004545889217103028 6.545745155180533e+77 3.096587007731381e+76 5.3004674193582904e+72 2.8271595315580875e+70 37
1.6275917046151502e+71 1.4625517692182635e-05 8.703781329564663e+80 7.750122529317515e+67 6.545745155180533e+77 3.096587007731381e+76 5.3004674193582904e+72 2.8271595315580875e+70 37
1.6275917046151502e+71 7.769091441062921e+65 8.703781329564663e+80 7.750122529317515e+67 6.545745155180533e+77 3.096587007731381e+76 5.3004674193582904e+72 2.8271595315580875e+70 37
1.6275917046151502e+71 7.769091441062921e+65 8.703781329564663e+80 7.750122529317515e+67 6.545745155180533e+77 3.096587007731381e+76 5.3004674193582904e+72 2.8271595315580875e+70 37
1.6275917046151502e+71 7.769091441062921e+65 8.703781329564663e+80 7.750122529317515e+67 6.545745155180533e+77 3.096587007731381e+76 5.3004674193582904e+72 2.8271595315580875e+70 37
1.6275917046151502e+71 7.769091441062921e+65 8.703781329564663e+80 7.750122529317515e+67 6.545745155180533e+77 3.096587007731381e+76 5.3004674193582904e+72 2.8271595315580875e+70 37
