1e-10 5e-10 9e-10 1.6e-09 1.9e-09 2.3e-09 2.7e-09 3.2e-09 37
1e-10 5e-10 9e-10 1.4000000000000001e-09 1.9e-09 2.3e-09 2.7e-09 3.2e-09 37
1e-10 5e-10 9e-10 1.4000000000000001e-09 1.9e-09 2.3e-09 2.7e-09 3.2e-09 37
1e-10 5e-10 9e-10 1.4000000000000001e-09 1.9e-09 2.3e-09 2.7e-09 3.2e-09 37
1e-10 5e-10 9e-10 1.4000000000000001e-09 1.9e-09 2.3e-09 2.7e-09 3.2e-09 37
1e-10 5e-10 9e-10 1.4000000000000001e-09 1.9e-09 2.3e-09 2.7e-09 3.2e-09 37
1e-10 5e-10 9e-10 1.4000000000000001e-09 1.9e-09 2.3e-09 2.7e-09 3.2e-09 37
1e-10 5e-10 9e-10 1.4000000000000001e-09 1.9e-09 2.3e-09 2.7e-09 3.2e-09 37
1e-10 5e-10 9e-10 1.4000000000000001e-09 1.9e-09 2.3e-09 2.7e-09 3.2e-09 37
2e-10 5e-10 9e-10 1.4000000000000001e-09 1.9e-09 2.3e-09 2.7e-09 3.2e-09 37
1e-10 6e-10 9e-10 1.8e-09 1.9e-09 2.3e-09 2.7e-09 3.2e-09 37
1e-10 5e-10 9e-10 1.4000000000000001e-09 1.9e-09 2.3e-09 2.7e-09 3.2e-09 37
1e-10 5e-10 9e-10 1.4000000000000001e-09 1.9e-09 2.3e-09 1.2193335494613372e-86 3.2e-09 37
1e-10 5e-10 9e-10 1.4000000000000001e-09 1.9e-09 2.3e-09 2.7e-09 3.2e-09 37
1e-10 5e-10 9e-10 1.4000000000000001e-09 1.9e-09 2.3e-09 2.7e-09 3.2e-09 37
1e-10 5e-10 9e-10 1.4000000000000001e-09 1.9e-09 2.3e-09 2.7e-09 3.2e-09 37
1e-10 5e-10 9e-10 1.4000000000000001e-09 1.9e-09 2.3e-09 2.7e-09 3.2e-09 37
1e-10 5e-10 9e-10 1.4000000000000001e-09 1.9e-09 2.3e-09 2.7e-09 3.2e-09 37
1e-10 5e-10 9e-10 1.4000000000000001e-09 1.9e-09 2.3e-09 2.7e-09 3.2e-09 37
1e-10 5e-10 9e-10 1.4000000000000001e-09 1.9e-09 2.3e-09 2.7e-09 3.2e-09 37
1e-10 5e-10 9e-10 1.4000000000000001e-09 1.9e-09 2.3e-09 2.7e-09 3.2e-09 37
1e-10 5e-10 9e-10 1.4000000000000001e-09 1.9e-09 2.3e-09 2.7e-09 3.2e-09 37
1e-10 5e-10 9e-10 1.4000000000000001e-09 1.9e-09 2.3e-09 2.7e-09 3.2e-09 37
1e-10 5e-10 9e-10 1.4000000000000001e-09 1.9e-09 2.3e-09 2.7e-09 3.2e-09 37
1e-10 5e-10 9e-10 1.4000000000000001e-09 1.9e-09 2.3e-09 2.7e-09 3.3e-09 37
1e-10 8e-10 9e-10 1.4000000000000001e-09 1.9e-09 2.3e-09 2.7e-09 3.2e-09 37
1e-10 5e-10 9e-10 1.4000000000000001e-09 1.9e-09 2.3e-09 2.7e-09 3.2e-09 37
1e-10 8e-10 9e-10 1.4000000000000001e-09 1.9e-09 2.3e-09 2.7e-09 3.2e-09 37
1e-10 6e-10 9e-10 1.4000000000000001e-09 1.9e-09 2.3e-09 2.7e-09 3.2e-09 38
1e-10 8e-10 9e-10 1.4000000000000001e-09 1.9e-09 2.3e-09 2.7e-09 3.2e-09 37
1e-10 5e-10 9e-10 1.7000000000000001e-09 1.9e-09 2.3e-09 2.7e-09 3.2e-09 37
1e-10 5e-10 9e-10 1.4000000000000001e-09 1.9e-09 2.3e-09 2.7e-09 3.6e-09 37
1e-10 5e-10 9e-10 1.5e-09 1.9e-09 2.5e-09 2.7e-09 3.2e-09 37
1e-10 5e-10 9e-10 1.4000000000000001e-09 1.9e-09 2.3e-09 2.7e-09 3.3e-09 38
1e-10 8e-10 9e-10 1.4000000000000001e-09 1.9e-09 2.3e-09 2.7e-09 3.2e-09 38
1e-10 6e-10 9e-10 1.4000000000000001e-09 1.9e-09 2.3e-09 2.7e-09 3.6e-09 38
1e-10 5e-10 9e-10 1.7000000000000001e-09 1.9e-09 2.3e-09 2.7e-09 3.2e-09 37
1e-10 5e-10 0.3 1.4000000000000001e-09 1.9e-09 2.6e-09 2.7e-09 3.2e-09 37
1e-10 5e-10 9e-10 1.4000000000000001e-09 1.9e-09 2.3e-09 2.7e-09 3.2e-09 37
4e-10 5e-10 9e-10 1.4000000000000001e-09 1.9e-09 2.6e-09 2.7e-09 3.2e-09 38
1e-10 5e-10 9e-10 1.4000000000000001e-09 1.9e-09 2.3e-09 2.7e-09 3.2e-09 37
1e-10 5e-10 9e-10 1.4000000000000001e-09 1.9e-09 2.3e-09 2.7e-09 3.2e-09 37
1e-10 8e-10 9e-10 1.4000000000000001e-09 1.9e-09 2.3e-09 2.7e-09 3.6e-09 38
1e-10 8e-10 9e-10 1.7000000000000001e-09 1.9e-09 2.3e-09 2.7e-09 3.3e-09 37
1e-10 5e-10 9e-10 1.4000000000000001e-09 1.9e-09 2.3e-09 2.7e-09 3.2e-09 37
1e-10 8e-10 9e-10 1.8e-09 1.9e-09 2.3e-09 2.7e-09 3.6e-09 38
1e-10 5e-10 9e-10 1.4000000000000001e-09 1.9e-09 2.3e-09 2.7e-09 3.2e-09 37
1e-10 5e-10 9e-10 1.4000000000000001e-09 1.9e-09 2.3e-09 2.7e-09 3.6e-09 37
1e-10 5e-10 9e-10 1.4000000000000001e-09 1.9e-09 2.3e-09 2.7e-09 3.2e-09 37
1e-10 5e-10 9e-10 1.4000000000000001e-09 1.9e-09 2.3e-09 2.7e-09 3.2e-09 37
1e-10 0.21 9e-10 1.4000000000000001e-09 1.9e-09 2.3e-09 2.7e-09 3.2e-09 37
1e-10 5e-10 9e-10 1.4000000000000001e-09 1.9e-09 2.3e-09 2.7e-09 3.2e-09 37
1e-10 5e-10 9e-10 1.4000000000000001e-09 1.9e-09 2.3e-09 2.7e-09 3.3e-09 37
1e-10 5e-10 9e-10 1.4000000000000001e-09 1.9e-09 2.3e-09 2.7e-09 3.2e-09 38
4e-10 8e-10 9e-10 1.6e-09 1.9e-09 2.3e-09 2.7e-09 3.3e-09 38
4e-10 5e-10 9e-10 1.4000000000000001e-09 1.9e-09 2.3e-09 2.7e-09 3.2e-09 38
1e-10 5e-10 9e-10 1.4000000000000001e-09 1.9e-09 2.3e-09 2.7e-09 3.6e-09 37
1e-10 8e-10 9e-10 1.4000000000000001e-09 1.9e-09 2.3e-09 2.7e-09 3.6e-09 38
1e-10 5e-10 9e-10 1.4000000000000001e-09 1.9e-09 2.3e-09 2.7e-09 3.2e-09 37
1e-10 5e-10 9e-10 1.4000000000000001e-09 1.9e-09 2.3e-09 3e-09 3.2e-09 38
1e-10 5e-10 9e-10 1.4000000000000001e-09 1.9e-09 2.3e-09 2.7e-09 3.2e-09 37
1e-10 5e-10 9e-10 1.4000000000000001e-09 1.9e-09 2.3e-09 2.7e-09 3.2e-09 37
1e-10 5e-10 9e-10 1.4000000000000001e-09 1.9e-09 2.3e-09 2.7e-09 3.2e-09 37
1e-10 5e-10 9e-10 1.4000000000000001e-09 1.9e-09 2.3e-09 2.7e-09 3.2e-09 37
1e-10 5e-10 9e-10 1.4000000000000001e-09 1.9e-09 2.3e-09 2.7e-09 3.2e-09 37
1e-10 5e-10 9e-10 1.4000000000000001e-09 1.9e-09 2.3e-09 2.7e-09 3.2e-09 37
1e-10 5e-10 9e-10 1.4000000000000001e-09 1.9e-09 2.3e-09 3e-09 3.2e-09 38
1e-10 5e-10 9e-10 1.4000000000000001e-09 1.9e-09 2.3e-09 2.7e-09 3.2e-09 37
1e-10 5e-10 9e-10 1.4000000000000001e-09 1.9e-09 2.3e-09 2.7e-09 3.6e-09 37
1e-10 5e-10 9e-10 1.4000000000000001e-09 1.9e-09 2.3e-09 2.7e-09 3.2e-09 37
1e-10 5e-10 9e-10 1.4000000000000001e-09 1.9e-09 2.3e-09 2.7e-09 3.2e-09 37
1e-10 8e-10 9e-10 1.4000000000000001e-09 1.9e-09 2.3e-09 2.7e-09 3.2e-09 38
1e-10 5e-10 9e-10 1.4000000000000001e-09 1.9e-09 2.3e-09 2.7e-09 3.2e-09 37
4e-10 8e-10 9e-10 1.4000000000000001e-09 1.9e-09 2.3e-09 3e-09 3.2e-09 37
1e-10 5e-10 9e-10 1.4000000000000001e-09 1.9e-09 2.3e-09 3e-09 3.2e-09 38
1e-10 5e-10 9e-10 1.4000000000000001e-09 1.9e-09 2.3e-09 2.7e-09 3.2e-09 38
1e-10 5e-10 9e-10 1.4000000000000001e-09 1.9e-09 2.3e-09 2.7e-09 3.2e-09 37
1e-10 8e-10 9e-10 1.7000000000000001e-09 1.9e-09 2.6e-09 2.7e-09 3.2e-09 38
2e-10 5e-10 9e-10 1.4000000000000001e-09 1.9e-09 2.3e-09 2.7e-09 3.2e-09 37
1e-10 0.21 9e-10 1.4000000000000001e-09 1.9e-09 2.3e-09 2.7e-09 3.2e-09 37
1e-10 8e-10 9e-10 1.4000000000000001e-09 1.9e-09 2.3e-09 2.7e-09 3.2e-09 38
1e-10 8e-10 9e-10 1.4000000000000001e-09 1.9e-09 2.3e-09 2.7e-09 3.2e-09 37
1e-10 5e-10 9e-10 1.4000000000000001e-09 1.9e-09 2.3e-09 2.7e-09 3.6e-09 37
3.9470263903234535e-166 5e-10 9e-10 1.4000000000000001e-09 1.9e-09 2.3e-09 2.7e-09 3.2e-09 37
1e-10 8e-10 9e-10 1.4000000000000001e-09 1.9e-09 2.3e-09 2.7e-09 3.6e-09 38
1e-10 5e-10 9e-10 1.4000000000000001e-09 1.9e-09 2.3e-09 2.7e-09 3.2e-09 37
1e-10 8e-10 9e-10 1.4000000000000001e-09 1.9e-09 2.3e-09 2.7e-09 3.2e-09 37
1e-10 8e-10 9e-10 1.4000000000000001e-09 1.9e-09 2.3e-09 2.7e-09 3.2e-09 38
1e-10 5e-10 9e-10 1.4000000000000001e-09 1.9e-09 2.3e-09 2.7e-09 3.2e-09 37
1e-10 5e-10 9e-10 1.4000000000000001e-09 1.9e-09 2.3e-09 2.7e-09 3.2e-09 38
1e-10 5e-10 9e-10 1.4000000000000001e-09 1.9e-09 2.3e-09 2.7e-09 3.2e-09 37
1e-10 6e-10 9e-10 1.8e-09 1.9e-09 2.3e-09 2.7e-09 3.2e-09 37
1e-10 8e-10 9e-10 1.4000000000000001e-09 1.9e-09 2.3e-09 2.7e-09 3.2e-09 38
1e-10 5e-10 9e-10 1.4000000000000001e-09 1.9e-09 2.4e-09 2.7e-09 3.2e-09 37
1e-10 8e-10 9e-10 1.7000000000000001e-09 1.9e-09 2.6e-09 2.7e-09 3.2e-09 38
1e-10 5e-10 9e-10 1.4000000000000001e-09 1.9e-09 2.3e-09 2.7e-09 3.2e-09 37
1e-10 5e-10 9e-10 1.4000000000000001e-09 1.9e-09 2.3e-09 2.7e-09 3.2e-09 37
1e-10 5e-10 9e-10 1.8e-09 1.9e-09 2.3e-09 2.7e-09 3.2e-09 37
1e-10 5e-10 9e-10 1.4000000000000001e-09 1.9e-09 2.3e-09 2.7e-09 3.2e-09 37
1e-10 5e-10 9e-10 1.4000000000000001e-09 1.9e-09 2.3e-09 2.7e-09 3.2e-09 38
1e-10 8e-10 9e-10 1.4000000000000001e-09 1.9e-09 2.5e-09 3e-09 3.6e-09 37
1e-10 5e-10 9e-10 1.4000000000000001e-09 1.9e-09 2.3e-09 2.7e-09 3.2e-09 37
1e-10 5e-10 9e-10 1.4000000000000001e-09 1.9e-09 2.3e-09 2.7e-09 3.2e-09 37
1e-10 5e-10 9e-10 1.4000000000000001e-09 1.9e-09 2.3e-09 2.7e-09 3.2e-09 37
1e-10 5e-10 0.3 1.4000000000000001e-09 1.9e-09 2.6e-09 2.7e-09 3.2e-09 38
1e-10 5e-10 9e-10 1.4000000000000001e-09 1.9e-09 2.3e-09 1.2193335494613372e-86 3.2e-09 37
1e-10 5e-10 9e-10 1.4000000000000001e-09 1.9e-09 2.3e-09 3.035359909189904e-166 3.2e-09 37
1e-10 5e-10 9e-10 1.4000000000000001e-09 1.9e-09 2.3e-09 2.7e-09 3.2e-09 37
1e-10 5e-10 9e-10 1.4000000000000001e-09 1.9e-09 2.3e-09 2.7e-09 3.2e-09 37
1e-10 5e-10 9e-10 1.4000000000000001e-09 1.9e-09 2.3e-09 2.7e-09 3.2e-09 37
1e-10 5e-10 9e-10 1.4000000000000001e-09 1.9e-09 2.3e-09 2.7e-09 3.2e-09 38
1e-10 5e-10 9e-10 1.8e-09 1.9e-09 2.3e-09 2.7e-09 3.2e-09 38
1e-10 8e-10 9e-10 1.4000000000000001e-09 1.9e-09 2.3e-09 2.7e-09 3.2e-09 38
2e-10 8e-10 9e-10 1.4000000000000001e-09 1.9e-09 2.3e-09 2.7e-09 3.2e-09 38
1e-10 8e-10 9e-10 1.4000000000000001e-09 1.9e-09 2.3e-09 2.7e-09 3.2e-09 37
1e-10 5e-10 9e-10 1.4000000000000001e-09 1.9e-09 2.3e-09 2.7e-09 3.3e-09 38
1e-10 5e-10 9e-10 1.4000000000000001e-09 1.9e-09 2.3e-09 2.7e-09 3.2e-09 37
1e-10 5e-10 9e-10 1.4000000000000001e-09 1.9e-09 2.3e-09 2.7e-09 3.2e-09 37
1e-10 5e-10 9e-10 1.4000000000000001e-09 1.9e-09 2.3e-09 2.7e-09 3.2e-09 38
2e-10 5e-10 9e-10 1.4000000000000001e-09 1.9e-09 2.3e-09 2.7e-09 3.2e-09 37
1e-10 5e-10 9e-10 1.4000000000000001e-09 1.9e-09 2.3e-09 2.7e-09 3.2e-09 37
1e-10 5e-10 9e-10 1.4000000000000001e-09 1.9e-09 2.3e-09 2.7e-09 3.2e-09 37
1e-10 5e-10 9e-10 1.4000000000000001e-09 1.9e-09 2.3e-09 2.7e-09 3.2e-09 38
1e-10 5e-10 9e-10 1.4000000000000001e-09 1.9e-09 2.3e-09 2.7e-09 3.2e-09 37
3.9470263903234535e-166 8e-10 9e-10 1.4000000000000001e-09 1.9e-09 2.3e-09 2.7e-09 3.2e-09 38
1e-10 6e-10 9e-10 1.4000000000000001e-09 1.9e-09 2.3e-09 2.7e-09 3.2e-09 38
1e-10 5e-10 9e-10 1.4000000000000001e-09 1.9e-09 2.3e-09 2.7e-09 3.3e-09 38
1e-10 6e-10 9e-10 1.4000000000000001e-09 1.9e-09 2.3e-09 3e-09 3.2e-09 37
2e-10 8e-10 9e-10 1.4000000000000001e-09 1.9e-09 2.3e-09 2.7e-09 3.2e-09 38
1e-10 8e-10 9e-10 1.4000000000000001e-09 1.9e-09 2.3e-09 2.7e-09 3.2e-09 38
1e-10 5e-10 9e-10 1.4000000000000001e-09 1.9e-09 2.3e-09 2.7e-09 3.2e-09 38
1e-10 8e-10 9e-10 1.4000000000000001e-09 1.9e-09 2.3e-09 2.7e-09 3.2e-09 37
1e-10 5e-10 9e-10 1.4000000000000001e-09 1.9e-09 2.3e-09 2.7e-09 3.2e-09 37
1e-10 5e-10 9e-10 1.4000000000000001e-09 1.9e-09 2.3e-09 2.7e-09 3.2e-09 38
3.9470263903234535e-166 5e-10 9e-10 1.4000000000000001e-09 1.9e-09 2.3e-09 2.7e-09 3.2e-09 37
1e-10 5e-10 9e-10 1.4000000000000001e-09 1.9e-09 2.3e-09 2.7e-09 3.2e-09 37
1e-10 5e-10 9e-10 1.4000000000000001e-09 1.9e-09 2.3e-09 2.7e-09 3.2e-09 37
4e-10 5e-10 9e-10 1.4000000000000001e-09 1.9e-09 2.3e-09 2.7e-09 3.2e-09 37
1e-10 6e-10 9e-10 1.4000000000000001e-09 1.9e-09 2.3e-09 2.7e-09 3.2e-09 37
1e-10 5e-10 9e-10 1.4000000000000001e-09 1.9e-09 2.3e-09 2.7e-09 3.2e-09 37
1e-10 8e-10 9e-10 1.4000000000000001e-09 1.9e-09 2.3e-09 2.7e-09 3.2e-09 37
1e-10 5e-10 9e-10 1.8e-09 1.9e-09 2.6e-09 2.7e-09 3.2e-09 38
1e-10 5e-10 9e-10 1.4000000000000001e-09 1.9e-09 2.3e-09 2.7e-09 3.2e-09 37
1e-10 8e-10 9e-10 1.4000000000000001e-09 1.9e-09 2.3e-09 2.7e-09 3.2e-09 38
1e-10 5e-10 9e-10 1.4000000000000001e-09 1.9e-09 2.3e-09 2.7e-09 3.2e-09 37
1e-10 0.21 9e-10 1.4000000000000001e-09 1.9e-09 2.3e-09 2.7e-09 3.2e-09 37
1e-10 5e-10 9e-10 1.4000000000000001e-09 1.9e-09 2.3e-09 2.7e-09 3.2e-09 37
1e-10 8e-10 9e-10 1.4000000000000001e-09 1.9e-09 2.3e-09 2.7e-09 3.6e-09 37
2e-10 5e-10 9e-10 1.4000000000000001e-09 0.63 2.3e-09 2.7e-09 3.2e-09 37
1e-10 5e-10 9e-10 1.6e-09 1.9e-09 2.3e-09 2.7e-09 3.2e-09 37
1e-10 5e-10 9e-10 1.4000000000000001e-09 1.9e-09 2.3e-09 2.7e-09 3.2e-09 37
1e-10 5e-10 9e-10 1.4000000000000001e-09 1.9e-09 2.3e-09 2.7e-09 3.2e-09 37
4e-10 5e-10 9e-10 1.4000000000000001e-09 1.9e-09 2.6e-09 2.7e-09 3.2e-09 38
1e-10 5e-10 9e-10 1.4000000000000001e-09 1.9e-09 2.3e-09 2.7e-09 3.2e-09 37
4e-10 5e-10 9e-10 1.4000000000000001e-09 1.9e-09 2.3e-09 2.7e-09 3.2e-09 38
1e-10 5e-10 9e-10 1.4000000000000001e-09 1.9e-09 2.3e-09 2.7e-09 3.2e-09 37
1e-10 8e-10 9e-10 1.4000000000000001e-09 1.9e-09 2.3e-09 2.7e-09 3.2e-09 38
1e-10 5e-10 9e-10 1.4000000000000001e-09 1.9e-09 2.3e-09 2.7e-09 3.2e-09 37
1e-10 6e-10 9e-10 1.4000000000000001e-09 1.9e-09 2.3e-09 2.7e-09 3.2e-09 38
1e-10 5e-10 9e-10 1.8e-09 1.9e-09 2.3e-09 2.7e-09 3.2e-09 37
1e-10 5e-10 9e-10 1.4000000000000001e-09 1.9e-09 2.3e-09 2.7e-09 3.2e-09 37
1e-10 5e-10 9e-10 1.4000000000000001e-09 1.9e-09 2.3e-09 2.7e-09 3.2e-09 38
2e-10 5e-10 0.3 1.4000000000000001e-09 1.9e-09 2.3e-09 2.7e-09 3.2e-09 38
1e-10 5e-10 9e-10 1.4000000000000001e-09 1.9e-09 2.3e-09 2.7e-09 3.6e-09 37
1e-10 5e-10 9e-10 1.4000000000000001e-09 1.9e-09 2.3e-09 2.7e-09 3.3e-09 37
1e-10 5e-10 9e-10 1.4000000000000001e-09 1.9e-09 2.3e-09 3e-09 3.2e-09 37
1e-10 5e-10 9e-10 1.4000000000000001e-09 1.9e-09 2.3e-09 2.7e-09 3.6e-09 37
1e-10 5e-10 9e-10 1.4000000000000001e-09 1.9e-09 2.3e-09 2.7e-09 3.2e-09 37
3.9470263903234535e-166 8e-10 9e-10 1.4000000000000001e-09 1.9e-09 2.3e-09 2.7e-09 3.2e-09 38
1e-10 5e-10 9e-10 1.4000000000000001e-09 1.9e-09 2.3e-09 2.7e-09 3.2e-09 37
1e-10 5e-10 9e-10 1.4000000000000001e-09 1.9e-09 2.3e-09 2.7e-09 3.2e-09 37
1e-10 8e-10 9e-10 1.4000000000000001e-09 1.9e-09 2.3e-09 2.7e-09 3.2e-09 38
1e-10 8e-10 9e-10 1.4000000000000001e-09 1.9e-09 2.3e-09 2.7e-09 3.6e-09 38
1e-10 5e-10 9e-10 1.4000000000000001e-09 1.9e-09 2.3e-09 2.7e-09 3.2e-09 37
1e-10 5e-10 9e-10 1.4000000000000001e-09 1.9e-09 2.3e-09 2.7e-09 3.2e-09 37
1e-10 5e-10 9e-10 1.4000000000000001e-09 1.9e-09 2.3e-09 2.7e-09 3.2e-09 37
1e-10 5e-10 9e-10 1.4000000000000001e-09 1.9e-09 2.3e-09 2.7e-09 3.2e-09 37
1e-10 5e-10 9e-10 1.4000000000000001e-09 1.9e-09 2.3e-09 2.7e-09 3.2e-09 37
1e-10 5e-10 9e-10 1.4000000000000001e-09 1.9e-09 2.3e-09 2.7e-09 3.2e-09 38
1e-10 5e-10 9e-10 1.4000000000000001e-09 1.9e-09 2.3e-09 2.7e-09 3.2e-09 37
3.9470263903234535e-166 5e-10 9e-10 1.8e-09 1.9e-09 2.3e-09 2.7e-09 3.6e-09 37
1e-10 6e-10 9e-10 1.4000000000000001e-09 1.9e-09 2.3e-09 2.7e-09 3.6e-09 37
1e-10 6e-10 9e-10 1.4000000000000001e-09 8.409196892836808e-87 2.3e-09 2.7e-09 3.2e-09 38
1e-10 8e-10 9e-10 1.4000000000000001e-09 1.9e-09 2.3e-09 2.7e-09 3.2e-09 38
1e-10 6e-10 9e-10 1.4000000000000001e-09 1.9e-09 2.3e-09 2.7e-09 3.3e-09 38
1e-10 8e-10 9e-10 1.4000000000000001e-09 1.9e-09 2.3e-09 2.7e-09 3.2e-09 37
2e-10 6e-10 9e-10 1.4000000000000001e-09 1.9e-09 2.3e-09 2.7e-09 1.02 38
1e-10 8e-10 9e-10 1.4000000000000001e-09 1.9e-09 2.3e-09 3e-09 1.02 38
1e-10 5e-10 9e-10 1.4000000000000001e-09 1.9e-09 2.3e-09 2.7e-09 3.2e-09 37
1e-10 0.21 9e-10 1.4000000000000001e-09 1.9e-09 2.3e-09 2.7e-09 1.270124069693816e-168 38
3.9470263903234535e-166 5e-10 9e-10 1.4000000000000001e-09 1.9e-09 2.3e-09 2.7e-09 3.2e-09 37
1e-10 5e-10 0.3 1.4000000000000001e-09 1.9e-09 2.3e-09 2.7e-09 3.2e-09 37
1e-10 5e-10 9e-10 1.4000000000000001e-09 1.9e-09 2.3e-09 2.7e-09 3.2e-09 38
1e-10 5e-10 9e-10 1.5e-09 1.9e-09 2.3e-09 2.7e-09 3.2e-09 37
1e-10 8e-10 0.3 1.4000000000000001e-09 1.9e-09 2.3e-09 3.035359909189904e-166 3.2e-09 37
1e-10 5e-10 9e-10 1.4000000000000001e-09 1.9e-09 2.3e-09 2.7e-09 3.3e-09 37
1e-10 8e-10 9e-10 1.4000000000000001e-09 1.9e-09 2.3e-09 2.7e-09 3.6e-09 38
1e-10 5e-10 9e-10 1.4000000000000001e-09 1.9e-09 2.3e-09 2.7e-09 3.2e-09 37
1e-10 6e-10 9e-10 1.4000000000000001e-09 1.9e-09 2.3e-09 2.7e-09 3.2e-09 38
1e-10 5e-10 9e-10 1.4000000000000001e-09 1.9e-09 2.3e-09 2.7e-09 3.2e-09 37
1e-10 5e-10 9e-10 1.4000000000000001e-09 1.9e-09 2.3e-09 2.7e-09 3.2e-09 37
4e-10 5e-10 9e-10 1.4000000000000001e-09 1.9e-09 2.3e-09 2.7e-09 3.3e-09 37
1e-10 5e-10 9e-10 1.7000000000000001e-09 1.9e-09 2.3e-09 2.7e-09 3.2e-09 37
1e-10 5e-10 9e-10 1.4000000000000001e-09 1.9e-09 2.3e-09 2.7e-09 3.2e-09 37
2e-10 5e-10 9e-10 1.4000000000000001e-09 1.9e-09 2.3e-09 2.7e-09 3.2e-09 38
1e-10 5e-10 9e-10 1.4000000000000001e-09 1.9e-09 2.3e-09 2.7e-09 3.2e-09 38
1e-10 5e-10 9e-10 1.4000000000000001e-09 1.9e-09 2.3e-09 2.7e-09 3.2e-09 37
1e-10 5e-10 9e-10 1.4000000000000001e-09 1.9e-09 2.3e-09 2.7e-09 3.2e-09 37
1e-10 8e-10 9e-10 1.4000000000000001e-09 1.9e-09 2.3e-09 2.7e-09 3.2e-09 38
1e-10 5e-10 9e-10 1.4000000000000001e-09 1.9e-09 2.3e-09 2.7e-09 3.2e-09 37
1e-10 5e-10 9e-10 1.4000000000000001e-09 1.9e-09 2.3e-09 3e-09 3.2e-09 38
1e-10 5e-10 9e-10 1.4000000000000001e-09 1.9e-09 2.3e-09 2.8000000000000003e-09 3.2e-09 38
1e-10 5e-10 9e-10 1.4000000000000001e-09 1.9e-09 2.3e-09 2.7e-09 3.2e-09 37
1e-10 5e-10 9e-10 1.4000000000000001e-09 1.9e-09 2.3e-09 2.7e-09 3.2e-09 37
1e-10 5e-10 9e-10 1.4000000000000001e-09 1.9e-09 2.3e-09 2.7e-09 3.2e-09 37
1e-10 5e-10 9e-10 1.4000000000000001e-09 1.9e-09 2.3e-09 2.7e-09 3.2e-09 37
1e-10 5e-10 9e-10 1.4000000000000001e-09 1.9e-09 2.3e-09 2.7e-09 3.2e-09 37
2e-10 5e-10 9e-10 1.4000000000000001e-09 0.63 2.3e-09 2.7e-09 3.2e-09 37
1e-10 5e-10 9e-10 1.4000000000000001e-09 1.9e-09 2.3e-09 2.7e-09 3.2e-09 37
1e-10 5e-10 9e-10 1.4000000000000001e-09 1.9e-09 2.3e-09 2.7e-09 3.3e-09 37
1e-10 5e-10 9e-10 1.4000000000000001e-09 1.9e-09 2.3e-09 2.7e-09 3.3e-09 37
1e-10 5e-10 9e-10 1.4000000000000001e-09 1.9e-09 2.3e-09 2.7e-09 3.2e-09 37
1e-10 8e-10 9e-10 1.4000000000000001e-09 1.9e-09 2.3e-09 2.7e-09 3.2e-09 38
1e-10 5e-10 9e-10 1.4000000000000001e-09 1.9e-09 2.3e-09 3.035359909189904e-166 3.2e-09 37
1e-10 5e-10 9e-10 1.4000000000000001e-09 1.9e-09 2.3e-09 2.7e-09 3.2e-09 37
1e-10 5e-10 9e-10 1.4000000000000001e-09 1.9e-09 2.3e-09 2.7e-09 3.3e-09 37
1e-10 5e-10 9e-10 1.4000000000000001e-09 1.9e-09 2.3e-09 2.7e-09 3.2e-09 37
1e-10 8e-10 9e-10 1.4000000000000001e-09 1.9e-09 2.3e-09 2.7e-09 3.2e-09 38
3.9470263903234535e-166 5e-10 9e-10 1.4000000000000001e-09 1.9e-09 2.3e-09 2.7e-09 3.6e-09 38
1e-10 5e-10 9e-10 1.4000000000000001e-09 1.9e-09 2.3e-09 2.7e-09 3.2e-09 38
1e-10 5e-10 9e-10 1.4000000000000001e-09 1.9e-09 2.3e-09 2.7e-09 3.2e-09 37
4e-10 5e-10 9e-10 1.4000000000000001e-09 1.9e-09 2.3e-09 2.7e-09 3.2e-09 37
1e-10 5e-10 9e-10 1.4000000000000001e-09 1.9e-09 2.3e-09 2.7e-09 3.2e-09 37
1e-10 5e-10 9e-10 1.4000000000000001e-09 1.9e-09 2.3e-09 2.7e-09 3.2e-09 37
1e-10 5e-10 9e-10 1.4000000000000001e-09 1.9e-09 2.3e-09 3e-09 3.2e-09 38
1e-10 5e-10 9e-10 1.4000000000000001e-09 1.9e-09 2.3e-09 2.7e-09 3.6e-09 37
1e-10 5e-10 0.3 1.6e-09 1.9e-09 2.3e-09 3e-09 3.2e-09 38
4e-10 5e-10 9e-10 1.4000000000000001e-09 1.9e-09 2.3e-09 2.7e-09 3.2e-09 38
1e-10 5e-10 9e-10 1.4000000000000001e-09 1.9e-09 2.3e-09 2.7e-09 3.2e-09 38
1e-10 5e-10 9e-10 1.4000000000000001e-09 1.9e-09 2.3e-09 3.035359909189904e-166 3.2e-09 37
1e-10 5e-10 9e-10 1.4000000000000001e-09 1.9e-09 2.3e-09 2.7e-09 3.2e-09 37
1e-10 5e-10 9e-10 1.4000000000000001e-09 1.9e-09 2.3e-09 2.7e-09 3.2e-09 38
1e-10 8e-10 9e-10 1.4000000000000001e-09 1.9e-09 2.3e-09 2.7e-09 3.2e-09 37
1e-10 5e-10 9e-10 1.4000000000000001e-09 1.9e-09 2.3e-09 2.7e-09 3.2e-09 37
1e-10 5e-10 9e-10 1.4000000000000001e-09 1.9e-09 2.3e-09 2.7e-09 3.2e-09 37
1e-10 5e-10 9e-10 1.4000000000000001e-09 1.9e-09 2.3e-09 2.7e-09 3.2e-09 37
1e-10 5e-10 9e-10 1.4000000000000001e-09 1.9e-09 2.3e-09 2.7e-09 3.2e-09 37
3.9470263903234535e-166 6e-10 9e-10 1.8e-09 1.9e-09 2.3e-09 3e-09 3.3e-09 38
1e-10 8e-10 9e-10 1.4000000000000001e-09 1.9e-09 2.3e-09 2.7e-09 3.3e-09 38
1e-10 5e-10 9e-10 1.4000000000000001e-09 1.9e-09 2.3e-09 2.7e-09 3.2e-09 37
1e-10 8e-10 9e-10 1.7000000000000001e-09 2.2000000000000003e-09 2.3e-09 2.7e-09 3.2e-09 37
1e-10 5e-10 9e-10 1.4000000000000001e-09 1.9e-09 2.5e-09 2.7e-09 3.2e-09 38
1e-10 5e-10 9e-10 1.4000000000000001e-09 1.9e-09 2.3e-09 2.7e-09 3.2e-09 37
1e-10 5e-10 9e-10 1.4000000000000001e-09 1.9e-09 2.3e-09 2.7e-09 3.2e-09 38
1e-10 5e-10 9e-10 1.4000000000000001e-09 1.9e-09 2.3e-09 2.7e-09 3.2e-09 37
1e-10 5e-10 9e-10 1.4000000000000001e-09 1.9e-09 2.3e-09 2.7e-09 3.2e-09 37
1e-10 5e-10 9e-10 1.4000000000000001e-09 1.9e-09 2.3e-09 2.7e-09 3.2e-09 37
1e-10 5e-10 9e-10 1.4000000000000001e-09 1.9e-09 2.3e-09 2.7e-09 3.2e-09 37
1e-10 8e-10 9e-10 1.4000000000000001e-09 1.9e-09 2.3e-09 2.7e-09 3.2e-09 38
1e-10 5e-10 9e-10 1.4000000000000001e-09 1.9e-09 2.3e-09 2.7e-09 3.2e-09 37
1e-10 5e-10 9e-10 1.4000000000000001e-09 1.9e-09 2.3e-09 2.7e-09 3.2e-09 37
1e-10 8e-10 9e-10 1.4000000000000001e-09 1.9e-09 2.6e-09 2.7e-09 3.2e-09 38
1e-10 5e-10 9e-10 1.4000000000000001e-09 1.9e-09 2.3e-09 2.7e-09 3.2e-09 37
1e-10 8e-10 9e-10 1.4000000000000001e-09 1.9e-09 2.3e-09 2.7e-09 3.2e-09 38
1e-10 8e-10 9e-10 1.4000000000000001e-09 1.9e-09 2.3e-09 2.7e-09 3.2e-09 38
1e-10 5e-10 9e-10 1.4000000000000001e-09 1.9e-09 2.3e-09 2.7e-09 3.2e-09 37
1e-10 5e-10 9e-10 1.4000000000000001e-09 1.9e-09 2.3e-09 2.7e-09 3.3e-09 38
1e-10 5e-10 9e-10 1.4000000000000001e-09 1.9e-09 2.3e-09 2.7e-09 3.2e-09 37
1e-10 5e-10 9e-10 1.4000000000000001e-09 0.63 2.3e-09 2.7e-09 3.2e-09 37
1e-10 5e-10 9e-10 1.4000000000000001e-09 1.9e-09 2.3e-09 2.7e-09 3.2e-09 37
2e-10 8e-10 9e-10 1.4000000000000001e-09 1.9e-09 2.3e-09 2.7e-09 3.3e-09 38
1e-10 8e-10 9e-10 1.4000000000000001e-09 1.9e-09 2.3e-09 2.7e-09 3.2e-09 38
4e-10 5e-10 9e-10 1.4000000000000001e-09 1.9e-09 2.6e-09 2.7e-09 3.2e-09 38
1e-10 5e-10 9e-10 1.4000000000000001e-09 1.9e-09 2.3e-09 2.7e-09 3.2e-09 37
1e-10 5e-10 9e-10 1.4000000000000001e-09 1.9e-09 2.3e-09 2.7e-09 3.2e-09 37
1e-10 8e-10 0.32999999999999996 1.4000000000000001e-09 1.9e-09 2.3e-09 2.7e-09 3.3e-09 38
1e-10 5e-10 9e-10 1.4000000000000001e-09 1.9e-09 2.3e-09 2.7e-09 3.3e-09 37
1e-10 5e-10 9e-10 1.4000000000000001e-09 1.9e-09 2.3e-09 2.7e-09 3.2e-09 37
1e-10 5e-10 9e-10 1.4000000000000001e-09 1.9e-09 2.3e-09 2.7e-09 3.2e-09 37
1e-10 8e-10 9e-10 1.4000000000000001e-09 1.9e-09 2.3e-09 2.7e-09 3.2e-09 38
1e-10 5e-10 9e-10 1.4000000000000001e-09 1.9e-09 2.3e-09 2.7e-09 3.2e-09 37
1e-10 8e-10 9e-10 1.4000000000000001e-09 1.9e-09 2.3e-09 2.7e-09 3.2e-09 38
1e-10 5e-10 9e-10 1.4000000000000001e-09 1.9e-09 2.3e-09 2.7e-09 3.2e-09 38
1e-10 5e-10 9e-10 1.4000000000000001e-09 1.9e-09 2.3e-09 2.7e-09 3.2e-09 37
1e-10 5e-10 9e-10 1.8e-09 1.9e-09 2.3e-09 1.2193335494613372e-86 3.2e-09 38
1e-10 8e-10 9e-10 1.4000000000000001e-09 1.9e-09 2.3e-09 3e-09 1.02 38
1e-10 5e-10 9e-10 1.4000000000000001e-09 1.9e-09 2.3e-09 2.7e-09 3.2e-09 37
1e-10 5e-10 9e-10 1.4000000000000001e-09 1.9e-09 2.3e-09 1.2193335494613372e-86 3.2e-09 38
1e-10 6e-10 9e-10 1.4000000000000001e-09 1.9e-09 2.3e-09 2.7e-09 3.2e-09 37
1e-10 5e-10 9e-10 1.4000000000000001e-09 1.9e-09 2.3e-09 2.7e-09 3.2e-09 37
1e-10 5e-10 9e-10 1.4000000000000001e-09 1.9e-09 2.3e-09 2.7e-09 3.2e-09 37
1e-10 5e-10 9e-10 1.8e-09 1.9e-09 2.6e-09 2.7e-09 3.2e-09 38
2e-10 5e-10 9e-10 1.4000000000000001e-09 1.9e-09 2.3e-09 2.7e-09 3.2e-09 37
1e-10 5e-10 9e-10 1.4000000000000001e-09 1.9e-09 2.3e-09 2.7e-09 3.2e-09 38
1e-10 5e-10 9e-10 1.4000000000000001e-09 1.9e-09 2.3e-09 2.7e-09 3.2e-09 37
1e-10 5e-10 9e-10 1.4000000000000001e-09 1.9e-09 2.3e-09 2.7e-09 3.2e-09 37
1e-10 8e-10 9e-10 1.4000000000000001e-09 1.9e-09 2.3e-09 2.7e-09 3.6e-09 38
1e-10 8e-10 9e-10 1.4000000000000001e-09 1.9e-09 2.3e-09 2.7e-09 3.3e-09 38
1e-10 5e-10 9e-10 1.4000000000000001e-09 1.9e-09 2.3e-09 2.7e-09 3.2e-09 38
2e-10 5e-10 9e-10 1.4000000000000001e-09 1.9e-09 2.3e-09 2.7e-09 3.2e-09 38
1e-10 5e-10 9e-10 1.4000000000000001e-09 1.9e-09 2.3e-09 2.7e-09 3.2e-09 37
1e-10 5e-10 9e-10 1.4000000000000001e-09 1.9e-09 2.3e-09 2.7e-09 3.3e-09 38
1e-10 5e-10 9e-10 1.4000000000000001e-09 1.9e-09 2.3e-09 2.7e-09 3.2e-09 37
1e-10 5e-10 9e-10 1.4000000000000001e-09 1.9e-09 2.3e-09 2.7e-09 3.2e-09 37
1e-10 5e-10 9e-10 1.4000000000000001e-09 1.9e-09 2.3e-09 2.7e-09 3.2e-09 37
1e-10 5e-10 9e-10 1.4000000000000001e-09 1.9e-09 2.3e-09 2.7e-09 3.2e-09 37
1e-10 8e-10 9e-10 1.4000000000000001e-09 1.9e-09 2.3e-09 2.7e-09 3.3e-09 37
1e-10 8e-10 9e-10 1.4000000000000001e-09 1.9e-09 2.3e-09 2.7e-09 3.2e-09 38
1e-10 6e-10 9e-10 1.4000000000000001e-09 1.9e-09 2.3e-09 2.7e-09 3.2e-09 38
1e-10 6e-10 9e-10 1.5e-09 1.9e-09 2.3e-09 2.7e-09 3.2e-09 37
1e-10 5e-10 9e-10 1.4000000000000001e-09 1.9e-09 2.3e-09 2.7e-09 3.2e-09 37
1e-10 5e-10 9e-10 1.4000000000000001e-09 1.9e-09 2.3e-09 2.7e-09 3.2e-09 37
1e-10 5e-10 9e-10 1.4000000000000001e-09 1.9e-09 2.3e-09 2.7e-09 3.2e-09 37
1e-10 8e-10 9e-10 1.7000000000000001e-09 1.9e-09 2.3e-09 3e-09 3.2e-09 38
1e-10 5e-10 9e-10 1.4000000000000001e-09 1.9e-09 2.3e-09 3.035359909189904e-166 3.2e-09 37
1e-10 5e-10 9e-10 1.4000000000000001e-09 1.9e-09 2.3e-09 2.7e-09 3.2e-09 37
1e-10 5e-10 9e-10 1.4000000000000001e-09 1.9e-09 2.3e-09 2.7e-09 3.2e-09 37
1e-10 5e-10 9e-10 1.4000000000000001e-09 1.9e-09 2.3e-09 2.7e-09 3.2e-09 37
1e-10 5e-10 9e-10 1.4000000000000001e-09 1.9e-09 2.3e-09 2.7e-09 3.2e-09 37
1e-10 8e-10 9e-10 1.4000000000000001e-09 8.409196892836808e-87 2.3e-09 2.7e-09 3.2e-09 37
1e-10 5e-10 9e-10 1.4000000000000001e-09 1.9e-09 2.3e-09 2.7e-09 3.2e-09 37
1e-10 8e-10 9e-10 1.4000000000000001e-09 1.9e-09 2.3e-09 2.7e-09 3.2e-09 38
1e-10 5e-10 9e-10 1.4000000000000001e-09 1.9e-09 2.3e-09 2.7e-09 3.2e-09 37
1e-10 8e-10 9e-10 1.4000000000000001e-09 1.9e-09 2.3e-09 2.7e-09 3.2e-09 38
2e-10 8e-10 9e-10 1.4000000000000001e-09 1.9e-09 2.3e-09 3e-09 3.2e-09 38
4e-10 5e-10 9e-10 1.5e-09 1.9e-09 2.6e-09 2.7e-09 3.2e-09 38
1e-10 6e-10 9e-10 1.4000000000000001e-09 1.9e-09 2.3e-09 3e-09 3.2e-09 37
1e-10 8e-10 9e-10 1.8e-09 1.9e-09 2.3e-09 2.7e-09 3.6e-09 38
1e-10 5e-10 9e-10 1.4000000000000001e-09 1.9e-09 2.3e-09 2.7e-09 3.2e-09 37
1e-10 5e-10 9e-10 1.4000000000000001e-09 1.9e-09 2.3e-09 2.7e-09 3.2e-09 37
1e-10 8e-10 9e-10 1.4000000000000001e-09 1.9e-09 2.3e-09 2.7e-09 3.2e-09 38
1e-10 5e-10 9e-10 1.7000000000000001e-09 1.9e-09 2.3e-09 2.7e-09 3.2e-09 38
1e-10 5e-10 9e-10 1.4000000000000001e-09 1.9e-09 2.3e-09 2.7e-09 3.2e-09 38
1e-10 0.21 9e-10 1.4000000000000001e-09 1.9e-09 2.3e-09 2.7e-09 3.2e-09 38
1e-10 6e-10 9e-10 1.4000000000000001e-09 1.9e-09 2.3e-09 2.7e-09 3.2e-09 37
1e-10 6e-10 9e-10 1.4000000000000001e-09 1.9e-09 2.3e-09 2.7e-09 3.6e-09 38
1e-10 8e-10 9e-10 1.4000000000000001e-09 1.9e-09 2.3e-09 2.7e-09 3.2e-09 38
1e-10 5e-10 9e-10 1.4000000000000001e-09 1.9e-09 2.3e-09 2.7e-09 3.2e-09 37
1e-10 8e-10 9e-10 1.4000000000000001e-09 1.9e-09 2.3e-09 2.7e-09 3.6e-09 37
1e-10 5e-10 9e-10 1.4000000000000001e-09 1.9e-09 2.3e-09 2.7e-09 3.2e-09 37
1e-10 5e-10 9e-10 1.4000000000000001e-09 1.9e-09 2.3e-09 3e-09 3.2e-09 38
1e-10 5e-10 9e-10 1.6e-09 1.9e-09 2.5e-09 3e-09 3.2e-09 37
1e-10 6e-10 9e-10 1.4000000000000001e-09 1.9e-09 2.3e-09 2.7e-09 3.6e-09 38
1e-10 5e-10 9e-10 1.4000000000000001e-09 1.9e-09 2.3e-09 2.7e-09 3.2e-09 38
1e-10 5e-10 9e-10 1.4000000000000001e-09 1.9e-09 2.3e-09 2.7e-09 3.2e-09 37
1e-10 5e-10 9e-10 1.4000000000000001e-09 1.9e-09 2.3e-09 2.7e-09 3.2e-09 37
3.9470263903234535e-166 8e-10 9e-10 1.4000000000000001e-09 1.9e-09 2.3e-09 2.7e-09 3.2e-09 37
1e-10 6e-10 9e-10 1.5e-09 1.9e-09 2.3e-09 2.7e-09 3.2e-09 37
1e-10 5e-10 9e-10 1.4000000000000001e-09 1.9e-09 2.3e-09 2.7e-09 3.2e-09 37
4e-10 5e-10 9e-10 1.4000000000000001e-09 1.9e-09 2.6e-09 2.7e-09 3.2e-09 38
1e-10 5e-10 9e-10 1.5e-09 1.9e-09 2.3e-09 2.7e-09 3.2e-09 37
1e-10 5e-10 9e-10 1.4000000000000001e-09 1.9e-09 2.3e-09 2.7e-09 3.2e-09 38
1e-10 8e-10 9e-10 1.7000000000000001e-09 1.9e-09 2.3e-09 2.7e-09 3.2e-09 38
1e-10 5e-10 9e-10 1.4000000000000001e-09 1.9e-09 2.3e-09 2.7e-09 3.2e-09 37
1e-10 6e-10 9e-10 1.4000000000000001e-09 1.9e-09 2.3e-09 2.7e-09 3.3e-09 38
1e-10 5e-10 9e-10 1.4000000000000001e-09 1.9e-09 2.3e-09 2.7e-09 3.2e-09 37
1e-10 5e-10 9e-10 1.4000000000000001e-09 1.9e-09 2.3e-09 2.7e-09 3.2e-09 37
1e-10 5e-10 9e-10 1.4000000000000001e-09 1.9e-09 2.3e-09 2.7e-09 3.2e-09 37
1e-10 8e-10 9e-10 1.4000000000000001e-09 1.9e-09 2.3e-09 1.2193335494613372e-86 3.2e-09 38
1e-10 5e-10 0.3 1.4000000000000001e-09 1.9e-09 2.3e-09 2.7e-09 3.2e-09 38
1e-10 5e-10 9e-10 1.4000000000000001e-09 1.9e-09 2.3e-09 2.7e-09 3.2e-09 37
1e-10 5e-10 9e-10 1.4000000000000001e-09 1.9e-09 2.3e-09 2.7e-09 3.2e-09 37
1e-10 8e-10 9e-10 1.4000000000000001e-09 1.9e-09 2.3e-09 2.7e-09 3.2e-09 38
1e-10 5e-10 9e-10 1.4000000000000001e-09 1.9e-09 2.3e-09 2.7e-09 3.2e-09 37
1e-10 8e-10 9e-10 1.4000000000000001e-09 1.9e-09 2.3e-09 2.7e-09 3.2e-09 38
1e-10 5e-10 9e-10 1.4000000000000001e-09 1.9e-09 2.3e-09 2.7e-09 3.2e-09 37
1e-10 8e-10 9e-10 1.4000000000000001e-09 1.9e-09 2.3e-09 2.7e-09 3.2e-09 38
1e-10 5e-10 9e-10 1.4000000000000001e-09 1.9e-09 2.3e-09 2.7e-09 3.2e-09 37
1e-10 5e-10 9e-10 1.4000000000000001e-09 1.9e-09 2.3e-09 2.7e-09 3.2e-09 37
1e-10 8e-10 9e-10 1.4000000000000001e-09 1.9e-09 2.3e-09 2.7e-09 3.2e-09 38
1e-10 5e-10 9e-10 1.4000000000000001e-09 1.9e-09 2.3e-09 2.7e-09 3.2e-09 38
1e-10 5e-10 9e-10 1.4000000000000001e-09 1.9e-09 2.3e-09 2.7e-09 3.2e-09 38
1e-10 5e-10 9e-10 1.4000000000000001e-09 1.9e-09 2.3e-09 2.7e-09 3.2e-09 37
1e-10 8e-10 9e-10 1.4000000000000001e-09 1.9e-09 2.3e-09 2.7e-09 3.6e-09 37
1e-10 5e-10 9e-10 1.4000000000000001e-09 1.9e-09 2.3e-09 2.7e-09 3.2e-09 37
1e-10 5e-10 9e-10 1.4000000000000001e-09 1.9e-09 2.3e-09 2.7e-09 3.3e-09 37
1e-10 5e-10 9e-10 1.4000000000000001e-09 1.9e-09 2.3e-09 2.7e-09 3.2e-09 37
3.9470263903234535e-166 5e-10 9e-10 1.4000000000000001e-09 1.9e-09 2.3e-09 2.7e-09 3.6e-09 37
1e-10 6e-10 9e-10 1.4000000000000001e-09 1.9e-09 2.3e-09 2.7e-09 3.2e-09 37
1e-10 5e-10 9e-10 1.4000000000000001e-09 1.9e-09 2.3e-09 2.7e-09 3.2e-09 37
1e-10 8e-10 9e-10 1.4000000000000001e-09 1.9e-09 2.3e-09 2.7e-09 3.2e-09 37
1e-10 5e-10 9e-10 1.4000000000000001e-09 1.9e-09 2.3e-09 2.7e-09 3.2e-09 37
1e-10 5e-10 9e-10 1.4000000000000001e-09 1.9e-09 2.3e-09 2.7e-09 3.2e-09 37
1e-10 5e-10 9e-10 1.4000000000000001e-09 1.9e-09 2.3e-09 2.7e-09 3.2e-09 37
3.9470263903234535e-166 5e-10 0.3 1.4000000000000001e-09 1.9e-09 2.3e-09 3e-09 3.2e-09 37
1e-10 5e-10 9e-10 1.8e-09 1.9e-09 2.3e-09 2.7e-09 3.2e-09 37
1e-10 8e-10 9e-10 1.4000000000000001e-09 1.9e-09 2.3e-09 2.7e-09 3.2e-09 38
1e-10 0.21 9e-10 1.7000000000000001e-09 1.9e-09 2.3e-09 2.7e-09 3.2e-09 38
1e-10 5e-10 9e-10 1.4000000000000001e-09 1.9e-09 2.3e-09 2.7e-09 3.2e-09 37
1e-10 8e-10 9e-10 1.4000000000000001e-09 1.9e-09 2.3e-09 2.7e-09 3.2e-09 38
2e-10 5e-10 9e-10 1.4000000000000001e-09 1.9e-09 2.3e-09 2.7e-09 3.2e-09 38
2e-10 5e-10 9e-10 1.4000000000000001e-09 1.9e-09 2.3e-09 2.7e-09 3.2e-09 38
1e-10 5e-10 9e-10 1.4000000000000001e-09 1.9e-09 2.3e-09 2.7e-09 3.2e-09 38
1e-10 5e-10 9e-10 1.4000000000000001e-09 1.9e-09 2.3e-09 2.7e-09 3.2e-09 37
1e-10 5e-10 9e-10 1.4000000000000001e-09 1.9e-09 2.3e-09 2.7e-09 3.2e-09 37
1e-10 5e-10 9e-10 1.4000000000000001e-09 1.9e-09 2.3e-09 2.7e-09 3.2e-09 37
1e-10 5e-10 9e-10 1.4000000000000001e-09 1.9e-09 2.3e-09 2.7e-09 3.2e-09 37
1e-10 5e-10 9e-10 1.4000000000000001e-09 1.9e-09 2.3e-09 2.7e-09 3.2e-09 37
1e-10 5e-10 9e-10 1.4000000000000001e-09 1.9e-09 2.3e-09 1.2193335494613372e-86 3.2e-09 38
1e-10 5e-10 9e-10 1.4000000000000001e-09 1.9e-09 2.3e-09 2.7e-09 3.2e-09 37
1e-10 8e-10 9e-10 1.4000000000000001e-09 1.9e-09 2.3e-09 2.7e-09 3.2e-09 38
1e-10 5e-10 9e-10 1.4000000000000001e-09 1.9e-09 2.3e-09 2.7e-09 3.2e-09 37
4e-10 5e-10 9e-10 1.4000000000000001e-09 1.9e-09 2.6e-09 2.7e-09 3.2e-09 38
1e-10 5e-10 9e-10 1.4000000000000001e-09 1.9e-09 2.3e-09 2.7e-09 3.3e-09 38
1e-10 5e-10 9e-10 1.4000000000000001e-09 1.9e-09 2.3e-09 2.7e-09 3.2e-09 37
1e-10 5e-10 9e-10 1.4000000000000001e-09 1.9e-09 2.3e-09 2.7e-09 3.2e-09 38
1e-10 5e-10 9e-10 1.4000000000000001e-09 1.9e-09 2.3e-09 2.7e-09 3.2e-09 37
1e-10 5e-10 9e-10 1.4000000000000001e-09 1.9e-09 2.3e-09 2.7e-09 3.2e-09 37
1e-10 5e-10 9e-10 1.7000000000000001e-09 1.9e-09 2.3e-09 2.7e-09 3.2e-09 37
1e-10 5e-10 9e-10 1.4000000000000001e-09 1.9e-09 2.3e-09 2.7e-09 3.2e-09 37
1e-10 8e-10 0.32999999999999996 1.7000000000000001e-09 1.9e-09 2.3e-09 2.7e-09 3.2e-09 38
1e-10 5e-10 9e-10 1.4000000000000001e-09 1.9e-09 2.3e-09 2.7e-09 3.3e-09 37
1e-10 8e-10 9e-10 1.4000000000000001e-09 1.9e-09 2.3e-09 2.7e-09 3.2e-09 38
1e-10 8e-10 9e-10 1.4000000000000001e-09 1.9e-09 2.3e-09 3.035359909189904e-166 3.2e-09 38
1e-10 5e-10 9e-10 1.4000000000000001e-09 1.9e-09 2.3e-09 2.7e-09 3.2e-09 37
1e-10 6e-10 9e-10 1.4000000000000001e-09 1.9e-09 2.3e-09 2.7e-09 3.6e-09 38
1e-10 5e-10 9e-10 1.4000000000000001e-09 1.9e-09 2.3e-09 2.7e-09 3.2e-09 37
1e-10 5e-10 9e-10 1.6e-09 1.9e-09 2.3e-09 2.7e-09 3.2e-09 37
1e-10 8e-10 9e-10 1.4000000000000001e-09 1.9e-09 2.3e-09 3.035359909189904e-166 3.2e-09 38
1e-10 6e-10 9e-10 1.4000000000000001e-09 1.9e-09 2.3e-09 2.7e-09 3.2e-09 37
1e-10 5e-10 9e-10 1.4000000000000001e-09 1.9e-09 2.3e-09 3e-09 3.2e-09 38
1e-10 8e-10 9e-10 1.4000000000000001e-09 1.9e-09 2.3e-09 2.7e-09 3.6e-09 37
1e-10 5e-10 9e-10 1.7000000000000001e-09 1.9e-09 2.3e-09 2.7e-09 3.2e-09 37
1e-10 5e-10 9e-10 1.4000000000000001e-09 1.9e-09 2.3e-09 2.7e-09 3.2e-09 38
1e-10 5e-10 9e-10 1.4000000000000001e-09 1.9e-09 2.3e-09 3.035359909189904e-166 3.2e-09 37
1e-10 8e-10 9e-10 1.4000000000000001e-09 1.9e-09 2.3e-09 2.7e-09 3.6e-09 38
1e-10 5e-10 9e-10 1.4000000000000001e-09 1.9e-09 2.3e-09 2.7e-09 3.2e-09 37
1e-10 5e-10 9e-10 1.4000000000000001e-09 1.9e-09 2.3e-09 2.7e-09 3.2e-09 37
1e-10 5e-10 9e-10 1.4000000000000001e-09 1.9e-09 2.3e-09 2.7e-09 3.2e-09 37
1e-10 5e-10 9e-10 1.4000000000000001e-09 1.9e-09 2.3e-09 2.7e-09 3.2e-09 37
1e-10 0.21 9e-10 1.4000000000000001e-09 1.9e-09 2.3e-09 2.7e-09 3.2e-09 37
1e-10 5e-10 9e-10 1.4000000000000001e-09 1.9e-09 2.3e-09 2.7e-09 3.2e-09 37
3.9470263903234535e-166 5e-10 9e-10 1.4000000000000001e-09 1.9e-09 2.3e-09 2.7e-09 3.2e-09 38
1e-10 5e-10 9e-10 1.4000000000000001e-09 1.9e-09 2.3e-09 2.7e-09 3.2e-09 37
1e-10 5e-10 9e-10 1.4000000000000001e-09 1.9e-09 2.3e-09 2.7e-09 3.2e-09 37
1e-10 5e-10 9e-10 1.4000000000000001e-09 1.9e-09 2.3e-09 2.7e-09 3.2e-09 37
1e-10 5e-10 9e-10 1.4000000000000001e-09 1.9e-09 2.3e-09 2.7e-09 3.2e-09 37
1e-10 5e-10 9e-10 1.4000000000000001e-09 1.9e-09 2.3e-09 2.7e-09 3.2e-09 37
1e-10 5e-10 0.3 1.4000000000000001e-09 1.9e-09 2.3e-09 2.7e-09 3.2e-09 37
1e-10 5e-10 9e-10 1.4000000000000001e-09 1.9e-09 2.3e-09 2.7e-09 3.2e-09 37
2e-10 5e-10 9e-10 1.7000000000000001e-09 1.9e-09 2.3e-09 2.7e-09 3.2e-09 37
1e-10 5e-10 9e-10 1.4000000000000001e-09 1.9e-09 2.3e-09 2.7e-09 3.2e-09 37
1e-10 5e-10 9e-10 1.4000000000000001e-09 1.9e-09 2.3e-09 2.7e-09 1.270124069693816e-168 38
1e-10 5e-10 9e-10 1.4000000000000001e-09 1.9e-09 2.3e-09 2.7e-09 3.2e-09 37
1e-10 5e-10 9e-10 1.4000000000000001e-09 1.9e-09 2.3e-09 2.7e-09 3.2e-09 37
1e-10 5e-10 9e-10 1.4000000000000001e-09 1.9e-09 2.3e-09 2.7e-09 3.2e-09 37
1e-10 5e-10 0.3 1.4000000000000001e-09 1.9e-09 2.3e-09 2.7e-09 1.270124069693816e-168 38
1e-10 8e-10 9e-10 1.4000000000000001e-09 1.9e-09 2.3e-09 2.7e-09 3.6e-09 38
1e-10 8e-10 9e-10 1.4000000000000001e-09 1.9e-09 2.3e-09 2.7e-09 3.2e-09 38
1e-10 5e-10 9e-10 1.4000000000000001e-09 1.9e-09 2.3e-09 2.7e-09 3.2e-09 37
1e-10 6e-10 9e-10 1.4000000000000001e-09 1.9e-09 2.3e-09 2.7e-09 3.2e-09 38
3.9470263903234535e-166 8e-10 9e-10 1.4000000000000001e-09 1.9e-09 2.3e-09 2.7e-09 1.270124069693816e-168 37
1e-10 5e-10 9e-10 1.4000000000000001e-09 1.9e-09 2.3e-09 2.7e-09 3.2e-09 37
1e-10 5e-10 9e-10 1.4000000000000001e-09 1.9e-09 2.3e-09 2.7e-09 3.2e-09 38
1e-10 5e-10 9e-10 1.4000000000000001e-09 1.9e-09 2.3e-09 2.7e-09 3.2e-09 37
1e-10 5e-10 9e-10 1.4000000000000001e-09 1.9e-09 2.3e-09 2.7e-09 3.2e-09 37
4e-10 5e-10 9e-10 1.4000000000000001e-09 1.9e-09 2.3e-09 2.7e-09 3.3e-09 38
1e-10 8e-10 9e-10 1.8e-09 2.2000000000000003e-09 2.3e-09 2.7e-09 3.2e-09 38
1e-10 5e-10 9e-10 1.7000000000000001e-09 1.9e-09 2.3e-09 2.7e-09 3.2e-09 37
1e-10 6e-10 9e-10 1.5e-09 1.9e-09 2.3e-09 2.7e-09 3.2e-09 37
4e-10 8e-10 9e-10 1.6e-09 1.9e-09 2.3e-09 2.7e-09 3.3e-09 38
1e-10 5e-10 9e-10 1.8e-09 1.9e-09 2.3e-09 1.2193335494613372e-86 3.2e-09 38
4e-10 0.21 9e-10 1.5e-09 1.9e-09 2.3e-09 2.7e-09 3.2e-09 38
1e-10 5e-10 9e-10 1.4000000000000001e-09 1.9e-09 2.3e-09 3e-09 3.2e-09 38
1e-10 5e-10 9e-10 1.4000000000000001e-09 1.9e-09 2.4e-09 2.7e-09 3.2e-09 37
1e-10 5e-10 9e-10 1.4000000000000001e-09 1.9e-09 2.3e-09 2.7e-09 3.2e-09 38
1e-10 5e-10 9e-10 1.4000000000000001e-09 1.9e-09 2.3e-09 2.7e-09 3.2e-09 37
1e-10 5e-10 9e-10 1.4000000000000001e-09 1.9e-09 2.3e-09 2.7e-09 3.6e-09 38
1e-10 5e-10 9e-10 1.4000000000000001e-09 1.9e-09 2.3e-09 2.7e-09 3.2e-09 38
1e-10 8e-10 9e-10 1.4000000000000001e-09 1.9e-09 2.3e-09 2.7e-09 3.2e-09 38
1e-10 5e-10 9e-10 1.4000000000000001e-09 1.9e-09 2.3e-09 2.7e-09 3.2e-09 38
1e-10 5e-10 9e-10 1.4000000000000001e-09 1.9e-09 2.3e-09 2.7e-09 3.2e-09 37
1e-10 8e-10 0.32999999999999996 1.4000000000000001e-09 1.9e-09 2.3e-09 2.7e-09 3.2e-09 38
1e-10 6e-10 9e-10 1.4000000000000001e-09 1.9e-09 2.3e-09 2.7e-09 3.6e-09 37
1e-10 5e-10 9e-10 1.7000000000000001e-09 1.9e-09 2.3e-09 2.7e-09 3.2e-09 38
1e-10 5e-10 9e-10 1.6e-09 1.9e-09 2.3e-09 2.7e-09 3.2e-09 37
1e-10 5e-10 9e-10 1.4000000000000001e-09 1.9e-09 2.3e-09 2.7e-09 3.2e-09 38
2e-10 8e-10 9e-10 1.4000000000000001e-09 1.9e-09 2.3e-09 2.7e-09 3.2e-09 38
4e-10 5e-10 9e-10 1.4000000000000001e-09 1.9e-09 2.3e-09 2.7e-09 3.2e-09 37
1e-10 5e-10 9e-10 1.4000000000000001e-09 1.9e-09 2.3e-09 2.7e-09 3.2e-09 38
1e-10 8e-10 9e-10 1.4000000000000001e-09 1.9e-09 2.3e-09 2.7e-09 3.6e-09 37
1e-10 5e-10 9e-10 1.4000000000000001e-09 1.9e-09 2.3e-09 2.7e-09 3.2e-09 37
1e-10 5e-10 9e-10 1.4000000000000001e-09 1.9e-09 2.3e-09 2.7e-09 3.2e-09 37
2e-10 5e-10 9e-10 1.4000000000000001e-09 1.9e-09 2.3e-09 2.7e-09 3.2e-09 37
1e-10 5e-10 0.3 1.4000000000000001e-09 1.9e-09 2.3e-09 2.7e-09 3.2e-09 38
2e-10 5e-10 0.3 1.4000000000000001e-09 1.9e-09 2.3e-09 2.7e-09 3.2e-09 38
1e-10 5e-10 9e-10 1.4000000000000001e-09 1.9e-09 2.3e-09 2.7e-09 3.2e-09 37
1e-10 5e-10 9e-10 1.4000000000000001e-09 1.9e-09 2.3e-09 2.7e-09 3.2e-09 38
1e-10 8e-10 9e-10 1.4000000000000001e-09 0.63 2.3e-09 2.7e-09 3.2e-09 37
1e-10 8e-10 9e-10 1.7000000000000001e-09 1.9e-09 2.3e-09 3e-09 3.2e-09 38
1e-10 8e-10 9e-10 1.4000000000000001e-09 1.9e-09 2.3e-09 2.7e-09 3.2e-09 38
