1.3478657270961661e+71 6.678038840167977e+65 7.107920352913346e+80 6.418148079314131e+67 5.358025445746574e+77 2.5524794594210615e+76 4.420268203484653e+72 2.3852848541091973e+70 37
1.3478657270961661e+71 6.678038840167977e+65 7.107920352913346e+80 6.418148079314131e+67 5.358025445746574e+77 2.5524794594210615e+76 4.420268203484653e+72 2.3852848541091973e+70 37
1.3478657270961661e+71 6.678038840167977e+65 7.107920352913346e+80 6.418148079314131e+67 5.358025445746574e+77 2.5524794594210615e+76 4.420268203484653e+72 2.3852848541091973e+70 37
1.3478657270961661e+71 6.678038840167977e+65 7.107920352913346e+80 6.418148079314131e+67 5.358025445746574e+77 2.5524794594210615e+76 4.420268203484653e+72 2.3852848541091973e+70 37
2.431441360621889e-169 6.678038840167977e+65 7.107920352913346e+80 6.418148079314131e+67 5.358025445746574e+77 2.5524794594210615e+76 4.420268203484653e+72 2.3852848541091973e+70 37
1.3478657270961661e+71 6.678038840167977e+65 7.107920352913346e+80 6.418148079314131e+67 5.358025445746574e+77 2.5524794594210615e+76 4.420268203484653e+72 2.3852848541091973e+70 37
2.431441360621889e-169 6.678038840167977e+65 7.107920352913346e+80 6.418148079314131e+67 5.358025445746574e+77 2.5524794594210615e+76 4.420268203484653e+72 2.3852848541091973e+70 37
1.3478657270961661e+71 6.678038840167977e+65 7.107920352913346e+80 6.418148079314131e+67 5.358025445746574e+77 2.5524794594210615e+76 4.420268203484653e+72 2.3852848541091973e+70 37
1.3478657270961661e+71 6.678038840167977e+65 7.107920352913346e+80 6.418148079314131e+67 5.358025445746574e+77 2.5524794594210615e+76 4.420268203484653e+72 2.3852848541091973e+70 37
1.3478657270961661e+71 6.678038840167977e+65 7.107920352913346e+80 6.418148079314131e+67 5.358025445746574e+77 2.5524794594210615e+76 4.420268203484653e+72 2.3852848541091973e+70 38
1.3478657270961661e+71 6.678038840167977e+65 7.107920352913346e+80 6.418148079314131e+67 5.358025445746574e+77 2.5524794594210615e+76 4.420268203484653e+72 2.3852848541091973e+70 38
1.3478657270961661e+71 6.678038840167977e+65 7.107920352913346e+80 6.418148079314131e+67 5.358025445746574e+77 2.5524794594210615e+76 4.420268203484653e+72 2.3852848541091973e+70 37
1.3478657270961661e+71 6.678038840167977e+65 7.107920352913346e+80 6.418148079314131e+67 5.358025445746574e+77 2.5524794594210615e+76 4.420268203484653e+72 2.3852848541091973e+70 38
1.3478657270961661e+71 6.678038840167977e+65 7.107920352913346e+80 6.418148079314131e+67 5.358025445746574e+77 2.5524794594210615e+76 4.420268203484653e+72 2.3852848541091973e+70 37
3.2934250220904335e-06 6.678038840167977e+65 7.107920352913346e+80 6.418148079314131e+67 5.358025445746574e+77 2.5524794594210615e+76 4.420268203484653e+72 2.3852848541091973e+70 38
1.3478657270961661e+71 205.16366484813486 7.107920352913346e+80 6.418148079314131e+67 5.358025445746574e+77 2.5524794594210615e+76 4.420268203484653e+72 2.3852848541091973e+70 37
1.3478657270961661e+71 6.678038840167977e+65 7.107920352913346e+80 5.184310698290456e-07 5.358025445746574e+77 2.5524794594210615e+76 4.420268203484653e+72 2.3852848541091973e+70 38
1.3478657270961661e+71 6.678038840167977e+65 7.107920352913346e+80 6.418148079314131e+67 5.358025445746574e+77 2.5524794594210615e+76 0.006589339071537001 2.3852848541091973e+70 38
1.3478657270961661e+71 6.678038840167977e+65 7.107920352913346e+80 6.418148079314131e+67 5.358025445746574e+77 2.5524794594210615e+76 4.420268203484653e+72 2.3852848541091973e+70 37
1.3478657270961661e+71 6.678038840167977e+65 7.107920352913346e+80 6.418148079314131e+67 5.358025445746574e+77 2.5524794594210615e+76 4.420268203484653e+72 2.3852848541091973e+70 37
1.3478657270961661e+71 6.678038840167977e+65 0.3 6.418148079314131e+67 5.358025445746574e+77 2.3592134891384527e-07 4.420268203484653e+72 2.3852848541091973e+70 37
1.3478657270961661e+71 6.678038840167977e+65 7.107920352913346e+80 6.418148079314131e+67 5.358025445746574e+77 2.5524794594210615e+76 4.420268203484653e+72 2.3852848541091973e+70 37
1.3478657270961661e+71 0.21 7.107920352913346e+80 6.418148079314131e+67 5.358025445746574e+77 2.5524794594210615e+76 4.420268203484653e+72 2.3852848541091973e+70 37
1.3478657270961661e+71 6.678038840167977e+65 7.107920352913346e+80 6.418148079314131e+67 5.358025445746574e+77 2.5524794594210615e+76 4.420268203484653e+72 2.3852848541091973e+70 37
1.3478657270961661e+71 6.678038840167977e+65 7.107920352913346e+80 6.418148079314131e+67 5.358025445746574e+77 2.5524794594210615e+76 4.420268203484653e+72 2.3852848541091973e+70 37
1.3478657270961661e+71 6.678038840167977e+65 3.2321764118196815e-248 6.418148079314131e+67 5.358025445746574e+77 2.3592134891384527e-07 4.420268203484653e+72 2.3852848541091973e+70 38
1.3478657270961661e+71 205.16366484813486 7.107920352913346e+80 6.418148079314131e+67 5.358025445746574e+77 2.5524794594210615e+76 4.420268203484653e+72 2.3852848541091973e+70 38
1.3478657270961661e+71 6.678038840167977e+65 7.107920352913346e+80 6.418148079314131e+67 5.358025445746574e+77 2.5524794594210615e+76 4.420268203484653e+72 2.3852848541091973e+70 37
1.3478657270961661e+71 6.678038840167977e+65 7.107920352913346e+80 6.418148079314131e+67 5.358025445746574e+77 2.5524794594210615e+76 4.420268203484653e+72 2.3852848541091973e+70 37
1.3478657270961661e+71 205.16366484813486 7.107920352913346e+80 0.004535318059260867 6.161288618151044e-06 2.5524794594210615e+76 4.420268203484653e+72 2.3852848541091973e+70 37
1.3478657270961661e+71 6.678038840167977e+65 7.107920352913346e+80 6.418148079314131e+67 5.358025445746574e+77 2.5524794594210615e+76 4.420268203484653e+72 2.3852848541091973e+70 37
1.3478657270961661e+71 6.678038840167977e+65 0.3 6.418148079314131e+67 5.358025445746574e+77 2.3592134891384527e-07 4.420268203484653e+72 2.3852848541091973e+70 37
1.3478657270961661e+71 6.678038840167977e+65 7.107920352913346e+80 6.418148079314131e+67 5.358025445746574e+77 2.5524794594210615e+76 0.006589339071537001 2.3852848541091973e+70 37
1.3478657270961661e+71 1.4523722982147441e-05 7.107920352913346e+80 6.418148079314131e+67 5.358025445746574e+77 2.5524794594210615e+76 4.420268203484653e+72 2.3852848541091973e+70 38
1.3478657270961661e+71 6.678038840167977e+65 7.107920352913346e+80 6.418148079314131e+67 5.358025445746574e+77 2.5524794594210615e+76 4.420268203484653e+72 2.3852848541091973e+70 37
1.3478657270961661e+71 6.678038840167977e+65 7.107920352913346e+80 6.418148079314131e+67 5.358025445746574e+77 2.5524794594210615e+76 4.420268203484653e+72 2.3852848541091973e+70 37
1.3478657270961661e+71 6.678038840167977e+65 7.107920352913346e+80 6.418148079314131e+67 5.358025445746574e+77 2.5524794594210615e+76 4.420268203484653e+72 0.00023484405103302446 37
1.3478657270961661e+71 6.678038840167977e+65 7.107920352913346e+80 6.418148079314131e+67 5.358025445746574e+77 2.5524794594210615e+76 4.420268203484653e+72 2.3852848541091973e+70 38
1.3478657270961661e+71 6.678038840167977e+65 7.107920352913346e+80 6.418148079314131e+67 5.358025445746574e+77 2.5524794594210615e+76 4.420268203484653e+72 0.019139200503318146 37
1.3478657270961661e+71 6.678038840167977e+65 7.107920352913346e+80 0.004535318059260867 5.358025445746574e+77 2.5524794594210615e+76 4.420268203484653e+72 2.3852848541091973e+70 37
1.3478657270961661e+71 6.678038840167977e+65 7.107920352913346e+80 6.418148079314131e+67 5.358025445746574e+77 2.5524794594210615e+76 4.420268203484653e+72 2.3852848541091973e+70 37
1.3478657270961661e+71 6.678038840167977e+65 7.107920352913346e+80 6.418148079314131e+67 5.358025445746574e+77 2.5524794594210615e+76 4.420268203484653e+72 2.3852848541091973e+70 37
1.3478657270961661e+71 6.678038840167977e+65 7.107920352913346e+80 6.418148079314131e+67 5.358025445746574e+77 2.5524794594210615e+76 4.420268203484653e+72 2.3852848541091973e+70 37
1.3478657270961661e+71 6.678038840167977e+65 7.107920352913346e+80 6.418148079314131e+67 5.358025445746574e+77 2.5524794594210615e+76 4.420268203484653e+72 2.3852848541091973e+70 37
1.3478657270961661e+71 205.16366484813486 7.107920352913346e+80 6.418148079314131e+67 5.358025445746574e+77 2.5524794594210615e+76 4.420268203484653e+72 0.019139200503318146 38
1.3478657270961661e+71 6.678038840167977e+65 7.107920352913346e+80 6.418148079314131e+67 5.358025445746574e+77 2.5524794594210615e+76 4.420268203484653e+72 2.3852848541091973e+70 37
1.3478657270961661e+71 6.678038840167977e+65 7.107920352913346e+80 1.3447085711374535e-07 5.358025445746574e+77 2.3592134891384527e-07 7.811092995230896e-248 2.3852848541091973e+70 37
1.3478657270961661e+71 6.678038840167977e+65 7.107920352913346e+80 1.3447085711374535e-07 5.358025445746574e+77 2.5524794594210615e+76 4.420268203484653e+72 2.3852848541091973e+70 37
1.3478657270961661e+71 6.678038840167977e+65 7.107920352913346e+80 0.004535318059260867 5.358025445746574e+77 2.5524794594210615e+76 4.420268203484653e+72 2.3852848541091973e+70 37
1.3478657270961661e+71 6.678038840167977e+65 7.107920352913346e+80 6.418148079314131e+67 5.358025445746574e+77 2.5524794594210615e+76 4.420268203484653e+72 2.3852848541091973e+70 37
3.2934250220904335e-06 6.678038840167977e+65 7.107920352913346e+80 4.200878603284803e-06 5.358025445746574e+77 2.5524794594210615e+76 4.420268203484653e+72 0.00023484405103302446 37
1.3478657270961661e+71 6.678038840167977e+65 7.107920352913346e+80 6.418148079314131e+67 5.358025445746574e+77 2.5524794594210615e+76 4.420268203484653e+72 2.3852848541091973e+70 37
1.3478657270961661e+71 6.678038840167977e+65 7.107920352913346e+80 6.418148079314131e+67 5.358025445746574e+77 2.5524794594210615e+76 4.420268203484653e+72 2.3852848541091973e+70 37
1.3478657270961661e+71 6.678038840167977e+65 7.107920352913346e+80 6.418148079314131e+67 5.358025445746574e+77 2.5524794594210615e+76 4.420268203484653e+72 2.3852848541091973e+70 37
1.3478657270961661e+71 6.678038840167977e+65 7.107920352913346e+80 6.418148079314131e+67 5.358025445746574e+77 2.5524794594210615e+76 0.006589339071537001 2.3852848541091973e+70 37
1.3478657270961661e+71 6.678038840167977e+65 7.107920352913346e+80 6.418148079314131e+67 5.358025445746574e+77 2.5524794594210615e+76 4.420268203484653e+72 2.3852848541091973e+70 37
1.3478657270961661e+71 6.678038840167977e+65 7.107920352913346e+80 6.418148079314131e+67 5.358025445746574e+77 2.5524794594210615e+76 4.420268203484653e+72 2.3852848541091973e+70 37
1.3478657270961661e+71 6.678038840167977e+65 7.107920352913346e+80 6.418148079314131e+67 5.358025445746574e+77 2.5524794594210615e+76 4.420268203484653e+72 2.3852848541091973e+70 37
1.3478657270961661e+71 6.678038840167977e+65 7.107920352913346e+80 6.418148079314131e+67 5.358025445746574e+77 2.5524794594210615e+76 4.420268203484653e+72 2.3852848541091973e+70 37
3.2934250220904335e-06 6.678038840167977e+65 7.107920352913346e+80 6.418148079314131e+67 5.358025445746574e+77 2.5524794594210615e+76 4.420268203484653e+72 2.3852848541091973e+70 38
2.431441360621889e-169 1.4523722982147441e-05 7.107920352913346e+80 1.3447085711374535e-07 5.358025445746574e+77 2.5524794594210615e+76 0.006589339071537001 0.00023484405103302446 38
4.841240994049148e-06 6.678038840167977e+65 7.107920352913346e+80 6.418148079314131e+67 5.358025445746574e+77 2.5524794594210615e+76 4.420268203484653e+72 2.3852848541091973e+70 37
3.2934250220904335e-06 6.678038840167977e+65 7.107920352913346e+80 6.418148079314131e+67 5.358025445746574e+77 2.5524794594210615e+76 4.420268203484653e+72 2.3852848541091973e+70 37
1.3478657270961661e+71 6.678038840167977e+65 7.107920352913346e+80 6.418148079314131e+67 5.358025445746574e+77 2.5524794594210615e+76 4.420268203484653e+72 2.3852848541091973e+70 38
1.3478657270961661e+71 6.678038840167977e+65 7.107920352913346e+80 6.418148079314131e+67 5.358025445746574e+77 2.5524794594210615e+76 4.420268203484653e+72 2.3852848541091973e+70 37
1.3478657270961661e+71 6.678038840167977e+65 7.107920352913346e+80 6.418148079314131e+67 5.358025445746574e+77 2.5524794594210615e+76 4.420268203484653e+72 2.3852848541091973e+70 37
1.3478657270961661e+71 6.678038840167977e+65 7.107920352913346e+80 6.418148079314131e+67 5.358025445746574e+77 2.5524794594210615e+76 4.420268203484653e+72 2.3852848541091973e+70 37
1.3478657270961661e+71 205.16366484813486 7.107920352913346e+80 6.418148079314131e+67 5.358025445746574e+77 2.5524794594210615e+76 4.420268203484653e+72 0.00023484405103302446 38
2.431441360621889e-169 6.678038840167977e+65 7.107920352913346e+80 6.418148079314131e+67 5.358025445746574e+77 8.100485466078838e-07 0.006589339071537001 2.3852848541091973e+70 38
3.2934250220904335e-06 6.678038840167977e+65 7.107920352913346e+80 6.418148079314131e+67 5.358025445746574e+77 2.5524794594210615e+76 4.420268203484653e+72 2.3852848541091973e+70 38
1.3478657270961661e+71 6.678038840167977e+65 7.107920352913346e+80 6.418148079314131e+67 5.358025445746574e+77 2.5524794594210615e+76 4.420268203484653e+72 0.019139200503318146 37
1.3478657270961661e+71 6.678038840167977e+65 7.107920352913346e+80 6.418148079314131e+67 5.358025445746574e+77 8.100485466078838e-07 4.420268203484653e+72 2.3852848541091973e+70 38
1.3478657270961661e+71 1.4523722982147441e-05 7.107920352913346e+80 6.418148079314131e+67 5.386960686366135e-248 2.5524794594210615e+76 4.420268203484653e+72 2.3852848541091973e+70 38
1.3478657270961661e+71 1.4523722982147441e-05 7.107920352913346e+80 6.418148079314131e+67 5.358025445746574e+77 2.5524794594210615e+76 4.420268203484653e+72 2.3852848541091973e+70 38
1.3478657270961661e+71 6.678038840167977e+65 7.107920352913346e+80 6.418148079314131e+67 5.358025445746574e+77 2.5524794594210615e+76 4.420268203484653e+72 2.3852848541091973e+70 38
1.3478657270961661e+71 6.678038840167977e+65 7.107920352913346e+80 6.418148079314131e+67 5.358025445746574e+77 2.5524794594210615e+76 4.420268203484653e+72 2.3852848541091973e+70 37
1.3478657270961661e+71 205.16366484813486 7.107920352913346e+80 0.004535318059260867 6.161288618151044e-06 2.5524794594210615e+76 4.420268203484653e+72 1.02 38
1.3478657270961661e+71 6.678038840167977e+65 7.107920352913346e+80 6.418148079314131e+67 5.358025445746574e+77 2.5524794594210615e+76 4.420268203484653e+72 2.3852848541091973e+70 37
1.3478657270961661e+71 6.678038840167977e+65 0.3 6.418148079314131e+67 5.358025445746574e+77 2.5524794594210615e+76 4.420268203484653e+72 2.3852848541091973e+70 38
1.3478657270961661e+71 205.16366484813486 7.107920352913346e+80 6.418148079314131e+67 5.358025445746574e+77 2.5524794594210615e+76 4.420268203484653e+72 0.00023484405103302446 38
1.3478657270961661e+71 205.16366484813486 7.107920352913346e+80 6.418148079314131e+67 0.63 2.5524794594210615e+76 4.420268203484653e+72 2.3852848541091973e+70 38
1.3478657270961661e+71 6.678038840167977e+65 7.107920352913346e+80 6.418148079314131e+67 5.358025445746574e+77 2.5524794594210615e+76 4.420268203484653e+72 2.3852848541091973e+70 37
1.3478657270961661e+71 6.678038840167977e+65 7.107920352913346e+80 6.418148079314131e+67 5.358025445746574e+77 2.5524794594210615e+76 4.420268203484653e+72 2.3852848541091973e+70 38
1.3478657270961661e+71 6.678038840167977e+65 7.107920352913346e+80 6.418148079314131e+67 5.358025445746574e+77 2.5524794594210615e+76 4.420268203484653e+72 2.3852848541091973e+70 37
1.3478657270961661e+71 6.678038840167977e+65 7.107920352913346e+80 6.418148079314131e+67 5.358025445746574e+77 2.5524794594210615e+76 4.420268203484653e+72 2.3852848541091973e+70 37
2.431441360621889e-169 205.16366484813486 7.107920352913346e+80 6.418148079314131e+67 5.358025445746574e+77 2.5524794594210615e+76 4.420268203484653e+72 1.0289800657685504e-08 37
1.3478657270961661e+71 205.16366484813486 7.107920352913346e+80 6.418148079314131e+67 5.358025445746574e+77 2.5524794594210615e+76 4.420268203484653e+72 2.3852848541091973e+70 38
1.3478657270961661e+71 1.4523722982147441e-05 7.107920352913346e+80 6.418148079314131e+67 5.358025445746574e+77 2.5524794594210615e+76 4.420268203484653e+72 0.00023484405103302446 38
1.3478657270961661e+71 6.678038840167977e+65 7.107920352913346e+80 5.184310698290456e-07 5.358025445746574e+77 2.5524794594210615e+76 4.420268203484653e+72 2.3852848541091973e+70 37
1.3478657270961661e+71 1.4523722982147441e-05 7.107920352913346e+80 0.004535318059260867 5.358025445746574e+77 8.100485466078838e-07 4.420268203484653e+72 2.3852848541091973e+70 38
1.3478657270961661e+71 205.16366484813486 7.107920352913346e+80 6.418148079314131e+67 5.358025445746574e+77 2.3592134891384527e-07 4.420268203484653e+72 2.3852848541091973e+70 38
1.3478657270961661e+71 6.678038840167977e+65 7.107920352913346e+80 6.418148079314131e+67 5.358025445746574e+77 2.5524794594210615e+76 4.420268203484653e+72 2.3852848541091973e+70 38
1.3478657270961661e+71 205.16366484813486 7.107920352913346e+80 6.418148079314131e+67 6.161288618151044e-06 2.3592134891384527e-07 4.420268203484653e+72 2.3852848541091973e+70 37
1.3478657270961661e+71 6.678038840167977e+65 7.107920352913346e+80 0.004535318059260867 5.358025445746574e+77 2.5524794594210615e+76 4.420268203484653e+72 2.3852848541091973e+70 38
1.3478657270961661e+71 205.16366484813486 7.107920352913346e+80 6.418148079314131e+67 6.161288618151044e-06 2.5524794594210615e+76 4.420268203484653e+72 0.019139200503318146 38
1.3478657270961661e+71 205.16366484813486 7.107920352913346e+80 6.418148079314131e+67 5.358025445746574e+77 2.5524794594210615e+76 4.420268203484653e+72 2.3852848541091973e+70 37
4.841240994049148e-06 205.16366484813486 7.107920352913346e+80 6.418148079314131e+67 5.358025445746574e+77 2.5524794594210615e+76 4.420268203484653e+72 2.3852848541091973e+70 37
1.3478657270961661e+71 6.678038840167977e+65 7.107920352913346e+80 0.004535318059260867 5.358025445746574e+77 2.5524794594210615e+76 4.420268203484653e+72 2.3852848541091973e+70 37
1.3478657270961661e+71 6.678038840167977e+65 7.107920352913346e+80 6.418148079314131e+67 5.358025445746574e+77 2.5524794594210615e+76 4.420268203484653e+72 2.3852848541091973e+70 37
1.3478657270961661e+71 205.16366484813486 7.107920352913346e+80 6.418148079314131e+67 5.358025445746574e+77 2.5524794594210615e+76 4.420268203484653e+72 2.3852848541091973e+70 38
1.3478657270961661e+71 6.678038840167977e+65 7.107920352913346e+80 6.418148079314131e+67 5.358025445746574e+77 2.5524794594210615e+76 0.006589339071537001 2.3852848541091973e+70 38
1.3478657270961661e+71 205.16366484813486 7.107920352913346e+80 6.418148079314131e+67 0.63 2.5524794594210615e+76 4.420268203484653e+72 2.3852848541091973e+70 37
1.3478657270961661e+71 6.678038840167977e+65 7.107920352913346e+80 6.418148079314131e+67 5.358025445746574e+77 2.5524794594210615e+76 4.420268203484653e+72 2.3852848541091973e+70 37
4.841240994049148e-06 6.678038840167977e+65 0.3 6.418148079314131e+67 5.358025445746574e+77 2.5524794594210615e+76 4.420268203484653e+72 2.3852848541091973e+70 38
1.3478657270961661e+71 205.16366484813486 7.107920352913346e+80 6.418148079314131e+67 5.358025445746574e+77 2.5524794594210615e+76 4.420268203484653e+72 2.3852848541091973e+70 38
1.3478657270961661e+71 6.678038840167977e+65 7.107920352913346e+80 6.418148079314131e+67 5.358025445746574e+77 2.5524794594210615e+76 4.420268203484653e+72 2.3852848541091973e+70 37
1.3478657270961661e+71 6.678038840167977e+65 7.107920352913346e+80 6.418148079314131e+67 5.358025445746574e+77 2.5524794594210615e+76 4.420268203484653e+72 2.3852848541091973e+70 38
1.3478657270961661e+71 205.16366484813486 7.107920352913346e+80 6.418148079314131e+67 5.358025445746574e+77 2.5524794594210615e+76 4.420268203484653e+72 0.019139200503318146 37
1.3478657270961661e+71 6.678038840167977e+65 7.107920352913346e+80 6.418148079314131e+67 5.358025445746574e+77 2.5524794594210615e+76 4.420268203484653e+72 0.019139200503318146 37
1.3478657270961661e+71 205.16366484813486 7.107920352913346e+80 0.004535318059260867 6.161288618151044e-06 2.5524794594210615e+76 4.420268203484653e+72 2.3852848541091973e+70 37
1.3478657270961661e+71 6.678038840167977e+65 7.107920352913346e+80 1.3447085711374535e-07 5.358025445746574e+77 2.5524794594210615e+76 4.420268203484653e+72 2.3852848541091973e+70 38
1.3478657270961661e+71 6.678038840167977e+65 7.107920352913346e+80 6.418148079314131e+67 5.358025445746574e+77 2.5524794594210615e+76 4.420268203484653e+72 2.3852848541091973e+70 37
3.2934250220904335e-06 205.16366484813486 7.107920352913346e+80 5.184310698290456e-07 5.358025445746574e+77 2.5524794594210615e+76 4.420268203484653e+72 0.00023484405103302446 38
1.3478657270961661e+71 6.678038840167977e+65 7.107920352913346e+80 5.184310698290456e-07 6.161288618151044e-06 2.5524794594210615e+76 4.420268203484653e+72 2.3852848541091973e+70 37
2.431441360621889e-169 6.678038840167977e+65 0.32999999999999996 6.418148079314131e+67 5.358025445746574e+77 2.5524794594210615e+76 4.420268203484653e+72 0.00023484405103302446 37
1.3478657270961661e+71 6.678038840167977e+65 0.3 6.418148079314131e+67 5.358025445746574e+77 2.5524794594210615e+76 4.420268203484653e+72 2.3852848541091973e+70 37
1.3478657270961661e+71 6.678038840167977e+65 7.107920352913346e+80 6.418148079314131e+67 5.358025445746574e+77 2.5524794594210615e+76 4.420268203484653e+72 2.3852848541091973e+70 37
4.841240994049148e-06 6.678038840167977e+65 7.107920352913346e+80 6.418148079314131e+67 5.358025445746574e+77 2.5524794594210615e+76 4.420268203484653e+72 2.3852848541091973e+70 37
1.3478657270961661e+71 6.678038840167977e+65 0.3 6.418148079314131e+67 5.358025445746574e+77 2.3592134891384527e-07 4.420268203484653e+72 2.3852848541091973e+70 37
1.3478657270961661e+71 6.678038840167977e+65 7.107920352913346e+80 6.418148079314131e+67 5.358025445746574e+77 2.5524794594210615e+76 4.420268203484653e+72 2.3852848541091973e+70 37
1.3478657270961661e+71 6.678038840167977e+65 7.107920352913346e+80 6.418148079314131e+67 5.358025445746574e+77 2.5524794594210615e+76 4.420268203484653e+72 2.3852848541091973e+70 37
1.3478657270961661e+71 6.678038840167977e+65 7.107920352913346e+80 1.3447085711374535e-07 5.358025445746574e+77 2.5524794594210615e+76 4.420268203484653e+72 2.3852848541091973e+70 37
1.3478657270961661e+71 205.16366484813486 7.107920352913346e+80 6.418148079314131e+67 5.358025445746574e+77 2.5524794594210615e+76 4.420268203484653e+72 2.3852848541091973e+70 38
1.3478657270961661e+71 6.678038840167977e+65 7.107920352913346e+80 6.418148079314131e+67 5.358025445746574e+77 2.5524794594210615e+76 4.420268203484653e+72 0.019139200503318146 37
1.3478657270961661e+71 6.678038840167977e+65 7.107920352913346e+80 6.418148079314131e+67 5.358025445746574e+77 2.5524794594210615e+76 4.420268203484653e+72 2.3852848541091973e+70 37
4.841240994049148e-06 6.678038840167977e+65 7.107920352913346e+80 6.418148079314131e+67 5.358025445746574e+77 2.5524794594210615e+76 0.006589339071537001 2.3852848541091973e+70 38
1.3478657270961661e+71 6.678038840167977e+65 7.107920352913346e+80 6.418148079314131e+67 5.358025445746574e+77 2.5524794594210615e+76 4.420268203484653e+72 2.3852848541091973e+70 37
1.3478657270961661e+71 6.678038840167977e+65 7.107920352913346e+80 6.418148079314131e+67 5.358025445746574e+77 2.5524794594210615e+76 0.006589339071537001 2.3852848541091973e+70 38
1.3478657270961661e+71 6.678038840167977e+65 7.107920352913346e+80 6.418148079314131e+67 5.358025445746574e+77 2.5524794594210615e+76 4.420268203484653e+72 0.019139200503318146 37
1.3478657270961661e+71 6.678038840167977e+65 7.107920352913346e+80 6.418148079314131e+67 5.358025445746574e+77 2.5524794594210615e+76 4.420268203484653e+72 2.3852848541091973e+70 37
1.3478657270961661e+71 6.678038840167977e+65 7.107920352913346e+80 6.418148079314131e+67 5.358025445746574e+77 2.5524794594210615e+76 7.114997999555901e-08 2.3852848541091973e+70 37
1.3478657270961661e+71 6.678038840167977e+65 7.107920352913346e+80 6.418148079314131e+67 5.358025445746574e+77 2.5524794594210615e+76 4.420268203484653e+72 2.3852848541091973e+70 37
1.3478657270961661e+71 6.678038840167977e+65 7.107920352913346e+80 6.418148079314131e+67 5.358025445746574e+77 2.5524794594210615e+76 4.420268203484653e+72 2.3852848541091973e+70 37
3.2934250220904335e-06 205.16366484813486 3.2321764118196815e-248 6.418148079314131e+67 5.358025445746574e+77 2.5524794594210615e+76 4.420268203484653e+72 2.3852848541091973e+70 38
1.3478657270961661e+71 6.678038840167977e+65 0.3 6.418148079314131e+67 5.358025445746574e+77 2.3592134891384527e-07 4.420268203484653e+72 2.3852848541091973e+70 37
1.3478657270961661e+71 205.16366484813486 3.2321764118196815e-248 6.418148079314131e+67 5.358025445746574e+77 2.5524794594210615e+76 4.420268203484653e+72 2.3852848541091973e+70 37
1.3478657270961661e+71 6.678038840167977e+65 0.3 6.418148079314131e+67 5.358025445746574e+77 2.5524794594210615e+76 4.420268203484653e+72 2.3852848541091973e+70 37
3.2934250220904335e-06 205.16366484813486 7.107920352913346e+80 5.184310698290456e-07 5.358025445746574e+77 2.5524794594210615e+76 4.420268203484653e+72 0.00023484405103302446 38
1.3478657270961661e+71 6.678038840167977e+65 7.107920352913346e+80 6.418148079314131e+67 5.358025445746574e+77 2.5524794594210615e+76 4.420268203484653e+72 2.3852848541091973e+70 37
1.3478657270961661e+71 6.678038840167977e+65 7.107920352913346e+80 5.184310698290456e-07 5.358025445746574e+77 2.5524794594210615e+76 4.420268203484653e+72 2.3852848541091973e+70 37
1.3478657270961661e+71 205.16366484813486 7.107920352913346e+80 6.418148079314131e+67 5.358025445746574e+77 2.5524794594210615e+76 4.420268203484653e+72 2.3852848541091973e+70 38
1.3478657270961661e+71 6.678038840167977e+65 7.107920352913346e+80 6.418148079314131e+67 5.358025445746574e+77 2.5524794594210615e+76 4.420268203484653e+72 2.3852848541091973e+70 37
1.3478657270961661e+71 205.16366484813486 7.107920352913346e+80 0.004535318059260867 5.358025445746574e+77 2.5524794594210615e+76 4.420268203484653e+72 2.3852848541091973e+70 38
1.3478657270961661e+71 6.678038840167977e+65 7.107920352913346e+80 6.418148079314131e+67 5.358025445746574e+77 2.5524794594210615e+76 4.420268203484653e+72 0.019139200503318146 37
1.3478657270961661e+71 6.678038840167977e+65 7.107920352913346e+80 6.418148079314131e+67 5.358025445746574e+77 2.5524794594210615e+76 4.420268203484653e+72 2.3852848541091973e+70 37
1.3478657270961661e+71 6.678038840167977e+65 7.107920352913346e+80 6.418148079314131e+67 5.358025445746574e+77 2.5524794594210615e+76 4.420268203484653e+72 2.3852848541091973e+70 37
1.3478657270961661e+71 205.16366484813486 7.107920352913346e+80 6.418148079314131e+67 0.63 2.5524794594210615e+76 4.420268203484653e+72 2.3852848541091973e+70 38
1.3478657270961661e+71 0.21 7.107920352913346e+80 6.418148079314131e+67 5.358025445746574e+77 2.5524794594210615e+76 4.420268203484653e+72 2.3852848541091973e+70 37
1.3478657270961661e+71 6.678038840167977e+65 7.107920352913346e+80 6.418148079314131e+67 5.358025445746574e+77 2.5524794594210615e+76 4.420268203484653e+72 2.3852848541091973e+70 37
1.3478657270961661e+71 6.678038840167977e+65 0.3 6.418148079314131e+67 5.358025445746574e+77 2.5524794594210615e+76 4.420268203484653e+72 1.0289800657685504e-08 38
1.3478657270961661e+71 205.16366484813486 7.107920352913346e+80 6.418148079314131e+67 5.358025445746574e+77 2.5524794594210615e+76 4.420268203484653e+72 2.3852848541091973e+70 37
1.3478657270961661e+71 6.678038840167977e+65 7.107920352913346e+80 6.418148079314131e+67 5.358025445746574e+77 2.5524794594210615e+76 4.420268203484653e+72 2.3852848541091973e+70 37
1.3478657270961661e+71 6.678038840167977e+65 7.107920352913346e+80 6.418148079314131e+67 5.358025445746574e+77 2.5524794594210615e+76 4.420268203484653e+72 2.3852848541091973e+70 37
1.3478657270961661e+71 6.678038840167977e+65 7.107920352913346e+80 6.418148079314131e+67 5.358025445746574e+77 2.5524794594210615e+76 4.420268203484653e+72 2.3852848541091973e+70 37
1.3478657270961661e+71 6.678038840167977e+65 7.107920352913346e+80 6.418148079314131e+67 5.358025445746574e+77 2.5524794594210615e+76 4.420268203484653e+72 2.3852848541091973e+70 38
1.3478657270961661e+71 205.16366484813486 7.107920352913346e+80 6.418148079314131e+67 6.161288618151044e-06 2.5524794594210615e+76 4.420268203484653e+72 2.3852848541091973e+70 38
1.3478657270961661e+71 1.4523722982147441e-05 7.107920352913346e+80 6.418148079314131e+67 5.358025445746574e+77 2.5524794594210615e+76 4.420268203484653e+72 2.3852848541091973e+70 37
1.3478657270961661e+71 6.678038840167977e+65 7.107920352913346e+80 6.418148079314131e+67 5.358025445746574e+77 2.5524794594210615e+76 4.420268203484653e+72 2.3852848541091973e+70 38
1.3478657270961661e+71 6.678038840167977e+65 7.107920352913346e+80 6.418148079314131e+67 5.358025445746574e+77 2.5524794594210615e+76 4.420268203484653e+72 2.3852848541091973e+70 37
1.3478657270961661e+71 6.678038840167977e+65 7.107920352913346e+80 6.418148079314131e+67 5.358025445746574e+77 2.5524794594210615e+76 4.420268203484653e+72 2.3852848541091973e+70 37
3.2934250220904335e-06 6.678038840167977e+65 7.107920352913346e+80 0.004535318059260867 5.358025445746574e+77 2.5524794594210615e+76 4.420268203484653e+72 0.019139200503318146 38
1.3478657270961661e+71 205.16366484813486 7.107920352913346e+80 6.418148079314131e+67 5.358025445746574e+77 2.5524794594210615e+76 4.420268203484653e+72 0.019139200503318146 38
2.431441360621889e-169 6.678038840167977e+65 7.107920352913346e+80 6.418148079314131e+67 5.358025445746574e+77 2.5524794594210615e+76 4.420268203484653e+72 2.3852848541091973e+70 37
1.3478657270961661e+71 6.678038840167977e+65 7.107920352913346e+80 6.418148079314131e+67 5.358025445746574e+77 2.5524794594210615e+76 4.420268203484653e+72 2.3852848541091973e+70 37
1.3478657270961661e+71 205.16366484813486 7.107920352913346e+80 6.418148079314131e+67 5.358025445746574e+77 2.5524794594210615e+76 4.420268203484653e+72 2.3852848541091973e+70 38
1.3478657270961661e+71 6.678038840167977e+65 7.107920352913346e+80 6.418148079314131e+67 5.358025445746574e+77 2.5524794594210615e+76 4.420268203484653e+72 0.019139200503318146 37
4.841240994049148e-06 6.678038840167977e+65 7.107920352913346e+80 6.418148079314131e+67 5.358025445746574e+77 2.5524794594210615e+76 4.420268203484653e+72 2.3852848541091973e+70 38
1.3478657270961661e+71 6.678038840167977e+65 7.107920352913346e+80 6.418148079314131e+67 5.358025445746574e+77 2.5524794594210615e+76 4.420268203484653e+72 2.3852848541091973e+70 37
1.3478657270961661e+71 6.678038840167977e+65 7.107920352913346e+80 6.418148079314131e+67 5.358025445746574e+77 2.5524794594210615e+76 4.420268203484653e+72 2.3852848541091973e+70 37
1.3478657270961661e+71 205.16366484813486 7.107920352913346e+80 6.418148079314131e+67 5.358025445746574e+77 2.5524794594210615e+76 4.420268203484653e+72 2.3852848541091973e+70 38
1.3478657270961661e+71 6.678038840167977e+65 7.107920352913346e+80 6.418148079314131e+67 5.358025445746574e+77 2.5524794594210615e+76 4.420268203484653e+72 0.019139200503318146 37
3.2934250220904335e-06 6.678038840167977e+65 7.107920352913346e+80 6.418148079314131e+67 5.358025445746574e+77 2.5524794594210615e+76 4.420268203484653e+72 0.00023484405103302446 38
1.3478657270961661e+71 6.678038840167977e+65 7.107920352913346e+80 6.418148079314131e+67 5.358025445746574e+77 2.5524794594210615e+76 4.420268203484653e+72 2.3852848541091973e+70 37
1.3478657270961661e+71 6.678038840167977e+65 7.107920352913346e+80 6.418148079314131e+67 5.358025445746574e+77 2.5524794594210615e+76 4.420268203484653e+72 2.3852848541091973e+70 37
1.3478657270961661e+71 6.678038840167977e+65 7.107920352913346e+80 6.418148079314131e+67 5.358025445746574e+77 2.5524794594210615e+76 4.420268203484653e+72 2.3852848541091973e+70 37
1.3478657270961661e+71 1.4523722982147441e-05 7.107920352913346e+80 6.418148079314131e+67 5.358025445746574e+77 2.5524794594210615e+76 4.420268203484653e+72 2.3852848541091973e+70 37
1.3478657270961661e+71 205.16366484813486 7.107920352913346e+80 6.418148079314131e+67 5.358025445746574e+77 2.5524794594210615e+76 4.420268203484653e+72 2.3852848541091973e+70 38
1.3478657270961661e+71 6.678038840167977e+65 7.107920352913346e+80 6.418148079314131e+67 5.358025445746574e+77 2.5524794594210615e+76 4.420268203484653e+72 2.3852848541091973e+70 37
1.3478657270961661e+71 6.678038840167977e+65 7.107920352913346e+80 6.418148079314131e+67 5.358025445746574e+77 2.5524794594210615e+76 4.420268203484653e+72 2.3852848541091973e+70 38
1.3478657270961661e+71 6.678038840167977e+65 7.107920352913346e+80 4.200878603284803e-06 5.358025445746574e+77 2.5524794594210615e+76 4.420268203484653e+72 2.3852848541091973e+70 37
1.3478657270961661e+71 6.678038840167977e+65 7.107920352913346e+80 6.418148079314131e+67 5.358025445746574e+77 2.5524794594210615e+76 4.420268203484653e+72 0.00023484405103302446 37
1.3478657270961661e+71 6.678038840167977e+65 7.107920352913346e+80 6.418148079314131e+67 5.358025445746574e+77 2.5524794594210615e+76 4.420268203484653e+72 2.3852848541091973e+70 37
1.3478657270961661e+71 1.4523722982147441e-05 7.107920352913346e+80 6.418148079314131e+67 5.358025445746574e+77 2.5524794594210615e+76 4.420268203484653e+72 2.3852848541091973e+70 37
1.3478657270961661e+71 6.678038840167977e+65 7.107920352913346e+80 6.418148079314131e+67 5.358025445746574e+77 2.5524794594210615e+76 4.420268203484653e+72 2.3852848541091973e+70 37
1.3478657270961661e+71 6.678038840167977e+65 7.107920352913346e+80 6.418148079314131e+67 5.358025445746574e+77 2.5524794594210615e+76 4.420268203484653e+72 0.00023484405103302446 37
2.431441360621889e-169 6.678038840167977e+65 7.107920352913346e+80 6.418148079314131e+67 5.358025445746574e+77 2.5524794594210615e+76 4.420268203484653e+72 2.3852848541091973e+70 37
4.841240994049148e-06 6.678038840167977e+65 7.107920352913346e+80 0.004535318059260867 5.358025445746574e+77 2.5524794594210615e+76 4.420268203484653e+72 2.3852848541091973e+70 37
1.3478657270961661e+71 6.678038840167977e+65 7.107920352913346e+80 6.418148079314131e+67 5.358025445746574e+77 2.5524794594210615e+76 4.420268203484653e+72 0.00023484405103302446 38
1.3478657270961661e+71 1.4523722982147441e-05 7.107920352913346e+80 6.418148079314131e+67 5.358025445746574e+77 2.5524794594210615e+76 4.420268203484653e+72 2.3852848541091973e+70 38
1.3478657270961661e+71 6.678038840167977e+65 7.107920352913346e+80 6.418148079314131e+67 5.358025445746574e+77 2.5524794594210615e+76 4.420268203484653e+72 0.019139200503318146 37
1.3478657270961661e+71 1.4523722982147441e-05 7.107920352913346e+80 6.418148079314131e+67 5.358025445746574e+77 2.5524794594210615e+76 4.420268203484653e+72 2.3852848541091973e+70 37
1.3478657270961661e+71 6.678038840167977e+65 7.107920352913346e+80 6.418148079314131e+67 5.358025445746574e+77 2.5524794594210615e+76 4.420268203484653e+72 2.3852848541091973e+70 37
1.3478657270961661e+71 6.678038840167977e+65 7.107920352913346e+80 6.418148079314131e+67 5.358025445746574e+77 2.5524794594210615e+76 4.420268203484653e+72 2.3852848541091973e+70 38
1.3478657270961661e+71 205.16366484813486 7.107920352913346e+80 6.418148079314131e+67 5.358025445746574e+77 2.5524794594210615e+76 4.420268203484653e+72 0.00023484405103302446 38
3.2934250220904335e-06 6.678038840167977e+65 7.107920352913346e+80 6.418148079314131e+67 5.358025445746574e+77 2.5524794594210615e+76 4.420268203484653e+72 2.3852848541091973e+70 38
1.3478657270961661e+71 6.678038840167977e+65 7.107920352913346e+80 6.418148079314131e+67 5.358025445746574e+77 2.5524794594210615e+76 4.420268203484653e+72 2.3852848541091973e+70 37
3.2934250220904335e-06 205.16366484813486 7.107920352913346e+80 5.184310698290456e-07 5.358025445746574e+77 2.5524794594210615e+76 4.420268203484653e+72 0.00023484405103302446 38
1.3478657270961661e+71 6.678038840167977e+65 7.107920352913346e+80 6.418148079314131e+67 5.358025445746574e+77 2.5524794594210615e+76 4.420268203484653e+72 2.3852848541091973e+70 37
4.841240994049148e-06 6.678038840167977e+65 7.107920352913346e+80 6.418148079314131e+67 0.63 2.5524794594210615e+76 4.420268203484653e+72 2.3852848541091973e+70 37
1.3478657270961661e+71 6.678038840167977e+65 7.107920352913346e+80 6.418148079314131e+67 5.358025445746574e+77 2.5524794594210615e+76 4.420268203484653e+72 2.3852848541091973e+70 38
3.2934250220904335e-06 6.678038840167977e+65 7.107920352913346e+80 6.418148079314131e+67 5.358025445746574e+77 2.5524794594210615e+76 4.420268203484653e+72 0.00023484405103302446 38
1.3478657270961661e+71 6.678038840167977e+65 7.107920352913346e+80 6.418148079314131e+67 5.358025445746574e+77 2.5524794594210615e+76 4.420268203484653e+72 2.3852848541091973e+70 37
1.3478657270961661e+71 6.678038840167977e+65 7.107920352913346e+80 6.418148079314131e+67 5.358025445746574e+77 2.5524794594210615e+76 4.420268203484653e+72 0.00023484405103302446 37
1.3478657270961661e+71 205.16366484813486 7.107920352913346e+80 6.418148079314131e+67 5.358025445746574e+77 2.5524794594210615e+76 4.420268203484653e+72 0.019139200503318146 37
1.3478657270961661e+71 6.678038840167977e+65 0.3 6.418148079314131e+67 5.358025445746574e+77 2.3592134891384527e-07 4.420268203484653e+72 2.3852848541091973e+70 37
2.431441360621889e-169 6.678038840167977e+65 7.107920352913346e+80 6.418148079314131e+67 5.358025445746574e+77 2.5524794594210615e+76 4.420268203484653e+72 2.3852848541091973e+70 37
1.3478657270961661e+71 205.16366484813486 7.107920352913346e+80 6.418148079314131e+67 5.358025445746574e+77 2.5524794594210615e+76 4.420268203484653e+72 2.3852848541091973e+70 38
4.841240994049148e-06 6.678038840167977e+65 7.107920352913346e+80 6.418148079314131e+67 5.358025445746574e+77 2.5524794594210615e+76 4.420268203484653e+72 2.3852848541091973e+70 37
1.3478657270961661e+71 205.16366484813486 7.107920352913346e+80 6.418148079314131e+67 6.161288618151044e-06 2.5524794594210615e+76 5.810762896488688e-170 2.3852848541091973e+70 37
1.3478657270961661e+71 6.678038840167977e+65 7.107920352913346e+80 6.418148079314131e+67 0.63 2.5524794594210615e+76 4.420268203484653e+72 2.3852848541091973e+70 37
1.3478657270961661e+71 6.678038840167977e+65 7.107920352913346e+80 1.3447085711374535e-07 5.358025445746574e+77 2.3592134891384527e-07 4.420268203484653e+72 2.3852848541091973e+70 38
1.3478657270961661e+71 6.678038840167977e+65 7.107920352913346e+80 6.418148079314131e+67 5.358025445746574e+77 2.5524794594210615e+76 4.420268203484653e+72 2.3852848541091973e+70 37
1.3478657270961661e+71 205.16366484813486 7.107920352913346e+80 6.418148079314131e+67 5.358025445746574e+77 2.5524794594210615e+76 4.420268203484653e+72 0.019139200503318146 37
1.3478657270961661e+71 6.678038840167977e+65 7.107920352913346e+80 6.418148079314131e+67 5.358025445746574e+77 2.5524794594210615e+76 4.420268203484653e+72 2.3852848541091973e+70 37
1.3478657270961661e+71 6.678038840167977e+65 7.107920352913346e+80 6.418148079314131e+67 5.358025445746574e+77 2.5524794594210615e+76 4.420268203484653e+72 2.3852848541091973e+70 37
1.3478657270961661e+71 6.678038840167977e+65 7.107920352913346e+80 6.418148079314131e+67 5.358025445746574e+77 2.5524794594210615e+76 4.420268203484653e+72 2.3852848541091973e+70 37
1.3478657270961661e+71 6.678038840167977e+65 7.107920352913346e+80 6.418148079314131e+67 5.358025445746574e+77 2.5524794594210615e+76 4.420268203484653e+72 2.3852848541091973e+70 38
1.3478657270961661e+71 6.678038840167977e+65 7.107920352913346e+80 6.418148079314131e+67 6.161288618151044e-06 2.5524794594210615e+76 4.420268203484653e+72 0.00023484405103302446 38
1.3478657270961661e+71 6.678038840167977e+65 7.107920352913346e+80 6.418148079314131e+67 5.358025445746574e+77 2.5524794594210615e+76 4.420268203484653e+72 2.3852848541091973e+70 37
1.3478657270961661e+71 6.678038840167977e+65 0.3 6.418148079314131e+67 5.358025445746574e+77 2.5524794594210615e+76 4.420268203484653e+72 2.3852848541091973e+70 38
1.3478657270961661e+71 6.678038840167977e+65 7.107920352913346e+80 6.418148079314131e+67 5.358025445746574e+77 2.5524794594210615e+76 4.420268203484653e+72 2.3852848541091973e+70 37
1.3478657270961661e+71 6.678038840167977e+65 7.107920352913346e+80 6.418148079314131e+67 6.161288618151044e-06 2.5524794594210615e+76 4.420268203484653e+72 0.00023484405103302446 38
1.3478657270961661e+71 6.678038840167977e+65 0.3 6.418148079314131e+67 5.358025445746574e+77 2.5524794594210615e+76 4.420268203484653e+72 2.3852848541091973e+70 38
1.3478657270961661e+71 6.678038840167977e+65 7.107920352913346e+80 6.418148079314131e+67 5.358025445746574e+77 2.5524794594210615e+76 4.420268203484653e+72 2.3852848541091973e+70 37
1.3478657270961661e+71 1.4523722982147441e-05 7.107920352913346e+80 6.418148079314131e+67 5.358025445746574e+77 2.5524794594210615e+76 4.420268203484653e+72 2.3852848541091973e+70 37
1.3478657270961661e+71 6.678038840167977e+65 7.107920352913346e+80 6.418148079314131e+67 5.358025445746574e+77 2.5524794594210615e+76 4.420268203484653e+72 0.00023484405103302446 38
2.431441360621889e-169 6.678038840167977e+65 0.32999999999999996 6.418148079314131e+67 5.358025445746574e+77 2.5524794594210615e+76 4.420268203484653e+72 0.00023484405103302446 37
1.3478657270961661e+71 6.678038840167977e+65 7.107920352913346e+80 6.418148079314131e+67 5.358025445746574e+77 2.5524794594210615e+76 0.006589339071537001 2.3852848541091973e+70 37
1.3478657270961661e+71 1.4523722982147441e-05 7.107920352913346e+80 6.418148079314131e+67 5.358025445746574e+77 2.5524794594210615e+76 4.420268203484653e+72 2.3852848541091973e+70 38
1.3478657270961661e+71 6.678038840167977e+65 7.107920352913346e+80 6.418148079314131e+67 5.358025445746574e+77 2.5524794594210615e+76 0.006589339071537001 2.3852848541091973e+70 38
1.3478657270961661e+71 6.678038840167977e+65 7.107920352913346e+80 6.418148079314131e+67 5.358025445746574e+77 2.5524794594210615e+76 4.420268203484653e+72 2.3852848541091973e+70 37
1.3478657270961661e+71 205.16366484813486 7.107920352913346e+80 6.418148079314131e+67 6.161288618151044e-06 2.5524794594210615e+76 4.420268203484653e+72 2.3852848541091973e+70 38
1.3478657270961661e+71 0.21 7.107920352913346e+80 6.418148079314131e+67 5.358025445746574e+77 2.5524794594210615e+76 4.420268203484653e+72 2.3852848541091973e+70 38
1.3478657270961661e+71 6.678038840167977e+65 7.107920352913346e+80 6.418148079314131e+67 5.358025445746574e+77 2.5524794594210615e+76 4.420268203484653e+72 2.3852848541091973e+70 37
1.3478657270961661e+71 6.678038840167977e+65 7.107920352913346e+80 6.418148079314131e+67 5.358025445746574e+77 2.5524794594210615e+76 4.420268203484653e+72 2.3852848541091973e+70 37
1.3478657270961661e+71 205.16366484813486 7.107920352913346e+80 6.418148079314131e+67 5.358025445746574e+77 2.5524794594210615e+76 4.420268203484653e+72 2.3852848541091973e+70 38
1.3478657270961661e+71 6.678038840167977e+65 7.107920352913346e+80 6.418148079314131e+67 5.358025445746574e+77 2.5524794594210615e+76 4.420268203484653e+72 2.3852848541091973e+70 37
1.3478657270961661e+71 6.678038840167977e+65 7.107920352913346e+80 6.418148079314131e+67 5.358025445746574e+77 2.5524794594210615e+76 4.420268203484653e+72 2.3852848541091973e+70 37
1.3478657270961661e+71 6.678038840167977e+65 7.107920352913346e+80 6.418148079314131e+67 5.358025445746574e+77 2.5524794594210615e+76 4.420268203484653e+72 0.00023484405103302446 37
1.3478657270961661e+71 6.678038840167977e+65 7.107920352913346e+80 4.200878603284803e-06 5.358025445746574e+77 2.5524794594210615e+76 4.420268203484653e+72 2.3852848541091973e+70 37
1.3478657270961661e+71 6.678038840167977e+65 7.107920352913346e+80 6.418148079314131e+67 5.358025445746574e+77 2.5524794594210615e+76 7.811092995230896e-248 2.3852848541091973e+70 37
1.3478657270961661e+71 6.678038840167977e+65 0.3 6.418148079314131e+67 5.358025445746574e+77 2.3592134891384527e-07 4.420268203484653e+72 2.3852848541091973e+70 37
1.3478657270961661e+71 6.678038840167977e+65 7.107920352913346e+80 6.418148079314131e+67 5.358025445746574e+77 2.5524794594210615e+76 4.420268203484653e+72 2.3852848541091973e+70 37
1.3478657270961661e+71 6.678038840167977e+65 7.107920352913346e+80 6.418148079314131e+67 5.358025445746574e+77 2.5524794594210615e+76 4.420268203484653e+72 2.3852848541091973e+70 37
1.3478657270961661e+71 6.678038840167977e+65 7.107920352913346e+80 6.418148079314131e+67 5.358025445746574e+77 2.5524794594210615e+76 4.420268203484653e+72 2.3852848541091973e+70 37
1.3478657270961661e+71 6.678038840167977e+65 7.107920352913346e+80 6.418148079314131e+67 5.358025445746574e+77 2.5524794594210615e+76 4.420268203484653e+72 2.3852848541091973e+70 37
1.3478657270961661e+71 0.21 7.107920352913346e+80 0.004535318059260867 5.386960686366135e-248 2.5524794594210615e+76 4.420268203484653e+72 2.3852848541091973e+70 37
1.3478657270961661e+71 205.16366484813486 7.107920352913346e+80 6.418148079314131e+67 5.358025445746574e+77 2.5524794594210615e+76 4.420268203484653e+72 2.3852848541091973e+70 37
1.3478657270961661e+71 6.678038840167977e+65 7.107920352913346e+80 6.418148079314131e+67 5.358025445746574e+77 2.5524794594210615e+76 4.420268203484653e+72 2.3852848541091973e+70 37
1.3478657270961661e+71 6.678038840167977e+65 7.107920352913346e+80 6.418148079314131e+67 5.358025445746574e+77 2.5524794594210615e+76 5.810762896488688e-170 2.3852848541091973e+70 37
1.3478657270961661e+71 6.678038840167977e+65 7.107920352913346e+80 6.418148079314131e+67 5.358025445746574e+77 8.100485466078838e-07 4.420268203484653e+72 2.3852848541091973e+70 38
1.3478657270961661e+71 6.678038840167977e+65 7.107920352913346e+80 6.418148079314131e+67 5.358025445746574e+77 2.5524794594210615e+76 4.420268203484653e+72 2.3852848541091973e+70 37
1.3478657270961661e+71 6.678038840167977e+65 7.107920352913346e+80 5.184310698290456e-07 5.358025445746574e+77 2.5524794594210615e+76 4.420268203484653e+72 2.3852848541091973e+70 38
1.3478657270961661e+71 6.678038840167977e+65 7.107920352913346e+80 6.418148079314131e+67 5.358025445746574e+77 2.5524794594210615e+76 4.420268203484653e+72 2.3852848541091973e+70 37
2.431441360621889e-169 205.16366484813486 7.107920352913346e+80 6.418148079314131e+67 5.358025445746574e+77 2.5524794594210615e+76 4.420268203484653e+72 1.0289800657685504e-08 37
1.3478657270961661e+71 6.678038840167977e+65 7.107920352913346e+80 6.418148079314131e+67 5.358025445746574e+77 2.5524794594210615e+76 4.420268203484653e+72 2.3852848541091973e+70 37
1.3478657270961661e+71 6.678038840167977e+65 7.107920352913346e+80 6.418148079314131e+67 5.358025445746574e+77 2.5524794594210615e+76 4.420268203484653e+72 2.3852848541091973e+70 37
1.3478657270961661e+71 6.678038840167977e+65 7.107920352913346e+80 6.418148079314131e+67 5.358025445746574e+77 2.5524794594210615e+76 4.420268203484653e+72 2.3852848541091973e+70 38
1.3478657270961661e+71 6.678038840167977e+65 7.107920352913346e+80 6.418148079314131e+67 5.358025445746574e+77 2.5524794594210615e+76 4.420268203484653e+72 2.3852848541091973e+70 37
1.3478657270961661e+71 6.678038840167977e+65 7.107920352913346e+80 6.418148079314131e+67 5.358025445746574e+77 2.5524794594210615e+76 4.420268203484653e+72 2.3852848541091973e+70 37
3.2934250220904335e-06 6.678038840167977e+65 7.107920352913346e+80 6.418148079314131e+67 5.358025445746574e+77 2.3592134891384527e-07 4.420268203484653e+72 2.3852848541091973e+70 38
1.3478657270961661e+71 6.678038840167977e+65 7.107920352913346e+80 6.418148079314131e+67 5.358025445746574e+77 2.5524794594210615e+76 4.420268203484653e+72 2.3852848541091973e+70 37
1.3478657270961661e+71 205.16366484813486 7.107920352913346e+80 6.418148079314131e+67 5.358025445746574e+77 2.5524794594210615e+76 4.420268203484653e+72 2.3852848541091973e+70 38
1.3478657270961661e+71 205.16366484813486 7.107920352913346e+80 6.418148079314131e+67 5.358025445746574e+77 2.5524794594210615e+76 4.420268203484653e+72 2.3852848541091973e+70 38
4.841240994049148e-06 6.678038840167977e+65 7.107920352913346e+80 6.418148079314131e+67 5.358025445746574e+77 2.5524794594210615e+76 4.420268203484653e+72 2.3852848541091973e+70 37
1.3478657270961661e+71 6.678038840167977e+65 7.107920352913346e+80 6.418148079314131e+67 5.358025445746574e+77 2.5524794594210615e+76 4.420268203484653e+72 2.3852848541091973e+70 37
1.3478657270961661e+71 6.678038840167977e+65 7.107920352913346e+80 6.418148079314131e+67 5.358025445746574e+77 2.5524794594210615e+76 4.420268203484653e+72 2.3852848541091973e+70 37
1.3478657270961661e+71 205.16366484813486 7.107920352913346e+80 6.418148079314131e+67 5.358025445746574e+77 2.5524794594210615e+76 4.420268203484653e+72 2.3852848541091973e+70 38
1.3478657270961661e+71 6.678038840167977e+65 7.107920352913346e+80 6.418148079314131e+67 5.358025445746574e+77 2.5524794594210615e+76 4.420268203484653e+72 2.3852848541091973e+70 37
3.2934250220904335e-06 6.678038840167977e+65 7.107920352913346e+80 6.418148079314131e+67 5.358025445746574e+77 2.5524794594210615e+76 4.420268203484653e+72 2.3852848541091973e+70 37
1.3478657270961661e+71 6.678038840167977e+65 7.107920352913346e+80 6.418148079314131e+67 5.358025445746574e+77 2.5524794594210615e+76 4.420268203484653e+72 2.3852848541091973e+70 37
1.3478657270961661e+71 6.678038840167977e+65 7.107920352913346e+80 6.418148079314131e+67 5.358025445746574e+77 2.5524794594210615e+76 4.420268203484653e+72 2.3852848541091973e+70 37
1.3478657270961661e+71 205.16366484813486 7.107920352913346e+80 6.418148079314131e+67 5.358025445746574e+77 2.5524794594210615e+76 4.420268203484653e+72 2.3852848541091973e+70 38
1.3478657270961661e+71 6.678038840167977e+65 7.107920352913346e+80 6.418148079314131e+67 5.358025445746574e+77 2.5524794594210615e+76 4.420268203484653e+72 2.3852848541091973e+70 38
1.3478657270961661e+71 6.678038840167977e+65 0.3 6.418148079314131e+67 5.358025445746574e+77 2.3592134891384527e-07 4.420268203484653e+72 2.3852848541091973e+70 37
4.841240994049148e-06 205.16366484813486 7.107920352913346e+80 6.418148079314131e+67 5.358025445746574e+77 2.5524794594210615e+76 4.420268203484653e+72 1.02 38
1.3478657270961661e+71 6.678038840167977e+65 7.107920352913346e+80 5.184310698290456e-07 6.161288618151044e-06 2.5524794594210615e+76 4.420268203484653e+72 2.3852848541091973e+70 37
1.3478657270961661e+71 6.678038840167977e+65 7.107920352913346e+80 6.418148079314131e+67 5.358025445746574e+77 2.5524794594210615e+76 4.420268203484653e+72 2.3852848541091973e+70 37
2.431441360621889e-169 6.678038840167977e+65 7.107920352913346e+80 6.418148079314131e+67 5.358025445746574e+77 2.5524794594210615e+76 4.420268203484653e+72 2.3852848541091973e+70 37
1.3478657270961661e+71 1.4523722982147441e-05 0.3 5.184310698290456e-07 5.358025445746574e+77 2.3592134891384527e-07 4.420268203484653e+72 2.3852848541091973e+70 38
1.3478657270961661e+71 6.678038840167977e+65 7.107920352913346e+80 6.418148079314131e+67 5.358025445746574e+77 2.5524794594210615e+76 4.420268203484653e+72 2.3852848541091973e+70 37
1.3478657270961661e+71 6.678038840167977e+65 7.107920352913346e+80 6.418148079314131e+67 5.358025445746574e+77 2.5524794594210615e+76 4.420268203484653e+72 2.3852848541091973e+70 37
1.3478657270961661e+71 6.678038840167977e+65 7.107920352913346e+80 6.418148079314131e+67 5.358025445746574e+77 2.5524794594210615e+76 4.420268203484653e+72 2.3852848541091973e+70 37
1.3478657270961661e+71 6.678038840167977e+65 7.107920352913346e+80 6.418148079314131e+67 5.358025445746574e+77 2.5524794594210615e+76 4.420268203484653e+72 2.3852848541091973e+70 37
1.3478657270961661e+71 6.678038840167977e+65 7.107920352913346e+80 6.418148079314131e+67 5.358025445746574e+77 2.5524794594210615e+76 4.420268203484653e+72 2.3852848541091973e+70 37
1.3478657270961661e+71 6.678038840167977e+65 7.107920352913346e+80 6.418148079314131e+67 5.358025445746574e+77 2.5524794594210615e+76 7.114997999555901e-08 2.3852848541091973e+70 37
1.3478657270961661e+71 6.678038840167977e+65 7.107920352913346e+80 6.418148079314131e+67 5.358025445746574e+77 2.5524794594210615e+76 4.420268203484653e+72 2.3852848541091973e+70 37
1.3478657270961661e+71 205.16366484813486 7.107920352913346e+80 6.418148079314131e+67 5.358025445746574e+77 2.5524794594210615e+76 4.420268203484653e+72 2.3852848541091973e+70 37
1.3478657270961661e+71 205.16366484813486 7.107920352913346e+80 0.004535318059260867 5.358025445746574e+77 2.5524794594210615e+76 4.420268203484653e+72 2.3852848541091973e+70 38
1.3478657270961661e+71 6.678038840167977e+65 7.107920352913346e+80 6.418148079314131e+67 5.358025445746574e+77 2.5524794594210615e+76 4.420268203484653e+72 2.3852848541091973e+70 37
1.3478657270961661e+71 6.678038840167977e+65 7.107920352913346e+80 6.418148079314131e+67 5.358025445746574e+77 2.5524794594210615e+76 4.420268203484653e+72 2.3852848541091973e+70 37
1.3478657270961661e+71 1.4523722982147441e-05 7.107920352913346e+80 6.418148079314131e+67 5.358025445746574e+77 2.5524794594210615e+76 4.420268203484653e+72 0.019139200503318146 37
2.431441360621889e-169 6.678038840167977e+65 7.107920352913346e+80 6.418148079314131e+67 5.358025445746574e+77 2.5524794594210615e+76 4.420268203484653e+72 2.3852848541091973e+70 38
1.3478657270961661e+71 205.16366484813486 0.32999999999999996 6.418148079314131e+67 5.358025445746574e+77 2.5524794594210615e+76 4.420268203484653e+72 2.3852848541091973e+70 38
2.431441360621889e-169 6.678038840167977e+65 7.107920352913346e+80 6.418148079314131e+67 5.358025445746574e+77 2.5524794594210615e+76 4.420268203484653e+72 2.3852848541091973e+70 37
1.3478657270961661e+71 6.678038840167977e+65 7.107920352913346e+80 6.418148079314131e+67 5.358025445746574e+77 2.5524794594210615e+76 0.006589339071537001 2.3852848541091973e+70 38
1.3478657270961661e+71 1.4523722982147441e-05 7.107920352913346e+80 6.418148079314131e+67 5.358025445746574e+77 2.5524794594210615e+76 4.420268203484653e+72 2.3852848541091973e+70 37
1.3478657270961661e+71 6.678038840167977e+65 7.107920352913346e+80 6.418148079314131e+67 5.358025445746574e+77 2.5524794594210615e+76 4.420268203484653e+72 2.3852848541091973e+70 37
1.3478657270961661e+71 6.678038840167977e+65 7.107920352913346e+80 6.418148079314131e+67 5.358025445746574e+77 2.5524794594210615e+76 4.420268203484653e+72 2.3852848541091973e+70 37
1.3478657270961661e+71 205.16366484813486 7.107920352913346e+80 6.418148079314131e+67 5.358025445746574e+77 8.100485466078838e-07 0.006589339071537001 0.019139200503318146 37
1.3478657270961661e+71 6.678038840167977e+65 7.107920352913346e+80 6.418148079314131e+67 5.358025445746574e+77 2.5524794594210615e+76 4.420268203484653e+72 2.3852848541091973e+70 37
2.431441360621889e-169 6.678038840167977e+65 7.107920352913346e+80 6.418148079314131e+67 5.358025445746574e+77 2.5524794594210615e+76 4.420268203484653e+72 2.3852848541091973e+70 37
1.3478657270961661e+71 1.4523722982147441e-05 0.3 5.184310698290456e-07 5.358025445746574e+77 2.3592134891384527e-07 4.420268203484653e+72 2.3852848541091973e+70 38
1.3478657270961661e+71 1.4523722982147441e-05 7.107920352913346e+80 6.418148079314131e+67 5.358025445746574e+77 2.5524794594210615e+76 4.420268203484653e+72 2.3852848541091973e+70 37
1.3478657270961661e+71 205.16366484813486 7.107920352913346e+80 6.418148079314131e+67 5.358025445746574e+77 2.5524794594210615e+76 4.420268203484653e+72 2.3852848541091973e+70 37
1.3478657270961661e+71 205.16366484813486 0.32999999999999996 6.418148079314131e+67 5.358025445746574e+77 2.5524794594210615e+76 4.420268203484653e+72 2.3852848541091973e+70 38
1.3478657270961661e+71 1.4523722982147441e-05 7.107920352913346e+80 4.200878603284803e-06 5.358025445746574e+77 2.5524794594210615e+76 4.420268203484653e+72 2.3852848541091973e+70 37
3.2934250220904335e-06 205.16366484813486 7.107920352913346e+80 5.184310698290456e-07 5.358025445746574e+77 2.5524794594210615e+76 4.420268203484653e+72 0.00023484405103302446 38
1.3478657270961661e+71 6.678038840167977e+65 7.107920352913346e+80 6.418148079314131e+67 5.358025445746574e+77 2.5524794594210615e+76 4.420268203484653e+72 2.3852848541091973e+70 37
1.3478657270961661e+71 6.678038840167977e+65 7.107920352913346e+80 6.418148079314131e+67 5.358025445746574e+77 2.5524794594210615e+76 7.811092995230896e-248 2.3852848541091973e+70 37
3.2934250220904335e-06 6.678038840167977e+65 0.32999999999999996 6.418148079314131e+67 5.358025445746574e+77 2.5524794594210615e+76 4.420268203484653e+72 0.00023484405103302446 37
1.3478657270961661e+71 6.678038840167977e+65 7.107920352913346e+80 6.418148079314131e+67 5.358025445746574e+77 2.5524794594210615e+76 4.420268203484653e+72 0.019139200503318146 37
1.3478657270961661e+71 6.678038840167977e+65 7.107920352913346e+80 6.418148079314131e+67 5.358025445746574e+77 2.5524794594210615e+76 4.420268203484653e+72 2.3852848541091973e+70 37
1.3478657270961661e+71 6.678038840167977e+65 7.107920352913346e+80 6.418148079314131e+67 5.358025445746574e+77 2.5524794594210615e+76 4.420268203484653e+72 2.3852848541091973e+70 37
1.3478657270961661e+71 6.678038840167977e+65 7.107920352913346e+80 6.418148079314131e+67 5.358025445746574e+77 2.5524794594210615e+76 4.420268203484653e+72 2.3852848541091973e+70 37
1.3478657270961661e+71 205.16366484813486 7.107920352913346e+80 0.004535318059260867 5.358025445746574e+77 2.5524794594210615e+76 4.420268203484653e+72 2.3852848541091973e+70 38
3.2934250220904335e-06 0.21 7.107920352913346e+80 4.200878603284803e-06 5.358025445746574e+77 2.5524794594210615e+76 4.420268203484653e+72 2.3852848541091973e+70 38
1.3478657270961661e+71 6.678038840167977e+65 7.107920352913346e+80 6.418148079314131e+67 5.358025445746574e+77 2.5524794594210615e+76 4.420268203484653e+72 2.3852848541091973e+70 37
1.3478657270961661e+71 6.678038840167977e+65 7.107920352913346e+80 6.418148079314131e+67 5.358025445746574e+77 2.5524794594210615e+76 4.420268203484653e+72 2.3852848541091973e+70 37
1.3478657270961661e+71 205.16366484813486 7.107920352913346e+80 6.418148079314131e+67 5.358025445746574e+77 2.5524794594210615e+76 4.420268203484653e+72 2.3852848541091973e+70 38
1.3478657270961661e+71 6.678038840167977e+65 7.107920352913346e+80 6.418148079314131e+67 5.358025445746574e+77 2.5524794594210615e+76 4.420268203484653e+72 2.3852848541091973e+70 37
1.3478657270961661e+71 6.678038840167977e+65 7.107920352913346e+80 6.418148079314131e+67 5.358025445746574e+77 2.5524794594210615e+76 4.420268203484653e+72 2.3852848541091973e+70 37
1.3478657270961661e+71 6.678038840167977e+65 7.107920352913346e+80 6.418148079314131e+67 5.358025445746574e+77 2.5524794594210615e+76 4.420268203484653e+72 2.3852848541091973e+70 37
1.3478657270961661e+71 6.678038840167977e+65 7.107920352913346e+80 6.418148079314131e+67 5.358025445746574e+77 2.5524794594210615e+76 4.420268203484653e+72 2.3852848541091973e+70 37
1.3478657270961661e+71 6.678038840167977e+65 7.107920352913346e+80 0.004535318059260867 5.358025445746574e+77 2.5524794594210615e+76 4.420268203484653e+72 2.3852848541091973e+70 37
1.3478657270961661e+71 205.16366484813486 7.107920352913346e+80 6.418148079314131e+67 5.358025445746574e+77 2.3592134891384527e-07 4.420268203484653e+72 2.3852848541091973e+70 38
1.3478657270961661e+71 6.678038840167977e+65 7.107920352913346e+80 6.418148079314131e+67 5.358025445746574e+77 2.5524794594210615e+76 4.420268203484653e+72 2.3852848541091973e+70 37
1.3478657270961661e+71 6.678038840167977e+65 7.107920352913346e+80 6.418148079314131e+67 5.358025445746574e+77 2.5524794594210615e+76 4.420268203484653e+72 2.3852848541091973e+70 37
1.3478657270961661e+71 0.21 7.107920352913346e+80 6.418148079314131e+67 5.358025445746574e+77 2.5524794594210615e+76 4.420268203484653e+72 2.3852848541091973e+70 37
1.3478657270961661e+71 6.678038840167977e+65 7.107920352913346e+80 6.418148079314131e+67 5.358025445746574e+77 2.5524794594210615e+76 5.810762896488688e-170 2.3852848541091973e+70 37
1.3478657270961661e+71 6.678038840167977e+65 7.107920352913346e+80 6.418148079314131e+67 5.358025445746574e+77 2.5524794594210615e+76 0.006589339071537001 2.3852848541091973e+70 38
1.3478657270961661e+71 205.16366484813486 7.107920352913346e+80 6.418148079314131e+67 5.386960686366135e-248 2.5524794594210615e+76 4.420268203484653e+72 2.3852848541091973e+70 37
3.2934250220904335e-06 6.678038840167977e+65 7.107920352913346e+80 6.418148079314131e+67 5.358025445746574e+77 2.5524794594210615e+76 4.420268203484653e+72 2.3852848541091973e+70 37
1.3478657270961661e+71 6.678038840167977e+65 7.107920352913346e+80 6.418148079314131e+67 5.358025445746574e+77 2.5524794594210615e+76 4.420268203484653e+72 0.019139200503318146 37
3.2934250220904335e-06 205.16366484813486 3.2321764118196815e-248 6.418148079314131e+67 5.358025445746574e+77 2.5524794594210615e+76 4.420268203484653e+72 2.3852848541091973e+70 38
1.3478657270961661e+71 6.678038840167977e+65 7.107920352913346e+80 6.418148079314131e+67 5.358025445746574e+77 2.5524794594210615e+76 4.420268203484653e+72 2.3852848541091973e+70 37
1.3478657270961661e+71 6.678038840167977e+65 7.107920352913346e+80 6.418148079314131e+67 5.358025445746574e+77 2.5524794594210615e+76 4.420268203484653e+72 2.3852848541091973e+70 37
1.3478657270961661e+71 6.678038840167977e+65 7.107920352913346e+80 4.200878603284803e-06 5.358025445746574e+77 2.5524794594210615e+76 4.420268203484653e+72 2.3852848541091973e+70 37
1.3478657270961661e+71 6.678038840167977e+65 7.107920352913346e+80 6.418148079314131e+67 5.358025445746574e+77 2.5524794594210615e+76 4.420268203484653e+72 2.3852848541091973e+70 37
1.3478657270961661e+71 6.678038840167977e+65 7.107920352913346e+80 6.418148079314131e+67 5.358025445746574e+77 2.5524794594210615e+76 4.420268203484653e+72 2.3852848541091973e+70 37
1.3478657270961661e+71 6.678038840167977e+65 7.107920352913346e+80 6.418148079314131e+67 5.358025445746574e+77 2.5524794594210615e+76 4.420268203484653e+72 2.3852848541091973e+70 37
1.3478657270961661e+71 205.16366484813486 7.107920352913346e+80 6.418148079314131e+67 5.358025445746574e+77 2.5524794594210615e+76 4.420268203484653e+72 2.3852848541091973e+70 37
3.2934250220904335e-06 205.16366484813486 3.2321764118196815e-248 6.418148079314131e+67 5.358025445746574e+77 2.5524794594210615e+76 4.420268203484653e+72 2.3852848541091973e+70 38
1.3478657270961661e+71 205.16366484813486 7.107920352913346e+80 6.418148079314131e+67 6.161288618151044e-06 2.5524794594210615e+76 4.420268203484653e+72 2.3852848541091973e+70 38
1.3478657270961661e+71 6.678038840167977e+65 7.107920352913346e+80 6.418148079314131e+67 5.358025445746574e+77 2.5524794594210615e+76 4.420268203484653e+72 2.3852848541091973e+70 37
1.3478657270961661e+71 205.16366484813486 7.107920352913346e+80 0.004535318059260867 6.161288618151044e-06 2.5524794594210615e+76 4.420268203484653e+72 1.02 38
1.3478657270961661e+71 205.16366484813486 7.107920352913346e+80 6.418148079314131e+67 5.358025445746574e+77 2.5524794594210615e+76 4.420268203484653e+72 2.3852848541091973e+70 38
1.3478657270961661e+71 6.678038840167977e+65 7.107920352913346e+80 6.418148079314131e+67 5.358025445746574e+77 2.5524794594210615e+76 4.420268203484653e+72 2.3852848541091973e+70 37
1.3478657270961661e+71 205.16366484813486 7.107920352913346e+80 6.418148079314131e+67 5.358025445746574e+77 2.5524794594210615e+76 4.420268203484653e+72 0.00023484405103302446 38
1.3478657270961661e+71 205.16366484813486 7.107920352913346e+80 6.418148079314131e+67 5.358025445746574e+77 2.5524794594210615e+76 4.420268203484653e+72 2.3852848541091973e+70 38
1.3478657270961661e+71 1.4523722982147441e-05 7.107920352913346e+80 6.418148079314131e+67 5.358025445746574e+77 2.5524794594210615e+76 4.420268203484653e+72 2.3852848541091973e+70 37
1.3478657270961661e+71 6.678038840167977e+65 7.107920352913346e+80 6.418148079314131e+67 5.358025445746574e+77 2.5524794594210615e+76 4.420268203484653e+72 2.3852848541091973e+70 38
1.3478657270961661e+71 6.678038840167977e+65 7.107920352913346e+80 6.418148079314131e+67 5.358025445746574e+77 2.5524794594210615e+76 4.420268203484653e+72 2.3852848541091973e+70 37
1.3478657270961661e+71 6.678038840167977e+65 7.107920352913346e+80 6.418148079314131e+67 5.358025445746574e+77 2.5524794594210615e+76 4.420268203484653e+72 2.3852848541091973e+70 37
1.3478657270961661e+71 6.678038840167977e+65 7.107920352913346e+80 6.418148079314131e+67 5.358025445746574e+77 2.5524794594210615e+76 4.420268203484653e+72 2.3852848541091973e+70 37
1.3478657270961661e+71 6.678038840167977e+65 7.107920352913346e+80 6.418148079314131e+67 5.358025445746574e+77 2.5524794594210615e+76 4.420268203484653e+72 2.3852848541091973e+70 37
1.3478657270961661e+71 6.678038840167977e+65 7.107920352913346e+80 6.418148079314131e+67 5.358025445746574e+77 2.5524794594210615e+76 4.420268203484653e+72 0.00023484405103302446 38
1.3478657270961661e+71 6.678038840167977e+65 7.107920352913346e+80 6.418148079314131e+67 5.358025445746574e+77 2.5524794594210615e+76 4.420268203484653e+72 2.3852848541091973e+70 37
3.2934250220904335e-06 6.678038840167977e+65 7.107920352913346e+80 4.200878603284803e-06 5.358025445746574e+77 2.3592134891384527e-07 4.420268203484653e+72 2.3852848541091973e+70 38
1.3478657270961661e+71 6.678038840167977e+65 7.107920352913346e+80 6.418148079314131e+67 5.358025445746574e+77 2.5524794594210615e+76 4.420268203484653e+72 2.3852848541091973e+70 37
4.841240994049148e-06 6.678038840167977e+65 7.107920352913346e+80 6.418148079314131e+67 0.63 2.5524794594210615e+76 4.420268203484653e+72 2.3852848541091973e+70 37
1.3478657270961661e+71 6.678038840167977e+65 7.107920352913346e+80 6.418148079314131e+67 5.358025445746574e+77 2.5524794594210615e+76 4.420268203484653e+72 2.3852848541091973e+70 37
3.2934250220904335e-06 6.678038840167977e+65 7.107920352913346e+80 4.200878603284803e-06 5.358025445746574e+77 2.3592134891384527e-07 4.420268203484653e+72 2.3852848541091973e+70 38
1.3478657270961661e+71 6.678038840167977e+65 7.107920352913346e+80 6.418148079314131e+67 5.358025445746574e+77 2.5524794594210615e+76 4.420268203484653e+72 2.3852848541091973e+70 37
1.3478657270961661e+71 6.678038840167977e+65 7.107920352913346e+80 6.418148079314131e+67 5.358025445746574e+77 2.5524794594210615e+76 4.420268203484653e+72 2.3852848541091973e+70 37
1.3478657270961661e+71 6.678038840167977e+65 7.107920352913346e+80 6.418148079314131e+67 5.358025445746574e+77 2.5524794594210615e+76 4.420268203484653e+72 2.3852848541091973e+70 37
1.3478657270961661e+71 6.678038840167977e+65 7.107920352913346e+80 6.418148079314131e+67 5.358025445746574e+77 2.5524794594210615e+76 4.420268203484653e+72 2.3852848541091973e+70 37
1.3478657270961661e+71 6.678038840167977e+65 7.107920352913346e+80 6.418148079314131e+67 5.358025445746574e+77 2.5524794594210615e+76 4.420268203484653e+72 2.3852848541091973e+70 38
1.3478657270961661e+71 6.678038840167977e+65 7.107920352913346e+80 6.418148079314131e+67 5.358025445746574e+77 2.5524794594210615e+76 4.420268203484653e+72 2.3852848541091973e+70 37
3.2934250220904335e-06 6.678038840167977e+65 7.107920352913346e+80 6.418148079314131e+67 5.358025445746574e+77 2.5524794594210615e+76 4.420268203484653e+72 0.00023484405103302446 38
1.3478657270961661e+71 6.678038840167977e+65 7.107920352913346e+80 6.418148079314131e+67 5.358025445746574e+77 2.5524794594210615e+76 4.420268203484653e+72 2.3852848541091973e+70 38
3.2934250220904335e-06 6.678038840167977e+65 0.32999999999999996 6.418148079314131e+67 5.358025445746574e+77 2.5524794594210615e+76 4.420268203484653e+72 0.00023484405103302446 37
2.431441360621889e-169 6.678038840167977e+65 7.107920352913346e+80 6.418148079314131e+67 5.358025445746574e+77 2.5524794594210615e+76 4.420268203484653e+72 2.3852848541091973e+70 37
1.3478657270961661e+71 6.678038840167977e+65 7.107920352913346e+80 6.418148079314131e+67 5.358025445746574e+77 2.5524794594210615e+76 4.420268203484653e+72 2.3852848541091973e+70 37
1.3478657270961661e+71 6.678038840167977e+65 7.107920352913346e+80 6.418148079314131e+67 5.358025445746574e+77 2.5524794594210615e+76 4.420268203484653e+72 2.3852848541091973e+70 37
2.431441360621889e-169 205.16366484813486 7.107920352913346e+80 6.418148079314131e+67 5.358025445746574e+77 2.5524794594210615e+76 4.420268203484653e+72 2.3852848541091973e+70 38
1.3478657270961661e+71 205.16366484813486 7.107920352913346e+80 5.184310698290456e-07 5.358025445746574e+77 2.5524794594210615e+76 4.420268203484653e+72 2.3852848541091973e+70 38
2.431441360621889e-169 6.678038840167977e+65 7.107920352913346e+80 6.418148079314131e+67 5.358025445746574e+77 2.5524794594210615e+76 4.420268203484653e+72 2.3852848541091973e+70 37
1.3478657270961661e+71 6.678038840167977e+65 7.107920352913346e+80 6.418148079314131e+67 5.358025445746574e+77 2.5524794594210615e+76 4.420268203484653e+72 2.3852848541091973e+70 37
1.3478657270961661e+71 6.678038840167977e+65 7.107920352913346e+80 6.418148079314131e+67 5.358025445746574e+77 2.5524794594210615e+76 4.420268203484653e+72 2.3852848541091973e+70 37
1.3478657270961661e+71 6.678038840167977e+65 7.107920352913346e+80 6.418148079314131e+67 5.358025445746574e+77 2.5524794594210615e+76 4.420268203484653e+72 2.3852848541091973e+70 37
1.3478657270961661e+71 6.678038840167977e+65 7.107920352913346e+80 6.418148079314131e+67 5.358025445746574e+77 2.5524794594210615e+76 0.006589339071537001 2.3852848541091973e+70 38
1.3478657270961661e+71 6.678038840167977e+65 3.2321764118196815e-248 6.418148079314131e+67 5.358025445746574e+77 2.3592134891384527e-07 4.420268203484653e+72 2.3852848541091973e+70 38
1.3478657270961661e+71 6.678038840167977e+65 7.107920352913346e+80 0.004535318059260867 5.358025445746574e+77 2.5524794594210615e+76 4.420268203484653e+72 2.3852848541091973e+70 37
1.3478657270961661e+71 6.678038840167977e+65 7.107920352913346e+80 6.418148079314131e+67 5.358025445746574e+77 2.5524794594210615e+76 4.420268203484653e+72 2.3852848541091973e+70 37
1.3478657270961661e+71 6.678038840167977e+65 7.107920352913346e+80 6.418148079314131e+67 5.358025445746574e+77 2.5524794594210615e+76 4.420268203484653e+72 2.3852848541091973e+70 37
4.841240994049148e-06 6.678038840167977e+65 7.107920352913346e+80 6.418148079314131e+67 5.358025445746574e+77 2.5524794594210615e+76 4.420268203484653e+72 2.3852848541091973e+70 38
1.3478657270961661e+71 205.16366484813486 7.107920352913346e+80 6.418148079314131e+67 5.358025445746574e+77 2.5524794594210615e+76 4.420268203484653e+72 2.3852848541091973e+70 38
1.3478657270961661e+71 6.678038840167977e+65 7.107920352913346e+80 6.418148079314131e+67 5.358025445746574e+77 2.5524794594210615e+76 4.420268203484653e+72 2.3852848541091973e+70 37
1.3478657270961661e+71 205.16366484813486 7.107920352913346e+80 0.004535318059260867 5.358025445746574e+77 2.5524794594210615e+76 0.006589339071537001 2.3852848541091973e+70 38
1.3478657270961661e+71 6.678038840167977e+65 7.107920352913346e+80 6.418148079314131e+67 5.358025445746574e+77 2.5524794594210615e+76 4.420268203484653e+72 2.3852848541091973e+70 37
1.3478657270961661e+71 6.678038840167977e+65 7.107920352913346e+80 6.418148079314131e+67 5.358025445746574e+77 2.5524794594210615e+76 4.420268203484653e+72 2.3852848541091973e+70 37
1.3478657270961661e+71 6.678038840167977e+65 7.107920352913346e+80 6.418148079314131e+67 5.358025445746574e+77 2.5524794594210615e+76 4.420268203484653e+72 2.3852848541091973e+70 37
2.431441360621889e-169 6.678038840167977e+65 7.107920352913346e+80 6.418148079314131e+67 5.358025445746574e+77 2.5524794594210615e+76 4.420268203484653e+72 2.3852848541091973e+70 37
3.2934250220904335e-06 6.678038840167977e+65 7.107920352913346e+80 6.418148079314131e+67 5.358025445746574e+77 2.5524794594210615e+76 4.420268203484653e+72 2.3852848541091973e+70 37
1.3478657270961661e+71 205.16366484813486 7.107920352913346e+80 6.418148079314131e+67 5.358025445746574e+77 2.5524794594210615e+76 4.420268203484653e+72 0.00023484405103302446 38
1.3478657270961661e+71 6.678038840167977e+65 7.107920352913346e+80 6.418148079314131e+67 5.358025445746574e+77 2.5524794594210615e+76 4.420268203484653e+72 2.3852848541091973e+70 37
1.3478657270961661e+71 205.16366484813486 7.107920352913346e+80 6.418148079314131e+67 5.358025445746574e+77 2.5524794594210615e+76 4.420268203484653e+72 2.3852848541091973e+70 38
1.3478657270961661e+71 6.678038840167977e+65 7.107920352913346e+80 6.418148079314131e+67 5.358025445746574e+77 2.5524794594210615e+76 4.420268203484653e+72 2.3852848541091973e+70 37
3.2934250220904335e-06 205.16366484813486 7.107920352913346e+80 6.418148079314131e+67 5.358025445746574e+77 2.5524794594210615e+76 0.006589339071537001 2.3852848541091973e+70 37
1.3478657270961661e+71 6.678038840167977e+65 7.107920352913346e+80 1.3447085711374535e-07 5.358025445746574e+77 2.3592134891384527e-07 4.420268203484653e+72 2.3852848541091973e+70 38
1.3478657270961661e+71 205.16366484813486 7.107920352913346e+80 6.418148079314131e+67 6.161288618151044e-06 2.5524794594210615e+76 5.810762896488688e-170 2.3852848541091973e+70 37
1.3478657270961661e+71 1.4523722982147441e-05 7.107920352913346e+80 6.418148079314131e+67 5.358025445746574e+77 2.5524794594210615e+76 4.420268203484653e+72 2.3852848541091973e+70 38
4.841240994049148e-06 6.678038840167977e+65 0.3 6.418148079314131e+67 5.358025445746574e+77 2.5524794594210615e+76 4.420268203484653e+72 2.3852848541091973e+70 38
1.3478657270961661e+71 6.678038840167977e+65 7.107920352913346e+80 6.418148079314131e+67 5.358025445746574e+77 2.5524794594210615e+76 4.420268203484653e+72 0.019139200503318146 38
1.3478657270961661e+71 6.678038840167977e+65 7.107920352913346e+80 6.418148079314131e+67 5.358025445746574e+77 2.5524794594210615e+76 4.420268203484653e+72 0.019139200503318146 37
1.3478657270961661e+71 6.678038840167977e+65 7.107920352913346e+80 6.418148079314131e+67 5.358025445746574e+77 2.5524794594210615e+76 4.420268203484653e+72 2.3852848541091973e+70 37
1.3478657270961661e+71 1.4523722982147441e-05 7.107920352913346e+80 6.418148079314131e+67 5.358025445746574e+77 2.5524794594210615e+76 4.420268203484653e+72 2.3852848541091973e+70 38
1.3478657270961661e+71 6.678038840167977e+65 7.107920352913346e+80 4.200878603284803e-06 5.358025445746574e+77 8.100485466078838e-07 4.420268203484653e+72 2.3852848541091973e+70 37
1.3478657270961661e+71 205.16366484813486 7.107920352913346e+80 1.3447085711374535e-07 6.161288618151044e-06 2.5524794594210615e+76 5.810762896488688e-170 2.3852848541091973e+70 38
3.2934250220904335e-06 6.678038840167977e+65 7.107920352913346e+80 4.200878603284803e-06 5.358025445746574e+77 8.100485466078838e-07 4.420268203484653e+72 2.3852848541091973e+70 37
1.3478657270961661e+71 6.678038840167977e+65 7.107920352913346e+80 6.418148079314131e+67 5.358025445746574e+77 2.5524794594210615e+76 4.420268203484653e+72 2.3852848541091973e+70 37
1.3478657270961661e+71 1.4523722982147441e-05 7.107920352913346e+80 6.418148079314131e+67 5.358025445746574e+77 2.5524794594210615e+76 4.420268203484653e+72 2.3852848541091973e+70 38
1.3478657270961661e+71 6.678038840167977e+65 7.107920352913346e+80 6.418148079314131e+67 5.358025445746574e+77 2.5524794594210615e+76 4.420268203484653e+72 2.3852848541091973e+70 37
1.3478657270961661e+71 6.678038840167977e+65 7.107920352913346e+80 6.418148079314131e+67 5.358025445746574e+77 2.5524794594210615e+76 4.420268203484653e+72 2.3852848541091973e+70 38
1.3478657270961661e+71 6.678038840167977e+65 7.107920352913346e+80 6.418148079314131e+67 5.358025445746574e+77 2.5524794594210615e+76 4.420268203484653e+72 2.3852848541091973e+70 37
1.3478657270961661e+71 6.678038840167977e+65 7.107920352913346e+80 6.418148079314131e+67 5.358025445746574e+77 2.5524794594210615e+76 5.810762896488688e-170 2.3852848541091973e+70 37
1.3478657270961661e+71 6.678038840167977e+65 7.107920352913346e+80 6.418148079314131e+67 5.358025445746574e+77 2.5524794594210615e+76 0.006589339071537001 2.3852848541091973e+70 37
1.3478657270961661e+71 6.678038840167977e+65 0.39 6.418148079314131e+67 5.358025445746574e+77 2.5524794594210615e+76 4.420268203484653e+72 2.3852848541091973e+70 37
1.3478657270961661e+71 6.678038840167977e+65 7.107920352913346e+80 6.418148079314131e+67 5.358025445746574e+77 2.5524794594210615e+76 4.420268203484653e+72 2.3852848541091973e+70 37
1.3478657270961661e+71 6.678038840167977e+65 7.107920352913346e+80 6.418148079314131e+67 5.358025445746574e+77 2.5524794594210615e+76 4.420268203484653e+72 2.3852848541091973e+70 37
1.3478657270961661e+71 205.16366484813486 7.107920352913346e+80 6.418148079314131e+67 6.161288618151044e-06 2.5524794594210615e+76 4.420268203484653e+72 0.019139200503318146 38
1.3478657270961661e+71 6.678038840167977e+65 7.107920352913346e+80 6.418148079314131e+67 5.358025445746574e+77 2.5524794594210615e+76 4.420268203484653e+72 0.019139200503318146 38
1.3478657270961661e+71 6.678038840167977e+65 7.107920352913346e+80 6.418148079314131e+67 5.358025445746574e+77 2.5524794594210615e+76 0.006589339071537001 2.3852848541091973e+70 38
1.3478657270961661e+71 6.678038840167977e+65 7.107920352913346e+80 6.418148079314131e+67 5.358025445746574e+77 2.5524794594210615e+76 4.420268203484653e+72 2.3852848541091973e+70 37
1.3478657270961661e+71 6.678038840167977e+65 7.107920352913346e+80 6.418148079314131e+67 5.358025445746574e+77 2.5524794594210615e+76 0.006589339071537001 2.3852848541091973e+70 38
1.3478657270961661e+71 6.678038840167977e+65 7.107920352913346e+80 6.418148079314131e+67 5.358025445746574e+77 2.5524794594210615e+76 4.420268203484653e+72 2.3852848541091973e+70 37
1.3478657270961661e+71 205.16366484813486 7.107920352913346e+80 0.004535318059260867 6.161288618151044e-06 2.5524794594210615e+76 4.420268203484653e+72 1.02 38
1.3478657270961661e+71 6.678038840167977e+65 7.107920352913346e+80 6.418148079314131e+67 5.358025445746574e+77 2.5524794594210615e+76 4.420268203484653e+72 2.3852848541091973e+70 37
1.3478657270961661e+71 6.678038840167977e+65 7.107920352913346e+80 6.418148079314131e+67 5.358025445746574e+77 2.5524794594210615e+76 5.810762896488688e-170 2.3852848541091973e+70 37
1.3478657270961661e+71 6.678038840167977e+65 7.107920352913346e+80 6.418148079314131e+67 5.358025445746574e+77 2.5524794594210615e+76 4.420268203484653e+72 2.3852848541091973e+70 38
1.3478657270961661e+71 6.678038840167977e+65 0.3 6.418148079314131e+67 5.358025445746574e+77 2.5524794594210615e+76 0.006589339071537001 2.3852848541091973e+70 37
1.3478657270961661e+71 6.678038840167977e+65 7.107920352913346e+80 6.418148079314131e+67 5.358025445746574e+77 2.5524794594210615e+76 4.420268203484653e+72 2.3852848541091973e+70 37
1.3478657270961661e+71 6.678038840167977e+65 7.107920352913346e+80 6.418148079314131e+67 5.358025445746574e+77 2.5524794594210615e+76 4.420268203484653e+72 2.3852848541091973e+70 37
1.3478657270961661e+71 6.678038840167977e+65 7.107920352913346e+80 6.418148079314131e+67 5.358025445746574e+77 2.5524794594210615e+76 4.420268203484653e+72 2.3852848541091973e+70 37
1.3478657270961661e+71 1.4523722982147441e-05 7.107920352913346e+80 6.418148079314131e+67 5.358025445746574e+77 2.5524794594210615e+76 4.420268203484653e+72 2.3852848541091973e+70 37
1.3478657270961661e+71 6.678038840167977e+65 7.107920352913346e+80 6.418148079314131e+67 5.358025445746574e+77 2.5524794594210615e+76 4.420268203484653e+72 2.3852848541091973e+70 37
1.3478657270961661e+71 1.4523722982147441e-05 7.107920352913346e+80 6.418148079314131e+67 5.358025445746574e+77 2.5524794594210615e+76 4.420268203484653e+72 2.3852848541091973e+70 38
1.3478657270961661e+71 205.16366484813486 7.107920352913346e+80 6.418148079314131e+67 5.358025445746574e+77 2.5524794594210615e+76 4.420268203484653e+72 0.00023484405103302446 38
2.431441360621889e-169 1.4523722982147441e-05 7.107920352913346e+80 1.3447085711374535e-07 5.358025445746574e+77 2.5524794594210615e+76 0.006589339071537001 0.00023484405103302446 38
2.431441360621889e-169 6.678038840167977e+65 7.107920352913346e+80 6.418148079314131e+67 5.358025445746574e+77 2.5524794594210615e+76 4.420268203484653e+72 2.3852848541091973e+70 38
1.3478657270961661e+71 6.678038840167977e+65 7.107920352913346e+80 0.004535318059260867 5.358025445746574e+77 2.5524794594210615e+76 4.420268203484653e+72 2.3852848541091973e+70 38
1.3478657270961661e+71 6.678038840167977e+65 7.107920352913346e+80 6.418148079314131e+67 5.358025445746574e+77 2.5524794594210615e+76 4.420268203484653e+72 2.3852848541091973e+70 37
1.3478657270961661e+71 205.16366484813486 7.107920352913346e+80 6.418148079314131e+67 5.358025445746574e+77 2.5524794594210615e+76 4.420268203484653e+72 0.019139200503318146 38
1.3478657270961661e+71 6.678038840167977e+65 7.107920352913346e+80 6.418148079314131e+67 5.358025445746574e+77 2.5524794594210615e+76 5.810762896488688e-170 2.3852848541091973e+70 37
2.431441360621889e-169 6.678038840167977e+65 7.107920352913346e+80 6.418148079314131e+67 5.358025445746574e+77 2.5524794594210615e+76 4.420268203484653e+72 0.019139200503318146 37
1.3478657270961661e+71 6.678038840167977e+65 7.107920352913346e+80 6.418148079314131e+67 5.358025445746574e+77 2.5524794594210615e+76 4.420268203484653e+72 2.3852848541091973e+70 37
1.3478657270961661e+71 205.16366484813486 7.107920352913346e+80 6.418148079314131e+67 5.358025445746574e+77 2.5524794594210615e+76 4.420268203484653e+72 0.019139200503318146 37
1.3478657270961661e+71 6.678038840167977e+65 7.107920352913346e+80 6.418148079314131e+67 5.358025445746574e+77 2.5524794594210615e+76 4.420268203484653e+72 2.3852848541091973e+70 38
3.2934250220904335e-06 6.678038840167977e+65 7.107920352913346e+80 6.418148079314131e+67 5.358025445746574e+77 2.5524794594210615e+76 4.420268203484653e+72 2.3852848541091973e+70 37
1.3478657270961661e+71 6.678038840167977e+65 7.107920352913346e+80 6.418148079314131e+67 5.358025445746574e+77 2.5524794594210615e+76 4.420268203484653e+72 2.3852848541091973e+70 37
1.3478657270961661e+71 6.678038840167977e+65 7.107920352913346e+80 6.418148079314131e+67 5.358025445746574e+77 2.5524794594210615e+76 4.420268203484653e+72 2.3852848541091973e+70 37
2.431441360621889e-169 1.4523722982147441e-05 7.107920352913346e+80 1.3447085711374535e-07 5.358025445746574e+77 2.5524794594210615e+76 0.006589339071537001 0.00023484405103302446 38
1.3478657270961661e+71 6.678038840167977e+65 7.107920352913346e+80 6.418148079314131e+67 5.358025445746574e+77 2.5524794594210615e+76 4.420268203484653e+72 2.3852848541091973e+70 37
1.3478657270961661e+71 6.678038840167977e+65 7.107920352913346e+80 6.418148079314131e+67 5.358025445746574e+77 2.5524794594210615e+76 4.420268203484653e+72 2.3852848541091973e+70 37
1.3478657270961661e+71 6.678038840167977e+65 7.107920352913346e+80 6.418148079314131e+67 5.358025445746574e+77 2.5524794594210615e+76 4.420268203484653e+72 2.3852848541091973e+70 37
4.841240994049148e-06 6.678038840167977e+65 7.107920352913346e+80 6.418148079314131e+67 5.358025445746574e+77 2.5524794594210615e+76 4.420268203484653e+72 2.3852848541091973e+70 38
1.3478657270961661e+71 205.16366484813486 7.107920352913346e+80 0.004535318059260867 5.358025445746574e+77 2.5524794594210615e+76 0.006589339071537001 2.3852848541091973e+70 38
3.2934250220904335e-06 6.678038840167977e+65 7.107920352913346e+80 6.418148079314131e+67 5.358025445746574e+77 2.5524794594210615e+76 4.420268203484653e+72 2.3852848541091973e+70 37
1.3478657270961661e+71 6.678038840167977e+65 7.107920352913346e+80 6.418148079314131e+67 5.358025445746574e+77 2.5524794594210615e+76 4.420268203484653e+72 2.3852848541091973e+70 37
1.3478657270961661e+71 6.678038840167977e+65 0.3 6.418148079314131e+67 5.358025445746574e+77 2.5524794594210615e+76 4.420268203484653e+72 2.3852848541091973e+70 38
3.2934250220904335e-06 205.16366484813486 7.107920352913346e+80 6.418148079314131e+67 5.358025445746574e+77 2.5524794594210615e+76 4.420268203484653e+72 2.3852848541091973e+70 38
1.3478657270961661e+71 1.4523722982147441e-05 7.107920352913346e+80 6.418148079314131e+67 5.358025445746574e+77 2.5524794594210615e+76 4.420268203484653e+72 2.3852848541091973e+70 37
1.3478657270961661e+71 6.678038840167977e+65 7.107920352913346e+80 6.418148079314131e+67 5.358025445746574e+77 2.5524794594210615e+76 4.420268203484653e+72 2.3852848541091973e+70 37
1.3478657270961661e+71 6.678038840167977e+65 7.107920352913346e+80 6.418148079314131e+67 5.358025445746574e+77 2.5524794594210615e+76 4.420268203484653e+72 2.3852848541091973e+70 38
1.3478657270961661e+71 6.678038840167977e+65 7.107920352913346e+80 6.418148079314131e+67 5.358025445746574e+77 2.5524794594210615e+76 4.420268203484653e+72 2.3852848541091973e+70 37
1.3478657270961661e+71 6.678038840167977e+65 7.107920352913346e+80 6.418148079314131e+67 5.358025445746574e+77 2.5524794594210615e+76 4.420268203484653e+72 2.3852848541091973e+70 37
1.3478657270961661e+71 205.16366484813486 7.107920352913346e+80 0.004535318059260867 5.358025445746574e+77 2.5524794594210615e+76 4.420268203484653e+72 2.3852848541091973e+70 38
1.3478657270961661e+71 6.678038840167977e+65 7.107920352913346e+80 5.184310698290456e-07 5.358025445746574e+77 8.100485466078838e-07 0.006589339071537001 2.3852848541091973e+70 37
1.3478657270961661e+71 6.678038840167977e+65 7.107920352913346e+80 6.418148079314131e+67 5.358025445746574e+77 2.5524794594210615e+76 0.006589339071537001 2.3852848541091973e+70 37
1.3478657270961661e+71 6.678038840167977e+65 7.107920352913346e+80 6.418148079314131e+67 5.358025445746574e+77 2.5524794594210615e+76 4.420268203484653e+72 2.3852848541091973e+70 38
1.3478657270961661e+71 6.678038840167977e+65 7.107920352913346e+80 6.418148079314131e+67 5.358025445746574e+77 2.5524794594210615e+76 4.420268203484653e+72 2.3852848541091973e+70 38
1.3478657270961661e+71 6.678038840167977e+65 7.107920352913346e+80 6.418148079314131e+67 5.358025445746574e+77 2.5524794594210615e+76 4.420268203484653e+72 2.3852848541091973e+70 37
1.3478657270961661e+71 6.678038840167977e+65 7.107920352913346e+80 5.184310698290456e-07 5.358025445746574e+77 2.5524794594210615e+76 4.420268203484653e+72 2.3852848541091973e+70 37
1.3478657270961661e+71 6.678038840167977e+65 7.107920352913346e+80 6.418148079314131e+67 5.358025445746574e+77 2.5524794594210615e+76 4.420268203484653e+72 2.3852848541091973e+70 37
1.3478657270961661e+71 6.678038840167977e+65 7.107920352913346e+80 6.418148079314131e+67 5.358025445746574e+77 2.5524794594210615e+76 0.006589339071537001 2.3852848541091973e+70 37
1.3478657270961661e+71 6.678038840167977e+65 7.107920352913346e+80 6.418148079314131e+67 5.358025445746574e+77 2.5524794594210615e+76 4.420268203484653e+72 2.3852848541091973e+70 37
1.3478657270961661e+71 6.678038840167977e+65 7.107920352913346e+80 1.3447085711374535e-07 5.358025445746574e+77 2.5524794594210615e+76 4.420268203484653e+72 2.3852848541091973e+70 37
1.3478657270961661e+71 6.678038840167977e+65 7.107920352913346e+80 6.418148079314131e+67 5.358025445746574e+77 2.5524794594210615e+76 4.420268203484653e+72 2.3852848541091973e+70 37
1.3478657270961661e+71 6.678038840167977e+65 7.107920352913346e+80 6.418148079314131e+67 5.358025445746574e+77 2.5524794594210615e+76 4.420268203484653e+72 1.0289800657685504e-08 38
1.3478657270961661e+71 205.16366484813486 7.107920352913346e+80 6.418148079314131e+67 5.358025445746574e+77 2.5524794594210615e+76 4.420268203484653e+72 2.3852848541091973e+70 38
1.3478657270961661e+71 205.16366484813486 7.107920352913346e+80 6.418148079314131e+67 5.358025445746574e+77 2.5524794594210615e+76 4.420268203484653e+72 2.3852848541091973e+70 38
1.3478657270961661e+71 6.678038840167977e+65 7.107920352913346e+80 6.418148079314131e+67 5.358025445746574e+77 2.5524794594210615e+76 4.420268203484653e+72 2.3852848541091973e+70 37
1.3478657270961661e+71 6.678038840167977e+65 7.107920352913346e+80 6.418148079314131e+67 5.358025445746574e+77 2.5524794594210615e+76 4.420268203484653e+72 2.3852848541091973e+70 37
1.3478657270961661e+71 6.678038840167977e+65 0.3 0.004535318059260867 5.358025445746574e+77 2.5524794594210615e+76 4.420268203484653e+72 2.3852848541091973e+70 37
1.3478657270961661e+71 6.678038840167977e+65 7.107920352913346e+80 6.418148079314131e+67 5.358025445746574e+77 2.5524794594210615e+76 4.420268203484653e+72 2.3852848541091973e+70 37
1.3478657270961661e+71 6.678038840167977e+65 7.107920352913346e+80 6.418148079314131e+67 5.358025445746574e+77 2.5524794594210615e+76 4.420268203484653e+72 2.3852848541091973e+70 38
1.3478657270961661e+71 6.678038840167977e+65 7.107920352913346e+80 6.418148079314131e+67 5.358025445746574e+77 2.5524794594210615e+76 4.420268203484653e+72 2.3852848541091973e+70 37
1.3478657270961661e+71 205.16366484813486 7.107920352913346e+80 6.418148079314131e+67 5.358025445746574e+77 2.5524794594210615e+76 4.420268203484653e+72 0.019139200503318146 37
1.3478657270961661e+71 6.678038840167977e+65 0.3 6.418148079314131e+67 5.358025445746574e+77 2.5524794594210615e+76 4.420268203484653e+72 2.3852848541091973e+70 37
1.3478657270961661e+71 205.16366484813486 0.32999999999999996 0.004535318059260867 5.358025445746574e+77 2.5524794594210615e+76 4.420268203484653e+72 2.3852848541091973e+70 38
