4.2823836171235065e+110 1.06587461011255e+91 2.556942990480309e+117 0.5535547591696789 2.4365357403823715e+116 1.643624567159466e+117 7.722396016287948e-240 6.532354889928071 38
6.096630825246891e-06 1.06587461011255e+91 2.556942990480309e+117 5.995337063972914e+111 2.4365357403823715e+116 1.643624567159466e+117 3.904258727256764e+117 1.3068781143821322e+105 37
4.2823836171235065e+110 1.06587461011255e+91 2.556942990480309e+117 5.995337063972914e+111 2.4365357403823715e+116 1.643624567159466e+117 3.904258727256764e+117 1.3068781143821322e+105 37
4.2823836171235065e+110 1.06587461011255e+91 2.556942990480309e+117 5.995337063972914e+111 2.4365357403823715e+116 1.643624567159466e+117 3.904258727256764e+117 1.3068781143821322e+105 37
4.2823836171235065e+110 154975074578407.72 2.556942990480309e+117 5.995337063972914e+111 2.4365357403823715e+116 1.643624567159466e+117 3.904258727256764e+117 6.532354889928071 38
4.2823836171235065e+110 1.1083617231862978e-238 2.556942990480309e+117 5.995337063972914e+111 2.4365357403823715e+116 1.643624567159466e+117 3.904258727256764e+117 1.3068781143821322e+105 38
4.2823836171235065e+110 154975074578407.72 2.556942990480309e+117 5.995337063972914e+111 2.4365357403823715e+116 1.643624567159466e+117 3.904258727256764e+117 0.19282795911956058 38
4.2823836171235065e+110 1.06587461011255e+91 2.556942990480309e+117 3.5446987578083475e-08 2.4365357403823715e+116 1.643624567159466e+117 3.904258727256764e+117 1.3068781143821322e+105 38
4.2823836171235065e+110 1.06587461011255e+91 2.556942990480309e+117 5.995337063972914e+111 2.4365357403823715e+116 1.643624567159466e+117 3.904258727256764e+117 1.3068781143821322e+105 37
4.2823836171235065e+110 1.06587461011255e+91 2.556942990480309e+117 5.995337063972914e+111 2.4365357403823715e+116 1.643624567159466e+117 3.904258727256764e+117 1.3068781143821322e+105 37
4.2823836171235065e+110 1.06587461011255e+91 8.493476881094891e-05 5.995337063972914e+111 2.4365357403823715e+116 1.643624567159466e+117 3.904258727256764e+117 1.3068781143821322e+105 37
4.2823836171235065e+110 1.06587461011255e+91 2.556942990480309e+117 5.995337063972914e+111 2.4365357403823715e+116 1.643624567159466e+117 3.904258727256764e+117 1.3068781143821322e+105 37
4.2823836171235065e+110 1.06587461011255e+91 2.556942990480309e+117 5.995337063972914e+111 2.4365357403823715e+116 1.643624567159466e+117 0.87 1.3068781143821322e+105 38
4.2823836171235065e+110 1.06587461011255e+91 2.556942990480309e+117 5.995337063972914e+111 2.4365357403823715e+116 1.643624567159466e+117 3.904258727256764e+117 1.3068781143821322e+105 37
4.2823836171235065e+110 0.03505962893082917 2.556942990480309e+117 5.995337063972914e+111 2.4365357403823715e+116 1.643624567159466e+117 3.904258727256764e+117 1.3068781143821322e+105 38
4.2823836171235065e+110 1.06587461011255e+91 2.556942990480309e+117 5.995337063972914e+111 2.4365357403823715e+116 1.643624567159466e+117 3.904258727256764e+117 1.3068781143821322e+105 37
4.2823836171235065e+110 1.06587461011255e+91 2.556942990480309e+117 5.995337063972914e+111 2.4365357403823715e+116 1.643624567159466e+117 3.904258727256764e+117 1.3068781143821322e+105 37
4.2823836171235065e+110 1.06587461011255e+91 2.556942990480309e+117 5.995337063972914e+111 2.4365357403823715e+116 1.643624567159466e+117 3.904258727256764e+117 1.3068781143821322e+105 37
4.2823836171235065e+110 1.06587461011255e+91 2.556942990480309e+117 5.995337063972914e+111 2.4365357403823715e+116 1.643624567159466e+117 3.904258727256764e+117 1.3068781143821322e+105 37
4.2823836171235065e+110 1.06587461011255e+91 2.556942990480309e+117 5.995337063972914e+111 2.4365357403823715e+116 1.643624567159466e+117 3.904258727256764e+117 1.3068781143821322e+105 37
4.2823836171235065e+110 154975074578407.72 2.556942990480309e+117 5.995337063972914e+111 2.4365357403823715e+116 1.643624567159466e+117 3.904258727256764e+117 1.3068781143821322e+105 37
4.2823836171235065e+110 1.06587461011255e+91 2.556942990480309e+117 5.995337063972914e+111 2.4365357403823715e+116 1.643624567159466e+117 3.904258727256764e+117 1.3068781143821322e+105 37
4.2823836171235065e+110 1.06587461011255e+91 2.556942990480309e+117 5.995337063972914e+111 2.4365357403823715e+116 1.643624567159466e+117 3.904258727256764e+117 1.3068781143821322e+105 38
4.2823836171235065e+110 1.06587461011255e+91 2.556942990480309e+117 8.35885634989316e-09 2.4365357403823715e+116 1.643624567159466e+117 3.904258727256764e+117 1.3068781143821322e+105 37
4.2823836171235065e+110 1.06587461011255e+91 2.556942990480309e+117 5.995337063972914e+111 2.4365357403823715e+116 1.643624567159466e+117 3.904258727256764e+117 6.532354889928071 37
4.2823836171235065e+110 1.06587461011255e+91 2.556942990480309e+117 5.995337063972914e+111 2.4365357403823715e+116 1.643624567159466e+117 3.904258727256764e+117 1.3068781143821322e+105 37
4.2823836171235065e+110 1.06587461011255e+91 2.556942990480309e+117 5.995337063972914e+111 2.4365357403823715e+116 1.643624567159466e+117 3.904258727256764e+117 1.3068781143821322e+105 37
4.2823836171235065e+110 1.06587461011255e+91 2.556942990480309e+117 5.995337063972914e+111 2.4365357403823715e+116 1.3374170159829055e-08 3.904258727256764e+117 1.3068781143821322e+105 37
4.2823836171235065e+110 1.06587461011255e+91 2.556942990480309e+117 8.35885634989316e-09 2.4365357403823715e+116 1.643624567159466e+117 3.904258727256764e+117 1.3068781143821322e+105 37
4.2823836171235065e+110 154975074578407.72 2.556942990480309e+117 5.995337063972914e+111 2.4365357403823715e+116 1.643624567159466e+117 3.904258727256764e+117 1.3068781143821322e+105 38
4.2823836171235065e+110 1.06587461011255e+91 2.556942990480309e+117 5.995337063972914e+111 2.4365357403823715e+116 1.643624567159466e+117 3.904258727256764e+117 1.3068781143821322e+105 37
4.2823836171235065e+110 1.06587461011255e+91 2.556942990480309e+117 5.995337063972914e+111 2.4365357403823715e+116 1.643624567159466e+117 3.904258727256764e+117 6.532354889928071 37
4.2823836171235065e+110 1.06587461011255e+91 2.556942990480309e+117 5.995337063972914e+111 2.4365357403823715e+116 1.3374170159829055e-08 3.904258727256764e+117 1.3068781143821322e+105 37
4.2823836171235065e+110 1.06587461011255e+91 2.556942990480309e+117 0.5535547591696789 2.4365357403823715e+116 1.643624567159466e+117 3.904258727256764e+117 1.3068781143821322e+105 38
4.2823836171235065e+110 1.06587461011255e+91 2.556942990480309e+117 5.995337063972914e+111 2.4365357403823715e+116 1.643624567159466e+117 3.904258727256764e+117 1.3068781143821322e+105 37
4.2823836171235065e+110 1.06587461011255e+91 2.556942990480309e+117 5.995337063972914e+111 2.4365357403823715e+116 1.643624567159466e+117 3.904258727256764e+117 1.3068781143821322e+105 37
4.2823836171235065e+110 1.06587461011255e+91 2.556942990480309e+117 5.995337063972914e+111 2.4365357403823715e+116 1.643624567159466e+117 3.904258727256764e+117 1.3068781143821322e+105 38
6.096630825246891e-06 1.06587461011255e+91 2.556942990480309e+117 5.995337063972914e+111 2.4365357403823715e+116 1.643624567159466e+117 3.904258727256764e+117 6.532354889928071 37
6.096630825246891e-06 1.06587461011255e+91 2.556942990480309e+117 5.995337063972914e+111 2.4365357403823715e+116 1.643624567159466e+117 3.904258727256764e+117 1.3068781143821322e+105 37
4.2823836171235065e+110 154975074578407.72 2.556942990480309e+117 3.114865605632037e-07 2.4365357403823715e+116 4.116772114691963e-238 7.722396016287948e-240 1.3068781143821322e+105 38
4.2823836171235065e+110 1.06587461011255e+91 2.556942990480309e+117 5.995337063972914e+111 2.4365357403823715e+116 1.643624567159466e+117 0.0019902801952446387 1.3068781143821322e+105 38
4.2823836171235065e+110 1.06587461011255e+91 2.556942990480309e+117 5.995337063972914e+111 2.4365357403823715e+116 1.643624567159466e+117 3.904258727256764e+117 1.3068781143821322e+105 37
4.2823836171235065e+110 1.06587461011255e+91 2.556942990480309e+117 5.995337063972914e+111 2.4365357403823715e+116 1.643624567159466e+117 3.904258727256764e+117 1.3068781143821322e+105 38
1.9286454923482337e-07 154975074578407.72 2.556942990480309e+117 5.995337063972914e+111 2.4365357403823715e+116 1.643624567159466e+117 3.904258727256764e+117 0.19282795911956058 38
4.2823836171235065e+110 1.06587461011255e+91 2.556942990480309e+117 5.995337063972914e+111 2.4365357403823715e+116 1.643624567159466e+117 3.904258727256764e+117 1.3068781143821322e+105 37
4.2823836171235065e+110 1.06587461011255e+91 2.556942990480309e+117 5.995337063972914e+111 2.4365357403823715e+116 1.643624567159466e+117 3.904258727256764e+117 1.3068781143821322e+105 37
4.2823836171235065e+110 1.06587461011255e+91 2.556942990480309e+117 5.995337063972914e+111 2.4365357403823715e+116 1.643624567159466e+117 3.904258727256764e+117 1.3068781143821322e+105 38
4.2823836171235065e+110 1.06587461011255e+91 2.556942990480309e+117 5.995337063972914e+111 2.4365357403823715e+116 1.643624567159466e+117 3.904258727256764e+117 1.3068781143821322e+105 37
1.9286454923482337e-07 1.06587461011255e+91 2.556942990480309e+117 5.995337063972914e+111 2.4365357403823715e+116 1.643624567159466e+117 0.0019902801952446387 0.19282795911956058 38
1.9286454923482337e-07 1.06587461011255e+91 2.556942990480309e+117 5.995337063972914e+111 2.4365357403823715e+116 1.643624567159466e+117 0.0019902801952446387 0.19282795911956058 38
4.2823836171235065e+110 1.06587461011255e+91 2.556942990480309e+117 5.995337063972914e+111 2.4365357403823715e+116 1.643624567159466e+117 3.904258727256764e+117 1.3068781143821322e+105 37
4.2823836171235065e+110 1.06587461011255e+91 2.556942990480309e+117 5.995337063972914e+111 2.4365357403823715e+116 1.643624567159466e+117 3.904258727256764e+117 0.19282795911956058 37
4.2823836171235065e+110 1.06587461011255e+91 2.556942990480309e+117 5.995337063972914e+111 2.4365357403823715e+116 1.643624567159466e+117 3.904258727256764e+117 1.3068781143821322e+105 38
6.096630825246891e-06 1.06587461011255e+91 2.556942990480309e+117 5.995337063972914e+111 2.4365357403823715e+116 1.643624567159466e+117 3.904258727256764e+117 1.3068781143821322e+105 38
0.00014199150632042155 1.06587461011255e+91 2.556942990480309e+117 5.995337063972914e+111 2.4365357403823715e+116 1.643624567159466e+117 3.904258727256764e+117 1.3068781143821322e+105 38
6.096630825246891e-06 1.06587461011255e+91 2.556942990480309e+117 0.5535547591696789 2.4365357403823715e+116 1.643624567159466e+117 3.904258727256764e+117 6.532354889928071 38
4.2823836171235065e+110 154975074578407.72 2.556942990480309e+117 5.995337063972914e+111 2.4365357403823715e+116 1.643624567159466e+117 3.904258727256764e+117 1.3068781143821322e+105 38
4.2823836171235065e+110 154975074578407.72 2.556942990480309e+117 5.995337063972914e+111 2.4365357403823715e+116 1.643624567159466e+117 3.904258727256764e+117 1.3068781143821322e+105 37
4.2823836171235065e+110 154975074578407.72 2.556942990480309e+117 5.995337063972914e+111 2.4365357403823715e+116 1.643624567159466e+117 0.0019902801952446387 0.19282795911956058 38
4.2823836171235065e+110 1.06587461011255e+91 2.556942990480309e+117 5.995337063972914e+111 2.4365357403823715e+116 1.643624567159466e+117 3.904258727256764e+117 1.3068781143821322e+105 37
4.2823836171235065e+110 1.06587461011255e+91 2.556942990480309e+117 5.995337063972914e+111 2.4365357403823715e+116 1.643624567159466e+117 3.904258727256764e+117 1.3068781143821322e+105 37
4.2823836171235065e+110 1.06587461011255e+91 2.556942990480309e+117 5.995337063972914e+111 2.4365357403823715e+116 1.643624567159466e+117 3.904258727256764e+117 1.3068781143821322e+105 37
4.2823836171235065e+110 1.06587461011255e+91 2.556942990480309e+117 3.5446987578083475e-08 2.4365357403823715e+116 1.643624567159466e+117 3.904258727256764e+117 1.3068781143821322e+105 38
4.2823836171235065e+110 1.06587461011255e+91 2.556942990480309e+117 5.995337063972914e+111 2.4365357403823715e+116 1.643624567159466e+117 3.904258727256764e+117 1.3068781143821322e+105 37
4.2823836171235065e+110 154975074578407.72 2.556942990480309e+117 3.114865605632037e-07 8.434296018976537e-06 1.643624567159466e+117 7.722396016287948e-240 1.3068781143821322e+105 38
4.2823836171235065e+110 0.03505962893082917 2.556942990480309e+117 5.995337063972914e+111 2.4365357403823715e+116 1.643624567159466e+117 3.904258727256764e+117 1.3068781143821322e+105 38
4.2823836171235065e+110 1.06587461011255e+91 2.556942990480309e+117 3.5446987578083475e-08 2.4365357403823715e+116 1.643624567159466e+117 3.904258727256764e+117 1.3068781143821322e+105 38
4.2823836171235065e+110 1.06587461011255e+91 2.556942990480309e+117 5.995337063972914e+111 2.4365357403823715e+116 1.643624567159466e+117 3.904258727256764e+117 1.3068781143821322e+105 37
4.2823836171235065e+110 154975074578407.72 2.556942990480309e+117 5.995337063972914e+111 2.4365357403823715e+116 1.643624567159466e+117 3.904258727256764e+117 1.3068781143821322e+105 38
4.2823836171235065e+110 1.06587461011255e+91 2.556942990480309e+117 5.995337063972914e+111 2.4365357403823715e+116 1.643624567159466e+117 3.904258727256764e+117 1.3068781143821322e+105 37
4.2823836171235065e+110 1.06587461011255e+91 2.556942990480309e+117 5.995337063972914e+111 2.4365357403823715e+116 1.643624567159466e+117 3.904258727256764e+117 1.3068781143821322e+105 37
4.2823836171235065e+110 154975074578407.72 2.556942990480309e+117 0.5535547591696789 2.4365357403823715e+116 1.643624567159466e+117 3.904258727256764e+117 0.19282795911956058 37
4.2823836171235065e+110 1.06587461011255e+91 2.556942990480309e+117 5.995337063972914e+111 2.4365357403823715e+116 1.643624567159466e+117 3.904258727256764e+117 1.3068781143821322e+105 37
4.2823836171235065e+110 0.03505962893082917 2.556942990480309e+117 5.995337063972914e+111 2.4365357403823715e+116 1.643624567159466e+117 3.904258727256764e+117 1.3068781143821322e+105 37
4.2823836171235065e+110 154975074578407.72 2.556942990480309e+117 5.995337063972914e+111 8.434296018976537e-06 1.643624567159466e+117 3.904258727256764e+117 1.3068781143821322e+105 38
4.2823836171235065e+110 1.06587461011255e+91 2.556942990480309e+117 5.995337063972914e+111 2.4365357403823715e+116 1.643624567159466e+117 3.904258727256764e+117 1.3068781143821322e+105 37
4.2823836171235065e+110 154975074578407.72 2.6585240683562606e-08 5.995337063972914e+111 2.4365357403823715e+116 1.643624567159466e+117 3.904258727256764e+117 1.3068781143821322e+105 37
4.2823836171235065e+110 1.06587461011255e+91 2.556942990480309e+117 5.995337063972914e+111 2.4365357403823715e+116 1.643624567159466e+117 3.904258727256764e+117 1.3068781143821322e+105 37
1.9286454923482337e-07 1.06587461011255e+91 2.556942990480309e+117 5.995337063972914e+111 2.4365357403823715e+116 1.643624567159466e+117 3.904258727256764e+117 6.532354889928071 37
4.2823836171235065e+110 1.06587461011255e+91 2.556942990480309e+117 3.114865605632037e-07 2.4365357403823715e+116 1.643624567159466e+117 3.904258727256764e+117 1.3068781143821322e+105 37
4.2823836171235065e+110 154975074578407.72 2.556942990480309e+117 0.5535547591696789 8.434296018976537e-06 1.643624567159466e+117 3.904258727256764e+117 1.3068781143821322e+105 37
4.2823836171235065e+110 1.06587461011255e+91 2.556942990480309e+117 5.995337063972914e+111 2.4365357403823715e+116 1.643624567159466e+117 3.904258727256764e+117 1.3068781143821322e+105 37
4.2823836171235065e+110 1.06587461011255e+91 2.556942990480309e+117 5.995337063972914e+111 2.4365357403823715e+116 1.643624567159466e+117 3.904258727256764e+117 1.3068781143821322e+105 37
1.9286454923482337e-07 1.06587461011255e+91 2.556942990480309e+117 5.995337063972914e+111 2.4365357403823715e+116 1.643624567159466e+117 3.904258727256764e+117 1.3068781143821322e+105 38
4.2823836171235065e+110 1.06587461011255e+91 2.556942990480309e+117 5.995337063972914e+111 2.4365357403823715e+116 1.643624567159466e+117 3.904258727256764e+117 1.3068781143821322e+105 37
4.2823836171235065e+110 154975074578407.72 2.556942990480309e+117 0.5535547591696789 2.4365357403823715e+116 1.643624567159466e+117 7.722396016287948e-240 1.3068781143821322e+105 38
4.2823836171235065e+110 1.06587461011255e+91 2.556942990480309e+117 5.995337063972914e+111 2.4365357403823715e+116 1.643624567159466e+117 3.904258727256764e+117 1.3068781143821322e+105 37
4.2823836171235065e+110 1.06587461011255e+91 2.556942990480309e+117 5.995337063972914e+111 2.4365357403823715e+116 1.643624567159466e+117 3.904258727256764e+117 1.3068781143821322e+105 37
4.2823836171235065e+110 1.06587461011255e+91 2.556942990480309e+117 5.995337063972914e+111 5.743724468890165e-06 1.643624567159466e+117 3.904258727256764e+117 1.3068781143821322e+105 37
0.00014199150632042155 1.06587461011255e+91 2.556942990480309e+117 5.995337063972914e+111 2.4365357403823715e+116 1.643624567159466e+117 3.904258727256764e+117 6.532354889928071 37
4.2823836171235065e+110 154975074578407.72 2.556942990480309e+117 5.995337063972914e+111 2.4365357403823715e+116 1.643624567159466e+117 0.0019902801952446387 1.3068781143821322e+105 38
4.2823836171235065e+110 1.06587461011255e+91 2.556942990480309e+117 5.995337063972914e+111 2.4365357403823715e+116 1.643624567159466e+117 3.904258727256764e+117 1.3068781143821322e+105 37
4.2823836171235065e+110 1.06587461011255e+91 2.556942990480309e+117 8.35885634989316e-09 2.4365357403823715e+116 1.643624567159466e+117 3.904258727256764e+117 1.3068781143821322e+105 37
4.2823836171235065e+110 1.06587461011255e+91 2.556942990480309e+117 5.995337063972914e+111 2.4365357403823715e+116 1.643624567159466e+117 3.904258727256764e+117 1.3068781143821322e+105 37
4.2823836171235065e+110 1.06587461011255e+91 2.556942990480309e+117 5.995337063972914e+111 2.4365357403823715e+116 1.643624567159466e+117 3.904258727256764e+117 1.3068781143821322e+105 37
4.2823836171235065e+110 0.03505962893082917 2.556942990480309e+117 5.995337063972914e+111 2.4365357403823715e+116 1.643624567159466e+117 3.904258727256764e+117 1.3068781143821322e+105 38
4.2823836171235065e+110 1.06587461011255e+91 2.556942990480309e+117 5.995337063972914e+111 2.4365357403823715e+116 1.643624567159466e+117 3.904258727256764e+117 1.3068781143821322e+105 37
1.9286454923482337e-07 154975074578407.72 2.556942990480309e+117 5.995337063972914e+111 2.4365357403823715e+116 1.643624567159466e+117 0.0019902801952446387 1.3068781143821322e+105 38
4.2823836171235065e+110 1.06587461011255e+91 2.556942990480309e+117 5.995337063972914e+111 2.4365357403823715e+116 1.643624567159466e+117 3.904258727256764e+117 1.3068781143821322e+105 38
4.2823836171235065e+110 1.06587461011255e+91 2.556942990480309e+117 5.995337063972914e+111 2.4365357403823715e+116 1.643624567159466e+117 3.904258727256764e+117 1.3068781143821322e+105 37
4.2823836171235065e+110 154975074578407.72 2.556942990480309e+117 0.5535547591696789 2.4365357403823715e+116 1.643624567159466e+117 3.904258727256764e+117 0.19282795911956058 37
4.2823836171235065e+110 154975074578407.72 2.556942990480309e+117 5.995337063972914e+111 2.4365357403823715e+116 1.643624567159466e+117 3.904258727256764e+117 6.532354889928071 37
6.096630825246891e-06 154975074578407.72 2.556942990480309e+117 5.995337063972914e+111 2.4365357403823715e+116 1.643624567159466e+117 3.904258727256764e+117 1.3068781143821322e+105 38
4.2823836171235065e+110 1.06587461011255e+91 2.556942990480309e+117 5.995337063972914e+111 2.4365357403823715e+116 1.643624567159466e+117 3.904258727256764e+117 1.3068781143821322e+105 38
4.2823836171235065e+110 1.06587461011255e+91 2.556942990480309e+117 5.995337063972914e+111 2.4365357403823715e+116 1.643624567159466e+117 3.904258727256764e+117 1.3068781143821322e+105 37
4.2823836171235065e+110 0.03505962893082917 2.556942990480309e+117 5.995337063972914e+111 2.4365357403823715e+116 1.643624567159466e+117 3.904258727256764e+117 6.532354889928071 38
6.096630825246891e-06 1.06587461011255e+91 2.556942990480309e+117 5.995337063972914e+111 2.4365357403823715e+116 1.643624567159466e+117 3.904258727256764e+117 0.19282795911956058 38
4.2823836171235065e+110 1.06587461011255e+91 2.556942990480309e+117 5.995337063972914e+111 2.4365357403823715e+116 1.643624567159466e+117 3.904258727256764e+117 1.3068781143821322e+105 37
4.2823836171235065e+110 1.06587461011255e+91 2.556942990480309e+117 5.995337063972914e+111 2.4365357403823715e+116 1.643624567159466e+117 3.904258727256764e+117 1.3068781143821322e+105 37
4.2823836171235065e+110 1.06587461011255e+91 2.556942990480309e+117 5.995337063972914e+111 2.4365357403823715e+116 1.643624567159466e+117 3.904258727256764e+117 1.3068781143821322e+105 37
4.2823836171235065e+110 1.06587461011255e+91 2.556942990480309e+117 5.995337063972914e+111 2.4365357403823715e+116 1.643624567159466e+117 0.84 1.3068781143821322e+105 37
4.2823836171235065e+110 1.06587461011255e+91 2.556942990480309e+117 5.995337063972914e+111 2.4365357403823715e+116 1.643624567159466e+117 3.904258727256764e+117 1.3068781143821322e+105 37
4.2823836171235065e+110 1.06587461011255e+91 2.556942990480309e+117 5.995337063972914e+111 2.4365357403823715e+116 1.643624567159466e+117 3.904258727256764e+117 6.532354889928071 37
4.2823836171235065e+110 1.06587461011255e+91 2.556942990480309e+117 5.995337063972914e+111 2.4365357403823715e+116 1.643624567159466e+117 3.904258727256764e+117 1.3068781143821322e+105 37
4.2823836171235065e+110 1.06587461011255e+91 2.556942990480309e+117 5.995337063972914e+111 2.4365357403823715e+116 1.643624567159466e+117 3.904258727256764e+117 1.3068781143821322e+105 38
4.2823836171235065e+110 1.06587461011255e+91 2.556942990480309e+117 8.35885634989316e-09 2.4365357403823715e+116 1.643624567159466e+117 3.904258727256764e+117 1.3068781143821322e+105 37
4.2823836171235065e+110 1.06587461011255e+91 2.556942990480309e+117 5.995337063972914e+111 2.4365357403823715e+116 1.643624567159466e+117 3.904258727256764e+117 1.3068781143821322e+105 37
4.2823836171235065e+110 154975074578407.72 2.556942990480309e+117 5.995337063972914e+111 2.4365357403823715e+116 1.643624567159466e+117 3.904258727256764e+117 1.3068781143821322e+105 38
4.2823836171235065e+110 1.06587461011255e+91 2.556942990480309e+117 5.995337063972914e+111 2.4365357403823715e+116 1.643624567159466e+117 3.904258727256764e+117 1.3068781143821322e+105 37
1.9286454923482337e-07 154975074578407.72 2.556942990480309e+117 5.995337063972914e+111 2.4365357403823715e+116 1.643624567159466e+117 0.0019902801952446387 1.3068781143821322e+105 38
4.2823836171235065e+110 1.06587461011255e+91 2.556942990480309e+117 0.5535547591696789 2.4365357403823715e+116 1.643624567159466e+117 0.0019902801952446387 1.3068781143821322e+105 37
4.2823836171235065e+110 1.06587461011255e+91 2.556942990480309e+117 5.995337063972914e+111 2.4365357403823715e+116 1.643624567159466e+117 3.904258727256764e+117 1.3068781143821322e+105 37
4.2823836171235065e+110 1.06587461011255e+91 8.493476881094891e-05 5.995337063972914e+111 2.4365357403823715e+116 1.643624567159466e+117 3.904258727256764e+117 1.3068781143821322e+105 37
4.2823836171235065e+110 154975074578407.72 2.556942990480309e+117 0.5535547591696789 2.4365357403823715e+116 1.643624567159466e+117 0.0019902801952446387 1.3068781143821322e+105 38
4.2823836171235065e+110 1.06587461011255e+91 8.493476881094891e-05 5.995337063972914e+111 2.4365357403823715e+116 1.643624567159466e+117 3.904258727256764e+117 1.3068781143821322e+105 37
4.2823836171235065e+110 1.06587461011255e+91 2.556942990480309e+117 8.35885634989316e-09 2.4365357403823715e+116 1.643624567159466e+117 3.904258727256764e+117 1.3068781143821322e+105 37
4.2823836171235065e+110 1.06587461011255e+91 2.556942990480309e+117 5.995337063972914e+111 2.4365357403823715e+116 1.643624567159466e+117 3.904258727256764e+117 1.3068781143821322e+105 37
4.2823836171235065e+110 1.06587461011255e+91 2.556942990480309e+117 5.995337063972914e+111 2.4365357403823715e+116 1.643624567159466e+117 3.904258727256764e+117 1.3068781143821322e+105 37
6.096630825246891e-06 1.06587461011255e+91 2.556942990480309e+117 8.35885634989316e-09 2.4365357403823715e+116 0.000151486406176104 3.904258727256764e+117 1.3068781143821322e+105 37
4.2823836171235065e+110 1.06587461011255e+91 2.556942990480309e+117 5.995337063972914e+111 2.4365357403823715e+116 1.643624567159466e+117 3.904258727256764e+117 1.3068781143821322e+105 38
4.2823836171235065e+110 1.06587461011255e+91 2.556942990480309e+117 5.995337063972914e+111 2.4365357403823715e+116 1.643624567159466e+117 3.904258727256764e+117 1.3068781143821322e+105 37
4.2823836171235065e+110 1.06587461011255e+91 2.556942990480309e+117 5.995337063972914e+111 2.4365357403823715e+116 1.643624567159466e+117 3.904258727256764e+117 1.3068781143821322e+105 37
4.2823836171235065e+110 1.06587461011255e+91 2.556942990480309e+117 5.995337063972914e+111 2.4365357403823715e+116 1.643624567159466e+117 0.87 1.3068781143821322e+105 37
4.2823836171235065e+110 1.06587461011255e+91 2.556942990480309e+117 0.5535547591696789 2.4365357403823715e+116 1.643624567159466e+117 3.904258727256764e+117 1.3068781143821322e+105 37
0.00014199150632042155 1.06587461011255e+91 6.12982798992165e-09 5.995337063972914e+111 2.4365357403823715e+116 1.643624567159466e+117 3.904258727256764e+117 0.19282795911956058 37
4.2823836171235065e+110 1.06587461011255e+91 2.556942990480309e+117 5.995337063972914e+111 2.4365357403823715e+116 1.643624567159466e+117 0.0019902801952446387 1.3068781143821322e+105 38
4.2823836171235065e+110 1.06587461011255e+91 8.493476881094891e-05 5.995337063972914e+111 2.4365357403823715e+116 4.116772114691963e-238 3.904258727256764e+117 1.3068781143821322e+105 37
4.2823836171235065e+110 154975074578407.72 2.556942990480309e+117 5.995337063972914e+111 8.434296018976537e-06 1.643624567159466e+117 3.904258727256764e+117 6.532354889928071 38
4.2823836171235065e+110 1.06587461011255e+91 2.556942990480309e+117 5.995337063972914e+111 2.4365357403823715e+116 1.643624567159466e+117 3.904258727256764e+117 1.3068781143821322e+105 37
4.2823836171235065e+110 154975074578407.72 2.556942990480309e+117 5.995337063972914e+111 2.4365357403823715e+116 1.643624567159466e+117 0.0019902801952446387 0.19282795911956058 38
4.2823836171235065e+110 1.06587461011255e+91 2.556942990480309e+117 0.5535547591696789 2.4365357403823715e+116 1.643624567159466e+117 3.904258727256764e+117 1.3068781143821322e+105 38
4.2823836171235065e+110 1.06587461011255e+91 8.493476881094891e-05 5.995337063972914e+111 2.4365357403823715e+116 1.643624567159466e+117 3.904258727256764e+117 1.3068781143821322e+105 37
4.2823836171235065e+110 0.03505962893082917 2.556942990480309e+117 5.995337063972914e+111 2.4365357403823715e+116 1.643624567159466e+117 3.904258727256764e+117 1.3068781143821322e+105 38
4.2823836171235065e+110 1.06587461011255e+91 2.556942990480309e+117 5.995337063972914e+111 2.4365357403823715e+116 1.643624567159466e+117 3.904258727256764e+117 1.3068781143821322e+105 37
4.2823836171235065e+110 1.06587461011255e+91 2.556942990480309e+117 5.995337063972914e+111 2.4365357403823715e+116 1.643624567159466e+117 0.84 1.3068781143821322e+105 37
4.2823836171235065e+110 1.06587461011255e+91 2.556942990480309e+117 5.995337063972914e+111 2.4365357403823715e+116 1.643624567159466e+117 3.904258727256764e+117 1.3068781143821322e+105 38
4.2823836171235065e+110 1.06587461011255e+91 2.556942990480309e+117 5.995337063972914e+111 2.4365357403823715e+116 1.643624567159466e+117 3.904258727256764e+117 1.3068781143821322e+105 37
4.2823836171235065e+110 1.06587461011255e+91 2.556942990480309e+117 0.5535547591696789 2.4365357403823715e+116 1.643624567159466e+117 7.722396016287948e-240 6.532354889928071 38
4.2823836171235065e+110 1.06587461011255e+91 2.556942990480309e+117 5.995337063972914e+111 2.4365357403823715e+116 1.643624567159466e+117 3.904258727256764e+117 1.3068781143821322e+105 37
4.2823836171235065e+110 1.06587461011255e+91 2.556942990480309e+117 5.995337063972914e+111 2.4365357403823715e+116 1.643624567159466e+117 3.904258727256764e+117 1.3068781143821322e+105 37
4.2823836171235065e+110 1.06587461011255e+91 2.556942990480309e+117 5.995337063972914e+111 2.4365357403823715e+116 1.643624567159466e+117 3.904258727256764e+117 1.3068781143821322e+105 38
1.9286454923482337e-07 154975074578407.72 2.556942990480309e+117 5.995337063972914e+111 2.4365357403823715e+116 1.643624567159466e+117 3.904258727256764e+117 0.19282795911956058 38
4.2823836171235065e+110 1.06587461011255e+91 2.556942990480309e+117 5.995337063972914e+111 2.4365357403823715e+116 1.643624567159466e+117 3.904258727256764e+117 1.3068781143821322e+105 38
4.2823836171235065e+110 1.06587461011255e+91 2.556942990480309e+117 5.995337063972914e+111 2.4365357403823715e+116 1.643624567159466e+117 3.904258727256764e+117 1.3068781143821322e+105 37
4.2823836171235065e+110 1.06587461011255e+91 2.556942990480309e+117 5.995337063972914e+111 2.4365357403823715e+116 1.643624567159466e+117 3.904258727256764e+117 1.3068781143821322e+105 37
4.2823836171235065e+110 1.06587461011255e+91 2.556942990480309e+117 5.995337063972914e+111 2.4365357403823715e+116 1.643624567159466e+117 3.904258727256764e+117 1.3068781143821322e+105 37
4.2823836171235065e+110 1.06587461011255e+91 2.556942990480309e+117 5.995337063972914e+111 2.4365357403823715e+116 1.643624567159466e+117 3.904258727256764e+117 1.3068781143821322e+105 37
4.2823836171235065e+110 1.06587461011255e+91 2.556942990480309e+117 5.995337063972914e+111 2.4365357403823715e+116 1.643624567159466e+117 3.904258727256764e+117 1.3068781143821322e+105 37
4.2823836171235065e+110 1.06587461011255e+91 2.556942990480309e+117 5.995337063972914e+111 2.4365357403823715e+116 1.643624567159466e+117 3.904258727256764e+117 1.3068781143821322e+105 37
4.2823836171235065e+110 1.06587461011255e+91 2.556942990480309e+117 0.5535547591696789 2.4365357403823715e+116 0.000151486406176104 3.904258727256764e+117 1.3068781143821322e+105 38
4.2823836171235065e+110 1.06587461011255e+91 2.556942990480309e+117 5.995337063972914e+111 2.4365357403823715e+116 1.643624567159466e+117 3.904258727256764e+117 0.19282795911956058 38
4.2823836171235065e+110 1.06587461011255e+91 2.556942990480309e+117 5.995337063972914e+111 2.4365357403823715e+116 1.643624567159466e+117 3.904258727256764e+117 1.3068781143821322e+105 38
4.2823836171235065e+110 1.06587461011255e+91 2.556942990480309e+117 5.995337063972914e+111 2.4365357403823715e+116 1.643624567159466e+117 3.904258727256764e+117 1.3068781143821322e+105 37
4.2823836171235065e+110 1.06587461011255e+91 2.556942990480309e+117 5.995337063972914e+111 2.4365357403823715e+116 1.643624567159466e+117 0.0019902801952446387 1.3068781143821322e+105 38
4.2823836171235065e+110 1.06587461011255e+91 2.556942990480309e+117 5.995337063972914e+111 2.4365357403823715e+116 1.643624567159466e+117 3.904258727256764e+117 1.3068781143821322e+105 37
4.2823836171235065e+110 154975074578407.72 2.556942990480309e+117 5.995337063972914e+111 2.4365357403823715e+116 1.643624567159466e+117 3.904258727256764e+117 6.532354889928071 38
4.2823836171235065e+110 1.06587461011255e+91 2.556942990480309e+117 5.995337063972914e+111 2.4365357403823715e+116 1.643624567159466e+117 3.904258727256764e+117 1.3068781143821322e+105 37
4.2823836171235065e+110 1.06587461011255e+91 2.556942990480309e+117 5.995337063972914e+111 2.4365357403823715e+116 1.643624567159466e+117 3.904258727256764e+117 1.3068781143821322e+105 38
4.2823836171235065e+110 1.06587461011255e+91 2.556942990480309e+117 5.995337063972914e+111 2.4365357403823715e+116 1.643624567159466e+117 3.904258727256764e+117 1.3068781143821322e+105 37
4.2823836171235065e+110 1.06587461011255e+91 2.556942990480309e+117 5.995337063972914e+111 2.4365357403823715e+116 1.643624567159466e+117 3.904258727256764e+117 1.3068781143821322e+105 37
4.2823836171235065e+110 1.06587461011255e+91 2.556942990480309e+117 0.5535547591696789 2.4365357403823715e+116 1.643624567159466e+117 3.904258727256764e+117 1.3068781143821322e+105 38
4.2823836171235065e+110 1.06587461011255e+91 2.556942990480309e+117 5.995337063972914e+111 2.4365357403823715e+116 1.643624567159466e+117 3.904258727256764e+117 6.532354889928071 37
4.2823836171235065e+110 1.06587461011255e+91 2.556942990480309e+117 5.995337063972914e+111 2.4365357403823715e+116 1.643624567159466e+117 3.904258727256764e+117 1.3068781143821322e+105 37
4.2823836171235065e+110 1.06587461011255e+91 2.556942990480309e+117 5.995337063972914e+111 2.4365357403823715e+116 1.643624567159466e+117 3.904258727256764e+117 1.3068781143821322e+105 37
4.2823836171235065e+110 1.06587461011255e+91 2.556942990480309e+117 5.995337063972914e+111 2.4365357403823715e+116 1.643624567159466e+117 3.904258727256764e+117 1.3068781143821322e+105 38
4.2823836171235065e+110 1.06587461011255e+91 2.556942990480309e+117 5.995337063972914e+111 2.4365357403823715e+116 1.643624567159466e+117 3.904258727256764e+117 1.3068781143821322e+105 37
4.2823836171235065e+110 1.06587461011255e+91 2.556942990480309e+117 5.995337063972914e+111 2.4365357403823715e+116 1.643624567159466e+117 0.84 1.3068781143821322e+105 37
0.00014199150632042155 0.03505962893082917 2.556942990480309e+117 3.114865605632037e-07 2.4365357403823715e+116 1.643624567159466e+117 0.0019902801952446387 0.19282795911956058 38
4.2823836171235065e+110 1.06587461011255e+91 2.556942990480309e+117 5.995337063972914e+111 2.4365357403823715e+116 1.643624567159466e+117 3.904258727256764e+117 1.3068781143821322e+105 37
4.2823836171235065e+110 1.06587461011255e+91 2.556942990480309e+117 5.995337063972914e+111 2.4365357403823715e+116 1.643624567159466e+117 3.904258727256764e+117 1.3068781143821322e+105 37
4.2823836171235065e+110 1.06587461011255e+91 2.556942990480309e+117 5.995337063972914e+111 2.4365357403823715e+116 1.643624567159466e+117 3.904258727256764e+117 1.3068781143821322e+105 37
4.2823836171235065e+110 1.06587461011255e+91 2.556942990480309e+117 5.995337063972914e+111 2.4365357403823715e+116 1.643624567159466e+117 3.904258727256764e+117 1.3068781143821322e+105 37
4.2823836171235065e+110 1.06587461011255e+91 2.556942990480309e+117 8.35885634989316e-09 2.4365357403823715e+116 1.643624567159466e+117 3.904258727256764e+117 1.3068781143821322e+105 37
4.2823836171235065e+110 154975074578407.72 2.556942990480309e+117 3.114865605632037e-07 8.434296018976537e-06 1.643624567159466e+117 3.904258727256764e+117 1.3068781143821322e+105 38
4.2823836171235065e+110 1.06587461011255e+91 2.556942990480309e+117 5.995337063972914e+111 2.4365357403823715e+116 1.643624567159466e+117 3.904258727256764e+117 1.3068781143821322e+105 37
4.2823836171235065e+110 154975074578407.72 2.556942990480309e+117 5.995337063972914e+111 2.4365357403823715e+116 1.643624567159466e+117 3.904258727256764e+117 1.3068781143821322e+105 37
4.2823836171235065e+110 1.06587461011255e+91 2.556942990480309e+117 8.35885634989316e-09 2.4365357403823715e+116 1.643624567159466e+117 0.87 1.3068781143821322e+105 38
4.2823836171235065e+110 1.06587461011255e+91 2.556942990480309e+117 0.5535547591696789 2.4365357403823715e+116 1.643624567159466e+117 3.904258727256764e+117 1.3068781143821322e+105 37
4.2823836171235065e+110 1.06587461011255e+91 2.556942990480309e+117 5.995337063972914e+111 2.4365357403823715e+116 1.643624567159466e+117 3.904258727256764e+117 1.3068781143821322e+105 37
4.2823836171235065e+110 1.06587461011255e+91 2.556942990480309e+117 5.995337063972914e+111 2.4365357403823715e+116 1.643624567159466e+117 3.904258727256764e+117 1.3068781143821322e+105 37
4.2823836171235065e+110 154975074578407.72 2.556942990480309e+117 5.995337063972914e+111 2.4365357403823715e+116 1.643624567159466e+117 3.904258727256764e+117 1.3068781143821322e+105 38
4.2823836171235065e+110 154975074578407.72 2.556942990480309e+117 5.995337063972914e+111 2.4365357403823715e+116 1.643624567159466e+117 0.0019902801952446387 1.3068781143821322e+105 38
4.2823836171235065e+110 1.06587461011255e+91 2.556942990480309e+117 5.995337063972914e+111 2.4365357403823715e+116 1.643624567159466e+117 3.904258727256764e+117 1.3068781143821322e+105 37
4.2823836171235065e+110 1.06587461011255e+91 2.556942990480309e+117 5.995337063972914e+111 2.4365357403823715e+116 1.643624567159466e+117 3.904258727256764e+117 1.3068781143821322e+105 38
4.2823836171235065e+110 1.06587461011255e+91 2.556942990480309e+117 5.995337063972914e+111 2.4365357403823715e+116 1.643624567159466e+117 3.904258727256764e+117 1.3068781143821322e+105 37
4.2823836171235065e+110 0.03505962893082917 2.556942990480309e+117 5.995337063972914e+111 2.4365357403823715e+116 1.643624567159466e+117 3.904258727256764e+117 1.3068781143821322e+105 37
4.2823836171235065e+110 0.03505962893082917 8.493476881094891e-05 3.5446987578083475e-08 2.4365357403823715e+116 4.116772114691963e-238 3.904258727256764e+117 1.3068781143821322e+105 38
4.2823836171235065e+110 1.06587461011255e+91 2.556942990480309e+117 5.995337063972914e+111 2.4365357403823715e+116 1.643624567159466e+117 3.904258727256764e+117 1.3068781143821322e+105 37
4.2823836171235065e+110 1.06587461011255e+91 2.556942990480309e+117 5.995337063972914e+111 2.4365357403823715e+116 1.643624567159466e+117 3.904258727256764e+117 1.3068781143821322e+105 37
4.2823836171235065e+110 1.06587461011255e+91 2.556942990480309e+117 5.995337063972914e+111 2.4365357403823715e+116 1.643624567159466e+117 7.722396016287948e-240 1.3068781143821322e+105 38
4.2823836171235065e+110 1.06587461011255e+91 2.556942990480309e+117 5.995337063972914e+111 2.4365357403823715e+116 1.643624567159466e+117 0.84 1.3068781143821322e+105 37
4.2823836171235065e+110 1.06587461011255e+91 2.556942990480309e+117 5.995337063972914e+111 2.4365357403823715e+116 1.643624567159466e+117 3.904258727256764e+117 1.3068781143821322e+105 37
4.2823836171235065e+110 154975074578407.72 2.556942990480309e+117 5.995337063972914e+111 2.4365357403823715e+116 1.643624567159466e+117 3.904258727256764e+117 0.19282795911956058 38
4.2823836171235065e+110 154975074578407.72 2.6585240683562606e-08 5.995337063972914e+111 2.4365357403823715e+116 1.643624567159466e+117 3.904258727256764e+117 1.3068781143821322e+105 37
6.096630825246891e-06 1.06587461011255e+91 2.556942990480309e+117 8.35885634989316e-09 2.4365357403823715e+116 0.000151486406176104 3.904258727256764e+117 1.3068781143821322e+105 37
4.2823836171235065e+110 1.06587461011255e+91 2.556942990480309e+117 5.995337063972914e+111 2.4365357403823715e+116 1.643624567159466e+117 3.904258727256764e+117 1.3068781143821322e+105 37
4.2823836171235065e+110 1.06587461011255e+91 2.556942990480309e+117 5.995337063972914e+111 2.4365357403823715e+116 1.643624567159466e+117 3.904258727256764e+117 1.3068781143821322e+105 38
4.2823836171235065e+110 154975074578407.72 2.556942990480309e+117 0.5535547591696789 8.434296018976537e-06 1.643624567159466e+117 3.904258727256764e+117 1.3068781143821322e+105 37
4.2823836171235065e+110 0.03505962893082917 2.556942990480309e+117 5.995337063972914e+111 2.4365357403823715e+116 1.3374170159829055e-08 3.904258727256764e+117 0.19282795911956058 37
4.2823836171235065e+110 1.06587461011255e+91 2.556942990480309e+117 5.995337063972914e+111 2.4365357403823715e+116 1.643624567159466e+117 3.904258727256764e+117 1.3068781143821322e+105 37
4.2823836171235065e+110 1.06587461011255e+91 2.556942990480309e+117 3.5446987578083475e-08 2.4365357403823715e+116 1.3374170159829055e-08 3.904258727256764e+117 1.3068781143821322e+105 37
4.2823836171235065e+110 1.06587461011255e+91 2.556942990480309e+117 5.995337063972914e+111 2.4365357403823715e+116 1.643624567159466e+117 3.904258727256764e+117 1.3068781143821322e+105 37
4.2823836171235065e+110 1.06587461011255e+91 2.556942990480309e+117 8.35885634989316e-09 2.4365357403823715e+116 1.643624567159466e+117 3.904258727256764e+117 1.3068781143821322e+105 38
4.2823836171235065e+110 1.06587461011255e+91 2.556942990480309e+117 5.995337063972914e+111 2.4365357403823715e+116 1.643624567159466e+117 3.904258727256764e+117 1.3068781143821322e+105 37
4.2823836171235065e+110 154975074578407.72 2.556942990480309e+117 5.995337063972914e+111 2.4365357403823715e+116 1.643624567159466e+117 3.904258727256764e+117 1.3068781143821322e+105 38
4.2823836171235065e+110 154975074578407.72 2.556942990480309e+117 5.995337063972914e+111 2.4365357403823715e+116 1.643624567159466e+117 3.904258727256764e+117 1.3068781143821322e+105 38
4.2823836171235065e+110 1.06587461011255e+91 2.556942990480309e+117 5.995337063972914e+111 2.4365357403823715e+116 1.643624567159466e+117 3.904258727256764e+117 1.3068781143821322e+105 37
4.2823836171235065e+110 1.06587461011255e+91 2.556942990480309e+117 5.995337063972914e+111 2.4365357403823715e+116 1.643624567159466e+117 0.0019902801952446387 1.3068781143821322e+105 38
4.2823836171235065e+110 1.06587461011255e+91 2.556942990480309e+117 5.995337063972914e+111 2.4365357403823715e+116 1.643624567159466e+117 3.904258727256764e+117 1.3068781143821322e+105 37
4.2823836171235065e+110 1.06587461011255e+91 2.556942990480309e+117 5.995337063972914e+111 2.4365357403823715e+116 1.643624567159466e+117 3.904258727256764e+117 1.3068781143821322e+105 37
4.2823836171235065e+110 1.06587461011255e+91 2.556942990480309e+117 5.995337063972914e+111 2.4365357403823715e+116 1.643624567159466e+117 3.904258727256764e+117 1.3068781143821322e+105 37
4.2823836171235065e+110 1.06587461011255e+91 2.556942990480309e+117 5.995337063972914e+111 2.4365357403823715e+116 1.643624567159466e+117 3.904258727256764e+117 1.3068781143821322e+105 37
4.2823836171235065e+110 1.06587461011255e+91 2.556942990480309e+117 5.995337063972914e+111 2.4365357403823715e+116 1.643624567159466e+117 3.904258727256764e+117 1.3068781143821322e+105 37
4.2823836171235065e+110 1.06587461011255e+91 2.556942990480309e+117 5.995337063972914e+111 2.4365357403823715e+116 1.643624567159466e+117 3.904258727256764e+117 1.3068781143821322e+105 37
4.2823836171235065e+110 1.06587461011255e+91 2.556942990480309e+117 5.995337063972914e+111 2.4365357403823715e+116 1.643624567159466e+117 3.904258727256764e+117 1.3068781143821322e+105 37
4.2823836171235065e+110 1.1083617231862978e-238 2.556942990480309e+117 5.995337063972914e+111 2.4365357403823715e+116 1.643624567159466e+117 3.904258727256764e+117 7.75402853270576e-08 38
4.2823836171235065e+110 154975074578407.72 2.556942990480309e+117 5.995337063972914e+111 2.4365357403823715e+116 1.643624567159466e+117 0.0019902801952446387 1.3068781143821322e+105 38
4.2823836171235065e+110 1.06587461011255e+91 2.556942990480309e+117 5.995337063972914e+111 2.4365357403823715e+116 1.643624567159466e+117 3.904258727256764e+117 1.3068781143821322e+105 37
4.2823836171235065e+110 1.06587461011255e+91 2.556942990480309e+117 5.995337063972914e+111 2.4365357403823715e+116 1.643624567159466e+117 3.904258727256764e+117 1.3068781143821322e+105 37
4.2823836171235065e+110 1.06587461011255e+91 2.556942990480309e+117 5.995337063972914e+111 2.4365357403823715e+116 1.643624567159466e+117 3.904258727256764e+117 1.3068781143821322e+105 37
4.2823836171235065e+110 154975074578407.72 2.556942990480309e+117 5.995337063972914e+111 2.4365357403823715e+116 1.643624567159466e+117 3.904258727256764e+117 1.3068781143821322e+105 38
4.2823836171235065e+110 1.06587461011255e+91 2.556942990480309e+117 5.995337063972914e+111 2.4365357403823715e+116 1.643624567159466e+117 3.904258727256764e+117 1.3068781143821322e+105 37
4.2823836171235065e+110 1.06587461011255e+91 2.556942990480309e+117 5.995337063972914e+111 2.4365357403823715e+116 1.643624567159466e+117 3.904258727256764e+117 1.3068781143821322e+105 37
4.2823836171235065e+110 1.06587461011255e+91 2.556942990480309e+117 5.995337063972914e+111 2.4365357403823715e+116 1.643624567159466e+117 3.904258727256764e+117 1.3068781143821322e+105 37
4.2823836171235065e+110 1.06587461011255e+91 2.556942990480309e+117 5.995337063972914e+111 2.4365357403823715e+116 1.643624567159466e+117 3.904258727256764e+117 1.3068781143821322e+105 37
1.9286454923482337e-07 1.06587461011255e+91 2.556942990480309e+117 5.995337063972914e+111 2.4365357403823715e+116 1.643624567159466e+117 3.904258727256764e+117 1.3068781143821322e+105 37
4.2823836171235065e+110 1.06587461011255e+91 2.556942990480309e+117 5.995337063972914e+111 2.4365357403823715e+116 1.643624567159466e+117 3.904258727256764e+117 1.3068781143821322e+105 37
4.2823836171235065e+110 154975074578407.72 2.556942990480309e+117 5.995337063972914e+111 2.4365357403823715e+116 1.643624567159466e+117 3.904258727256764e+117 1.3068781143821322e+105 38
4.2823836171235065e+110 0.03505962893082917 2.556942990480309e+117 5.995337063972914e+111 2.4365357403823715e+116 1.643624567159466e+117 3.904258727256764e+117 1.3068781143821322e+105 37
4.2823836171235065e+110 1.06587461011255e+91 2.556942990480309e+117 0.5535547591696789 2.4365357403823715e+116 1.643624567159466e+117 3.904258727256764e+117 1.3068781143821322e+105 37
4.2823836171235065e+110 1.06587461011255e+91 2.556942990480309e+117 5.995337063972914e+111 2.4365357403823715e+116 1.643624567159466e+117 3.904258727256764e+117 1.3068781143821322e+105 37
4.2823836171235065e+110 1.06587461011255e+91 2.556942990480309e+117 5.995337063972914e+111 2.4365357403823715e+116 1.643624567159466e+117 3.904258727256764e+117 1.3068781143821322e+105 38
4.2823836171235065e+110 1.06587461011255e+91 2.556942990480309e+117 3.5446987578083475e-08 2.4365357403823715e+116 1.643624567159466e+117 3.904258727256764e+117 1.3068781143821322e+105 38
4.2823836171235065e+110 1.06587461011255e+91 2.556942990480309e+117 5.995337063972914e+111 2.4365357403823715e+116 1.643624567159466e+117 3.904258727256764e+117 1.3068781143821322e+105 37
4.2823836171235065e+110 1.06587461011255e+91 2.556942990480309e+117 5.995337063972914e+111 2.4365357403823715e+116 1.643624567159466e+117 3.904258727256764e+117 1.3068781143821322e+105 37
4.2823836171235065e+110 1.06587461011255e+91 2.556942990480309e+117 5.995337063972914e+111 2.4365357403823715e+116 1.643624567159466e+117 3.904258727256764e+117 1.3068781143821322e+105 37
4.2823836171235065e+110 1.06587461011255e+91 2.556942990480309e+117 5.995337063972914e+111 2.4365357403823715e+116 1.643624567159466e+117 3.904258727256764e+117 1.3068781143821322e+105 37
4.2823836171235065e+110 154975074578407.72 2.556942990480309e+117 5.995337063972914e+111 2.4365357403823715e+116 1.643624567159466e+117 3.904258727256764e+117 1.3068781143821322e+105 38
4.2823836171235065e+110 154975074578407.72 2.556942990480309e+117 5.995337063972914e+111 2.4365357403823715e+116 1.643624567159466e+117 3.904258727256764e+117 1.3068781143821322e+105 38
4.2823836171235065e+110 1.06587461011255e+91 2.556942990480309e+117 8.35885634989316e-09 2.4365357403823715e+116 1.643624567159466e+117 3.904258727256764e+117 1.3068781143821322e+105 37
4.2823836171235065e+110 1.06587461011255e+91 2.556942990480309e+117 5.995337063972914e+111 2.4365357403823715e+116 1.643624567159466e+117 3.904258727256764e+117 1.3068781143821322e+105 37
4.2823836171235065e+110 1.06587461011255e+91 2.556942990480309e+117 5.995337063972914e+111 2.4365357403823715e+116 1.643624567159466e+117 3.904258727256764e+117 1.3068781143821322e+105 37
4.2823836171235065e+110 1.06587461011255e+91 2.556942990480309e+117 5.995337063972914e+111 2.4365357403823715e+116 1.643624567159466e+117 3.904258727256764e+117 1.3068781143821322e+105 38
4.2823836171235065e+110 1.06587461011255e+91 2.556942990480309e+117 5.995337063972914e+111 2.4365357403823715e+116 1.643624567159466e+117 3.904258727256764e+117 6.532354889928071 37
4.2823836171235065e+110 1.06587461011255e+91 2.556942990480309e+117 5.995337063972914e+111 2.4365357403823715e+116 1.643624567159466e+117 3.904258727256764e+117 1.3068781143821322e+105 37
6.096630825246891e-06 1.06587461011255e+91 2.556942990480309e+117 5.995337063972914e+111 2.4365357403823715e+116 1.643624567159466e+117 3.904258727256764e+117 1.3068781143821322e+105 38
4.2823836171235065e+110 154975074578407.72 2.556942990480309e+117 5.995337063972914e+111 2.4365357403823715e+116 1.643624567159466e+117 3.904258727256764e+117 1.3068781143821322e+105 38
4.2823836171235065e+110 1.06587461011255e+91 2.556942990480309e+117 5.995337063972914e+111 2.4365357403823715e+116 1.643624567159466e+117 3.904258727256764e+117 1.3068781143821322e+105 37
4.2823836171235065e+110 154975074578407.72 2.556942990480309e+117 5.995337063972914e+111 2.4365357403823715e+116 1.643624567159466e+117 3.904258727256764e+117 1.3068781143821322e+105 37
4.2823836171235065e+110 1.06587461011255e+91 2.556942990480309e+117 5.995337063972914e+111 2.4365357403823715e+116 1.643624567159466e+117 3.904258727256764e+117 1.3068781143821322e+105 37
4.2823836171235065e+110 1.06587461011255e+91 2.556942990480309e+117 5.995337063972914e+111 2.4365357403823715e+116 1.643624567159466e+117 3.904258727256764e+117 1.3068781143821322e+105 37
4.2823836171235065e+110 1.06587461011255e+91 2.556942990480309e+117 5.995337063972914e+111 2.4365357403823715e+116 1.643624567159466e+117 3.904258727256764e+117 1.3068781143821322e+105 37
4.2823836171235065e+110 1.06587461011255e+91 2.556942990480309e+117 5.995337063972914e+111 2.4365357403823715e+116 1.643624567159466e+117 3.904258727256764e+117 1.3068781143821322e+105 38
4.2823836171235065e+110 154975074578407.72 2.556942990480309e+117 5.995337063972914e+111 2.4365357403823715e+116 1.643624567159466e+117 3.904258727256764e+117 1.3068781143821322e+105 38
6.096630825246891e-06 1.06587461011255e+91 2.556942990480309e+117 5.995337063972914e+111 2.4365357403823715e+116 1.643624567159466e+117 3.904258727256764e+117 1.3068781143821322e+105 37
4.2823836171235065e+110 1.06587461011255e+91 2.556942990480309e+117 5.995337063972914e+111 2.4365357403823715e+116 1.643624567159466e+117 3.904258727256764e+117 1.3068781143821322e+105 37
4.2823836171235065e+110 1.06587461011255e+91 2.556942990480309e+117 5.995337063972914e+111 2.4365357403823715e+116 1.643624567159466e+117 3.904258727256764e+117 0.19282795911956058 38
4.2823836171235065e+110 1.06587461011255e+91 2.556942990480309e+117 5.995337063972914e+111 2.4365357403823715e+116 1.643624567159466e+117 3.904258727256764e+117 1.3068781143821322e+105 37
6.096630825246891e-06 1.06587461011255e+91 2.556942990480309e+117 5.995337063972914e+111 2.4365357403823715e+116 1.643624567159466e+117 3.904258727256764e+117 1.3068781143821322e+105 38
4.2823836171235065e+110 0.03505962893082917 8.493476881094891e-05 3.5446987578083475e-08 2.4365357403823715e+116 4.116772114691963e-238 3.904258727256764e+117 1.3068781143821322e+105 38
4.2823836171235065e+110 1.06587461011255e+91 2.556942990480309e+117 5.995337063972914e+111 2.4365357403823715e+116 1.643624567159466e+117 3.904258727256764e+117 1.3068781143821322e+105 37
4.2823836171235065e+110 1.06587461011255e+91 2.556942990480309e+117 0.5535547591696789 2.4365357403823715e+116 1.643624567159466e+117 3.904258727256764e+117 1.3068781143821322e+105 37
4.2823836171235065e+110 1.06587461011255e+91 2.556942990480309e+117 5.995337063972914e+111 2.4365357403823715e+116 1.643624567159466e+117 3.904258727256764e+117 1.3068781143821322e+105 37
4.2823836171235065e+110 1.06587461011255e+91 2.556942990480309e+117 5.995337063972914e+111 2.4365357403823715e+116 1.643624567159466e+117 3.904258727256764e+117 1.3068781143821322e+105 37
4.2823836171235065e+110 1.06587461011255e+91 2.556942990480309e+117 5.995337063972914e+111 2.4365357403823715e+116 1.643624567159466e+117 3.904258727256764e+117 1.3068781143821322e+105 37
4.2823836171235065e+110 1.06587461011255e+91 2.556942990480309e+117 5.995337063972914e+111 2.4365357403823715e+116 1.643624567159466e+117 3.904258727256764e+117 1.3068781143821322e+105 37
4.2823836171235065e+110 1.06587461011255e+91 2.556942990480309e+117 0.5535547591696789 2.4365357403823715e+116 1.643624567159466e+117 3.904258727256764e+117 1.3068781143821322e+105 38
4.2823836171235065e+110 0.03505962893082917 2.556942990480309e+117 5.995337063972914e+111 2.4365357403823715e+116 1.643624567159466e+117 3.904258727256764e+117 6.532354889928071 38
4.2823836171235065e+110 1.06587461011255e+91 2.556942990480309e+117 0.5535547591696789 2.4365357403823715e+116 1.643624567159466e+117 3.904258727256764e+117 1.3068781143821322e+105 37
4.2823836171235065e+110 1.06587461011255e+91 2.6585240683562606e-08 5.995337063972914e+111 2.4365357403823715e+116 4.116772114691963e-238 3.904258727256764e+117 1.3068781143821322e+105 38
1.9286454923482337e-07 1.06587461011255e+91 2.556942990480309e+117 0.5535547591696789 2.4365357403823715e+116 1.643624567159466e+117 3.904258727256764e+117 1.3068781143821322e+105 37
4.2823836171235065e+110 1.06587461011255e+91 8.493476881094891e-05 0.5535547591696789 2.4365357403823715e+116 1.643624567159466e+117 3.904258727256764e+117 1.3068781143821322e+105 37
4.2823836171235065e+110 1.06587461011255e+91 2.556942990480309e+117 5.995337063972914e+111 2.4365357403823715e+116 1.643624567159466e+117 3.904258727256764e+117 1.3068781143821322e+105 37
4.2823836171235065e+110 1.06587461011255e+91 2.556942990480309e+117 3.114865605632037e-07 2.4365357403823715e+116 1.643624567159466e+117 0.87 1.3068781143821322e+105 38
4.2823836171235065e+110 1.06587461011255e+91 2.556942990480309e+117 5.995337063972914e+111 2.4365357403823715e+116 1.643624567159466e+117 3.904258727256764e+117 1.3068781143821322e+105 37
4.2823836171235065e+110 1.06587461011255e+91 2.556942990480309e+117 5.995337063972914e+111 2.4365357403823715e+116 1.643624567159466e+117 3.904258727256764e+117 1.3068781143821322e+105 37
4.2823836171235065e+110 1.06587461011255e+91 2.556942990480309e+117 5.995337063972914e+111 2.4365357403823715e+116 1.643624567159466e+117 3.904258727256764e+117 1.3068781143821322e+105 38
4.2823836171235065e+110 1.06587461011255e+91 2.556942990480309e+117 5.995337063972914e+111 2.4365357403823715e+116 1.643624567159466e+117 3.904258727256764e+117 1.3068781143821322e+105 37
0.00014199150632042155 1.06587461011255e+91 2.556942990480309e+117 5.995337063972914e+111 2.4365357403823715e+116 1.643624567159466e+117 3.904258727256764e+117 6.532354889928071 37
4.2823836171235065e+110 1.06587461011255e+91 2.556942990480309e+117 5.995337063972914e+111 2.4365357403823715e+116 1.643624567159466e+117 3.904258727256764e+117 1.3068781143821322e+105 37
4.2823836171235065e+110 1.06587461011255e+91 2.556942990480309e+117 0.5535547591696789 2.4365357403823715e+116 0.000151486406176104 3.904258727256764e+117 1.3068781143821322e+105 38
4.2823836171235065e+110 1.06587461011255e+91 2.556942990480309e+117 5.995337063972914e+111 2.4365357403823715e+116 1.643624567159466e+117 0.0019902801952446387 1.3068781143821322e+105 37
4.2823836171235065e+110 1.06587461011255e+91 2.556942990480309e+117 3.114865605632037e-07 2.4365357403823715e+116 1.643624567159466e+117 3.904258727256764e+117 1.3068781143821322e+105 38
4.2823836171235065e+110 1.06587461011255e+91 2.556942990480309e+117 5.995337063972914e+111 2.4365357403823715e+116 1.3374170159829055e-08 3.904258727256764e+117 1.3068781143821322e+105 37
4.2823836171235065e+110 1.06587461011255e+91 2.556942990480309e+117 5.995337063972914e+111 2.4365357403823715e+116 1.643624567159466e+117 3.904258727256764e+117 1.3068781143821322e+105 37
4.2823836171235065e+110 1.06587461011255e+91 2.556942990480309e+117 5.995337063972914e+111 2.4365357403823715e+116 1.643624567159466e+117 3.904258727256764e+117 1.3068781143821322e+105 37
4.2823836171235065e+110 154975074578407.72 2.556942990480309e+117 3.114865605632037e-07 2.4365357403823715e+116 4.116772114691963e-238 7.722396016287948e-240 1.3068781143821322e+105 38
4.2823836171235065e+110 1.06587461011255e+91 2.556942990480309e+117 5.995337063972914e+111 2.4365357403823715e+116 1.643624567159466e+117 3.904258727256764e+117 1.3068781143821322e+105 37
6.096630825246891e-06 0.03505962893082917 2.556942990480309e+117 5.995337063972914e+111 2.4365357403823715e+116 1.643624567159466e+117 3.904258727256764e+117 6.532354889928071 37
4.2823836171235065e+110 1.06587461011255e+91 2.556942990480309e+117 5.995337063972914e+111 2.4365357403823715e+116 1.643624567159466e+117 3.904258727256764e+117 1.3068781143821322e+105 37
6.096630825246891e-06 1.06587461011255e+91 2.556942990480309e+117 5.995337063972914e+111 2.4365357403823715e+116 1.643624567159466e+117 3.904258727256764e+117 1.3068781143821322e+105 38
4.2823836171235065e+110 1.06587461011255e+91 2.556942990480309e+117 5.995337063972914e+111 2.4365357403823715e+116 1.643624567159466e+117 3.904258727256764e+117 1.3068781143821322e+105 37
4.2823836171235065e+110 1.06587461011255e+91 2.556942990480309e+117 5.995337063972914e+111 2.4365357403823715e+116 1.643624567159466e+117 3.904258727256764e+117 1.3068781143821322e+105 37
4.2823836171235065e+110 0.03505962893082917 2.556942990480309e+117 0.5535547591696789 2.4365357403823715e+116 0.000151486406176104 3.904258727256764e+117 1.3068781143821322e+105 38
4.2823836171235065e+110 154975074578407.72 2.556942990480309e+117 3.114865605632037e-07 8.434296018976537e-06 1.643624567159466e+117 3.904258727256764e+117 1.3068781143821322e+105 38
1.9286454923482337e-07 154975074578407.72 2.6585240683562606e-08 5.995337063972914e+111 2.4365357403823715e+116 1.3374170159829055e-08 3.904258727256764e+117 7.75402853270576e-08 38
4.2823836171235065e+110 1.06587461011255e+91 2.556942990480309e+117 3.114865605632037e-07 2.4365357403823715e+116 1.643624567159466e+117 0.87 1.3068781143821322e+105 38
4.2823836171235065e+110 1.06587461011255e+91 2.556942990480309e+117 5.995337063972914e+111 2.4365357403823715e+116 1.643624567159466e+117 3.904258727256764e+117 1.3068781143821322e+105 38
0.00014199150632042155 1.06587461011255e+91 2.556942990480309e+117 5.995337063972914e+111 2.4365357403823715e+116 1.643624567159466e+117 3.904258727256764e+117 6.532354889928071 37
4.2823836171235065e+110 1.06587461011255e+91 2.556942990480309e+117 5.995337063972914e+111 2.4365357403823715e+116 1.643624567159466e+117 3.904258727256764e+117 1.3068781143821322e+105 37
6.096630825246891e-06 1.06587461011255e+91 2.556942990480309e+117 0.5535547591696789 2.4365357403823715e+116 1.643624567159466e+117 3.904258727256764e+117 6.532354889928071 38
4.2823836171235065e+110 1.06587461011255e+91 2.556942990480309e+117 5.995337063972914e+111 2.4365357403823715e+116 1.643624567159466e+117 0.0019902801952446387 1.3068781143821322e+105 38
4.2823836171235065e+110 0.03505962893082917 2.556942990480309e+117 5.995337063972914e+111 2.4365357403823715e+116 1.643624567159466e+117 3.904258727256764e+117 0.19282795911956058 38
4.2823836171235065e+110 1.06587461011255e+91 2.556942990480309e+117 5.995337063972914e+111 2.4365357403823715e+116 1.643624567159466e+117 3.904258727256764e+117 1.3068781143821322e+105 37
6.096630825246891e-06 1.06587461011255e+91 2.556942990480309e+117 5.995337063972914e+111 2.4365357403823715e+116 1.643624567159466e+117 3.904258727256764e+117 1.3068781143821322e+105 37
6.096630825246891e-06 1.06587461011255e+91 2.556942990480309e+117 5.995337063972914e+111 2.4365357403823715e+116 1.643624567159466e+117 3.904258727256764e+117 1.3068781143821322e+105 38
4.2823836171235065e+110 154975074578407.72 2.556942990480309e+117 5.995337063972914e+111 2.4365357403823715e+116 1.643624567159466e+117 3.904258727256764e+117 1.3068781143821322e+105 38
4.2823836171235065e+110 1.06587461011255e+91 8.493476881094891e-05 5.995337063972914e+111 2.4365357403823715e+116 4.116772114691963e-238 3.904258727256764e+117 1.3068781143821322e+105 38
0.00014199150632042155 0.03505962893082917 2.556942990480309e+117 3.114865605632037e-07 2.4365357403823715e+116 1.643624567159466e+117 0.0019902801952446387 0.19282795911956058 38
4.2823836171235065e+110 1.06587461011255e+91 2.556942990480309e+117 5.995337063972914e+111 2.4365357403823715e+116 1.643624567159466e+117 3.904258727256764e+117 1.3068781143821322e+105 37
4.2823836171235065e+110 1.06587461011255e+91 2.556942990480309e+117 3.114865605632037e-07 2.4365357403823715e+116 1.643624567159466e+117 3.904258727256764e+117 1.3068781143821322e+105 37
4.2823836171235065e+110 1.06587461011255e+91 2.556942990480309e+117 5.995337063972914e+111 2.4365357403823715e+116 1.643624567159466e+117 3.904258727256764e+117 1.3068781143821322e+105 37
4.2823836171235065e+110 1.06587461011255e+91 8.493476881094891e-05 5.995337063972914e+111 2.4365357403823715e+116 1.643624567159466e+117 3.904258727256764e+117 1.3068781143821322e+105 38
4.2823836171235065e+110 1.06587461011255e+91 2.556942990480309e+117 5.995337063972914e+111 2.4365357403823715e+116 1.643624567159466e+117 3.904258727256764e+117 1.3068781143821322e+105 37
4.2823836171235065e+110 1.06587461011255e+91 2.556942990480309e+117 8.35885634989316e-09 2.4365357403823715e+116 1.643624567159466e+117 3.904258727256764e+117 1.3068781143821322e+105 37
4.2823836171235065e+110 1.06587461011255e+91 2.556942990480309e+117 5.995337063972914e+111 2.4365357403823715e+116 1.643624567159466e+117 3.904258727256764e+117 1.3068781143821322e+105 37
4.2823836171235065e+110 1.06587461011255e+91 2.6585240683562606e-08 5.995337063972914e+111 2.4365357403823715e+116 4.116772114691963e-238 3.904258727256764e+117 1.3068781143821322e+105 38
4.2823836171235065e+110 0.03505962893082917 2.556942990480309e+117 5.995337063972914e+111 2.4365357403823715e+116 1.643624567159466e+117 3.904258727256764e+117 1.3068781143821322e+105 37
4.2823836171235065e+110 1.06587461011255e+91 2.556942990480309e+117 5.995337063972914e+111 2.4365357403823715e+116 1.643624567159466e+117 3.904258727256764e+117 1.3068781143821322e+105 38
6.096630825246891e-06 1.1083617231862978e-238 2.556942990480309e+117 8.35885634989316e-09 2.4365357403823715e+116 1.643624567159466e+117 3.904258727256764e+117 1.3068781143821322e+105 38
4.2823836171235065e+110 154975074578407.72 2.556942990480309e+117 5.995337063972914e+111 2.4365357403823715e+116 1.643624567159466e+117 0.0019902801952446387 0.19282795911956058 38
4.2823836171235065e+110 1.06587461011255e+91 2.556942990480309e+117 5.995337063972914e+111 2.4365357403823715e+116 1.643624567159466e+117 3.904258727256764e+117 1.3068781143821322e+105 38
4.2823836171235065e+110 1.06587461011255e+91 2.556942990480309e+117 5.995337063972914e+111 2.4365357403823715e+116 1.643624567159466e+117 3.904258727256764e+117 1.3068781143821322e+105 37
4.2823836171235065e+110 154975074578407.72 2.556942990480309e+117 5.995337063972914e+111 2.4365357403823715e+116 1.643624567159466e+117 3.904258727256764e+117 1.3068781143821322e+105 38
4.2823836171235065e+110 1.06587461011255e+91 2.556942990480309e+117 5.995337063972914e+111 2.4365357403823715e+116 1.643624567159466e+117 0.0019902801952446387 1.3068781143821322e+105 38
4.2823836171235065e+110 1.06587461011255e+91 2.556942990480309e+117 5.995337063972914e+111 2.4365357403823715e+116 1.643624567159466e+117 3.904258727256764e+117 1.3068781143821322e+105 38
0.00014199150632042155 1.06587461011255e+91 2.556942990480309e+117 5.995337063972914e+111 2.4365357403823715e+116 1.643624567159466e+117 3.904258727256764e+117 1.3068781143821322e+105 38
4.2823836171235065e+110 154975074578407.72 2.556942990480309e+117 5.995337063972914e+111 2.4365357403823715e+116 1.643624567159466e+117 3.904258727256764e+117 1.3068781143821322e+105 38
4.2823836171235065e+110 1.06587461011255e+91 2.556942990480309e+117 5.995337063972914e+111 2.4365357403823715e+116 1.643624567159466e+117 3.904258727256764e+117 1.3068781143821322e+105 38
4.2823836171235065e+110 154975074578407.72 2.556942990480309e+117 5.995337063972914e+111 2.4365357403823715e+116 1.643624567159466e+117 3.904258727256764e+117 0.19282795911956058 38
4.2823836171235065e+110 1.06587461011255e+91 2.556942990480309e+117 5.995337063972914e+111 2.4365357403823715e+116 1.643624567159466e+117 3.904258727256764e+117 1.3068781143821322e+105 37
6.096630825246891e-06 1.06587461011255e+91 2.556942990480309e+117 5.995337063972914e+111 2.4365357403823715e+116 1.643624567159466e+117 3.904258727256764e+117 1.3068781143821322e+105 37
6.096630825246891e-06 1.06587461011255e+91 2.556942990480309e+117 5.995337063972914e+111 2.4365357403823715e+116 1.643624567159466e+117 3.904258727256764e+117 1.3068781143821322e+105 38
4.2823836171235065e+110 1.06587461011255e+91 2.556942990480309e+117 5.995337063972914e+111 2.4365357403823715e+116 1.643624567159466e+117 3.904258727256764e+117 1.3068781143821322e+105 37
4.2823836171235065e+110 154975074578407.72 2.556942990480309e+117 5.995337063972914e+111 2.4365357403823715e+116 1.643624567159466e+117 3.904258727256764e+117 1.3068781143821322e+105 38
4.2823836171235065e+110 1.06587461011255e+91 2.556942990480309e+117 5.995337063972914e+111 2.4365357403823715e+116 1.643624567159466e+117 3.904258727256764e+117 1.3068781143821322e+105 37
4.2823836171235065e+110 1.06587461011255e+91 2.556942990480309e+117 5.995337063972914e+111 2.4365357403823715e+116 1.643624567159466e+117 3.904258727256764e+117 1.3068781143821322e+105 37
4.2823836171235065e+110 1.06587461011255e+91 2.556942990480309e+117 5.995337063972914e+111 2.4365357403823715e+116 1.643624567159466e+117 3.904258727256764e+117 0.19282795911956058 38
1.9286454923482337e-07 154975074578407.72 2.556942990480309e+117 5.995337063972914e+111 2.4365357403823715e+116 1.643624567159466e+117 0.0019902801952446387 1.3068781143821322e+105 38
4.2823836171235065e+110 154975074578407.72 2.556942990480309e+117 3.114865605632037e-07 2.4365357403823715e+116 1.643624567159466e+117 3.904258727256764e+117 6.532354889928071 38
4.2823836171235065e+110 0.03505962893082917 2.556942990480309e+117 5.995337063972914e+111 2.4365357403823715e+116 1.643624567159466e+117 3.904258727256764e+117 6.532354889928071 38
4.2823836171235065e+110 1.06587461011255e+91 2.556942990480309e+117 5.995337063972914e+111 2.4365357403823715e+116 1.643624567159466e+117 3.904258727256764e+117 1.3068781143821322e+105 37
4.2823836171235065e+110 1.06587461011255e+91 2.556942990480309e+117 5.995337063972914e+111 2.4365357403823715e+116 1.643624567159466e+117 3.904258727256764e+117 1.3068781143821322e+105 37
4.2823836171235065e+110 154975074578407.72 2.556942990480309e+117 5.995337063972914e+111 2.4365357403823715e+116 1.643624567159466e+117 3.904258727256764e+117 6.532354889928071 38
4.2823836171235065e+110 0.03505962893082917 2.556942990480309e+117 5.995337063972914e+111 2.4365357403823715e+116 1.643624567159466e+117 3.904258727256764e+117 1.3068781143821322e+105 37
4.2823836171235065e+110 0.03505962893082917 2.556942990480309e+117 5.995337063972914e+111 4.430873447260434e-08 1.643624567159466e+117 3.904258727256764e+117 1.3068781143821322e+105 38
4.2823836171235065e+110 1.06587461011255e+91 2.556942990480309e+117 5.995337063972914e+111 2.4365357403823715e+116 1.643624567159466e+117 3.904258727256764e+117 6.532354889928071 37
4.2823836171235065e+110 0.03505962893082917 2.556942990480309e+117 5.995337063972914e+111 2.4365357403823715e+116 1.643624567159466e+117 3.904258727256764e+117 1.3068781143821322e+105 37
4.2823836171235065e+110 154975074578407.72 2.556942990480309e+117 5.995337063972914e+111 2.4365357403823715e+116 1.643624567159466e+117 3.904258727256764e+117 1.3068781143821322e+105 38
4.2823836171235065e+110 1.06587461011255e+91 8.493476881094891e-05 5.995337063972914e+111 2.4365357403823715e+116 1.643624567159466e+117 3.904258727256764e+117 1.3068781143821322e+105 38
0.00014199150632042155 1.06587461011255e+91 2.556942990480309e+117 5.995337063972914e+111 2.4365357403823715e+116 1.643624567159466e+117 3.904258727256764e+117 1.3068781143821322e+105 37
4.2823836171235065e+110 1.06587461011255e+91 2.556942990480309e+117 5.995337063972914e+111 2.4365357403823715e+116 1.643624567159466e+117 3.904258727256764e+117 1.3068781143821322e+105 37
4.2823836171235065e+110 1.06587461011255e+91 2.556942990480309e+117 5.995337063972914e+111 2.4365357403823715e+116 1.643624567159466e+117 3.904258727256764e+117 1.3068781143821322e+105 37
4.2823836171235065e+110 1.06587461011255e+91 2.556942990480309e+117 5.995337063972914e+111 2.4365357403823715e+116 1.643624567159466e+117 3.904258727256764e+117 1.3068781143821322e+105 37
4.2823836171235065e+110 1.06587461011255e+91 2.556942990480309e+117 5.995337063972914e+111 2.4365357403823715e+116 1.643624567159466e+117 3.904258727256764e+117 1.3068781143821322e+105 37
4.2823836171235065e+110 1.06587461011255e+91 2.556942990480309e+117 5.995337063972914e+111 2.4365357403823715e+116 1.643624567159466e+117 3.904258727256764e+117 1.3068781143821322e+105 37
4.2823836171235065e+110 1.06587461011255e+91 2.556942990480309e+117 5.995337063972914e+111 2.4365357403823715e+116 1.643624567159466e+117 3.904258727256764e+117 6.532354889928071 37
4.2823836171235065e+110 1.06587461011255e+91 2.556942990480309e+117 5.995337063972914e+111 2.4365357403823715e+116 1.643624567159466e+117 3.904258727256764e+117 1.3068781143821322e+105 37
4.2823836171235065e+110 1.06587461011255e+91 2.556942990480309e+117 5.995337063972914e+111 2.4365357403823715e+116 1.643624567159466e+117 3.904258727256764e+117 1.3068781143821322e+105 37
0.00014199150632042155 1.06587461011255e+91 6.12982798992165e-09 5.995337063972914e+111 2.4365357403823715e+116 1.643624567159466e+117 3.904258727256764e+117 0.19282795911956058 37
4.2823836171235065e+110 1.06587461011255e+91 2.556942990480309e+117 5.995337063972914e+111 2.4365357403823715e+116 1.643624567159466e+117 3.904258727256764e+117 1.3068781143821322e+105 37
4.2823836171235065e+110 0.03505962893082917 2.556942990480309e+117 5.995337063972914e+111 2.4365357403823715e+116 1.643624567159466e+117 3.904258727256764e+117 1.3068781143821322e+105 38
4.2823836171235065e+110 1.06587461011255e+91 2.556942990480309e+117 5.995337063972914e+111 2.4365357403823715e+116 1.643624567159466e+117 3.904258727256764e+117 1.3068781143821322e+105 37
4.2823836171235065e+110 1.06587461011255e+91 2.556942990480309e+117 5.995337063972914e+111 2.4365357403823715e+116 1.643624567159466e+117 3.904258727256764e+117 1.3068781143821322e+105 37
4.2823836171235065e+110 1.06587461011255e+91 2.556942990480309e+117 5.995337063972914e+111 2.4365357403823715e+116 1.643624567159466e+117 3.904258727256764e+117 1.3068781143821322e+105 37
4.2823836171235065e+110 1.06587461011255e+91 2.556942990480309e+117 5.995337063972914e+111 2.4365357403823715e+116 1.643624567159466e+117 3.904258727256764e+117 1.3068781143821322e+105 37
4.2823836171235065e+110 1.06587461011255e+91 2.556942990480309e+117 5.995337063972914e+111 2.4365357403823715e+116 1.643624567159466e+117 3.904258727256764e+117 1.3068781143821322e+105 37
4.2823836171235065e+110 1.06587461011255e+91 8.493476881094891e-05 5.995337063972914e+111 2.4365357403823715e+116 1.643624567159466e+117 3.904258727256764e+117 1.3068781143821322e+105 38
4.2823836171235065e+110 1.06587461011255e+91 2.556942990480309e+117 5.995337063972914e+111 2.4365357403823715e+116 1.643624567159466e+117 3.904258727256764e+117 1.3068781143821322e+105 37
4.2823836171235065e+110 154975074578407.72 2.556942990480309e+117 5.995337063972914e+111 2.4365357403823715e+116 1.643624567159466e+117 3.904258727256764e+117 1.3068781143821322e+105 38
4.2823836171235065e+110 1.06587461011255e+91 2.556942990480309e+117 5.995337063972914e+111 2.4365357403823715e+116 1.643624567159466e+117 3.904258727256764e+117 1.3068781143821322e+105 37
1.9286454923482337e-07 154975074578407.72 2.556942990480309e+117 5.995337063972914e+111 2.4365357403823715e+116 1.643624567159466e+117 3.904258727256764e+117 1.3068781143821322e+105 38
4.2823836171235065e+110 1.06587461011255e+91 2.556942990480309e+117 5.995337063972914e+111 2.4365357403823715e+116 1.643624567159466e+117 3.904258727256764e+117 1.3068781143821322e+105 38
4.2823836171235065e+110 1.06587461011255e+91 2.556942990480309e+117 5.995337063972914e+111 2.4365357403823715e+116 1.643624567159466e+117 3.904258727256764e+117 1.3068781143821322e+105 37
4.2823836171235065e+110 1.06587461011255e+91 2.556942990480309e+117 5.995337063972914e+111 2.4365357403823715e+116 1.643624567159466e+117 3.904258727256764e+117 1.3068781143821322e+105 38
4.2823836171235065e+110 1.06587461011255e+91 2.556942990480309e+117 5.995337063972914e+111 2.4365357403823715e+116 1.643624567159466e+117 3.904258727256764e+117 1.3068781143821322e+105 37
4.2823836171235065e+110 154975074578407.72 2.556942990480309e+117 5.995337063972914e+111 2.4365357403823715e+116 1.643624567159466e+117 3.904258727256764e+117 1.3068781143821322e+105 38
4.2823836171235065e+110 1.06587461011255e+91 2.556942990480309e+117 0.5535547591696789 2.4365357403823715e+116 1.643624567159466e+117 3.904258727256764e+117 1.3068781143821322e+105 37
4.2823836171235065e+110 1.06587461011255e+91 2.556942990480309e+117 5.995337063972914e+111 2.4365357403823715e+116 1.643624567159466e+117 3.904258727256764e+117 1.3068781143821322e+105 37
4.2823836171235065e+110 1.06587461011255e+91 2.556942990480309e+117 5.995337063972914e+111 2.4365357403823715e+116 1.643624567159466e+117 3.904258727256764e+117 1.3068781143821322e+105 37
4.2823836171235065e+110 1.06587461011255e+91 2.556942990480309e+117 5.995337063972914e+111 2.4365357403823715e+116 1.643624567159466e+117 3.904258727256764e+117 6.532354889928071 37
4.2823836171235065e+110 0.03505962893082917 8.493476881094891e-05 3.5446987578083475e-08 2.4365357403823715e+116 4.116772114691963e-238 3.904258727256764e+117 1.3068781143821322e+105 38
4.2823836171235065e+110 1.06587461011255e+91 2.556942990480309e+117 5.995337063972914e+111 2.4365357403823715e+116 1.643624567159466e+117 3.904258727256764e+117 1.3068781143821322e+105 37
0.00014199150632042155 1.06587461011255e+91 2.556942990480309e+117 5.995337063972914e+111 2.4365357403823715e+116 1.643624567159466e+117 3.904258727256764e+117 1.3068781143821322e+105 37
4.2823836171235065e+110 154975074578407.72 2.556942990480309e+117 5.995337063972914e+111 2.4365357403823715e+116 1.643624567159466e+117 3.904258727256764e+117 1.3068781143821322e+105 38
4.2823836171235065e+110 1.06587461011255e+91 2.556942990480309e+117 5.995337063972914e+111 2.4365357403823715e+116 1.643624567159466e+117 0.87 1.3068781143821322e+105 38
4.2823836171235065e+110 1.06587461011255e+91 2.556942990480309e+117 5.995337063972914e+111 2.4365357403823715e+116 1.643624567159466e+117 3.904258727256764e+117 1.3068781143821322e+105 37
4.2823836171235065e+110 1.06587461011255e+91 2.556942990480309e+117 5.995337063972914e+111 2.4365357403823715e+116 1.643624567159466e+117 3.904258727256764e+117 1.3068781143821322e+105 37
4.2823836171235065e+110 1.06587461011255e+91 2.556942990480309e+117 5.995337063972914e+111 2.4365357403823715e+116 1.643624567159466e+117 3.904258727256764e+117 1.3068781143821322e+105 37
4.2823836171235065e+110 154975074578407.72 2.556942990480309e+117 5.995337063972914e+111 2.4365357403823715e+116 1.643624567159466e+117 3.904258727256764e+117 1.3068781143821322e+105 38
4.2823836171235065e+110 1.06587461011255e+91 2.556942990480309e+117 5.995337063972914e+111 2.4365357403823715e+116 1.643624567159466e+117 3.904258727256764e+117 1.3068781143821322e+105 37
4.2823836171235065e+110 1.06587461011255e+91 2.556942990480309e+117 5.995337063972914e+111 2.4365357403823715e+116 1.643624567159466e+117 3.904258727256764e+117 1.3068781143821322e+105 37
4.2823836171235065e+110 0.03505962893082917 2.556942990480309e+117 5.995337063972914e+111 2.4365357403823715e+116 1.643624567159466e+117 3.904258727256764e+117 6.532354889928071 38
4.2823836171235065e+110 1.06587461011255e+91 2.556942990480309e+117 5.995337063972914e+111 2.4365357403823715e+116 1.643624567159466e+117 3.904258727256764e+117 1.3068781143821322e+105 37
4.2823836171235065e+110 1.06587461011255e+91 2.556942990480309e+117 5.995337063972914e+111 2.4365357403823715e+116 1.643624567159466e+117 3.904258727256764e+117 1.3068781143821322e+105 37
4.2823836171235065e+110 1.06587461011255e+91 2.556942990480309e+117 5.995337063972914e+111 2.4365357403823715e+116 1.643624567159466e+117 3.904258727256764e+117 1.3068781143821322e+105 37
4.2823836171235065e+110 0.03505962893082917 2.556942990480309e+117 5.995337063972914e+111 2.4365357403823715e+116 1.643624567159466e+117 3.904258727256764e+117 1.3068781143821322e+105 37
4.2823836171235065e+110 1.06587461011255e+91 2.556942990480309e+117 8.35885634989316e-09 2.4365357403823715e+116 1.643624567159466e+117 3.904258727256764e+117 1.3068781143821322e+105 37
4.2823836171235065e+110 1.06587461011255e+91 2.556942990480309e+117 3.114865605632037e-07 2.4365357403823715e+116 4.116772114691963e-238 0.87 1.3068781143821322e+105 37
4.2823836171235065e+110 1.06587461011255e+91 2.556942990480309e+117 5.995337063972914e+111 2.4365357403823715e+116 1.3374170159829055e-08 3.904258727256764e+117 1.3068781143821322e+105 37
4.2823836171235065e+110 1.06587461011255e+91 2.556942990480309e+117 5.995337063972914e+111 2.4365357403823715e+116 1.643624567159466e+117 3.904258727256764e+117 1.3068781143821322e+105 38
4.2823836171235065e+110 0.03505962893082917 8.493476881094891e-05 3.5446987578083475e-08 2.4365357403823715e+116 4.116772114691963e-238 3.904258727256764e+117 1.3068781143821322e+105 38
4.2823836171235065e+110 1.06587461011255e+91 2.556942990480309e+117 5.995337063972914e+111 2.4365357403823715e+116 1.643624567159466e+117 3.904258727256764e+117 1.3068781143821322e+105 37
4.2823836171235065e+110 1.06587461011255e+91 8.493476881094891e-05 5.995337063972914e+111 2.4365357403823715e+116 4.116772114691963e-238 3.904258727256764e+117 1.3068781143821322e+105 38
4.2823836171235065e+110 1.06587461011255e+91 2.556942990480309e+117 5.995337063972914e+111 2.4365357403823715e+116 1.643624567159466e+117 3.904258727256764e+117 1.3068781143821322e+105 37
4.2823836171235065e+110 1.06587461011255e+91 2.556942990480309e+117 5.995337063972914e+111 2.4365357403823715e+116 1.643624567159466e+117 3.904258727256764e+117 1.3068781143821322e+105 37
6.096630825246891e-06 1.06587461011255e+91 2.556942990480309e+117 5.995337063972914e+111 2.4365357403823715e+116 1.643624567159466e+117 3.904258727256764e+117 1.3068781143821322e+105 37
4.2823836171235065e+110 1.06587461011255e+91 2.556942990480309e+117 0.5535547591696789 2.4365357403823715e+116 1.643624567159466e+117 3.904258727256764e+117 1.3068781143821322e+105 38
4.2823836171235065e+110 1.06587461011255e+91 2.556942990480309e+117 5.995337063972914e+111 2.4365357403823715e+116 1.643624567159466e+117 3.904258727256764e+117 1.3068781143821322e+105 37
4.2823836171235065e+110 1.06587461011255e+91 2.556942990480309e+117 5.995337063972914e+111 2.4365357403823715e+116 1.643624567159466e+117 3.904258727256764e+117 1.3068781143821322e+105 37
4.2823836171235065e+110 1.06587461011255e+91 2.556942990480309e+117 8.35885634989316e-09 2.4365357403823715e+116 1.643624567159466e+117 3.904258727256764e+117 1.3068781143821322e+105 37
4.2823836171235065e+110 1.06587461011255e+91 2.556942990480309e+117 5.995337063972914e+111 2.4365357403823715e+116 1.643624567159466e+117 3.904258727256764e+117 1.3068781143821322e+105 37
4.2823836171235065e+110 154975074578407.72 2.556942990480309e+117 0.5535547591696789 2.4365357403823715e+116 4.116772114691963e-238 3.904258727256764e+117 1.3068781143821322e+105 38
4.2823836171235065e+110 1.06587461011255e+91 2.556942990480309e+117 5.995337063972914e+111 2.4365357403823715e+116 1.643624567159466e+117 3.904258727256764e+117 1.3068781143821322e+105 37
4.2823836171235065e+110 1.06587461011255e+91 2.556942990480309e+117 5.995337063972914e+111 2.4365357403823715e+116 1.643624567159466e+117 3.904258727256764e+117 1.3068781143821322e+105 37
1.9286454923482337e-07 154975074578407.72 2.556942990480309e+117 5.995337063972914e+111 2.4365357403823715e+116 1.643624567159466e+117 0.0019902801952446387 0.19282795911956058 38
4.2823836171235065e+110 1.06587461011255e+91 2.556942990480309e+117 5.995337063972914e+111 2.4365357403823715e+116 1.643624567159466e+117 3.904258727256764e+117 1.3068781143821322e+105 37
4.2823836171235065e+110 1.06587461011255e+91 2.556942990480309e+117 5.995337063972914e+111 2.4365357403823715e+116 1.643624567159466e+117 3.904258727256764e+117 1.3068781143821322e+105 38
4.2823836171235065e+110 1.06587461011255e+91 2.556942990480309e+117 5.995337063972914e+111 2.4365357403823715e+116 1.643624567159466e+117 3.904258727256764e+117 1.3068781143821322e+105 37
4.2823836171235065e+110 1.06587461011255e+91 2.556942990480309e+117 5.995337063972914e+111 2.4365357403823715e+116 1.643624567159466e+117 3.904258727256764e+117 1.3068781143821322e+105 37
0.00014199150632042155 154975074578407.72 2.556942990480309e+117 5.995337063972914e+111 2.4365357403823715e+116 1.643624567159466e+117 3.904258727256764e+117 1.3068781143821322e+105 37
4.2823836171235065e+110 1.06587461011255e+91 2.556942990480309e+117 5.995337063972914e+111 2.4365357403823715e+116 1.643624567159466e+117 3.904258727256764e+117 1.3068781143821322e+105 37
4.2823836171235065e+110 1.06587461011255e+91 2.556942990480309e+117 5.995337063972914e+111 2.4365357403823715e+116 1.643624567159466e+117 3.904258727256764e+117 1.3068781143821322e+105 37
4.2823836171235065e+110 1.06587461011255e+91 2.556942990480309e+117 5.995337063972914e+111 2.4365357403823715e+116 1.643624567159466e+117 3.904258727256764e+117 1.3068781143821322e+105 37
4.2823836171235065e+110 1.06587461011255e+91 2.556942990480309e+117 5.995337063972914e+111 2.4365357403823715e+116 1.643624567159466e+117 3.904258727256764e+117 1.3068781143821322e+105 37
4.2823836171235065e+110 1.06587461011255e+91 2.556942990480309e+117 5.995337063972914e+111 2.4365357403823715e+116 1.643624567159466e+117 3.904258727256764e+117 1.3068781143821322e+105 37
4.2823836171235065e+110 1.06587461011255e+91 2.556942990480309e+117 5.995337063972914e+111 2.4365357403823715e+116 1.643624567159466e+117 3.904258727256764e+117 1.3068781143821322e+105 37
6.096630825246891e-06 154975074578407.72 2.556942990480309e+117 5.995337063972914e+111 2.4365357403823715e+116 1.643624567159466e+117 0.0019902801952446387 1.3068781143821322e+105 37
4.2823836171235065e+110 1.06587461011255e+91 2.556942990480309e+117 5.995337063972914e+111 2.4365357403823715e+116 1.643624567159466e+117 3.904258727256764e+117 1.3068781143821322e+105 37
4.2823836171235065e+110 154975074578407.72 2.556942990480309e+117 5.995337063972914e+111 2.4365357403823715e+116 1.643624567159466e+117 3.904258727256764e+117 6.532354889928071 38
4.2823836171235065e+110 154975074578407.72 2.556942990480309e+117 5.995337063972914e+111 2.4365357403823715e+116 1.643624567159466e+117 3.904258727256764e+117 1.3068781143821322e+105 38
4.2823836171235065e+110 154975074578407.72 2.556942990480309e+117 5.995337063972914e+111 4.430873447260434e-08 1.643624567159466e+117 3.904258727256764e+117 1.3068781143821322e+105 37
4.2823836171235065e+110 1.06587461011255e+91 2.556942990480309e+117 5.995337063972914e+111 2.4365357403823715e+116 1.643624567159466e+117 3.904258727256764e+117 1.3068781143821322e+105 37
4.2823836171235065e+110 1.06587461011255e+91 2.556942990480309e+117 5.995337063972914e+111 2.4365357403823715e+116 1.643624567159466e+117 3.904258727256764e+117 1.3068781143821322e+105 37
4.2823836171235065e+110 1.06587461011255e+91 2.556942990480309e+117 5.995337063972914e+111 2.4365357403823715e+116 1.643624567159466e+117 3.904258727256764e+117 1.3068781143821322e+105 37
4.2823836171235065e+110 1.06587461011255e+91 2.556942990480309e+117 5.995337063972914e+111 2.4365357403823715e+116 1.643624567159466e+117 3.904258727256764e+117 1.3068781143821322e+105 37
4.2823836171235065e+110 1.06587461011255e+91 2.556942990480309e+117 3.5446987578083475e-08 2.4365357403823715e+116 1.643624567159466e+117 3.904258727256764e+117 1.3068781143821322e+105 37
4.2823836171235065e+110 154975074578407.72 2.556942990480309e+117 3.114865605632037e-07 2.4365357403823715e+116 1.643624567159466e+117 3.904258727256764e+117 6.532354889928071 38
4.2823836171235065e+110 154975074578407.72 2.556942990480309e+117 5.995337063972914e+111 2.4365357403823715e+116 1.643624567159466e+117 3.904258727256764e+117 1.3068781143821322e+105 37
4.2823836171235065e+110 1.06587461011255e+91 2.556942990480309e+117 5.995337063972914e+111 2.4365357403823715e+116 1.643624567159466e+117 3.904258727256764e+117 7.75402853270576e-08 37
4.2823836171235065e+110 1.06587461011255e+91 2.556942990480309e+117 5.995337063972914e+111 2.4365357403823715e+116 1.643624567159466e+117 3.904258727256764e+117 0.19282795911956058 37
4.2823836171235065e+110 154975074578407.72 2.556942990480309e+117 5.995337063972914e+111 2.4365357403823715e+116 1.643624567159466e+117 3.904258727256764e+117 1.3068781143821322e+105 38
4.2823836171235065e+110 1.06587461011255e+91 2.556942990480309e+117 5.995337063972914e+111 2.4365357403823715e+116 1.643624567159466e+117 3.904258727256764e+117 1.3068781143821322e+105 37
4.2823836171235065e+110 1.06587461011255e+91 2.556942990480309e+117 5.995337063972914e+111 2.4365357403823715e+116 1.643624567159466e+117 3.904258727256764e+117 1.3068781143821322e+105 37
4.2823836171235065e+110 1.06587461011255e+91 2.556942990480309e+117 5.995337063972914e+111 2.4365357403823715e+116 1.643624567159466e+117 3.904258727256764e+117 1.3068781143821322e+105 37
4.2823836171235065e+110 1.06587461011255e+91 2.556942990480309e+117 5.995337063972914e+111 2.4365357403823715e+116 1.643624567159466e+117 3.904258727256764e+117 1.3068781143821322e+105 37
4.2823836171235065e+110 1.06587461011255e+91 2.556942990480309e+117 5.995337063972914e+111 2.4365357403823715e+116 1.643624567159466e+117 3.904258727256764e+117 1.3068781143821322e+105 37
4.2823836171235065e+110 1.06587461011255e+91 2.556942990480309e+117 5.995337063972914e+111 2.4365357403823715e+116 1.643624567159466e+117 3.904258727256764e+117 1.3068781143821322e+105 37
6.096630825246891e-06 1.06587461011255e+91 2.556942990480309e+117 5.995337063972914e+111 2.4365357403823715e+116 1.643624567159466e+117 3.904258727256764e+117 1.3068781143821322e+105 37
4.2823836171235065e+110 154975074578407.72 2.556942990480309e+117 5.995337063972914e+111 2.4365357403823715e+116 1.643624567159466e+117 3.904258727256764e+117 6.532354889928071 38
4.2823836171235065e+110 1.1083617231862978e-238 2.556942990480309e+117 5.995337063972914e+111 2.4365357403823715e+116 1.643624567159466e+117 3.904258727256764e+117 1.3068781143821322e+105 37
4.2823836171235065e+110 154975074578407.72 2.556942990480309e+117 5.995337063972914e+111 2.4365357403823715e+116 1.643624567159466e+117 3.904258727256764e+117 1.3068781143821322e+105 38
4.2823836171235065e+110 154975074578407.72 2.556942990480309e+117 0.5535547591696789 2.4365357403823715e+116 4.116772114691963e-238 3.904258727256764e+117 1.3068781143821322e+105 38
4.2823836171235065e+110 1.06587461011255e+91 2.556942990480309e+117 5.995337063972914e+111 2.4365357403823715e+116 1.643624567159466e+117 3.904258727256764e+117 1.3068781143821322e+105 37
4.2823836171235065e+110 154975074578407.72 2.556942990480309e+117 0.5535547591696789 8.434296018976537e-06 1.643624567159466e+117 3.904258727256764e+117 1.3068781143821322e+105 37
6.096630825246891e-06 1.06587461011255e+91 2.556942990480309e+117 5.995337063972914e+111 2.4365357403823715e+116 4.116772114691963e-238 3.904258727256764e+117 1.3068781143821322e+105 38
4.2823836171235065e+110 154975074578407.72 2.556942990480309e+117 5.995337063972914e+111 2.4365357403823715e+116 1.643624567159466e+117 3.904258727256764e+117 1.3068781143821322e+105 38
4.2823836171235065e+110 1.06587461011255e+91 2.556942990480309e+117 5.995337063972914e+111 2.4365357403823715e+116 1.643624567159466e+117 3.904258727256764e+117 1.3068781143821322e+105 37
4.2823836171235065e+110 0.03505962893082917 2.556942990480309e+117 5.995337063972914e+111 2.4365357403823715e+116 1.643624567159466e+117 3.904258727256764e+117 1.3068781143821322e+105 37
4.2823836171235065e+110 1.06587461011255e+91 2.556942990480309e+117 5.995337063972914e+111 2.4365357403823715e+116 1.643624567159466e+117 3.904258727256764e+117 1.3068781143821322e+105 37
4.2823836171235065e+110 1.06587461011255e+91 2.556942990480309e+117 5.995337063972914e+111 2.4365357403823715e+116 1.3374170159829055e-08 3.904258727256764e+117 1.3068781143821322e+105 37
4.2823836171235065e+110 1.06587461011255e+91 8.493476881094891e-05 5.995337063972914e+111 2.4365357403823715e+116 1.643624567159466e+117 3.904258727256764e+117 1.3068781143821322e+105 37
4.2823836171235065e+110 1.06587461011255e+91 2.556942990480309e+117 5.995337063972914e+111 2.4365357403823715e+116 1.643624567159466e+117 3.904258727256764e+117 0.19282795911956058 37
4.2823836171235065e+110 1.06587461011255e+91 2.556942990480309e+117 5.995337063972914e+111 2.4365357403823715e+116 1.643624567159466e+117 3.904258727256764e+117 6.532354889928071 38
4.2823836171235065e+110 1.06587461011255e+91 2.556942990480309e+117 5.995337063972914e+111 2.4365357403823715e+116 1.643624567159466e+117 3.904258727256764e+117 1.3068781143821322e+105 38
4.2823836171235065e+110 1.06587461011255e+91 2.556942990480309e+117 5.995337063972914e+111 2.4365357403823715e+116 1.643624567159466e+117 3.904258727256764e+117 1.3068781143821322e+105 37
4.2823836171235065e+110 1.06587461011255e+91 2.556942990480309e+117 5.995337063972914e+111 2.4365357403823715e+116 1.643624567159466e+117 3.904258727256764e+117 1.3068781143821322e+105 37
4.2823836171235065e+110 1.06587461011255e+91 2.556942990480309e+117 5.995337063972914e+111 2.4365357403823715e+116 1.643624567159466e+117 3.904258727256764e+117 1.3068781143821322e+105 37
4.2823836171235065e+110 1.06587461011255e+91 2.556942990480309e+117 5.995337063972914e+111 2.4365357403823715e+116 1.643624567159466e+117 3.904258727256764e+117 1.3068781143821322e+105 37
4.2823836171235065e+110 0.03505962893082917 2.556942990480309e+117 5.995337063972914e+111 2.4365357403823715e+116 1.643624567159466e+117 3.904258727256764e+117 6.532354889928071 37
4.2823836171235065e+110 1.06587461011255e+91 2.556942990480309e+117 5.995337063972914e+111 2.4365357403823715e+116 1.643624567159466e+117 3.904258727256764e+117 1.3068781143821322e+105 37
4.2823836171235065e+110 1.06587461011255e+91 2.556942990480309e+117 3.114865605632037e-07 2.4365357403823715e+116 4.116772114691963e-238 3.904258727256764e+117 1.3068781143821322e+105 38
4.2823836171235065e+110 1.06587461011255e+91 2.556942990480309e+117 5.995337063972914e+111 2.4365357403823715e+116 1.643624567159466e+117 3.904258727256764e+117 1.3068781143821322e+105 37
4.2823836171235065e+110 1.06587461011255e+91 2.556942990480309e+117 5.995337063972914e+111 2.4365357403823715e+116 1.643624567159466e+117 3.904258727256764e+117 1.3068781143821322e+105 38
4.2823836171235065e+110 1.06587461011255e+91 2.556942990480309e+117 5.995337063972914e+111 2.4365357403823715e+116 1.643624567159466e+117 3.904258727256764e+117 1.3068781143821322e+105 37
4.2823836171235065e+110 1.06587461011255e+91 2.556942990480309e+117 0.5535547591696789 2.4365357403823715e+116 1.643624567159466e+117 7.722396016287948e-240 6.532354889928071 38
4.2823836171235065e+110 0.03505962893082917 2.556942990480309e+117 5.995337063972914e+111 2.4365357403823715e+116 1.643624567159466e+117 3.904258727256764e+117 1.3068781143821322e+105 37
4.2823836171235065e+110 154975074578407.72 2.556942990480309e+117 5.995337063972914e+111 8.434296018976537e-06 4.116772114691963e-238 3.904258727256764e+117 1.3068781143821322e+105 37
4.2823836171235065e+110 1.06587461011255e+91 2.556942990480309e+117 5.995337063972914e+111 2.4365357403823715e+116 1.643624567159466e+117 3.904258727256764e+117 1.3068781143821322e+105 37
4.2823836171235065e+110 1.06587461011255e+91 2.556942990480309e+117 5.995337063972914e+111 2.4365357403823715e+116 1.643624567159466e+117 3.904258727256764e+117 1.3068781143821322e+105 37
4.2823836171235065e+110 1.06587461011255e+91 2.556942990480309e+117 3.5446987578083475e-08 2.4365357403823715e+116 1.643624567159466e+117 3.904258727256764e+117 1.3068781143821322e+105 38
