1e-10 5e-10 9e-10 1.4000000000000001e-09 1.9e-09 2.3e-09 2.7e-09 3.2e-09 37
1e-10 5e-10 9e-10 1.4000000000000001e-09 1.9e-09 2.3e-09 2.7e-09 3.2e-09 37
1e-10 5e-10 9e-10 1.4000000000000001e-09 1.9e-09 2.3e-09 2.7e-09 3.2e-09 37
1e-10 5e-10 9e-10 1.4000000000000001e-09 1.9e-09 2.3e-09 2.7e-09 3.2e-09 37
1e-10 5e-10 9e-10 1.4000000000000001e-09 1.9e-09 2.3e-09 2.7e-09 3.6e-09 37
1e-10 5e-10 9e-10 1.4000000000000001e-09 1.9e-09 2.3e-09 2.7e-09 3.2e-09 37
2e-10 8e-10 9e-10 1.4000000000000001e-09 1.9e-09 2.3e-09 2.7e-09 3.2e-09 38
1e-10 5e-10 9e-10 1.4000000000000001e-09 1.9e-09 2.3e-09 2.7e-09 3.2e-09 37
1e-10 5e-10 9e-10 1.4000000000000001e-09 1.9e-09 2.3e-09 2.7e-09 3.2e-09 37
1e-10 5e-10 9e-10 1.4000000000000001e-09 1.9e-09 2.3e-09 2.7e-09 3.2e-09 37
1e-10 5e-10 9e-10 1.4000000000000001e-09 1.9e-09 2.3e-09 2.3819026901623926e-241 3.2e-09 37
1e-10 8e-10 1.5456945475675541e-239 1.4000000000000001e-09 1.9e-09 2.3e-09 2.7e-09 3.2e-09 37
1e-10 5e-10 9e-10 1.4000000000000001e-09 1.9e-09 2.3e-09 2.3819026901623926e-241 3.2e-09 38
1e-10 6e-10 9e-10 1.4000000000000001e-09 1.9e-09 2.3e-09 2.7e-09 3.2e-09 38
1e-10 8e-10 9e-10 1.4000000000000001e-09 1.9e-09 2.3e-09 2.7e-09 3.2e-09 38
1e-10 8e-10 9e-10 1.8e-09 1.9e-09 3.3345856277959994e-240 2.7e-09 3.2e-09 38
1e-10 5e-10 9e-10 1.4000000000000001e-09 1.9e-09 2.3e-09 2.7e-09 3.2e-09 38
1e-10 5e-10 9e-10 1.4000000000000001e-09 1.9e-09 2.3e-09 2.7e-09 3.2e-09 37
1e-10 5e-10 9e-10 1.4000000000000001e-09 1.9e-09 2.3e-09 2.7e-09 3.2e-09 38
1e-10 5e-10 9e-10 1.4000000000000001e-09 1.9e-09 2.3e-09 2.7e-09 3.2e-09 37
1e-10 5e-10 9e-10 1.4000000000000001e-09 1.9e-09 2.3e-09 2.7e-09 3.2e-09 37
1e-10 6e-10 9e-10 1.4000000000000001e-09 1.9e-09 2.3e-09 2.7e-09 3.2e-09 37
1e-10 5e-10 9e-10 1.4000000000000001e-09 1.9e-09 2.3e-09 2.7e-09 3.2e-09 38
1e-10 8e-10 5.1381858698787805e-242 1.4000000000000001e-09 1.9e-09 2.3e-09 2.7e-09 3.2e-09 38
1e-10 8e-10 9e-10 1.7000000000000001e-09 2.2000000000000003e-09 2.3e-09 2.7e-09 3.2e-09 37
4e-10 5e-10 9e-10 1.4000000000000001e-09 1.9e-09 2.3e-09 2.7e-09 3.2e-09 38
1e-10 8e-10 9e-10 1.4000000000000001e-09 1.9e-09 2.3e-09 2.7e-09 3.2e-09 37
1e-10 5e-10 9e-10 1.4000000000000001e-09 1.9e-09 2.3e-09 2.7e-09 3.2e-09 37
1e-10 8e-10 9e-10 1.4000000000000001e-09 1.9e-09 2.3e-09 2.7e-09 3.2e-09 38
1e-10 5e-10 9e-10 1.4000000000000001e-09 1.9e-09 2.3e-09 2.7e-09 3.2e-09 37
1e-10 5e-10 9e-10 1.4000000000000001e-09 1.9e-09 2.3e-09 2.7e-09 3.2e-09 37
3e-10 5e-10 9e-10 1.4000000000000001e-09 1.9e-09 2.5e-09 3e-09 3.2e-09 38
1e-10 5e-10 9e-10 1.4000000000000001e-09 1.9e-09 2.3e-09 2.7e-09 3.2e-09 38
1e-10 5e-10 9e-10 1.4000000000000001e-09 1.9e-09 2.3e-09 2.7e-09 3.2e-09 37
1e-10 5e-10 9e-10 1.4000000000000001e-09 1.9e-09 2.3e-09 2.7e-09 3.2e-09 37
1e-10 5e-10 9e-10 1.4000000000000001e-09 1.9e-09 2.3e-09 2.7e-09 3.2e-09 37
1e-10 5e-10 9e-10 1.4000000000000001e-09 1.9e-09 2.3e-09 2.7e-09 3.2e-09 37
1e-10 5e-10 9e-10 1.4000000000000001e-09 1.9e-09 2.3e-09 3e-09 3.2e-09 38
1e-10 5e-10 9e-10 1.4000000000000001e-09 1.9e-09 2.3e-09 2.7e-09 3.2e-09 37
1e-10 6e-10 9e-10 1.4000000000000001e-09 1.9e-09 1.1210587352462793e-241 2.7e-09 3.3e-09 37
2e-10 5e-10 9e-10 1.4000000000000001e-09 1.9e-09 2.3e-09 2.7e-09 3.6e-09 37
1e-10 5e-10 9e-10 1.4000000000000001e-09 1.9e-09 2.3e-09 2.7e-09 3.2e-09 37
1e-10 5e-10 9e-10 1.4000000000000001e-09 1.9e-09 2.3e-09 2.7e-09 3.2e-09 38
1e-10 5e-10 9e-10 1.4000000000000001e-09 1.9e-09 2.3e-09 2.7e-09 3.2e-09 37
1e-10 5e-10 9e-10 1.4000000000000001e-09 1.9e-09 2.3e-09 2.7e-09 3.2e-09 38
1e-10 8e-10 1e-09 1.4000000000000001e-09 1.9e-09 2.3e-09 2.7e-09 3.6e-09 37
2e-10 5e-10 9e-10 1.4000000000000001e-09 1.9e-09 2.3e-09 2.7e-09 3.2e-09 37
1e-10 5e-10 9e-10 1.4000000000000001e-09 1.9e-09 2.3e-09 2.7e-09 3.2e-09 37
1e-10 5e-10 9e-10 1.4000000000000001e-09 1.9e-09 2.3e-09 2.7e-09 3.2e-09 37
1e-10 5e-10 9e-10 1.4000000000000001e-09 1.9e-09 2.3e-09 2.7e-09 3.2e-09 37
1e-10 8e-10 9e-10 1.4000000000000001e-09 1.9e-09 2.3e-09 3e-09 3.2e-09 38
1e-10 5e-10 9e-10 1.4000000000000001e-09 1.9e-09 2.3e-09 2.7e-09 3.6e-09 37
1e-10 5e-10 9e-10 1.4000000000000001e-09 1.9e-09 2.3e-09 2.3819026901623926e-241 3.2e-09 37
1e-10 5e-10 9e-10 1.4000000000000001e-09 1.9e-09 2.3e-09 2.7e-09 3.2e-09 37
1e-10 8e-10 5.1381858698787805e-242 1.4000000000000001e-09 1.9e-09 2.3e-09 2.7e-09 3.2e-09 38
1e-10 8e-10 5.1381858698787805e-242 1.4000000000000001e-09 1.9e-09 2.3e-09 2.7e-09 3.3e-09 38
2e-10 5e-10 9e-10 1.4000000000000001e-09 1.9e-09 2.3e-09 3e-09 3.2e-09 38
1e-10 5e-10 9e-10 1.4000000000000001e-09 2.1e-09 2.3e-09 2.7e-09 3.2e-09 37
1e-10 5e-10 9e-10 1.4000000000000001e-09 1.9e-09 2.3e-09 2.7e-09 3.2e-09 37
1e-10 5e-10 9e-10 1.4000000000000001e-09 1.9e-09 2.3e-09 2.7e-09 3.2e-09 37
1e-10 5e-10 9e-10 1.4000000000000001e-09 1.9e-09 2.3e-09 2.7e-09 3.2e-09 37
1e-10 5e-10 9e-10 1.4000000000000001e-09 1.9e-09 2.3e-09 2.7e-09 3.2e-09 37
1e-10 5e-10 9e-10 1.4000000000000001e-09 1.9e-09 2.3e-09 2.7e-09 3.2e-09 37
1e-10 5e-10 9e-10 1.4000000000000001e-09 1.9e-09 2.3e-09 2.7e-09 3.6e-09 37
1e-10 5e-10 9e-10 1.4000000000000001e-09 1.9e-09 2.3e-09 2.7e-09 3.2e-09 37
1e-10 5e-10 9e-10 1.4000000000000001e-09 1.9e-09 2.3e-09 2.7e-09 3.6e-09 37
1e-10 5e-10 9e-10 1.4000000000000001e-09 1.9e-09 2.3e-09 2.7e-09 3.2e-09 37
1e-10 8e-10 9e-10 1.4000000000000001e-09 1.9e-09 2.3e-09 2.7e-09 3.2e-09 38
4e-10 5e-10 9e-10 7.006617095289247e-242 1.9e-09 2.5e-09 2.7e-09 3.2e-09 37
1e-10 5e-10 9e-10 1.4000000000000001e-09 1.9e-09 2.3e-09 2.7e-09 3.2e-09 38
1e-10 8e-10 9e-10 1.7000000000000001e-09 1.9e-09 2.3e-09 2.7e-09 3.2e-09 38
4e-10 5e-10 9e-10 1.4000000000000001e-09 1.9e-09 2.3e-09 2.7e-09 3.2e-09 37
1e-10 8e-10 9e-10 1.4000000000000001e-09 1.9e-09 2.3e-09 2.7e-09 3.2e-09 38
1e-10 6e-10 9e-10 1.4000000000000001e-09 1.9e-09 2.3e-09 2.7e-09 3.2e-09 38
1e-10 8e-10 9e-10 1.4000000000000001e-09 1.9e-09 2.3e-09 2.7e-09 3.6e-09 38
1e-10 5e-10 9e-10 1.7000000000000001e-09 1.9e-09 2.3e-09 2.7e-09 3.2e-09 37
1e-10 8e-10 5.1381858698787805e-242 1.4000000000000001e-09 1.9e-09 2.3e-09 2.7e-09 3.3e-09 38
1e-10 8e-10 9e-10 1.4000000000000001e-09 1.9e-09 2.3e-09 2.7e-09 3.2e-09 38
1e-10 6e-10 9e-10 1.4000000000000001e-09 1.9e-09 2.3e-09 2.7e-09 3.2e-09 37
1e-10 6e-10 9e-10 1.4000000000000001e-09 1.9e-09 2.3e-09 2.7e-09 3.6e-09 38
1e-10 5e-10 9e-10 1.4000000000000001e-09 1.9e-09 2.3e-09 2.7e-09 3.2e-09 38
1e-10 5e-10 9e-10 1.4000000000000001e-09 1.9e-09 2.3e-09 2.7e-09 3.6e-09 37
1e-10 6e-10 9e-10 1.4000000000000001e-09 1.9e-09 2.3e-09 2.7e-09 3.2e-09 38
1e-10 5e-10 9e-10 1.7000000000000001e-09 1.9e-09 2.3e-09 2.7e-09 3.2e-09 37
1e-10 5e-10 9e-10 1.4000000000000001e-09 1.9e-09 2.3e-09 2.7e-09 3.2e-09 37
1e-10 8e-10 9e-10 1.4000000000000001e-09 1.9e-09 2.3e-09 2.7e-09 3.2e-09 37
1e-10 5e-10 9e-10 1.4000000000000001e-09 1.9e-09 2.3e-09 0.87 3.2e-09 37
1e-10 8e-10 9e-10 1.4000000000000001e-09 1.9e-09 2.3e-09 2.7e-09 3.2e-09 38
1e-10 5e-10 9e-10 1.4000000000000001e-09 1.9e-09 2.3e-09 2.7e-09 3.6e-09 38
1e-10 5e-10 9e-10 1.7000000000000001e-09 1.9e-09 2.3e-09 2.7e-09 3.2e-09 37
1e-10 5e-10 9e-10 1.4000000000000001e-09 1.9e-09 2.3e-09 2.7e-09 3.2e-09 37
1e-10 5e-10 9e-10 1.4000000000000001e-09 1.9e-09 2.3e-09 2.7e-09 3.2e-09 37
1e-10 5e-10 9e-10 2.0609260634234055e-239 1.9e-09 2.3e-09 2.7e-09 3.2e-09 37
1e-10 5e-10 9e-10 1.4000000000000001e-09 1.9e-09 2.3e-09 2.7e-09 3.2e-09 37
1e-10 5e-10 9e-10 1.4000000000000001e-09 1.9e-09 2.3e-09 2.7e-09 3.2e-09 37
1e-10 5e-10 9e-10 1.4000000000000001e-09 1.9e-09 2.3e-09 2.7e-09 3.2e-09 37
1e-10 5e-10 9e-10 1.4000000000000001e-09 1.9e-09 2.3e-09 2.7e-09 3.3e-09 37
1e-10 6e-10 9e-10 1.4000000000000001e-09 1.9e-09 2.3e-09 2.7e-09 3.2e-09 38
1e-10 5e-10 9e-10 1.4000000000000001e-09 1.9e-09 2.3e-09 2.7e-09 3.2e-09 37
1e-10 5e-10 9e-10 1.4000000000000001e-09 1.9e-09 2.3e-09 2.7e-09 3.2e-09 37
1e-10 5e-10 9e-10 1.4000000000000001e-09 1.9e-09 2.3e-09 2.7e-09 3.2e-09 38
1e-10 5e-10 9e-10 1.4000000000000001e-09 1.9e-09 2.3e-09 2.7e-09 3.2e-09 38
1e-10 5e-10 9e-10 1.4000000000000001e-09 1.9e-09 2.3e-09 2.7e-09 3.2e-09 37
1e-10 5e-10 9e-10 1.4000000000000001e-09 1.9e-09 2.3e-09 2.7e-09 3.2e-09 37
1e-10 5e-10 1e-09 1.4000000000000001e-09 1.9e-09 2.3e-09 2.7e-09 3.2e-09 38
1e-10 8.977730536373845e-241 9e-10 1.7000000000000001e-09 2.576157579279257e-239 2.3e-09 2.7e-09 3.2e-09 37
1e-10 5e-10 9e-10 7.006617095289247e-242 1.9e-09 2.3e-09 2.7e-09 3.2e-09 37
1e-10 5e-10 9e-10 1.4000000000000001e-09 1.9e-09 2.3e-09 2.7e-09 3.2e-09 37
1e-10 5e-10 9e-10 1.4000000000000001e-09 1.9e-09 2.3e-09 2.7e-09 3.2e-09 38
1e-10 5e-10 9e-10 1.4000000000000001e-09 1.9e-09 2.3e-09 2.7e-09 3.2e-09 37
1e-10 5e-10 9e-10 1.4000000000000001e-09 1.9e-09 2.3e-09 2.7e-09 3.2e-09 37
1e-10 5e-10 9e-10 1.4000000000000001e-09 1.9e-09 2.3e-09 2.7e-09 3.2e-09 37
1e-10 8e-10 9e-10 1.4000000000000001e-09 1.9e-09 2.3e-09 2.7e-09 3.2e-09 37
1e-10 5e-10 9e-10 7.006617095289247e-242 1.9e-09 2.3e-09 2.7e-09 3.2e-09 37
1e-10 5e-10 9e-10 1.4000000000000001e-09 1.9e-09 2.3e-09 2.7e-09 3.2e-09 37
1e-10 5e-10 9e-10 1.4000000000000001e-09 1.9e-09 2.3e-09 2.7e-09 3.2e-09 37
1e-10 5e-10 9e-10 1.4000000000000001e-09 1.9e-09 2.3e-09 2.7e-09 3.2e-09 38
1e-10 8e-10 9e-10 1.4000000000000001e-09 1.9e-09 2.3e-09 2.7e-09 3.2e-09 38
4e-10 5e-10 5.1381858698787805e-242 1.4000000000000001e-09 1.9e-09 2.3e-09 2.7e-09 3.3e-09 37
1e-10 5e-10 9e-10 1.4000000000000001e-09 1.9e-09 2.3e-09 2.7e-09 3.2e-09 38
1e-10 5e-10 9e-10 1.4000000000000001e-09 1.9e-09 2.3e-09 2.7e-09 3.2e-09 37
1e-10 8e-10 9e-10 1.4000000000000001e-09 1.9e-09 2.3e-09 2.7e-09 3.2e-09 37
4e-10 5e-10 9e-10 1.4000000000000001e-09 1.9e-09 2.3e-09 2.7e-09 3.2e-09 38
1e-10 5e-10 9e-10 1.4000000000000001e-09 1.9e-09 1.1210587352462793e-241 2.7e-09 3.2e-09 37
1e-10 5e-10 9e-10 1.4000000000000001e-09 1.9e-09 2.3e-09 2.7e-09 3.2e-09 37
1e-10 5e-10 9e-10 1.8e-09 1.9e-09 2.3e-09 2.7e-09 3.2e-09 37
1e-10 5e-10 9e-10 1.4000000000000001e-09 1.9e-09 2.3e-09 2.7e-09 3.2e-09 38
1e-10 5e-10 9e-10 1.4000000000000001e-09 1.9e-09 2.3e-09 2.7e-09 3.6e-09 37
1e-10 5e-10 9e-10 2.0609260634234055e-239 1.9e-09 2.3e-09 2.7e-09 3.2e-09 37
1e-10 5e-10 9e-10 1.4000000000000001e-09 1.9e-09 2.3e-09 2.7e-09 3.2e-09 37
1e-10 5e-10 9e-10 1.4000000000000001e-09 1.9e-09 2.3e-09 2.7e-09 3.2e-09 37
1e-10 5e-10 9e-10 1.4000000000000001e-09 1.9e-09 2.3e-09 2.7e-09 3.2e-09 37
1e-10 5e-10 9e-10 1.4000000000000001e-09 1.9e-09 2.3e-09 2.7e-09 3.2e-09 37
1e-10 8.977730536373845e-241 9e-10 1.4000000000000001e-09 1.9e-09 2.3e-09 2.7e-09 3.2e-09 37
1e-10 5e-10 9e-10 1.4000000000000001e-09 1.9e-09 2.3e-09 2.7e-09 3.6e-09 37
1e-10 5e-10 9e-10 1.4000000000000001e-09 1.9e-09 2.3e-09 2.7e-09 3.2e-09 37
1e-10 5e-10 9e-10 1.4000000000000001e-09 1.9e-09 2.3e-09 2.7e-09 3.2e-09 37
1e-10 8e-10 9e-10 1.8e-09 1.9e-09 3.3345856277959994e-240 2.3819026901623926e-241 3.2e-09 38
3e-10 5e-10 9e-10 1.4000000000000001e-09 1.9e-09 2.3e-09 2.7e-09 3.2e-09 38
1e-10 8e-10 9e-10 1.4000000000000001e-09 1.9e-09 2.3e-09 2.7e-09 3.2e-09 38
1e-10 5e-10 9e-10 1.4000000000000001e-09 1.9e-09 2.3e-09 2.7e-09 3.2e-09 37
1e-10 5e-10 9e-10 1.4000000000000001e-09 1.9e-09 2.3e-09 2.7e-09 3.2e-09 37
1e-10 5e-10 9e-10 1.4000000000000001e-09 1.9e-09 2.3e-09 2.7e-09 3.2e-09 37
4e-10 5e-10 9e-10 1.4000000000000001e-09 1.9e-09 2.3e-09 2.7e-09 3.2e-09 38
1e-10 5e-10 9e-10 1.7000000000000001e-09 1.9e-09 2.5e-09 2.7e-09 3.2e-09 38
1e-10 5e-10 9e-10 7.006617095289247e-242 1.9e-09 2.3e-09 2.7e-09 3.2e-09 37
1e-10 5e-10 9e-10 1.4000000000000001e-09 1.9e-09 2.3e-09 2.7e-09 3.2e-09 37
1e-10 5e-10 9e-10 1.4000000000000001e-09 1.9e-09 2.3e-09 0.84 3.2e-09 37
1e-10 5e-10 9e-10 1.4000000000000001e-09 1.9e-09 2.3e-09 2.7e-09 3.2e-09 37
1e-10 5e-10 9e-10 1.4000000000000001e-09 1.9e-09 2.3e-09 2.7e-09 3.2e-09 37
1e-10 5e-10 9e-10 1.4000000000000001e-09 1.9e-09 2.3e-09 2.7e-09 3.2e-09 37
1e-10 5e-10 9e-10 1.4000000000000001e-09 1.9e-09 2.3e-09 2.7e-09 3.6e-09 38
1e-10 5e-10 9e-10 1.4000000000000001e-09 1.9e-09 2.3e-09 2.7e-09 3.6e-09 37
1e-10 5e-10 9e-10 1.4000000000000001e-09 1.9e-09 2.3e-09 2.7e-09 3.2e-09 37
1e-10 8e-10 9e-10 1.7000000000000001e-09 1.9e-09 3.3345856277959994e-240 2.7e-09 3.2e-09 38
1e-10 5e-10 9e-10 1.4000000000000001e-09 1.9e-09 2.3e-09 2.3819026901623926e-241 3.2e-09 37
1e-10 5e-10 9e-10 1.4000000000000001e-09 1.9e-09 2.3e-09 2.7e-09 3.2e-09 37
1e-10 5e-10 9e-10 1.8e-09 1.9e-09 2.3e-09 2.7e-09 3.2e-09 37
1e-10 5e-10 9e-10 1.4000000000000001e-09 1.9e-09 2.3e-09 2.7e-09 3.2e-09 37
1e-10 6e-10 9e-10 1.4000000000000001e-09 1.9e-09 2.3e-09 2.7e-09 3.6e-09 37
1e-10 5e-10 9e-10 1.4000000000000001e-09 1.9e-09 2.3e-09 2.3819026901623926e-241 3.2e-09 37
4e-10 5e-10 9e-10 1.4000000000000001e-09 1.9e-09 2.3e-09 2.7e-09 3.2e-09 38
1e-10 5e-10 9e-10 1.4000000000000001e-09 1.9e-09 2.3e-09 2.7e-09 3.2e-09 37
3e-10 5e-10 9e-10 1.4000000000000001e-09 1.9e-09 2.3e-09 2.7e-09 3.2e-09 38
1e-10 5e-10 9e-10 1.4000000000000001e-09 1.9e-09 2.3e-09 2.7e-09 3.2e-09 37
1e-10 5e-10 9e-10 1.4000000000000001e-09 1.9e-09 2.3e-09 2.7e-09 3.2e-09 37
1e-10 5e-10 9e-10 1.4000000000000001e-09 1.9e-09 2.3e-09 2.7e-09 3.2e-09 37
1e-10 8e-10 9e-10 1.4000000000000001e-09 1.9e-09 2.3e-09 2.7e-09 3.3e-09 38
1e-10 5e-10 9e-10 1.4000000000000001e-09 1.9e-09 2.3e-09 2.7e-09 3.2e-09 38
1e-10 5e-10 9e-10 1.4000000000000001e-09 1.9e-09 2.3e-09 2.7e-09 3.6e-09 37
1e-10 8e-10 9e-10 1.4000000000000001e-09 1.9e-09 2.3e-09 3e-09 3.2e-09 38
1e-10 5e-10 9e-10 1.4000000000000001e-09 1.9e-09 2.3e-09 2.7e-09 3.2e-09 37
1e-10 5e-10 9e-10 1.4000000000000001e-09 1.9e-09 2.3e-09 2.7e-09 3.2e-09 38
1e-10 5e-10 1e-09 1.7000000000000001e-09 1.9e-09 2.3e-09 2.7e-09 3.2e-09 37
1e-10 5e-10 9e-10 1.4000000000000001e-09 1.9e-09 2.3e-09 2.3819026901623926e-241 3.2e-09 37
3e-10 6e-10 9e-10 1.8e-09 1.9e-09 2.3e-09 3e-09 3.3e-09 38
1e-10 5e-10 9e-10 1.7000000000000001e-09 1.9e-09 2.3e-09 3e-09 3.2e-09 37
1e-10 5e-10 9e-10 1.4000000000000001e-09 1.9e-09 2.3e-09 2.7e-09 3.2e-09 37
1e-10 5e-10 9e-10 1.4000000000000001e-09 1.9e-09 2.3e-09 2.7e-09 3.3e-09 38
1e-10 5e-10 9e-10 1.4000000000000001e-09 1.9e-09 2.3e-09 2.7e-09 3.3e-09 37
1e-10 8e-10 9e-10 1.4000000000000001e-09 1.9e-09 2.3e-09 2.7e-09 3.2e-09 38
1e-10 5e-10 9e-10 1.4000000000000001e-09 1.9e-09 2.3e-09 2.7e-09 3.2e-09 37
1e-10 5e-10 9e-10 1.4000000000000001e-09 1.9e-09 2.3e-09 2.7e-09 3.2e-09 37
1e-10 5e-10 9e-10 1.4000000000000001e-09 1.9e-09 2.3e-09 2.7e-09 3.2e-09 37
1e-10 5e-10 9e-10 1.4000000000000001e-09 1.9e-09 2.3e-09 2.7e-09 3.2e-09 38
1e-10 5e-10 9e-10 1.4000000000000001e-09 1.9e-09 2.3e-09 2.7e-09 3.2e-09 37
1e-10 5e-10 9e-10 1.4000000000000001e-09 1.9e-09 2.3e-09 2.7e-09 3.2e-09 37
1e-10 8e-10 9e-10 1.4000000000000001e-09 2.576157579279257e-239 2.3e-09 2.7e-09 3.2e-09 37
1e-10 5e-10 9e-10 1.4000000000000001e-09 1.9e-09 2.3e-09 2.7e-09 3.2e-09 37
1e-10 8e-10 9e-10 1.4000000000000001e-09 2.2000000000000003e-09 3.3345856277959994e-240 2.7e-09 3.2e-09 37
1e-10 5e-10 9e-10 1.4000000000000001e-09 1.9e-09 2.3e-09 2.7e-09 3.6e-09 37
1e-10 5e-10 9e-10 1.4000000000000001e-09 1.9e-09 2.3e-09 2.7e-09 3.2e-09 37
1e-10 8e-10 9e-10 1.4000000000000001e-09 1.9e-09 2.3e-09 2.7e-09 3.6e-09 38
1e-10 8e-10 9e-10 1.4000000000000001e-09 1.9e-09 2.3e-09 2.7e-09 3.2e-09 38
1e-10 8e-10 9e-10 1.7000000000000001e-09 2.2000000000000003e-09 2.3e-09 2.7e-09 3.2e-09 37
1e-10 5e-10 1e-09 1.4000000000000001e-09 1.9e-09 2.3e-09 2.7e-09 3.2e-09 37
1e-10 5e-10 9e-10 1.4000000000000001e-09 1.9e-09 2.3e-09 2.7e-09 3.2e-09 37
1e-10 5e-10 9e-10 1.4000000000000001e-09 1.9e-09 2.3e-09 2.7e-09 3.2e-09 37
1e-10 5e-10 1.5456945475675541e-239 1.4000000000000001e-09 1.9e-09 3.3345856277959994e-240 2.7e-09 3.2e-09 38
2e-10 5e-10 9e-10 1.4000000000000001e-09 1.9e-09 2.3e-09 2.7e-09 3.2e-09 37
1e-10 5e-10 9e-10 1.4000000000000001e-09 1.9e-09 2.3e-09 2.7e-09 3.2e-09 38
2e-10 5e-10 9e-10 1.4000000000000001e-09 1.9e-09 2.3e-09 2.7e-09 3.2e-09 38
1e-10 5e-10 9e-10 1.4000000000000001e-09 1.9e-09 2.3e-09 3e-09 3.2e-09 38
1e-10 5e-10 9e-10 1.4000000000000001e-09 1.9e-09 2.3e-09 2.7e-09 3.2e-09 37
1e-10 5e-10 9e-10 1.4000000000000001e-09 1.9e-09 2.3e-09 2.7e-09 3.2e-09 37
1e-10 5e-10 9e-10 1.4000000000000001e-09 1.9e-09 2.3e-09 2.7e-09 3.2e-09 37
1e-10 5e-10 1e-09 1.4000000000000001e-09 1.9e-09 2.3e-09 2.7e-09 3.2e-09 37
1e-10 6e-10 9e-10 1.4000000000000001e-09 1.9e-09 2.3e-09 2.7e-09 3.3e-09 38
1e-10 5e-10 9e-10 1.4000000000000001e-09 1.9e-09 2.3e-09 2.7e-09 3.2e-09 37
1e-10 8e-10 9e-10 1.4000000000000001e-09 1.9e-09 2.3e-09 2.7e-09 3.2e-09 38
1e-10 5e-10 9e-10 1.4000000000000001e-09 1.9e-09 2.3e-09 2.7e-09 3.2e-09 37
2e-10 8e-10 9e-10 1.4000000000000001e-09 1.9e-09 2.3e-09 3e-09 3.2e-09 38
1e-10 5e-10 9e-10 1.4000000000000001e-09 1.9e-09 2.3e-09 2.7e-09 3.2e-09 37
1e-10 5e-10 9e-10 1.4000000000000001e-09 1.9e-09 2.3e-09 2.7e-09 3.2e-09 37
2e-10 5e-10 9e-10 1.4000000000000001e-09 1.9e-09 2.3e-09 2.7e-09 3.2e-09 38
1e-10 8e-10 9e-10 1.4000000000000001e-09 1.9e-09 2.3e-09 2.7e-09 3.2e-09 38
1e-10 5e-10 9e-10 1.4000000000000001e-09 1.9e-09 2.3e-09 2.7e-09 3.2e-09 37
1e-10 5e-10 9e-10 1.7000000000000001e-09 1.9e-09 2.3e-09 2.7e-09 3.2e-09 37
1e-10 5e-10 9e-10 1.7000000000000001e-09 1.9e-09 2.3e-09 2.7e-09 3.2e-09 37
1e-10 5e-10 9e-10 1.4000000000000001e-09 1.9e-09 2.3e-09 2.7e-09 3.3e-09 37
2e-10 8e-10 9e-10 1.4000000000000001e-09 1.9e-09 2.3e-09 2.7e-09 3.2e-09 38
1e-10 5e-10 9e-10 1.4000000000000001e-09 1.9e-09 2.3e-09 2.7e-09 3.2e-09 37
1e-10 8e-10 9e-10 1.4000000000000001e-09 2.2000000000000003e-09 2.3e-09 2.7e-09 3.6e-09 38
1e-10 5e-10 9e-10 1.4000000000000001e-09 1.9e-09 2.3e-09 3e-09 3.2e-09 38
1e-10 5e-10 9e-10 1.4000000000000001e-09 1.9e-09 2.3e-09 2.7e-09 3.2e-09 38
1e-10 5e-10 9e-10 1.4000000000000001e-09 1.9e-09 2.3e-09 2.7e-09 3.6e-09 37
3e-10 8e-10 9e-10 1.4000000000000001e-09 1.9e-09 2.3e-09 2.7e-09 3.2e-09 37
1e-10 5e-10 9e-10 1.7000000000000001e-09 1.9e-09 2.5e-09 2.7e-09 3.2e-09 38
1e-10 5e-10 9e-10 1.4000000000000001e-09 1.9e-09 2.3e-09 2.7e-09 3.2e-09 37
1e-10 5e-10 9e-10 7.006617095289247e-242 1.9e-09 2.3e-09 2.7e-09 3.2e-09 37
1e-10 5e-10 9e-10 1.4000000000000001e-09 1.9e-09 2.3e-09 2.7e-09 3.6e-09 37
1e-10 5e-10 9e-10 1.4000000000000001e-09 1.9e-09 2.3e-09 2.7e-09 3.2e-09 37
1e-10 5e-10 9e-10 1.4000000000000001e-09 1.9e-09 2.3e-09 2.7e-09 3.2e-09 37
1e-10 5e-10 9e-10 1.4000000000000001e-09 1.9e-09 2.3e-09 3e-09 3.2e-09 38
1e-10 5e-10 9e-10 1.4000000000000001e-09 1.9e-09 2.3e-09 2.7e-09 3.2e-09 37
1e-10 6e-10 9e-10 1.4000000000000001e-09 1.9e-09 2.3e-09 2.7e-09 3.6e-09 38
1e-10 8e-10 9e-10 1.4000000000000001e-09 1.9e-09 2.3e-09 2.7e-09 3.2e-09 38
1e-10 5e-10 9e-10 1.4000000000000001e-09 1.9e-09 2.3e-09 2.7e-09 3.2e-09 38
1e-10 8e-10 9e-10 1.7000000000000001e-09 1.9e-09 2.3e-09 2.7e-09 3.2e-09 38
1e-10 5e-10 9e-10 1.4000000000000001e-09 1.9e-09 2.3e-09 2.7e-09 3.2e-09 38
1e-10 5e-10 9e-10 1.4000000000000001e-09 1.9e-09 2.3e-09 2.7e-09 3.2e-09 37
1e-10 8e-10 9e-10 1.8e-09 1.9e-09 3.3345856277959994e-240 2.7e-09 3.2e-09 38
1e-10 8e-10 9e-10 1.4000000000000001e-09 1.9e-09 2.3e-09 2.7e-09 3.2e-09 38
4e-10 8e-10 9e-10 1.4000000000000001e-09 1.9e-09 2.3e-09 2.7e-09 3.2e-09 38
1e-10 8e-10 9e-10 1.4000000000000001e-09 1.9e-09 2.3e-09 2.7e-09 3.3e-09 38
1e-10 5e-10 1e-09 1.4000000000000001e-09 1.9e-09 2.3e-09 2.7e-09 3.2e-09 38
2e-10 8e-10 9e-10 1.4000000000000001e-09 1.9e-09 2.3e-09 2.7e-09 3.2e-09 37
1e-10 5e-10 9e-10 1.4000000000000001e-09 1.9e-09 2.3e-09 2.7e-09 3.2e-09 37
1e-10 8e-10 9e-10 1.7000000000000001e-09 1.9e-09 3.3345856277959994e-240 2.7e-09 3.2e-09 37
1e-10 8e-10 9e-10 1.4000000000000001e-09 1.9e-09 2.3e-09 2.3819026901623926e-241 3.2e-09 38
1e-10 6e-10 9e-10 1.4000000000000001e-09 1.9e-09 2.3e-09 2.7e-09 3.2e-09 38
1e-10 5e-10 9e-10 1.4000000000000001e-09 1.9e-09 2.3e-09 2.7e-09 3.2e-09 37
1e-10 5e-10 9e-10 1.4000000000000001e-09 1.9e-09 2.3e-09 2.7e-09 3.2e-09 37
1e-10 8e-10 9e-10 1.4000000000000001e-09 1.9e-09 2.3e-09 2.7e-09 3.2e-09 38
1e-10 5e-10 9e-10 1.4000000000000001e-09 1.9e-09 2.3e-09 2.7e-09 3.2e-09 37
1e-10 5e-10 9e-10 1.4000000000000001e-09 1.9e-09 2.3e-09 2.7e-09 3.2e-09 38
1e-10 5e-10 9e-10 1.7000000000000001e-09 1.9e-09 2.3e-09 2.7e-09 3.2e-09 37
1e-10 5e-10 9e-10 1.4000000000000001e-09 1.9e-09 2.3e-09 2.7e-09 3.2e-09 37
4e-10 5e-10 9e-10 1.4000000000000001e-09 1.9e-09 2.3e-09 2.7e-09 3.6e-09 37
1e-10 8e-10 9e-10 1.4000000000000001e-09 1.9e-09 2.3e-09 2.7e-09 3.2e-09 38
1e-10 5e-10 9e-10 2.0609260634234055e-239 1.9e-09 2.3e-09 2.7e-09 3.2e-09 38
1e-10 5e-10 9e-10 1.7000000000000001e-09 1.9e-09 2.3e-09 2.7e-09 3.2e-09 38
1e-10 8e-10 9e-10 1.4000000000000001e-09 1.9e-09 2.3e-09 2.7e-09 3.2e-09 38
1e-10 8e-10 9e-10 1.4000000000000001e-09 1.9e-09 2.3e-09 2.7e-09 3.2e-09 38
1e-10 5e-10 9e-10 1.4000000000000001e-09 1.9e-09 2.3e-09 2.7e-09 3.2e-09 38
1e-10 5e-10 9e-10 1.4000000000000001e-09 1.9e-09 2.3e-09 2.7e-09 3.2e-09 37
1e-10 5e-10 9e-10 1.4000000000000001e-09 1.9e-09 1.1210587352462793e-241 2.7e-09 3.2e-09 37
1e-10 5e-10 9e-10 1.4000000000000001e-09 1.9e-09 2.3e-09 2.7e-09 3.2e-09 37
1e-10 5e-10 9e-10 1.4000000000000001e-09 1.9e-09 2.3e-09 2.7e-09 3.2e-09 37
1e-10 5e-10 9e-10 1.4000000000000001e-09 1.9e-09 2.3e-09 2.7e-09 3.2e-09 37
1e-10 5e-10 9e-10 1.4000000000000001e-09 1.9e-09 2.3e-09 2.7e-09 3.2e-09 37
1e-10 8e-10 9e-10 1.7000000000000001e-09 1.9e-09 3.3345856277959994e-240 2.7e-09 3.2e-09 37
1e-10 5e-10 9e-10 1.4000000000000001e-09 1.9e-09 2.3e-09 2.7e-09 3.2e-09 37
1e-10 5e-10 1.5456945475675541e-239 1.4000000000000001e-09 1.9e-09 2.3e-09 2.7e-09 3.6e-09 37
1e-10 5e-10 9e-10 1.4000000000000001e-09 1.9e-09 2.3e-09 2.7e-09 3.2e-09 38
1e-10 5e-10 9e-10 1.4000000000000001e-09 1.9e-09 2.3e-09 3e-09 3.2e-09 38
1e-10 6e-10 9e-10 1.4000000000000001e-09 1.9e-09 2.3e-09 2.7e-09 3.2e-09 38
1e-10 5e-10 9e-10 1.4000000000000001e-09 1.9e-09 2.3e-09 2.7e-09 3.2e-09 37
1e-10 8e-10 9e-10 1.7000000000000001e-09 1.9e-09 3.3345856277959994e-240 2.7e-09 3.2e-09 38
1e-10 8e-10 9e-10 1.4000000000000001e-09 1.9e-09 2.3e-09 2.7e-09 3.2e-09 38
1e-10 8e-10 9e-10 1.4000000000000001e-09 1.9e-09 2.3e-09 2.7e-09 3.2e-09 38
1e-10 5e-10 9e-10 1.4000000000000001e-09 1.9e-09 2.3e-09 2.7e-09 3.2e-09 38
1e-10 8e-10 9e-10 1.4000000000000001e-09 1.9e-09 2.3e-09 2.7e-09 3.2e-09 38
1e-10 8e-10 9e-10 1.4000000000000001e-09 1.9e-09 2.3e-09 2.7e-09 3.2e-09 38
1e-10 5e-10 9e-10 1.4000000000000001e-09 1.9e-09 2.3e-09 2.7e-09 3.2e-09 37
1e-10 5e-10 9e-10 1.4000000000000001e-09 1.9e-09 2.3e-09 2.7e-09 3.2e-09 37
1e-10 5e-10 9e-10 1.4000000000000001e-09 1.9e-09 2.3e-09 2.7e-09 3.2e-09 37
1e-10 5e-10 9e-10 1.4000000000000001e-09 1.9e-09 2.3e-09 2.7e-09 3.2e-09 37
1e-10 8e-10 9e-10 1.4000000000000001e-09 1.9e-09 2.3e-09 2.7e-09 3.2e-09 38
1e-10 8e-10 9e-10 1.4000000000000001e-09 1.9e-09 2.3e-09 2.7e-09 3.2e-09 38
1e-10 5e-10 9e-10 1.4000000000000001e-09 1.9e-09 2.3e-09 2.7e-09 3.2e-09 37
1e-10 5e-10 9e-10 1.4000000000000001e-09 1.9e-09 2.3e-09 2.7e-09 3.2e-09 37
1e-10 6e-10 9e-10 1.4000000000000001e-09 1.9e-09 2.3e-09 2.7e-09 3.6e-09 38
1e-10 5e-10 9e-10 1.4000000000000001e-09 1.9e-09 2.3e-09 2.7e-09 3.2e-09 37
2e-10 8e-10 9e-10 1.4000000000000001e-09 1.9e-09 2.3e-09 2.7e-09 3.2e-09 38
1e-10 5e-10 9e-10 1.4000000000000001e-09 1.9e-09 2.3e-09 2.7e-09 3.2e-09 37
1e-10 5e-10 9e-10 1.4000000000000001e-09 1.9e-09 2.3e-09 2.7e-09 3.6e-09 38
1e-10 8e-10 9e-10 1.4000000000000001e-09 1.9e-09 2.3e-09 2.7e-09 3.2e-09 38
1e-10 5e-10 9e-10 7.006617095289247e-242 1.9e-09 2.3e-09 2.7e-09 3.2e-09 37
1e-10 8e-10 9e-10 1.8e-09 2.2000000000000003e-09 2.3e-09 2.3819026901623926e-241 3.2e-09 38
1e-10 5e-10 0.39 1.4000000000000001e-09 1.9e-09 2.3e-09 2.7e-09 3.2e-09 37
1e-10 8e-10 9e-10 1.8e-09 1.9e-09 2.3e-09 2.7e-09 3.6e-09 38
1e-10 5e-10 9e-10 1.4000000000000001e-09 1.9e-09 2.3e-09 2.7e-09 3.2e-09 37
1e-10 5e-10 9e-10 1.4000000000000001e-09 1.9e-09 2.3e-09 2.7e-09 3.2e-09 37
1e-10 5e-10 9e-10 7.006617095289247e-242 1.9e-09 2.3e-09 2.7e-09 3.2e-09 38
1e-10 8e-10 9e-10 1.4000000000000001e-09 1.9e-09 2.3e-09 2.7e-09 3.2e-09 38
1e-10 5e-10 9e-10 1.4000000000000001e-09 1.9e-09 2.3e-09 0.84 3.2e-09 38
1e-10 8e-10 9e-10 1.4000000000000001e-09 1.9e-09 2.3e-09 2.7e-09 3.2e-09 38
1e-10 6e-10 9e-10 1.4000000000000001e-09 1.9e-09 2.3e-09 2.7e-09 3.6e-09 38
1e-10 5e-10 9e-10 1.4000000000000001e-09 1.9e-09 2.3e-09 0.84 3.2e-09 38
1e-10 5e-10 9e-10 1.4000000000000001e-09 1.9e-09 2.3e-09 2.7e-09 3.2e-09 38
1e-10 5e-10 9e-10 1.4000000000000001e-09 1.9e-09 2.3e-09 2.7e-09 3.3e-09 37
1e-10 5e-10 1e-09 1.4000000000000001e-09 1.9e-09 3.3345856277959994e-240 2.7e-09 3.2e-09 38
1e-10 5e-10 9e-10 1.4000000000000001e-09 1.9e-09 2.3e-09 2.3819026901623926e-241 3.2e-09 37
1e-10 5e-10 9e-10 1.4000000000000001e-09 1.9e-09 2.3e-09 2.7e-09 3.2e-09 38
1e-10 5e-10 9e-10 1.4000000000000001e-09 1.9e-09 2.3e-09 2.7e-09 3.2e-09 37
1e-10 8e-10 9e-10 1.4000000000000001e-09 1.9e-09 2.3e-09 2.7e-09 3.2e-09 37
1e-10 5e-10 9e-10 1.4000000000000001e-09 1.9e-09 2.3e-09 2.7e-09 3.2e-09 37
1e-10 8.977730536373845e-241 9e-10 1.4000000000000001e-09 1.9e-09 2.3e-09 2.7e-09 3.2e-09 37
1e-10 5e-10 9e-10 1.4000000000000001e-09 1.9e-09 2.3e-09 2.7e-09 3.2e-09 37
1e-10 5e-10 9e-10 1.4000000000000001e-09 1.9e-09 2.3e-09 2.7e-09 3.2e-09 37
1e-10 5e-10 9e-10 1.4000000000000001e-09 1.9e-09 2.3e-09 2.7e-09 3.2e-09 37
1e-10 5e-10 9e-10 1.4000000000000001e-09 1.9e-09 2.3e-09 0.84 3.2e-09 37
1e-10 8e-10 9e-10 1.4000000000000001e-09 1.9e-09 2.3e-09 2.7e-09 3.3e-09 38
4e-10 5e-10 9e-10 1.4000000000000001e-09 1.9e-09 2.3e-09 2.7e-09 3.2e-09 38
1e-10 5e-10 9e-10 1.4000000000000001e-09 1.9e-09 2.3e-09 2.7e-09 3.2e-09 37
1e-10 8e-10 9e-10 1.4000000000000001e-09 1.9e-09 2.3e-09 2.7e-09 3.2e-09 37
1e-10 5e-10 9e-10 1.4000000000000001e-09 1.9e-09 2.3e-09 2.7e-09 3.2e-09 37
1e-10 5e-10 9e-10 1.4000000000000001e-09 1.9e-09 2.3e-09 2.7e-09 3.2e-09 37
2e-10 5e-10 9e-10 1.4000000000000001e-09 1.9e-09 2.3e-09 2.7e-09 3.3e-09 37
1e-10 5e-10 9e-10 1.4000000000000001e-09 1.9e-09 2.3e-09 3e-09 3.2e-09 38
1e-10 5e-10 9e-10 1.4000000000000001e-09 1.9e-09 2.3e-09 2.7e-09 3.2e-09 37
1e-10 5e-10 9e-10 1.4000000000000001e-09 1.9e-09 2.3e-09 2.7e-09 3.2e-09 37
1e-10 5e-10 9e-10 1.4000000000000001e-09 1.9e-09 2.3e-09 2.7e-09 3.2e-09 38
1e-10 8e-10 9e-10 1.4000000000000001e-09 1.9e-09 2.3e-09 2.7e-09 3.2e-09 38
1e-10 5e-10 9e-10 1.4000000000000001e-09 1.9e-09 2.3e-09 2.7e-09 3.2e-09 38
1e-10 5e-10 9e-10 1.4000000000000001e-09 1.9e-09 2.3e-09 2.7e-09 3.2e-09 37
1e-10 5e-10 9e-10 1.4000000000000001e-09 1.9e-09 2.3e-09 2.7e-09 3.2e-09 38
1e-10 5e-10 9e-10 1.4000000000000001e-09 1.9e-09 2.3e-09 2.7e-09 3.2e-09 37
1e-10 5e-10 9e-10 1.4000000000000001e-09 1.9e-09 2.3e-09 2.7e-09 3.2e-09 38
1e-10 5e-10 9e-10 2.0609260634234055e-239 1.9e-09 2.3e-09 2.7e-09 3.2e-09 37
4e-10 5e-10 9e-10 1.7000000000000001e-09 1.9e-09 2.3e-09 2.7e-09 3.6e-09 38
1e-10 8e-10 9e-10 1.4000000000000001e-09 1.9e-09 2.3e-09 2.7e-09 3.2e-09 38
1e-10 5e-10 9e-10 1.4000000000000001e-09 1.9e-09 2.3e-09 2.7e-09 3.2e-09 37
1e-10 5e-10 9e-10 1.4000000000000001e-09 1.9e-09 2.3e-09 2.7e-09 3.2e-09 37
1e-10 5e-10 9e-10 1.4000000000000001e-09 1.9e-09 2.3e-09 2.7e-09 3.2e-09 38
1e-10 5e-10 9e-10 1.4000000000000001e-09 1.9e-09 2.3e-09 2.7e-09 3.2e-09 38
1e-10 5e-10 9e-10 1.8e-09 1.9e-09 2.3e-09 2.7e-09 3.2e-09 37
4e-10 5e-10 9e-10 1.4000000000000001e-09 1.9e-09 2.3e-09 2.7e-09 3.2e-09 37
1e-10 5e-10 9e-10 1.4000000000000001e-09 1.9e-09 2.3e-09 2.7e-09 3.2e-09 37
1e-10 5e-10 9e-10 1.4000000000000001e-09 1.9e-09 2.3e-09 2.7e-09 3.2e-09 38
1e-10 5e-10 9e-10 1.4000000000000001e-09 1.9e-09 2.3e-09 2.7e-09 3.2e-09 37
1e-10 5e-10 9e-10 1.4000000000000001e-09 1.9e-09 2.3e-09 2.7e-09 3.2e-09 37
1e-10 5e-10 9e-10 1.4000000000000001e-09 1.9e-09 2.3e-09 2.7e-09 3.2e-09 37
1e-10 5e-10 9e-10 1.4000000000000001e-09 1.9e-09 2.3e-09 2.7e-09 3.2e-09 37
1e-10 8e-10 9e-10 2.0609260634234055e-239 1.9e-09 2.3e-09 2.7e-09 3.2e-09 38
1e-10 5e-10 9e-10 1.4000000000000001e-09 1.9e-09 2.3e-09 2.7e-09 3.2e-09 38
1e-10 5e-10 9e-10 1.4000000000000001e-09 1.9e-09 2.3e-09 2.7e-09 3.2e-09 37
1e-10 5e-10 9e-10 1.4000000000000001e-09 1.9e-09 2.3e-09 2.7e-09 3.2e-09 37
1e-10 5e-10 9e-10 1.4000000000000001e-09 1.9e-09 2.3e-09 2.7e-09 3.2e-09 37
1e-10 8e-10 9e-10 1.8e-09 2.2000000000000003e-09 2.3e-09 2.3819026901623926e-241 3.2e-09 38
1e-10 5e-10 9e-10 1.4000000000000001e-09 1.9e-09 2.3e-09 2.7e-09 3.2e-09 37
1e-10 5e-10 9e-10 1.4000000000000001e-09 1.9e-09 2.3e-09 2.7e-09 3.2e-09 37
1e-10 5e-10 9e-10 1.4000000000000001e-09 1.9e-09 2.3e-09 2.7e-09 3.2e-09 37
1e-10 5e-10 9e-10 2.0609260634234055e-239 1.9e-09 2.3e-09 2.7e-09 3.2e-09 37
1e-10 5e-10 9e-10 1.8e-09 1.9e-09 2.3e-09 3e-09 3.2e-09 37
1e-10 5e-10 9e-10 1.4000000000000001e-09 1.9e-09 2.3e-09 2.7e-09 3.2e-09 37
1e-10 8e-10 9e-10 1.4000000000000001e-09 1.9e-09 2.3e-09 2.7e-09 3.2e-09 38
1e-10 5e-10 9e-10 1.4000000000000001e-09 1.9e-09 2.3e-09 2.7e-09 3.6e-09 38
1e-10 8e-10 9e-10 1.4000000000000001e-09 1.9e-09 2.3e-09 0.87 3.2e-09 38
1e-10 5e-10 9e-10 1.4000000000000001e-09 1.9e-09 2.3e-09 2.7e-09 3.2e-09 38
1e-10 5e-10 9e-10 1.4000000000000001e-09 1.9e-09 2.3e-09 2.7e-09 3.3e-09 38
4e-10 8e-10 9e-10 1.4000000000000001e-09 1.9e-09 2.3e-09 3e-09 3.2e-09 37
3e-10 5e-10 9e-10 1.4000000000000001e-09 1.9e-09 2.3e-09 2.7e-09 3.2e-09 37
1e-10 8.977730536373845e-241 9e-10 1.4000000000000001e-09 1.9e-09 2.3e-09 2.7e-09 3.2e-09 37
3e-10 5e-10 5.1381858698787805e-242 1.4000000000000001e-09 1.9e-09 2.3e-09 2.7e-09 3.3e-09 37
1e-10 5e-10 9e-10 1.4000000000000001e-09 1.9e-09 2.3e-09 2.7e-09 3.2e-09 37
1e-10 5e-10 9e-10 1.4000000000000001e-09 1.9e-09 2.3e-09 2.7e-09 3.2e-09 37
1e-10 5e-10 9e-10 1.4000000000000001e-09 1.9e-09 2.3e-09 0.84 3.2e-09 37
1e-10 5e-10 9e-10 1.4000000000000001e-09 1.9e-09 2.3e-09 2.7e-09 3.2e-09 37
1e-10 5e-10 9e-10 1.4000000000000001e-09 1.9e-09 2.3e-09 2.7e-09 3.2e-09 37
1e-10 5e-10 9e-10 1.4000000000000001e-09 1.9e-09 2.3e-09 2.7e-09 3.2e-09 37
1e-10 5e-10 9e-10 1.4000000000000001e-09 1.9e-09 2.3e-09 2.7e-09 3.2e-09 37
1e-10 5e-10 9e-10 1.7000000000000001e-09 1.9e-09 2.3e-09 2.7e-09 3.2e-09 37
1e-10 5e-10 9e-10 1.4000000000000001e-09 1.9e-09 2.3e-09 2.7e-09 3.2e-09 37
1e-10 5e-10 9e-10 1.7000000000000001e-09 1.9e-09 2.5e-09 2.7e-09 3.2e-09 38
1e-10 8e-10 9e-10 1.4000000000000001e-09 1.9e-09 2.3e-09 2.7e-09 3.2e-09 37
1e-10 8e-10 9e-10 1.4000000000000001e-09 1.9e-09 2.3e-09 2.7e-09 3.2e-09 38
2e-10 6e-10 9e-10 1.7000000000000001e-09 1.9e-09 2.3e-09 2.7e-09 3.2e-09 38
1e-10 5e-10 9e-10 1.4000000000000001e-09 1.9e-09 2.3e-09 2.7e-09 3.2e-09 37
3e-10 5e-10 9e-10 1.4000000000000001e-09 1.9e-09 2.3e-09 2.7e-09 3.2e-09 37
1e-10 5e-10 9e-10 1.4000000000000001e-09 1.9e-09 2.3e-09 2.7e-09 3.2e-09 38
1e-10 5e-10 9e-10 1.4000000000000001e-09 1.9e-09 2.3e-09 2.7e-09 3.2e-09 38
1e-10 6e-10 9e-10 1.4000000000000001e-09 1.9e-09 2.3e-09 2.3819026901623926e-241 3.2e-09 37
1e-10 5e-10 9e-10 1.4000000000000001e-09 1.9e-09 2.3e-09 3e-09 3.2e-09 38
1e-10 6e-10 9e-10 1.4000000000000001e-09 1.9e-09 2.3e-09 2.7e-09 3.2e-09 38
1e-10 5e-10 9e-10 1.4000000000000001e-09 1.9e-09 2.3e-09 2.7e-09 3.2e-09 37
1e-10 8e-10 9e-10 1.4000000000000001e-09 1.9e-09 2.3e-09 2.7e-09 3.2e-09 38
3e-10 8e-10 9e-10 1.4000000000000001e-09 1.9e-09 2.3e-09 2.7e-09 3.2e-09 37
1e-10 5e-10 9e-10 1.4000000000000001e-09 1.9e-09 2.3e-09 2.7e-09 3.2e-09 37
1e-10 5e-10 9e-10 1.4000000000000001e-09 1.9e-09 2.3e-09 2.7e-09 3.2e-09 37
2e-10 6e-10 9e-10 1.4000000000000001e-09 1.9e-09 2.3e-09 2.7e-09 2.6124094021135917e-241 38
1e-10 5e-10 9e-10 1.4000000000000001e-09 1.9e-09 2.3e-09 2.7e-09 3.2e-09 37
1e-10 5e-10 9e-10 1.4000000000000001e-09 1.9e-09 2.3e-09 2.7e-09 3.2e-09 37
4e-10 5e-10 9e-10 1.4000000000000001e-09 1.9e-09 2.3e-09 2.7e-09 3.2e-09 37
1e-10 5e-10 9e-10 1.4000000000000001e-09 1.9e-09 2.3e-09 2.7e-09 3.2e-09 37
1e-10 5e-10 9e-10 1.4000000000000001e-09 1.9e-09 2.3e-09 2.7e-09 3.2e-09 38
1e-10 5e-10 9e-10 1.4000000000000001e-09 1.9e-09 2.3e-09 2.7e-09 3.2e-09 37
1e-10 5e-10 9e-10 1.4000000000000001e-09 1.9e-09 2.3e-09 0.87 3.2e-09 38
1e-10 5e-10 9e-10 1.4000000000000001e-09 1.9e-09 2.3e-09 2.7e-09 3.2e-09 37
1e-10 5e-10 9e-10 1.7000000000000001e-09 1.9e-09 2.3e-09 2.7e-09 3.2e-09 38
1e-10 5e-10 9e-10 1.7000000000000001e-09 1.9e-09 2.3e-09 2.7e-09 3.2e-09 37
1e-10 5e-10 9e-10 1.4000000000000001e-09 1.9e-09 2.3e-09 2.7e-09 3.2e-09 37
1e-10 5e-10 9e-10 1.4000000000000001e-09 1.9e-09 2.3e-09 3e-09 3.2e-09 38
1e-10 6e-10 9e-10 1.4000000000000001e-09 1.9e-09 2.3e-09 2.7e-09 3.2e-09 38
3e-10 5e-10 9e-10 1.4000000000000001e-09 1.9e-09 2.3e-09 2.7e-09 3.2e-09 37
1e-10 5e-10 9e-10 1.4000000000000001e-09 1.9e-09 2.3e-09 2.3819026901623926e-241 3.2e-09 38
1e-10 5e-10 9e-10 1.4000000000000001e-09 1.9e-09 2.3e-09 2.7e-09 3.2e-09 37
1e-10 5e-10 9e-10 2.0609260634234055e-239 1.9e-09 2.3e-09 2.7e-09 3.2e-09 38
1e-10 5e-10 9e-10 1.4000000000000001e-09 1.9e-09 2.3e-09 2.7e-09 3.2e-09 38
1e-10 8e-10 9e-10 1.4000000000000001e-09 1.9e-09 2.3e-09 2.7e-09 3.2e-09 38
1e-10 5e-10 9e-10 1.4000000000000001e-09 1.9e-09 2.3e-09 0.84 3.2e-09 37
1e-10 8e-10 9e-10 1.4000000000000001e-09 1.9e-09 2.3e-09 2.7e-09 3.6e-09 38
1e-10 8e-10 9e-10 1.4000000000000001e-09 1.9e-09 2.3e-09 2.7e-09 3.2e-09 38
1e-10 8e-10 9e-10 1.4000000000000001e-09 1.9e-09 2.3e-09 2.7e-09 3.6e-09 37
1e-10 5e-10 9e-10 1.4000000000000001e-09 1.9e-09 2.3e-09 2.7e-09 3.2e-09 37
1e-10 5e-10 9e-10 1.4000000000000001e-09 1.9e-09 2.3e-09 2.7e-09 3.2e-09 37
3e-10 5e-10 9e-10 1.4000000000000001e-09 1.9e-09 2.3e-09 2.3819026901623926e-241 3.6e-09 37
1e-10 5e-10 9e-10 7.006617095289247e-242 1.9e-09 2.3e-09 2.7e-09 3.2e-09 37
1e-10 5e-10 9e-10 1.4000000000000001e-09 1.9e-09 2.3e-09 2.7e-09 2.6124094021135917e-241 37
1e-10 5e-10 9e-10 1.4000000000000001e-09 1.9e-09 2.3e-09 2.7e-09 3.2e-09 37
1e-10 8e-10 9e-10 1.4000000000000001e-09 1.9e-09 2.3e-09 2.7e-09 3.2e-09 38
1e-10 6e-10 9e-10 1.4000000000000001e-09 1.9e-09 2.3e-09 2.7e-09 3.2e-09 37
2e-10 8e-10 9e-10 1.4000000000000001e-09 1.9e-09 2.3e-09 2.7e-09 2.6124094021135917e-241 38
1e-10 8e-10 9e-10 1.4000000000000001e-09 1.9e-09 2.3e-09 2.7e-09 3.6e-09 38
1e-10 5e-10 9e-10 1.4000000000000001e-09 1.9e-09 2.3e-09 2.7e-09 3.2e-09 38
1e-10 5e-10 9e-10 1.4000000000000001e-09 1.9e-09 2.3e-09 2.7e-09 3.2e-09 37
1e-10 5e-10 9e-10 1.7000000000000001e-09 1.9e-09 2.3e-09 2.7e-09 3.2e-09 38
4e-10 5e-10 9e-10 1.4000000000000001e-09 1.9e-09 2.3e-09 2.7e-09 3.2e-09 37
1e-10 5e-10 9e-10 1.4000000000000001e-09 1.9e-09 2.3e-09 2.7e-09 3.2e-09 37
1e-10 5e-10 9e-10 1.4000000000000001e-09 1.9e-09 2.3e-09 2.7e-09 3.2e-09 37
1e-10 5e-10 9e-10 1.4000000000000001e-09 1.9e-09 2.3e-09 2.3819026901623926e-241 3.2e-09 37
1e-10 5e-10 9e-10 1.4000000000000001e-09 1.9e-09 2.3e-09 2.7e-09 3.2e-09 37
2e-10 5e-10 9e-10 1.4000000000000001e-09 1.9e-09 2.3e-09 2.7e-09 3.3e-09 37
1e-10 5e-10 9e-10 1.4000000000000001e-09 1.9e-09 2.3e-09 2.7e-09 3.2e-09 37
4e-10 5e-10 5.1381858698787805e-242 1.4000000000000001e-09 1.9e-09 2.3e-09 2.7e-09 3.3e-09 37
1e-10 5e-10 9e-10 1.4000000000000001e-09 1.9e-09 2.3e-09 2.7e-09 3.2e-09 37
1e-10 5e-10 9e-10 1.4000000000000001e-09 1.9e-09 2.3e-09 2.7e-09 3.2e-09 38
1e-10 5e-10 9e-10 7.006617095289247e-242 1.9e-09 2.3e-09 2.7e-09 3.2e-09 37
1e-10 5e-10 9e-10 1.4000000000000001e-09 1.9e-09 2.3e-09 2.7e-09 3.2e-09 37
1e-10 5e-10 9e-10 7.006617095289247e-242 1.9e-09 2.3e-09 2.7e-09 3.2e-09 37
1e-10 5e-10 9e-10 1.4000000000000001e-09 1.9e-09 2.3e-09 2.7e-09 3.2e-09 37
1e-10 5e-10 9e-10 1.4000000000000001e-09 1.9e-09 2.3e-09 2.7e-09 3.2e-09 37
1e-10 5e-10 9e-10 1.4000000000000001e-09 1.9e-09 2.3e-09 2.7e-09 3.2e-09 37
1e-10 8e-10 9e-10 1.4000000000000001e-09 1.9e-09 2.3e-09 2.7e-09 3.3e-09 38
1e-10 5e-10 9e-10 1.4000000000000001e-09 1.9e-09 2.3e-09 2.7e-09 3.2e-09 37
1e-10 8e-10 9e-10 1.8e-09 1.9e-09 3.3345856277959994e-240 2.3819026901623926e-241 3.2e-09 38
1e-10 8e-10 9e-10 1.7000000000000001e-09 1.9e-09 2.3e-09 2.7e-09 3.2e-09 38
1e-10 5e-10 9e-10 7.006617095289247e-242 1.9e-09 2.3e-09 2.7e-09 3.2e-09 38
1e-10 5e-10 9e-10 1.4000000000000001e-09 1.9e-09 2.3e-09 2.7e-09 3.2e-09 37
1e-10 5e-10 9e-10 1.4000000000000001e-09 1.9e-09 2.3e-09 2.7e-09 3.2e-09 38
1e-10 5e-10 9e-10 1.7000000000000001e-09 1.9e-09 2.3e-09 2.7e-09 3.2e-09 37
1e-10 5e-10 9e-10 1.4000000000000001e-09 1.9e-09 2.3e-09 2.7e-09 3.2e-09 38
1e-10 5e-10 9e-10 1.7000000000000001e-09 1.9e-09 2.3e-09 3e-09 3.2e-09 37
1e-10 5e-10 9e-10 1.4000000000000001e-09 1.9e-09 2.3e-09 2.3819026901623926e-241 3.2e-09 38
1e-10 5e-10 9e-10 1.4000000000000001e-09 1.9e-09 2.3e-09 2.7e-09 3.2e-09 37
1e-10 5e-10 9e-10 1.4000000000000001e-09 1.9e-09 2.3e-09 2.7e-09 3.2e-09 37
1e-10 8e-10 9e-10 1.4000000000000001e-09 1.9e-09 2.3e-09 2.7e-09 3.2e-09 38
1e-10 5e-10 9e-10 1.4000000000000001e-09 1.9e-09 2.3e-09 2.7e-09 3.2e-09 37
1e-10 5e-10 9e-10 1.4000000000000001e-09 1.9e-09 2.3e-09 2.7e-09 3.2e-09 38
1e-10 8e-10 9e-10 1.4000000000000001e-09 1.9e-09 2.3e-09 2.7e-09 3.2e-09 37
1e-10 5e-10 9e-10 1.7000000000000001e-09 1.9e-09 2.3e-09 2.3819026901623926e-241 3.6e-09 38
1e-10 5e-10 9e-10 1.4000000000000001e-09 1.9e-09 2.3e-09 2.7e-09 3.2e-09 37
1e-10 5e-10 9e-10 1.4000000000000001e-09 1.9e-09 2.3e-09 2.7e-09 3.2e-09 37
1e-10 5e-10 9e-10 1.4000000000000001e-09 1.9e-09 2.3e-09 2.7e-09 3.2e-09 37
1e-10 5e-10 9e-10 1.4000000000000001e-09 1.9e-09 2.3e-09 2.7e-09 3.2e-09 37
1e-10 8e-10 1e-09 1.4000000000000001e-09 1.9e-09 2.3e-09 2.7e-09 3.6e-09 37
1e-10 5e-10 9e-10 1.4000000000000001e-09 1.9e-09 2.3e-09 2.7e-09 3.2e-09 37
1e-10 5e-10 9e-10 1.4000000000000001e-09 1.9e-09 2.3e-09 2.7e-09 3.2e-09 37
1e-10 5e-10 9e-10 1.4000000000000001e-09 1.9e-09 2.3e-09 2.7e-09 3.2e-09 37
1e-10 6e-10 9e-10 1.4000000000000001e-09 1.9e-09 2.3e-09 2.7e-09 3.2e-09 37
1e-10 5e-10 9e-10 1.4000000000000001e-09 1.9e-09 2.3e-09 0.87 3.2e-09 38
1e-10 5e-10 9e-10 1.4000000000000001e-09 1.9e-09 2.3e-09 2.7e-09 3.2e-09 37
1e-10 5e-10 9e-10 1.4000000000000001e-09 1.9e-09 2.3e-09 2.7e-09 3.2e-09 37
1e-10 5e-10 9e-10 1.4000000000000001e-09 1.9e-09 2.3e-09 2.7e-09 3.2e-09 37
1e-10 5e-10 9e-10 1.4000000000000001e-09 1.9e-09 2.3e-09 2.7e-09 3.2e-09 37
1e-10 5e-10 9e-10 1.4000000000000001e-09 1.9e-09 2.3e-09 2.7e-09 3.2e-09 37
3e-10 5e-10 9e-10 1.4000000000000001e-09 1.9e-09 2.3e-09 2.7e-09 3.6e-09 37
1e-10 5e-10 9e-10 1.4000000000000001e-09 1.9e-09 2.3e-09 2.7e-09 3.2e-09 37
1e-10 8e-10 9e-10 2.0609260634234055e-239 1.9e-09 2.3e-09 2.7e-09 3.2e-09 38
4e-10 6e-10 9e-10 1.4000000000000001e-09 1.9e-09 2.3e-09 2.7e-09 3.6e-09 37
