4.011583198037627e+71 1.6023369428480016e+66 7.972232335242245e+81 6.639884306530392e+68 2.060990581588523e+79 7.804174413012019e+76 6.010259208073192e-168 1.8337734423255203e+70 38
4.011583198037627e+71 5.256575096748706e-05 7.972232335242245e+81 6.639884306530392e+68 2.060990581588523e+79 7.804174413012019e+76 4.391937060913195e+73 1.8337734423255203e+70 37
4.011583198037627e+71 261.4329093606148 7.972232335242245e+81 6.639884306530392e+68 2.060990581588523e+79 7.804174413012019e+76 4.391937060913195e+73 1.8337734423255203e+70 38
4.011583198037627e+71 1.6023369428480016e+66 7.972232335242245e+81 5.58839865857724e-244 2.060990581588523e+79 7.804174413012019e+76 4.391937060913195e+73 1.8337734423255203e+70 38
4.011583198037627e+71 261.4329093606148 0.3 6.639884306530392e+68 2.060990581588523e+79 7.804174413012019e+76 2.7525490170561367e-08 1.8337734423255203e+70 37
4.011583198037627e+71 1.6023369428480016e+66 7.972232335242245e+81 6.639884306530392e+68 2.060990581588523e+79 7.804174413012019e+76 4.391937060913195e+73 1.8337734423255203e+70 37
4.011583198037627e+71 261.4329093606148 7.972232335242245e+81 6.639884306530392e+68 2.060990581588523e+79 7.804174413012019e+76 4.391937060913195e+73 1.8337734423255203e+70 37
4.011583198037627e+71 1.6023369428480016e+66 7.972232335242245e+81 6.639884306530392e+68 2.060990581588523e+79 7.804174413012019e+76 4.391937060913195e+73 1.8337734423255203e+70 37
4.011583198037627e+71 261.4329093606148 7.972232335242245e+81 0.004596799102861106 2.060990581588523e+79 7.804174413012019e+76 2.7525490170561367e-08 1.8337734423255203e+70 38
4.011583198037627e+71 1.6023369428480016e+66 7.972232335242245e+81 6.639884306530392e+68 2.060990581588523e+79 7.804174413012019e+76 4.391937060913195e+73 0.000861493979193732 38
4.011583198037627e+71 1.6023369428480016e+66 7.972232335242245e+81 6.639884306530392e+68 2.060990581588523e+79 7.804174413012019e+76 4.391937060913195e+73 1.8337734423255203e+70 37
4.011583198037627e+71 1.6023369428480016e+66 7.972232335242245e+81 6.639884306530392e+68 2.060990581588523e+79 7.804174413012019e+76 4.391937060913195e+73 1.8337734423255203e+70 37
4.011583198037627e+71 5.256575096748706e-05 7.972232335242245e+81 6.639884306530392e+68 2.060990581588523e+79 7.804174413012019e+76 4.391937060913195e+73 0.000861493979193732 38
4.011583198037627e+71 1.6023369428480016e+66 7.972232335242245e+81 6.639884306530392e+68 2.060990581588523e+79 7.804174413012019e+76 4.391937060913195e+73 1.8337734423255203e+70 37
4.011583198037627e+71 1.6023369428480016e+66 7.972232335242245e+81 6.639884306530392e+68 2.060990581588523e+79 7.804174413012019e+76 4.391937060913195e+73 1.8337734423255203e+70 38
4.011583198037627e+71 1.6023369428480016e+66 7.972232335242245e+81 6.639884306530392e+68 2.060990581588523e+79 7.804174413012019e+76 4.391937060913195e+73 1.8337734423255203e+70 37
4.011583198037627e+71 1.6023369428480016e+66 7.972232335242245e+81 6.639884306530392e+68 2.060990581588523e+79 7.804174413012019e+76 4.391937060913195e+73 1.8337734423255203e+70 37
4.011583198037627e+71 1.6023369428480016e+66 7.972232335242245e+81 6.639884306530392e+68 2.060990581588523e+79 7.804174413012019e+76 4.391937060913195e+73 1.8337734423255203e+70 37
4.011583198037627e+71 1.6023369428480016e+66 7.972232335242245e+81 6.639884306530392e+68 2.060990581588523e+79 7.804174413012019e+76 4.391937060913195e+73 1.8337734423255203e+70 37
4.011583198037627e+71 1.6023369428480016e+66 7.972232335242245e+81 6.639884306530392e+68 2.060990581588523e+79 7.804174413012019e+76 4.391937060913195e+73 1.8337734423255203e+70 37
4.011583198037627e+71 1.6023369428480016e+66 7.972232335242245e+81 6.639884306530392e+68 2.060990581588523e+79 7.804174413012019e+76 4.391937060913195e+73 1.8337734423255203e+70 37
4.011583198037627e+71 1.6023369428480016e+66 7.972232335242245e+81 6.639884306530392e+68 2.060990581588523e+79 7.804174413012019e+76 0.006953971864016092 1.8337734423255203e+70 38
4.011583198037627e+71 261.4329093606148 7.972232335242245e+81 6.639884306530392e+68 2.060990581588523e+79 7.804174413012019e+76 4.391937060913195e+73 1.8337734423255203e+70 37
4.011583198037627e+71 261.4329093606148 0.32999999999999996 6.639884306530392e+68 2.060990581588523e+79 7.804174413012019e+76 4.391937060913195e+73 0.000861493979193732 38
4.011583198037627e+71 1.6023369428480016e+66 7.972232335242245e+81 6.639884306530392e+68 2.060990581588523e+79 7.804174413012019e+76 4.391937060913195e+73 1.8337734423255203e+70 37
4.011583198037627e+71 1.6023369428480016e+66 7.972232335242245e+81 6.639884306530392e+68 2.060990581588523e+79 7.804174413012019e+76 4.391937060913195e+73 0.000861493979193732 37
4.011583198037627e+71 261.4329093606148 7.972232335242245e+81 6.639884306530392e+68 2.060990581588523e+79 7.804174413012019e+76 4.391937060913195e+73 0.000861493979193732 38
4.011583198037627e+71 1.6023369428480016e+66 7.972232335242245e+81 6.639884306530392e+68 2.060990581588523e+79 7.804174413012019e+76 4.391937060913195e+73 1.8337734423255203e+70 37
4.011583198037627e+71 1.6023369428480016e+66 7.972232335242245e+81 6.639884306530392e+68 2.060990581588523e+79 7.804174413012019e+76 4.391937060913195e+73 0.07409476807329107 38
4.011583198037627e+71 1.6023369428480016e+66 7.972232335242245e+81 6.639884306530392e+68 2.060990581588523e+79 7.804174413012019e+76 4.391937060913195e+73 1.8337734423255203e+70 37
4.011583198037627e+71 1.6023369428480016e+66 7.972232335242245e+81 6.639884306530392e+68 2.060990581588523e+79 7.804174413012019e+76 4.810278630887449e-247 1.8337734423255203e+70 38
4.011583198037627e+71 5.256575096748706e-05 7.972232335242245e+81 6.639884306530392e+68 2.060990581588523e+79 7.804174413012019e+76 4.391937060913195e+73 0.07409476807329107 37
9.259259043209882e-09 1.6023369428480016e+66 7.972232335242245e+81 6.639884306530392e+68 2.060990581588523e+79 7.804174413012019e+76 4.391937060913195e+73 1.8337734423255203e+70 37
4.011583198037627e+71 1.6023369428480016e+66 2.4870038102371834e-168 6.639884306530392e+68 2.060990581588523e+79 7.804174413012019e+76 4.391937060913195e+73 0.07409476807329107 37
4.011583198037627e+71 261.4329093606148 7.972232335242245e+81 0.004596799102861106 1.7965433956858604e-06 7.804174413012019e+76 4.391937060913195e+73 1.02 38
1.176047682150985e-05 0.21 7.972232335242245e+81 4.257825927715722e-06 2.060990581588523e+79 7.804174413012019e+76 4.391937060913195e+73 1.8337734423255203e+70 38
4.011583198037627e+71 1.6023369428480016e+66 7.972232335242245e+81 6.639884306530392e+68 1.7965433956858604e-06 7.804174413012019e+76 4.391937060913195e+73 0.000861493979193732 38
9.259259043209882e-09 1.6023369428480016e+66 7.972232335242245e+81 6.639884306530392e+68 2.060990581588523e+79 7.804174413012019e+76 4.391937060913195e+73 1.8337734423255203e+70 38
4.011583198037627e+71 261.4329093606148 7.972232335242245e+81 6.639884306530392e+68 2.060990581588523e+79 7.804174413012019e+76 4.391937060913195e+73 0.07409476807329107 38
4.011583198037627e+71 1.6023369428480016e+66 7.972232335242245e+81 5.58839865857724e-244 2.060990581588523e+79 7.804174413012019e+76 4.391937060913195e+73 1.8337734423255203e+70 37
4.011583198037627e+71 1.6023369428480016e+66 7.972232335242245e+81 6.639884306530392e+68 2.060990581588523e+79 7.804174413012019e+76 4.391937060913195e+73 1.8337734423255203e+70 37
4.011583198037627e+71 1.6023369428480016e+66 7.972232335242245e+81 6.639884306530392e+68 2.060990581588523e+79 7.804174413012019e+76 4.391937060913195e+73 1.8337734423255203e+70 37
4.011583198037627e+71 1.6023369428480016e+66 7.972232335242245e+81 6.639884306530392e+68 2.060990581588523e+79 7.804174413012019e+76 4.391937060913195e+73 1.8337734423255203e+70 37
9.259259043209882e-09 5.256575096748706e-05 7.972232335242245e+81 1.419120391710101e-07 2.060990581588523e+79 7.804174413012019e+76 0.006953971864016092 0.000861493979193732 38
4.011583198037627e+71 1.6023369428480016e+66 7.972232335242245e+81 6.639884306530392e+68 2.060990581588523e+79 7.804174413012019e+76 4.391937060913195e+73 1.8337734423255203e+70 37
4.011583198037627e+71 1.6023369428480016e+66 7.972232335242245e+81 6.639884306530392e+68 2.060990581588523e+79 7.804174413012019e+76 4.391937060913195e+73 1.8337734423255203e+70 38
4.011583198037627e+71 261.4329093606148 7.972232335242245e+81 6.639884306530392e+68 2.060990581588523e+79 7.804174413012019e+76 4.391937060913195e+73 1.8337734423255203e+70 37
4.011583198037627e+71 1.6023369428480016e+66 7.972232335242245e+81 6.639884306530392e+68 2.060990581588523e+79 7.804174413012019e+76 4.391937060913195e+73 1.8337734423255203e+70 37
5.040806267582815e-06 1.6023369428480016e+66 7.972232335242245e+81 6.639884306530392e+68 2.060990581588523e+79 7.804174413012019e+76 4.391937060913195e+73 1.8337734423255203e+70 38
4.011583198037627e+71 1.6023369428480016e+66 7.972232335242245e+81 6.639884306530392e+68 2.060990581588523e+79 7.804174413012019e+76 4.391937060913195e+73 1.8337734423255203e+70 37
4.011583198037627e+71 261.4329093606148 0.3 6.639884306530392e+68 2.060990581588523e+79 7.804174413012019e+76 4.391937060913195e+73 0.07409476807329107 37
4.011583198037627e+71 261.4329093606148 7.972232335242245e+81 6.639884306530392e+68 2.060990581588523e+79 7.804174413012019e+76 4.391937060913195e+73 1.8337734423255203e+70 38
5.040806267582815e-06 1.6023369428480016e+66 7.972232335242245e+81 6.639884306530392e+68 2.060990581588523e+79 7.804174413012019e+76 4.391937060913195e+73 1.8337734423255203e+70 38
4.011583198037627e+71 1.6023369428480016e+66 7.972232335242245e+81 6.639884306530392e+68 2.060990581588523e+79 7.804174413012019e+76 4.391937060913195e+73 1.8337734423255203e+70 37
4.011583198037627e+71 1.6023369428480016e+66 7.972232335242245e+81 6.639884306530392e+68 2.060990581588523e+79 7.804174413012019e+76 2.7525490170561367e-08 1.8337734423255203e+70 37
4.011583198037627e+71 1.6023369428480016e+66 7.972232335242245e+81 6.639884306530392e+68 2.060990581588523e+79 7.804174413012019e+76 4.391937060913195e+73 0.000861493979193732 37
4.011583198037627e+71 1.6023369428480016e+66 7.972232335242245e+81 6.639884306530392e+68 2.060990581588523e+79 7.804174413012019e+76 4.391937060913195e+73 1.8337734423255203e+70 37
4.011583198037627e+71 1.6023369428480016e+66 7.972232335242245e+81 6.639884306530392e+68 2.060990581588523e+79 7.804174413012019e+76 4.391937060913195e+73 1.8337734423255203e+70 37
4.011583198037627e+71 1.6023369428480016e+66 7.972232335242245e+81 6.639884306530392e+68 2.060990581588523e+79 7.804174413012019e+76 4.391937060913195e+73 1.8337734423255203e+70 37
4.011583198037627e+71 5.256575096748706e-05 7.972232335242245e+81 6.639884306530392e+68 2.060990581588523e+79 7.804174413012019e+76 4.391937060913195e+73 1.8337734423255203e+70 38
4.011583198037627e+71 1.6023369428480016e+66 7.972232335242245e+81 6.639884306530392e+68 2.060990581588523e+79 7.804174413012019e+76 4.391937060913195e+73 1.8337734423255203e+70 37
4.011583198037627e+71 1.6023369428480016e+66 7.972232335242245e+81 6.639884306530392e+68 2.060990581588523e+79 7.804174413012019e+76 4.391937060913195e+73 0.07409476807329107 37
4.011583198037627e+71 261.4329093606148 7.972232335242245e+81 6.639884306530392e+68 1.7965433956858604e-06 7.804174413012019e+76 4.391937060913195e+73 1.8337734423255203e+70 38
4.011583198037627e+71 1.6023369428480016e+66 7.972232335242245e+81 6.639884306530392e+68 2.060990581588523e+79 7.804174413012019e+76 4.391937060913195e+73 1.8337734423255203e+70 37
4.011583198037627e+71 1.6023369428480016e+66 7.972232335242245e+81 6.639884306530392e+68 2.060990581588523e+79 7.804174413012019e+76 4.391937060913195e+73 1.8337734423255203e+70 37
4.011583198037627e+71 1.6023369428480016e+66 7.972232335242245e+81 1.419120391710101e-07 2.060990581588523e+79 2.0140170713986855e-245 6.010259208073192e-168 1.8337734423255203e+70 37
4.011583198037627e+71 1.6023369428480016e+66 7.972232335242245e+81 0.004596799102861106 2.060990581588523e+79 7.804174413012019e+76 4.391937060913195e+73 1.8337734423255203e+70 37
5.040806267582815e-06 5.256575096748706e-05 7.972232335242245e+81 0.004596799102861106 2.060990581588523e+79 7.804174413012019e+76 4.391937060913195e+73 1.8337734423255203e+70 38
1.176047682150985e-05 1.6023369428480016e+66 7.972232335242245e+81 6.639884306530392e+68 2.060990581588523e+79 7.804174413012019e+76 4.391937060913195e+73 0.000861493979193732 38
4.011583198037627e+71 261.4329093606148 7.972232335242245e+81 6.639884306530392e+68 1.7965433956858604e-06 7.804174413012019e+76 4.391937060913195e+73 0.07409476807329107 38
4.011583198037627e+71 1.6023369428480016e+66 7.972232335242245e+81 6.639884306530392e+68 2.060990581588523e+79 7.804174413012019e+76 4.391937060913195e+73 1.8337734423255203e+70 38
4.011583198037627e+71 1.6023369428480016e+66 7.972232335242245e+81 6.639884306530392e+68 2.060990581588523e+79 7.804174413012019e+76 4.391937060913195e+73 1.8337734423255203e+70 37
4.011583198037627e+71 1.6023369428480016e+66 7.972232335242245e+81 6.639884306530392e+68 2.060990581588523e+79 7.804174413012019e+76 4.391937060913195e+73 1.8337734423255203e+70 37
4.011583198037627e+71 1.6023369428480016e+66 7.972232335242245e+81 6.639884306530392e+68 2.060990581588523e+79 7.804174413012019e+76 4.391937060913195e+73 1.8337734423255203e+70 38
4.011583198037627e+71 1.6023369428480016e+66 7.972232335242245e+81 6.639884306530392e+68 2.060990581588523e+79 7.804174413012019e+76 4.391937060913195e+73 1.8337734423255203e+70 38
4.011583198037627e+71 1.6023369428480016e+66 7.972232335242245e+81 0.004596799102861106 2.060990581588523e+79 7.804174413012019e+76 4.391937060913195e+73 1.8337734423255203e+70 37
4.011583198037627e+71 1.6023369428480016e+66 7.972232335242245e+81 6.639884306530392e+68 2.060990581588523e+79 7.804174413012019e+76 4.391937060913195e+73 1.8337734423255203e+70 37
4.011583198037627e+71 1.6023369428480016e+66 7.972232335242245e+81 6.639884306530392e+68 2.060990581588523e+79 7.804174413012019e+76 4.391937060913195e+73 1.8337734423255203e+70 37
4.011583198037627e+71 261.4329093606148 7.972232335242245e+81 6.639884306530392e+68 2.060990581588523e+79 7.804174413012019e+76 4.391937060913195e+73 1.8337734423255203e+70 38
4.011583198037627e+71 261.4329093606148 7.972232335242245e+81 6.639884306530392e+68 2.060990581588523e+79 7.804174413012019e+76 4.391937060913195e+73 1.8337734423255203e+70 38
4.011583198037627e+71 0.21 7.972232335242245e+81 0.004596799102861106 4.145006350395305e-168 7.804174413012019e+76 4.391937060913195e+73 1.8337734423255203e+70 37
4.011583198037627e+71 1.6023369428480016e+66 7.972232335242245e+81 6.639884306530392e+68 2.060990581588523e+79 7.804174413012019e+76 4.391937060913195e+73 1.8337734423255203e+70 37
4.011583198037627e+71 1.6023369428480016e+66 7.972232335242245e+81 6.639884306530392e+68 2.060990581588523e+79 7.804174413012019e+76 4.391937060913195e+73 1.8337734423255203e+70 37
4.011583198037627e+71 261.4329093606148 7.972232335242245e+81 1.419120391710101e-07 1.7965433956858604e-06 7.804174413012019e+76 4.391937060913195e+73 1.8337734423255203e+70 38
4.011583198037627e+71 1.6023369428480016e+66 7.972232335242245e+81 6.639884306530392e+68 2.060990581588523e+79 7.804174413012019e+76 0.006953971864016092 1.8337734423255203e+70 38
1.176047682150985e-05 261.4329093606148 7.972232335242245e+81 5.58839865857724e-244 2.060990581588523e+79 7.804174413012019e+76 4.391937060913195e+73 0.000861493979193732 38
4.011583198037627e+71 1.6023369428480016e+66 0.3 6.639884306530392e+68 2.060990581588523e+79 2.0140170713986855e-245 4.391937060913195e+73 1.8337734423255203e+70 37
4.011583198037627e+71 5.256575096748706e-05 7.972232335242245e+81 6.639884306530392e+68 2.060990581588523e+79 7.804174413012019e+76 4.391937060913195e+73 1.8337734423255203e+70 37
4.011583198037627e+71 5.256575096748706e-05 7.972232335242245e+81 6.639884306530392e+68 2.060990581588523e+79 7.804174413012019e+76 4.391937060913195e+73 0.07409476807329107 38
4.011583198037627e+71 1.6023369428480016e+66 7.972232335242245e+81 6.639884306530392e+68 2.060990581588523e+79 7.804174413012019e+76 4.391937060913195e+73 1.8337734423255203e+70 37
4.011583198037627e+71 261.4329093606148 7.972232335242245e+81 0.004596799102861106 2.060990581588523e+79 7.804174413012019e+76 4.391937060913195e+73 1.8337734423255203e+70 38
4.011583198037627e+71 1.6023369428480016e+66 7.972232335242245e+81 6.639884306530392e+68 2.060990581588523e+79 7.804174413012019e+76 0.006953971864016092 1.8337734423255203e+70 37
5.040806267582815e-06 1.6023369428480016e+66 7.972232335242245e+81 6.639884306530392e+68 0.63 7.804174413012019e+76 4.391937060913195e+73 1.8337734423255203e+70 37
4.011583198037627e+71 1.6023369428480016e+66 7.972232335242245e+81 6.639884306530392e+68 2.060990581588523e+79 7.804174413012019e+76 4.391937060913195e+73 1.8337734423255203e+70 37
4.011583198037627e+71 1.6023369428480016e+66 7.972232335242245e+81 6.639884306530392e+68 2.060990581588523e+79 7.804174413012019e+76 2.7525490170561367e-08 1.8337734423255203e+70 37
4.011583198037627e+71 1.6023369428480016e+66 7.972232335242245e+81 6.639884306530392e+68 2.060990581588523e+79 7.804174413012019e+76 4.391937060913195e+73 1.8337734423255203e+70 37
4.011583198037627e+71 1.6023369428480016e+66 7.972232335242245e+81 6.639884306530392e+68 2.060990581588523e+79 7.804174413012019e+76 4.391937060913195e+73 1.8337734423255203e+70 37
4.011583198037627e+71 1.6023369428480016e+66 7.972232335242245e+81 6.639884306530392e+68 2.060990581588523e+79 7.804174413012019e+76 4.391937060913195e+73 1.8337734423255203e+70 38
4.011583198037627e+71 261.4329093606148 7.972232335242245e+81 0.004596799102861106 2.060990581588523e+79 2.0140170713986855e-245 4.391937060913195e+73 1.8337734423255203e+70 38
4.011583198037627e+71 261.4329093606148 7.972232335242245e+81 6.639884306530392e+68 2.060990581588523e+79 7.804174413012019e+76 4.391937060913195e+73 0.07409476807329107 37
4.011583198037627e+71 1.6023369428480016e+66 7.972232335242245e+81 6.639884306530392e+68 2.060990581588523e+79 7.804174413012019e+76 4.391937060913195e+73 1.8337734423255203e+70 37
4.011583198037627e+71 1.6023369428480016e+66 7.972232335242245e+81 6.639884306530392e+68 2.060990581588523e+79 7.804174413012019e+76 4.391937060913195e+73 1.8337734423255203e+70 37
4.011583198037627e+71 1.6023369428480016e+66 7.972232335242245e+81 0.004596799102861106 2.060990581588523e+79 7.804174413012019e+76 4.391937060913195e+73 1.8337734423255203e+70 37
4.011583198037627e+71 1.6023369428480016e+66 7.972232335242245e+81 6.639884306530392e+68 2.060990581588523e+79 7.804174413012019e+76 4.391937060913195e+73 1.8337734423255203e+70 37
4.011583198037627e+71 1.6023369428480016e+66 7.972232335242245e+81 6.639884306530392e+68 2.060990581588523e+79 7.804174413012019e+76 4.391937060913195e+73 1.8337734423255203e+70 37
4.011583198037627e+71 1.6023369428480016e+66 7.972232335242245e+81 6.639884306530392e+68 2.060990581588523e+79 7.804174413012019e+76 6.010259208073192e-168 1.8337734423255203e+70 37
4.011583198037627e+71 1.6023369428480016e+66 7.972232335242245e+81 4.257825927715722e-06 2.060990581588523e+79 7.804174413012019e+76 4.391937060913195e+73 1.8337734423255203e+70 37
4.011583198037627e+71 1.6023369428480016e+66 0.39 6.639884306530392e+68 2.060990581588523e+79 7.804174413012019e+76 4.391937060913195e+73 1.8337734423255203e+70 37
4.011583198037627e+71 1.6023369428480016e+66 7.972232335242245e+81 6.639884306530392e+68 2.060990581588523e+79 7.804174413012019e+76 0.006953971864016092 1.8337734423255203e+70 38
4.011583198037627e+71 1.6023369428480016e+66 7.972232335242245e+81 6.639884306530392e+68 2.060990581588523e+79 7.804174413012019e+76 4.391937060913195e+73 1.8337734423255203e+70 37
4.011583198037627e+71 261.4329093606148 7.972232335242245e+81 6.639884306530392e+68 2.060990581588523e+79 7.804174413012019e+76 4.391937060913195e+73 1.8337734423255203e+70 37
4.011583198037627e+71 1.6023369428480016e+66 7.972232335242245e+81 6.639884306530392e+68 2.060990581588523e+79 7.804174413012019e+76 4.391937060913195e+73 1.8337734423255203e+70 37
4.011583198037627e+71 1.6023369428480016e+66 7.972232335242245e+81 1.419120391710101e-07 2.060990581588523e+79 7.804174413012019e+76 4.391937060913195e+73 1.8337734423255203e+70 38
4.011583198037627e+71 1.6023369428480016e+66 0.3 6.639884306530392e+68 2.060990581588523e+79 2.0140170713986855e-245 4.391937060913195e+73 1.8337734423255203e+70 38
4.011583198037627e+71 1.6023369428480016e+66 0.3 6.639884306530392e+68 2.060990581588523e+79 7.804174413012019e+76 0.006953971864016092 1.8337734423255203e+70 37
4.011583198037627e+71 261.4329093606148 7.972232335242245e+81 6.639884306530392e+68 0.63 7.804174413012019e+76 4.391937060913195e+73 1.8337734423255203e+70 38
4.011583198037627e+71 1.6023369428480016e+66 7.972232335242245e+81 6.639884306530392e+68 2.060990581588523e+79 7.804174413012019e+76 4.391937060913195e+73 1.8337734423255203e+70 37
4.011583198037627e+71 1.6023369428480016e+66 7.972232335242245e+81 6.639884306530392e+68 2.060990581588523e+79 7.804174413012019e+76 4.391937060913195e+73 1.8337734423255203e+70 37
4.011583198037627e+71 1.6023369428480016e+66 7.972232335242245e+81 6.639884306530392e+68 2.060990581588523e+79 7.804174413012019e+76 4.391937060913195e+73 1.8337734423255203e+70 38
1.176047682150985e-05 1.6023369428480016e+66 7.972232335242245e+81 6.639884306530392e+68 2.060990581588523e+79 2.0140170713986855e-245 4.391937060913195e+73 1.8337734423255203e+70 38
4.011583198037627e+71 261.4329093606148 7.972232335242245e+81 6.639884306530392e+68 2.060990581588523e+79 7.804174413012019e+76 4.391937060913195e+73 1.8337734423255203e+70 37
4.011583198037627e+71 1.6023369428480016e+66 7.972232335242245e+81 6.639884306530392e+68 2.060990581588523e+79 7.804174413012019e+76 4.391937060913195e+73 1.8337734423255203e+70 37
4.011583198037627e+71 1.6023369428480016e+66 7.972232335242245e+81 5.58839865857724e-244 2.060990581588523e+79 8.731872904026938e-244 0.006953971864016092 1.8337734423255203e+70 37
4.011583198037627e+71 261.4329093606148 0.32999999999999996 6.639884306530392e+68 2.060990581588523e+79 7.804174413012019e+76 4.391937060913195e+73 0.000861493979193732 38
9.259259043209882e-09 1.6023369428480016e+66 7.972232335242245e+81 6.639884306530392e+68 2.060990581588523e+79 7.804174413012019e+76 4.391937060913195e+73 1.8337734423255203e+70 38
4.011583198037627e+71 1.6023369428480016e+66 7.972232335242245e+81 6.639884306530392e+68 2.060990581588523e+79 7.804174413012019e+76 4.391937060913195e+73 1.8337734423255203e+70 38
4.011583198037627e+71 1.6023369428480016e+66 7.972232335242245e+81 6.639884306530392e+68 2.060990581588523e+79 7.804174413012019e+76 4.391937060913195e+73 1.8337734423255203e+70 37
4.011583198037627e+71 5.256575096748706e-05 7.972232335242245e+81 6.639884306530392e+68 2.060990581588523e+79 7.804174413012019e+76 4.391937060913195e+73 1.8337734423255203e+70 38
4.011583198037627e+71 1.6023369428480016e+66 7.972232335242245e+81 6.639884306530392e+68 2.060990581588523e+79 7.804174413012019e+76 4.391937060913195e+73 1.8337734423255203e+70 37
4.011583198037627e+71 5.256575096748706e-05 0.3 5.58839865857724e-244 2.060990581588523e+79 2.0140170713986855e-245 4.391937060913195e+73 1.8337734423255203e+70 38
4.011583198037627e+71 0.21 7.972232335242245e+81 0.004596799102861106 2.060990581588523e+79 7.804174413012019e+76 4.391937060913195e+73 1.8337734423255203e+70 38
4.011583198037627e+71 1.6023369428480016e+66 7.972232335242245e+81 6.639884306530392e+68 2.060990581588523e+79 7.804174413012019e+76 4.391937060913195e+73 1.8337734423255203e+70 37
4.011583198037627e+71 1.6023369428480016e+66 7.972232335242245e+81 6.639884306530392e+68 2.060990581588523e+79 7.804174413012019e+76 4.391937060913195e+73 1.8337734423255203e+70 37
4.011583198037627e+71 1.6023369428480016e+66 7.972232335242245e+81 6.639884306530392e+68 2.060990581588523e+79 7.804174413012019e+76 4.391937060913195e+73 1.8337734423255203e+70 37
4.011583198037627e+71 261.4329093606148 7.972232335242245e+81 0.004596799102861106 2.060990581588523e+79 7.804174413012019e+76 4.391937060913195e+73 1.8337734423255203e+70 38
4.011583198037627e+71 1.6023369428480016e+66 7.972232335242245e+81 6.639884306530392e+68 2.060990581588523e+79 7.804174413012019e+76 0.006953971864016092 1.8337734423255203e+70 38
4.011583198037627e+71 1.6023369428480016e+66 7.972232335242245e+81 6.639884306530392e+68 2.060990581588523e+79 7.804174413012019e+76 4.391937060913195e+73 1.8337734423255203e+70 37
1.176047682150985e-05 1.6023369428480016e+66 7.972232335242245e+81 6.639884306530392e+68 2.060990581588523e+79 7.804174413012019e+76 4.391937060913195e+73 1.8337734423255203e+70 38
4.011583198037627e+71 261.4329093606148 7.972232335242245e+81 6.639884306530392e+68 2.060990581588523e+79 7.804174413012019e+76 4.391937060913195e+73 1.8337734423255203e+70 38
4.011583198037627e+71 1.6023369428480016e+66 7.972232335242245e+81 0.004596799102861106 2.060990581588523e+79 8.731872904026938e-244 4.391937060913195e+73 1.8337734423255203e+70 38
4.011583198037627e+71 1.6023369428480016e+66 0.3 6.639884306530392e+68 2.060990581588523e+79 7.804174413012019e+76 4.391937060913195e+73 1.5496791313809877e-251 38
4.011583198037627e+71 1.6023369428480016e+66 7.972232335242245e+81 6.639884306530392e+68 2.060990581588523e+79 7.804174413012019e+76 4.391937060913195e+73 1.8337734423255203e+70 37
4.011583198037627e+71 1.6023369428480016e+66 7.972232335242245e+81 6.639884306530392e+68 2.060990581588523e+79 7.804174413012019e+76 0.006953971864016092 1.8337734423255203e+70 38
9.259259043209882e-09 261.4329093606148 7.972232335242245e+81 6.639884306530392e+68 2.060990581588523e+79 7.804174413012019e+76 4.391937060913195e+73 1.5496791313809877e-251 37
4.011583198037627e+71 1.6023369428480016e+66 7.972232335242245e+81 6.639884306530392e+68 2.060990581588523e+79 7.804174413012019e+76 4.391937060913195e+73 1.8337734423255203e+70 37
4.011583198037627e+71 1.6023369428480016e+66 7.972232335242245e+81 6.639884306530392e+68 2.060990581588523e+79 7.804174413012019e+76 6.010259208073192e-168 1.8337734423255203e+70 37
4.011583198037627e+71 5.256575096748706e-05 7.972232335242245e+81 6.639884306530392e+68 2.060990581588523e+79 7.804174413012019e+76 4.391937060913195e+73 1.8337734423255203e+70 37
4.011583198037627e+71 261.4329093606148 7.972232335242245e+81 1.419120391710101e-07 1.7965433956858604e-06 7.804174413012019e+76 2.7525490170561367e-08 1.8337734423255203e+70 38
5.040806267582815e-06 1.6023369428480016e+66 7.972232335242245e+81 6.639884306530392e+68 2.060990581588523e+79 7.804174413012019e+76 4.391937060913195e+73 1.8337734423255203e+70 38
4.011583198037627e+71 1.6023369428480016e+66 7.972232335242245e+81 6.639884306530392e+68 2.060990581588523e+79 7.804174413012019e+76 4.391937060913195e+73 1.8337734423255203e+70 37
4.011583198037627e+71 261.4329093606148 7.972232335242245e+81 6.639884306530392e+68 2.060990581588523e+79 7.804174413012019e+76 4.391937060913195e+73 1.8337734423255203e+70 38
4.011583198037627e+71 1.6023369428480016e+66 7.972232335242245e+81 6.639884306530392e+68 2.060990581588523e+79 7.804174413012019e+76 4.391937060913195e+73 1.8337734423255203e+70 38
4.011583198037627e+71 1.6023369428480016e+66 0.3 6.639884306530392e+68 2.060990581588523e+79 7.804174413012019e+76 4.391937060913195e+73 1.8337734423255203e+70 38
1.176047682150985e-05 5.256575096748706e-05 0.3 6.639884306530392e+68 2.060990581588523e+79 7.804174413012019e+76 4.391937060913195e+73 0.000861493979193732 38
4.011583198037627e+71 1.6023369428480016e+66 7.972232335242245e+81 6.639884306530392e+68 2.060990581588523e+79 7.804174413012019e+76 4.391937060913195e+73 1.8337734423255203e+70 37
4.011583198037627e+71 5.256575096748706e-05 7.972232335242245e+81 0.004596799102861106 2.060990581588523e+79 8.731872904026938e-244 4.391937060913195e+73 1.8337734423255203e+70 38
4.011583198037627e+71 1.6023369428480016e+66 7.972232335242245e+81 6.639884306530392e+68 2.060990581588523e+79 7.804174413012019e+76 4.391937060913195e+73 1.8337734423255203e+70 37
4.011583198037627e+71 1.6023369428480016e+66 7.972232335242245e+81 6.639884306530392e+68 2.060990581588523e+79 7.804174413012019e+76 4.391937060913195e+73 1.8337734423255203e+70 38
4.011583198037627e+71 1.6023369428480016e+66 7.972232335242245e+81 6.639884306530392e+68 2.060990581588523e+79 7.804174413012019e+76 4.391937060913195e+73 1.8337734423255203e+70 37
4.011583198037627e+71 5.256575096748706e-05 7.972232335242245e+81 6.639884306530392e+68 2.060990581588523e+79 7.804174413012019e+76 4.391937060913195e+73 0.07409476807329107 37
4.011583198037627e+71 1.6023369428480016e+66 7.972232335242245e+81 6.639884306530392e+68 2.060990581588523e+79 7.804174413012019e+76 4.391937060913195e+73 1.8337734423255203e+70 37
4.011583198037627e+71 1.6023369428480016e+66 7.972232335242245e+81 6.639884306530392e+68 2.060990581588523e+79 7.804174413012019e+76 4.391937060913195e+73 1.8337734423255203e+70 37
4.011583198037627e+71 1.6023369428480016e+66 7.972232335242245e+81 0.004596799102861106 2.060990581588523e+79 7.804174413012019e+76 4.391937060913195e+73 1.8337734423255203e+70 37
4.011583198037627e+71 1.6023369428480016e+66 7.972232335242245e+81 6.639884306530392e+68 2.060990581588523e+79 7.804174413012019e+76 6.010259208073192e-168 1.8337734423255203e+70 38
4.011583198037627e+71 5.256575096748706e-05 0.3 5.58839865857724e-244 2.060990581588523e+79 2.0140170713986855e-245 4.391937060913195e+73 1.8337734423255203e+70 38
4.011583198037627e+71 1.6023369428480016e+66 7.972232335242245e+81 5.58839865857724e-244 2.060990581588523e+79 8.731872904026938e-244 0.006953971864016092 1.8337734423255203e+70 37
4.011583198037627e+71 261.4329093606148 7.972232335242245e+81 6.639884306530392e+68 2.060990581588523e+79 7.804174413012019e+76 4.391937060913195e+73 1.8337734423255203e+70 38
4.011583198037627e+71 1.6023369428480016e+66 7.972232335242245e+81 6.639884306530392e+68 2.060990581588523e+79 7.804174413012019e+76 4.391937060913195e+73 0.07409476807329107 37
4.011583198037627e+71 1.6023369428480016e+66 7.972232335242245e+81 6.639884306530392e+68 2.060990581588523e+79 7.804174413012019e+76 4.391937060913195e+73 1.8337734423255203e+70 37
5.040806267582815e-06 1.6023369428480016e+66 7.972232335242245e+81 6.639884306530392e+68 2.060990581588523e+79 7.804174413012019e+76 0.006953971864016092 1.8337734423255203e+70 38
1.176047682150985e-05 261.4329093606148 7.972232335242245e+81 6.639884306530392e+68 2.060990581588523e+79 7.804174413012019e+76 0.006953971864016092 1.8337734423255203e+70 37
4.011583198037627e+71 1.6023369428480016e+66 7.972232335242245e+81 6.639884306530392e+68 2.060990581588523e+79 7.804174413012019e+76 4.391937060913195e+73 1.8337734423255203e+70 37
4.011583198037627e+71 1.6023369428480016e+66 7.972232335242245e+81 6.639884306530392e+68 2.060990581588523e+79 7.804174413012019e+76 4.391937060913195e+73 1.8337734423255203e+70 37
4.011583198037627e+71 1.6023369428480016e+66 7.972232335242245e+81 6.639884306530392e+68 2.060990581588523e+79 7.804174413012019e+76 4.391937060913195e+73 1.8337734423255203e+70 37
4.011583198037627e+71 1.6023369428480016e+66 7.972232335242245e+81 4.257825927715722e-06 2.060990581588523e+79 7.804174413012019e+76 4.391937060913195e+73 1.8337734423255203e+70 37
4.011583198037627e+71 261.4329093606148 7.972232335242245e+81 6.639884306530392e+68 0.63 7.804174413012019e+76 4.391937060913195e+73 1.8337734423255203e+70 37
4.011583198037627e+71 5.256575096748706e-05 7.972232335242245e+81 6.639884306530392e+68 2.060990581588523e+79 7.804174413012019e+76 4.391937060913195e+73 1.8337734423255203e+70 37
4.011583198037627e+71 1.6023369428480016e+66 7.972232335242245e+81 6.639884306530392e+68 2.060990581588523e+79 7.804174413012019e+76 4.391937060913195e+73 1.8337734423255203e+70 37
4.011583198037627e+71 1.6023369428480016e+66 7.972232335242245e+81 6.639884306530392e+68 2.060990581588523e+79 7.804174413012019e+76 4.391937060913195e+73 1.8337734423255203e+70 37
4.011583198037627e+71 1.6023369428480016e+66 7.972232335242245e+81 6.639884306530392e+68 2.060990581588523e+79 7.804174413012019e+76 4.391937060913195e+73 1.8337734423255203e+70 37
4.011583198037627e+71 1.6023369428480016e+66 7.972232335242245e+81 6.639884306530392e+68 2.060990581588523e+79 7.804174413012019e+76 4.391937060913195e+73 1.8337734423255203e+70 37
4.011583198037627e+71 1.6023369428480016e+66 7.972232335242245e+81 6.639884306530392e+68 2.060990581588523e+79 7.804174413012019e+76 4.391937060913195e+73 1.8337734423255203e+70 37
4.011583198037627e+71 1.6023369428480016e+66 7.972232335242245e+81 6.639884306530392e+68 2.060990581588523e+79 7.804174413012019e+76 4.391937060913195e+73 1.8337734423255203e+70 37
4.011583198037627e+71 1.6023369428480016e+66 7.972232335242245e+81 6.639884306530392e+68 2.060990581588523e+79 7.804174413012019e+76 4.391937060913195e+73 1.8337734423255203e+70 37
4.011583198037627e+71 1.6023369428480016e+66 7.972232335242245e+81 6.639884306530392e+68 2.060990581588523e+79 7.804174413012019e+76 4.391937060913195e+73 1.8337734423255203e+70 38
4.011583198037627e+71 1.6023369428480016e+66 7.972232335242245e+81 6.639884306530392e+68 2.060990581588523e+79 7.804174413012019e+76 4.391937060913195e+73 1.8337734423255203e+70 38
5.040806267582815e-06 1.6023369428480016e+66 7.972232335242245e+81 6.639884306530392e+68 2.060990581588523e+79 7.804174413012019e+76 4.391937060913195e+73 1.8337734423255203e+70 38
4.011583198037627e+71 1.6023369428480016e+66 7.972232335242245e+81 6.639884306530392e+68 2.060990581588523e+79 7.804174413012019e+76 4.391937060913195e+73 1.8337734423255203e+70 37
4.011583198037627e+71 1.6023369428480016e+66 7.972232335242245e+81 6.639884306530392e+68 2.060990581588523e+79 7.804174413012019e+76 4.391937060913195e+73 1.8337734423255203e+70 37
4.011583198037627e+71 1.6023369428480016e+66 7.972232335242245e+81 6.639884306530392e+68 2.060990581588523e+79 7.804174413012019e+76 4.391937060913195e+73 1.8337734423255203e+70 37
4.011583198037627e+71 1.6023369428480016e+66 7.972232335242245e+81 6.639884306530392e+68 2.060990581588523e+79 7.804174413012019e+76 4.391937060913195e+73 1.8337734423255203e+70 37
4.011583198037627e+71 1.6023369428480016e+66 7.972232335242245e+81 6.639884306530392e+68 2.060990581588523e+79 7.804174413012019e+76 4.391937060913195e+73 1.8337734423255203e+70 38
4.011583198037627e+71 261.4329093606148 7.972232335242245e+81 0.004596799102861106 2.060990581588523e+79 7.804174413012019e+76 4.391937060913195e+73 0.000861493979193732 37
4.011583198037627e+71 1.6023369428480016e+66 7.972232335242245e+81 6.639884306530392e+68 2.060990581588523e+79 7.804174413012019e+76 4.391937060913195e+73 1.8337734423255203e+70 37
4.011583198037627e+71 1.6023369428480016e+66 7.972232335242245e+81 6.639884306530392e+68 2.060990581588523e+79 7.804174413012019e+76 4.391937060913195e+73 1.8337734423255203e+70 37
4.011583198037627e+71 1.6023369428480016e+66 7.972232335242245e+81 1.419120391710101e-07 2.060990581588523e+79 7.804174413012019e+76 4.391937060913195e+73 1.8337734423255203e+70 37
4.011583198037627e+71 1.6023369428480016e+66 7.972232335242245e+81 6.639884306530392e+68 2.060990581588523e+79 7.804174413012019e+76 4.391937060913195e+73 1.8337734423255203e+70 37
9.259259043209882e-09 1.6023369428480016e+66 7.972232335242245e+81 6.639884306530392e+68 2.060990581588523e+79 8.731872904026938e-244 0.006953971864016092 1.8337734423255203e+70 38
4.011583198037627e+71 1.6023369428480016e+66 7.972232335242245e+81 6.639884306530392e+68 2.060990581588523e+79 7.804174413012019e+76 4.391937060913195e+73 1.8337734423255203e+70 37
4.011583198037627e+71 261.4329093606148 7.972232335242245e+81 6.639884306530392e+68 1.7965433956858604e-06 7.804174413012019e+76 4.391937060913195e+73 1.8337734423255203e+70 38
4.011583198037627e+71 1.6023369428480016e+66 7.972232335242245e+81 6.639884306530392e+68 2.060990581588523e+79 7.804174413012019e+76 4.391937060913195e+73 1.8337734423255203e+70 37
4.011583198037627e+71 1.6023369428480016e+66 7.972232335242245e+81 6.639884306530392e+68 2.060990581588523e+79 7.804174413012019e+76 4.391937060913195e+73 1.8337734423255203e+70 37
4.011583198037627e+71 261.4329093606148 7.972232335242245e+81 6.639884306530392e+68 2.060990581588523e+79 7.804174413012019e+76 4.391937060913195e+73 0.07409476807329107 37
4.011583198037627e+71 261.4329093606148 7.972232335242245e+81 6.639884306530392e+68 2.060990581588523e+79 2.0140170713986855e-245 4.391937060913195e+73 1.8337734423255203e+70 38
1.176047682150985e-05 1.6023369428480016e+66 7.972232335242245e+81 4.257825927715722e-06 2.060990581588523e+79 7.804174413012019e+76 4.391937060913195e+73 0.000861493979193732 37
1.176047682150985e-05 1.6023369428480016e+66 7.972232335242245e+81 4.257825927715722e-06 2.060990581588523e+79 8.731872904026938e-244 4.391937060913195e+73 1.8337734423255203e+70 37
4.011583198037627e+71 1.6023369428480016e+66 7.972232335242245e+81 6.639884306530392e+68 2.060990581588523e+79 7.804174413012019e+76 4.391937060913195e+73 1.8337734423255203e+70 37
4.011583198037627e+71 1.6023369428480016e+66 7.972232335242245e+81 6.639884306530392e+68 2.060990581588523e+79 7.804174413012019e+76 4.391937060913195e+73 1.8337734423255203e+70 37
4.011583198037627e+71 1.6023369428480016e+66 7.972232335242245e+81 6.639884306530392e+68 2.060990581588523e+79 7.804174413012019e+76 4.391937060913195e+73 0.07409476807329107 37
4.011583198037627e+71 261.4329093606148 7.972232335242245e+81 6.639884306530392e+68 2.060990581588523e+79 7.804174413012019e+76 4.391937060913195e+73 1.8337734423255203e+70 38
4.011583198037627e+71 1.6023369428480016e+66 7.972232335242245e+81 6.639884306530392e+68 2.060990581588523e+79 7.804174413012019e+76 4.391937060913195e+73 1.8337734423255203e+70 37
4.011583198037627e+71 1.6023369428480016e+66 7.972232335242245e+81 6.639884306530392e+68 2.060990581588523e+79 7.804174413012019e+76 4.391937060913195e+73 1.8337734423255203e+70 38
4.011583198037627e+71 261.4329093606148 7.972232335242245e+81 6.639884306530392e+68 2.060990581588523e+79 7.804174413012019e+76 4.391937060913195e+73 0.07409476807329107 38
4.011583198037627e+71 1.6023369428480016e+66 7.972232335242245e+81 6.639884306530392e+68 2.060990581588523e+79 7.804174413012019e+76 4.391937060913195e+73 1.8337734423255203e+70 37
4.011583198037627e+71 1.6023369428480016e+66 7.972232335242245e+81 6.639884306530392e+68 2.060990581588523e+79 7.804174413012019e+76 2.7525490170561367e-08 1.8337734423255203e+70 37
4.011583198037627e+71 1.6023369428480016e+66 7.972232335242245e+81 6.639884306530392e+68 2.060990581588523e+79 7.804174413012019e+76 4.391937060913195e+73 1.8337734423255203e+70 37
4.011583198037627e+71 1.6023369428480016e+66 7.972232335242245e+81 6.639884306530392e+68 2.060990581588523e+79 7.804174413012019e+76 4.391937060913195e+73 1.8337734423255203e+70 38
4.011583198037627e+71 1.6023369428480016e+66 7.972232335242245e+81 6.639884306530392e+68 2.060990581588523e+79 7.804174413012019e+76 4.391937060913195e+73 0.07409476807329107 37
4.011583198037627e+71 1.6023369428480016e+66 7.972232335242245e+81 6.639884306530392e+68 2.060990581588523e+79 7.804174413012019e+76 4.391937060913195e+73 1.8337734423255203e+70 37
4.011583198037627e+71 1.6023369428480016e+66 7.972232335242245e+81 6.639884306530392e+68 2.060990581588523e+79 7.804174413012019e+76 4.391937060913195e+73 1.8337734423255203e+70 37
4.011583198037627e+71 1.6023369428480016e+66 7.972232335242245e+81 6.639884306530392e+68 2.060990581588523e+79 7.804174413012019e+76 4.391937060913195e+73 1.8337734423255203e+70 37
4.011583198037627e+71 1.6023369428480016e+66 7.972232335242245e+81 6.639884306530392e+68 2.060990581588523e+79 7.804174413012019e+76 6.010259208073192e-168 1.8337734423255203e+70 38
1.176047682150985e-05 1.6023369428480016e+66 7.972232335242245e+81 6.639884306530392e+68 2.060990581588523e+79 7.804174413012019e+76 4.391937060913195e+73 1.8337734423255203e+70 38
4.011583198037627e+71 1.6023369428480016e+66 7.972232335242245e+81 6.639884306530392e+68 2.060990581588523e+79 7.804174413012019e+76 4.391937060913195e+73 1.8337734423255203e+70 37
4.011583198037627e+71 1.6023369428480016e+66 7.972232335242245e+81 6.639884306530392e+68 2.060990581588523e+79 7.804174413012019e+76 4.391937060913195e+73 1.8337734423255203e+70 37
4.011583198037627e+71 261.4329093606148 7.972232335242245e+81 6.639884306530392e+68 1.7965433956858604e-06 7.804174413012019e+76 4.391937060913195e+73 0.07409476807329107 38
4.011583198037627e+71 1.6023369428480016e+66 2.4870038102371834e-168 6.639884306530392e+68 2.060990581588523e+79 7.804174413012019e+76 4.391937060913195e+73 0.07409476807329107 37
4.011583198037627e+71 5.256575096748706e-05 7.972232335242245e+81 6.639884306530392e+68 2.060990581588523e+79 7.804174413012019e+76 4.391937060913195e+73 0.07409476807329107 37
1.176047682150985e-05 1.6023369428480016e+66 7.972232335242245e+81 4.257825927715722e-06 2.060990581588523e+79 7.804174413012019e+76 4.391937060913195e+73 0.000861493979193732 37
9.259259043209882e-09 1.6023369428480016e+66 7.972232335242245e+81 6.639884306530392e+68 2.060990581588523e+79 7.804174413012019e+76 4.391937060913195e+73 1.8337734423255203e+70 38
4.011583198037627e+71 261.4329093606148 7.972232335242245e+81 6.639884306530392e+68 2.060990581588523e+79 7.804174413012019e+76 4.391937060913195e+73 1.8337734423255203e+70 38
4.011583198037627e+71 1.6023369428480016e+66 7.972232335242245e+81 0.004596799102861106 2.060990581588523e+79 7.804174413012019e+76 4.391937060913195e+73 1.8337734423255203e+70 37
4.011583198037627e+71 261.4329093606148 7.972232335242245e+81 6.639884306530392e+68 2.060990581588523e+79 7.804174413012019e+76 4.391937060913195e+73 0.07409476807329107 38
4.011583198037627e+71 261.4329093606148 0.32999999999999996 6.639884306530392e+68 2.060990581588523e+79 7.804174413012019e+76 4.391937060913195e+73 0.000861493979193732 38
5.040806267582815e-06 1.6023369428480016e+66 7.972232335242245e+81 6.639884306530392e+68 2.060990581588523e+79 7.804174413012019e+76 4.391937060913195e+73 1.8337734423255203e+70 38
1.176047682150985e-05 1.6023369428480016e+66 7.972232335242245e+81 4.257825927715722e-06 2.060990581588523e+79 7.804174413012019e+76 4.391937060913195e+73 0.000861493979193732 37
4.011583198037627e+71 1.6023369428480016e+66 7.972232335242245e+81 6.639884306530392e+68 2.060990581588523e+79 7.804174413012019e+76 4.391937060913195e+73 1.8337734423255203e+70 37
4.011583198037627e+71 5.256575096748706e-05 7.972232335242245e+81 1.419120391710101e-07 2.060990581588523e+79 7.804174413012019e+76 4.391937060913195e+73 1.8337734423255203e+70 37
1.176047682150985e-05 1.6023369428480016e+66 7.972232335242245e+81 6.639884306530392e+68 2.060990581588523e+79 7.804174413012019e+76 4.391937060913195e+73 1.8337734423255203e+70 37
4.011583198037627e+71 1.6023369428480016e+66 7.972232335242245e+81 6.639884306530392e+68 2.060990581588523e+79 7.804174413012019e+76 4.391937060913195e+73 1.8337734423255203e+70 37
4.011583198037627e+71 5.256575096748706e-05 7.972232335242245e+81 6.639884306530392e+68 2.060990581588523e+79 7.804174413012019e+76 4.391937060913195e+73 1.8337734423255203e+70 38
4.011583198037627e+71 1.6023369428480016e+66 7.972232335242245e+81 6.639884306530392e+68 2.060990581588523e+79 1.4331942446903418e-246 4.391937060913195e+73 1.8337734423255203e+70 37
4.011583198037627e+71 0.21 7.972232335242245e+81 6.639884306530392e+68 2.060990581588523e+79 7.804174413012019e+76 4.391937060913195e+73 1.8337734423255203e+70 37
4.011583198037627e+71 1.6023369428480016e+66 7.972232335242245e+81 6.639884306530392e+68 2.060990581588523e+79 7.804174413012019e+76 4.391937060913195e+73 1.8337734423255203e+70 37
4.011583198037627e+71 261.4329093606148 7.972232335242245e+81 6.639884306530392e+68 2.060990581588523e+79 7.804174413012019e+76 4.391937060913195e+73 1.8337734423255203e+70 38
9.259259043209882e-09 1.6023369428480016e+66 0.3 6.639884306530392e+68 2.060990581588523e+79 7.804174413012019e+76 0.006953971864016092 1.8337734423255203e+70 37
4.011583198037627e+71 5.256575096748706e-05 7.972232335242245e+81 6.639884306530392e+68 2.060990581588523e+79 7.804174413012019e+76 4.391937060913195e+73 1.8337734423255203e+70 37
4.011583198037627e+71 1.6023369428480016e+66 7.972232335242245e+81 6.639884306530392e+68 2.060990581588523e+79 7.804174413012019e+76 4.391937060913195e+73 1.8337734423255203e+70 37
4.011583198037627e+71 261.4329093606148 7.972232335242245e+81 6.639884306530392e+68 1.7965433956858604e-06 7.804174413012019e+76 2.7525490170561367e-08 1.8337734423255203e+70 37
4.011583198037627e+71 261.4329093606148 7.972232335242245e+81 0.004596799102861106 2.060990581588523e+79 7.804174413012019e+76 4.391937060913195e+73 1.8337734423255203e+70 38
1.176047682150985e-05 1.6023369428480016e+66 7.972232335242245e+81 6.639884306530392e+68 2.060990581588523e+79 7.804174413012019e+76 4.391937060913195e+73 1.8337734423255203e+70 37
4.011583198037627e+71 1.6023369428480016e+66 7.972232335242245e+81 6.639884306530392e+68 2.060990581588523e+79 7.804174413012019e+76 4.391937060913195e+73 1.8337734423255203e+70 37
4.011583198037627e+71 261.4329093606148 7.972232335242245e+81 6.639884306530392e+68 2.060990581588523e+79 7.804174413012019e+76 4.391937060913195e+73 0.000861493979193732 38
4.011583198037627e+71 1.6023369428480016e+66 7.972232335242245e+81 6.639884306530392e+68 2.060990581588523e+79 7.804174413012019e+76 4.391937060913195e+73 1.8337734423255203e+70 37
9.259259043209882e-09 1.6023369428480016e+66 7.972232335242245e+81 6.639884306530392e+68 2.060990581588523e+79 7.804174413012019e+76 2.7525490170561367e-08 0.07409476807329107 37
4.011583198037627e+71 1.6023369428480016e+66 7.972232335242245e+81 6.639884306530392e+68 2.060990581588523e+79 7.804174413012019e+76 4.391937060913195e+73 1.8337734423255203e+70 38
4.011583198037627e+71 1.6023369428480016e+66 7.972232335242245e+81 6.639884306530392e+68 2.060990581588523e+79 7.804174413012019e+76 4.391937060913195e+73 1.8337734423255203e+70 37
4.011583198037627e+71 1.6023369428480016e+66 2.4870038102371834e-168 6.639884306530392e+68 2.060990581588523e+79 7.804174413012019e+76 4.391937060913195e+73 0.07409476807329107 37
4.011583198037627e+71 261.4329093606148 7.972232335242245e+81 6.639884306530392e+68 2.060990581588523e+79 7.804174413012019e+76 4.391937060913195e+73 1.8337734423255203e+70 38
4.011583198037627e+71 1.6023369428480016e+66 7.972232335242245e+81 6.639884306530392e+68 2.060990581588523e+79 7.804174413012019e+76 4.391937060913195e+73 1.8337734423255203e+70 37
1.176047682150985e-05 1.6023369428480016e+66 7.972232335242245e+81 6.639884306530392e+68 2.060990581588523e+79 7.804174413012019e+76 4.391937060913195e+73 1.8337734423255203e+70 38
9.259259043209882e-09 1.6023369428480016e+66 7.972232335242245e+81 6.639884306530392e+68 2.060990581588523e+79 7.804174413012019e+76 4.391937060913195e+73 1.8337734423255203e+70 37
4.011583198037627e+71 1.6023369428480016e+66 7.972232335242245e+81 6.639884306530392e+68 2.060990581588523e+79 7.804174413012019e+76 4.391937060913195e+73 1.8337734423255203e+70 37
4.011583198037627e+71 261.4329093606148 7.972232335242245e+81 6.639884306530392e+68 2.060990581588523e+79 7.804174413012019e+76 6.010259208073192e-168 1.8337734423255203e+70 38
4.011583198037627e+71 1.6023369428480016e+66 7.972232335242245e+81 6.639884306530392e+68 2.060990581588523e+79 7.804174413012019e+76 4.391937060913195e+73 1.8337734423255203e+70 37
4.011583198037627e+71 1.6023369428480016e+66 7.972232335242245e+81 5.58839865857724e-244 2.060990581588523e+79 7.804174413012019e+76 4.391937060913195e+73 1.8337734423255203e+70 37
4.011583198037627e+71 1.6023369428480016e+66 7.972232335242245e+81 6.639884306530392e+68 2.060990581588523e+79 7.804174413012019e+76 4.391937060913195e+73 1.8337734423255203e+70 37
4.011583198037627e+71 261.4329093606148 7.972232335242245e+81 6.639884306530392e+68 2.060990581588523e+79 7.804174413012019e+76 4.391937060913195e+73 1.8337734423255203e+70 38
4.011583198037627e+71 261.4329093606148 7.972232335242245e+81 6.639884306530392e+68 2.060990581588523e+79 7.804174413012019e+76 4.391937060913195e+73 0.07409476807329107 38
4.011583198037627e+71 1.6023369428480016e+66 7.972232335242245e+81 6.639884306530392e+68 2.060990581588523e+79 7.804174413012019e+76 4.391937060913195e+73 1.8337734423255203e+70 37
4.011583198037627e+71 1.6023369428480016e+66 7.972232335242245e+81 6.639884306530392e+68 2.060990581588523e+79 7.804174413012019e+76 4.391937060913195e+73 1.8337734423255203e+70 37
4.011583198037627e+71 261.4329093606148 7.972232335242245e+81 6.639884306530392e+68 2.060990581588523e+79 7.804174413012019e+76 0.006953971864016092 1.8337734423255203e+70 38
4.011583198037627e+71 1.6023369428480016e+66 7.972232335242245e+81 6.639884306530392e+68 2.060990581588523e+79 7.804174413012019e+76 4.391937060913195e+73 1.8337734423255203e+70 37
4.011583198037627e+71 1.6023369428480016e+66 7.972232335242245e+81 6.639884306530392e+68 2.060990581588523e+79 7.804174413012019e+76 4.391937060913195e+73 1.8337734423255203e+70 38
9.259259043209882e-09 1.6023369428480016e+66 0.3 6.639884306530392e+68 2.060990581588523e+79 7.804174413012019e+76 0.006953971864016092 1.8337734423255203e+70 37
4.011583198037627e+71 1.6023369428480016e+66 7.972232335242245e+81 6.639884306530392e+68 2.060990581588523e+79 7.804174413012019e+76 4.391937060913195e+73 1.8337734423255203e+70 38
4.011583198037627e+71 1.6023369428480016e+66 0.3 6.639884306530392e+68 2.060990581588523e+79 7.804174413012019e+76 4.391937060913195e+73 1.5496791313809877e-251 38
4.011583198037627e+71 1.6023369428480016e+66 7.972232335242245e+81 6.639884306530392e+68 2.060990581588523e+79 7.804174413012019e+76 4.391937060913195e+73 1.8337734423255203e+70 37
1.176047682150985e-05 1.6023369428480016e+66 7.972232335242245e+81 6.639884306530392e+68 2.060990581588523e+79 2.0140170713986855e-245 4.391937060913195e+73 1.8337734423255203e+70 38
4.011583198037627e+71 1.6023369428480016e+66 7.972232335242245e+81 6.639884306530392e+68 2.060990581588523e+79 7.804174413012019e+76 4.391937060913195e+73 1.8337734423255203e+70 38
4.011583198037627e+71 1.6023369428480016e+66 7.972232335242245e+81 6.639884306530392e+68 2.060990581588523e+79 7.804174413012019e+76 4.391937060913195e+73 1.8337734423255203e+70 37
4.011583198037627e+71 1.6023369428480016e+66 7.972232335242245e+81 0.004596799102861106 2.060990581588523e+79 8.731872904026938e-244 4.391937060913195e+73 1.8337734423255203e+70 38
4.011583198037627e+71 1.6023369428480016e+66 7.972232335242245e+81 6.639884306530392e+68 2.060990581588523e+79 7.804174413012019e+76 0.006953971864016092 1.8337734423255203e+70 37
9.259259043209882e-09 5.256575096748706e-05 7.972232335242245e+81 1.419120391710101e-07 2.060990581588523e+79 7.804174413012019e+76 0.006953971864016092 0.000861493979193732 38
4.011583198037627e+71 1.6023369428480016e+66 7.972232335242245e+81 6.639884306530392e+68 2.060990581588523e+79 7.804174413012019e+76 4.391937060913195e+73 0.07409476807329107 38
4.011583198037627e+71 261.4329093606148 7.972232335242245e+81 6.639884306530392e+68 2.060990581588523e+79 7.804174413012019e+76 4.391937060913195e+73 1.8337734423255203e+70 38
4.011583198037627e+71 1.6023369428480016e+66 7.972232335242245e+81 6.639884306530392e+68 2.060990581588523e+79 7.804174413012019e+76 4.391937060913195e+73 1.8337734423255203e+70 37
9.259259043209882e-09 1.6023369428480016e+66 7.972232335242245e+81 6.639884306530392e+68 2.060990581588523e+79 7.804174413012019e+76 4.391937060913195e+73 1.8337734423255203e+70 37
4.011583198037627e+71 1.6023369428480016e+66 7.972232335242245e+81 5.58839865857724e-244 2.060990581588523e+79 1.4331942446903418e-246 4.391937060913195e+73 1.8337734423255203e+70 37
4.011583198037627e+71 1.6023369428480016e+66 7.972232335242245e+81 6.639884306530392e+68 2.060990581588523e+79 7.804174413012019e+76 4.391937060913195e+73 1.8337734423255203e+70 38
4.011583198037627e+71 5.256575096748706e-05 7.972232335242245e+81 6.639884306530392e+68 2.060990581588523e+79 7.804174413012019e+76 4.391937060913195e+73 1.8337734423255203e+70 38
4.011583198037627e+71 261.4329093606148 7.972232335242245e+81 6.639884306530392e+68 0.63 7.804174413012019e+76 4.391937060913195e+73 1.8337734423255203e+70 37
1.176047682150985e-05 1.6023369428480016e+66 7.972232335242245e+81 6.639884306530392e+68 2.060990581588523e+79 7.804174413012019e+76 4.391937060913195e+73 0.000861493979193732 38
4.011583198037627e+71 1.6023369428480016e+66 7.972232335242245e+81 6.639884306530392e+68 2.060990581588523e+79 7.804174413012019e+76 4.391937060913195e+73 1.8337734423255203e+70 37
4.011583198037627e+71 1.6023369428480016e+66 7.972232335242245e+81 6.639884306530392e+68 2.060990581588523e+79 7.804174413012019e+76 4.391937060913195e+73 1.8337734423255203e+70 38
4.011583198037627e+71 1.6023369428480016e+66 7.972232335242245e+81 6.639884306530392e+68 2.060990581588523e+79 7.804174413012019e+76 4.391937060913195e+73 1.8337734423255203e+70 38
4.011583198037627e+71 1.6023369428480016e+66 7.972232335242245e+81 6.639884306530392e+68 0.63 7.804174413012019e+76 4.391937060913195e+73 1.8337734423255203e+70 37
4.011583198037627e+71 5.256575096748706e-05 7.972232335242245e+81 6.639884306530392e+68 2.060990581588523e+79 7.804174413012019e+76 4.391937060913195e+73 1.8337734423255203e+70 37
4.011583198037627e+71 5.256575096748706e-05 7.972232335242245e+81 6.639884306530392e+68 2.060990581588523e+79 7.804174413012019e+76 4.391937060913195e+73 1.8337734423255203e+70 37
4.011583198037627e+71 261.4329093606148 7.972232335242245e+81 6.639884306530392e+68 2.060990581588523e+79 7.804174413012019e+76 4.391937060913195e+73 0.000861493979193732 38
9.259259043209882e-09 261.4329093606148 7.972232335242245e+81 6.639884306530392e+68 2.060990581588523e+79 7.804174413012019e+76 4.391937060913195e+73 1.8337734423255203e+70 37
4.011583198037627e+71 1.6023369428480016e+66 7.972232335242245e+81 5.58839865857724e-244 2.060990581588523e+79 7.804174413012019e+76 4.391937060913195e+73 1.8337734423255203e+70 38
4.011583198037627e+71 1.6023369428480016e+66 7.972232335242245e+81 6.639884306530392e+68 2.060990581588523e+79 7.804174413012019e+76 4.391937060913195e+73 1.8337734423255203e+70 37
4.011583198037627e+71 1.6023369428480016e+66 7.972232335242245e+81 6.639884306530392e+68 2.060990581588523e+79 7.804174413012019e+76 4.391937060913195e+73 1.8337734423255203e+70 38
4.011583198037627e+71 261.4329093606148 7.972232335242245e+81 6.639884306530392e+68 2.060990581588523e+79 7.804174413012019e+76 4.391937060913195e+73 1.8337734423255203e+70 37
1.176047682150985e-05 1.6023369428480016e+66 7.972232335242245e+81 6.639884306530392e+68 2.060990581588523e+79 7.804174413012019e+76 4.391937060913195e+73 1.8337734423255203e+70 38
4.011583198037627e+71 1.6023369428480016e+66 7.972232335242245e+81 6.639884306530392e+68 2.060990581588523e+79 7.804174413012019e+76 4.391937060913195e+73 1.8337734423255203e+70 37
4.011583198037627e+71 261.4329093606148 7.972232335242245e+81 1.419120391710101e-07 1.7965433956858604e-06 7.804174413012019e+76 2.7525490170561367e-08 1.8337734423255203e+70 38
4.011583198037627e+71 261.4329093606148 7.972232335242245e+81 0.004596799102861106 1.7965433956858604e-06 7.804174413012019e+76 4.391937060913195e+73 1.02 38
4.011583198037627e+71 1.6023369428480016e+66 7.972232335242245e+81 6.639884306530392e+68 2.060990581588523e+79 7.804174413012019e+76 4.391937060913195e+73 1.8337734423255203e+70 37
4.011583198037627e+71 1.6023369428480016e+66 7.972232335242245e+81 6.639884306530392e+68 2.060990581588523e+79 7.804174413012019e+76 4.391937060913195e+73 1.8337734423255203e+70 37
4.011583198037627e+71 1.6023369428480016e+66 7.972232335242245e+81 6.639884306530392e+68 2.060990581588523e+79 7.804174413012019e+76 4.391937060913195e+73 1.8337734423255203e+70 37
4.011583198037627e+71 261.4329093606148 7.972232335242245e+81 6.639884306530392e+68 2.060990581588523e+79 7.804174413012019e+76 4.391937060913195e+73 0.07409476807329107 38
4.011583198037627e+71 1.6023369428480016e+66 7.972232335242245e+81 6.639884306530392e+68 2.060990581588523e+79 7.804174413012019e+76 4.391937060913195e+73 1.8337734423255203e+70 38
4.011583198037627e+71 1.6023369428480016e+66 7.972232335242245e+81 6.639884306530392e+68 2.060990581588523e+79 7.804174413012019e+76 4.391937060913195e+73 1.8337734423255203e+70 37
4.011583198037627e+71 1.6023369428480016e+66 7.972232335242245e+81 6.639884306530392e+68 2.060990581588523e+79 7.804174413012019e+76 4.391937060913195e+73 1.8337734423255203e+70 37
4.011583198037627e+71 1.6023369428480016e+66 7.972232335242245e+81 6.639884306530392e+68 2.060990581588523e+79 7.804174413012019e+76 4.391937060913195e+73 1.8337734423255203e+70 38
4.011583198037627e+71 5.256575096748706e-05 0.3 5.58839865857724e-244 2.060990581588523e+79 2.0140170713986855e-245 4.391937060913195e+73 1.8337734423255203e+70 38
4.011583198037627e+71 1.6023369428480016e+66 7.972232335242245e+81 6.639884306530392e+68 2.060990581588523e+79 7.804174413012019e+76 4.391937060913195e+73 0.07409476807329107 38
4.011583198037627e+71 1.6023369428480016e+66 7.972232335242245e+81 6.639884306530392e+68 2.060990581588523e+79 7.804174413012019e+76 6.010259208073192e-168 1.8337734423255203e+70 37
4.011583198037627e+71 1.6023369428480016e+66 7.972232335242245e+81 6.639884306530392e+68 2.060990581588523e+79 7.804174413012019e+76 6.010259208073192e-168 1.8337734423255203e+70 38
4.011583198037627e+71 1.6023369428480016e+66 7.972232335242245e+81 6.639884306530392e+68 2.060990581588523e+79 7.804174413012019e+76 4.391937060913195e+73 1.8337734423255203e+70 37
4.011583198037627e+71 5.256575096748706e-05 7.972232335242245e+81 6.639884306530392e+68 2.060990581588523e+79 7.804174413012019e+76 4.391937060913195e+73 1.8337734423255203e+70 38
4.011583198037627e+71 1.6023369428480016e+66 7.972232335242245e+81 6.639884306530392e+68 2.060990581588523e+79 7.804174413012019e+76 4.391937060913195e+73 1.8337734423255203e+70 38
4.011583198037627e+71 1.6023369428480016e+66 7.972232335242245e+81 0.004596799102861106 2.060990581588523e+79 2.0140170713986855e-245 4.391937060913195e+73 1.8337734423255203e+70 38
1.176047682150985e-05 1.6023369428480016e+66 7.972232335242245e+81 6.639884306530392e+68 2.060990581588523e+79 7.804174413012019e+76 4.391937060913195e+73 1.8337734423255203e+70 37
4.011583198037627e+71 1.6023369428480016e+66 7.972232335242245e+81 6.639884306530392e+68 2.060990581588523e+79 7.804174413012019e+76 4.391937060913195e+73 1.8337734423255203e+70 37
4.011583198037627e+71 1.6023369428480016e+66 7.972232335242245e+81 6.639884306530392e+68 2.060990581588523e+79 7.804174413012019e+76 4.391937060913195e+73 1.8337734423255203e+70 38
4.011583198037627e+71 261.4329093606148 7.972232335242245e+81 6.639884306530392e+68 2.060990581588523e+79 7.804174413012019e+76 4.391937060913195e+73 1.8337734423255203e+70 38
4.011583198037627e+71 1.6023369428480016e+66 7.972232335242245e+81 6.639884306530392e+68 2.060990581588523e+79 7.804174413012019e+76 4.391937060913195e+73 1.8337734423255203e+70 37
4.011583198037627e+71 1.6023369428480016e+66 7.972232335242245e+81 6.639884306530392e+68 2.060990581588523e+79 7.804174413012019e+76 4.391937060913195e+73 1.8337734423255203e+70 37
4.011583198037627e+71 1.6023369428480016e+66 7.972232335242245e+81 6.639884306530392e+68 2.060990581588523e+79 7.804174413012019e+76 4.391937060913195e+73 0.000861493979193732 38
4.011583198037627e+71 1.6023369428480016e+66 7.972232335242245e+81 6.639884306530392e+68 2.060990581588523e+79 7.804174413012019e+76 4.391937060913195e+73 1.8337734423255203e+70 37
4.011583198037627e+71 1.6023369428480016e+66 7.972232335242245e+81 6.639884306530392e+68 2.060990581588523e+79 7.804174413012019e+76 4.391937060913195e+73 1.8337734423255203e+70 37
1.176047682150985e-05 5.256575096748706e-05 0.3 6.639884306530392e+68 2.060990581588523e+79 7.804174413012019e+76 4.391937060913195e+73 0.000861493979193732 38
4.011583198037627e+71 261.4329093606148 7.972232335242245e+81 6.639884306530392e+68 1.7965433956858604e-06 7.804174413012019e+76 2.7525490170561367e-08 1.8337734423255203e+70 37
9.259259043209882e-09 1.6023369428480016e+66 7.972232335242245e+81 6.639884306530392e+68 2.060990581588523e+79 7.804174413012019e+76 4.391937060913195e+73 1.8337734423255203e+70 37
1.176047682150985e-05 1.6023369428480016e+66 7.972232335242245e+81 6.639884306530392e+68 2.060990581588523e+79 7.804174413012019e+76 4.391937060913195e+73 0.000861493979193732 38
4.011583198037627e+71 1.6023369428480016e+66 7.972232335242245e+81 6.639884306530392e+68 2.060990581588523e+79 7.804174413012019e+76 4.391937060913195e+73 1.8337734423255203e+70 37
4.011583198037627e+71 1.6023369428480016e+66 7.972232335242245e+81 6.639884306530392e+68 2.060990581588523e+79 7.804174413012019e+76 4.391937060913195e+73 0.000861493979193732 37
4.011583198037627e+71 0.21 7.972232335242245e+81 0.004596799102861106 4.145006350395305e-168 7.804174413012019e+76 4.391937060913195e+73 1.8337734423255203e+70 37
4.011583198037627e+71 1.6023369428480016e+66 7.972232335242245e+81 6.639884306530392e+68 2.060990581588523e+79 7.804174413012019e+76 4.391937060913195e+73 1.8337734423255203e+70 37
4.011583198037627e+71 1.6023369428480016e+66 7.972232335242245e+81 6.639884306530392e+68 2.060990581588523e+79 7.804174413012019e+76 4.391937060913195e+73 1.8337734423255203e+70 38
1.176047682150985e-05 1.6023369428480016e+66 7.972232335242245e+81 6.639884306530392e+68 2.060990581588523e+79 7.804174413012019e+76 4.391937060913195e+73 0.000861493979193732 37
4.011583198037627e+71 261.4329093606148 7.972232335242245e+81 6.639884306530392e+68 2.060990581588523e+79 7.804174413012019e+76 4.391937060913195e+73 1.8337734423255203e+70 38
4.011583198037627e+71 1.6023369428480016e+66 7.972232335242245e+81 6.639884306530392e+68 2.060990581588523e+79 7.804174413012019e+76 4.391937060913195e+73 1.8337734423255203e+70 37
4.011583198037627e+71 1.6023369428480016e+66 7.972232335242245e+81 6.639884306530392e+68 2.060990581588523e+79 7.804174413012019e+76 4.391937060913195e+73 1.8337734423255203e+70 38
4.011583198037627e+71 1.6023369428480016e+66 7.972232335242245e+81 6.639884306530392e+68 2.060990581588523e+79 7.804174413012019e+76 4.391937060913195e+73 1.8337734423255203e+70 37
4.011583198037627e+71 261.4329093606148 7.972232335242245e+81 6.639884306530392e+68 2.060990581588523e+79 7.804174413012019e+76 4.391937060913195e+73 1.8337734423255203e+70 38
4.011583198037627e+71 1.6023369428480016e+66 0.3 6.639884306530392e+68 2.060990581588523e+79 7.804174413012019e+76 4.391937060913195e+73 1.8337734423255203e+70 37
4.011583198037627e+71 261.4329093606148 7.972232335242245e+81 6.639884306530392e+68 2.060990581588523e+79 7.804174413012019e+76 4.391937060913195e+73 0.07409476807329107 37
4.011583198037627e+71 5.256575096748706e-05 7.972232335242245e+81 6.639884306530392e+68 2.060990581588523e+79 7.804174413012019e+76 4.391937060913195e+73 1.8337734423255203e+70 38
4.011583198037627e+71 1.6023369428480016e+66 7.972232335242245e+81 6.639884306530392e+68 2.060990581588523e+79 7.804174413012019e+76 4.391937060913195e+73 0.07409476807329107 37
4.011583198037627e+71 1.6023369428480016e+66 0.3 6.639884306530392e+68 2.060990581588523e+79 2.0140170713986855e-245 4.391937060913195e+73 1.8337734423255203e+70 38
4.011583198037627e+71 1.6023369428480016e+66 7.972232335242245e+81 6.639884306530392e+68 2.060990581588523e+79 7.804174413012019e+76 4.391937060913195e+73 1.8337734423255203e+70 38
4.011583198037627e+71 1.6023369428480016e+66 7.972232335242245e+81 6.639884306530392e+68 2.060990581588523e+79 7.804174413012019e+76 4.391937060913195e+73 1.8337734423255203e+70 37
4.011583198037627e+71 1.6023369428480016e+66 7.972232335242245e+81 6.639884306530392e+68 2.060990581588523e+79 7.804174413012019e+76 4.391937060913195e+73 0.000861493979193732 37
4.011583198037627e+71 1.6023369428480016e+66 7.972232335242245e+81 6.639884306530392e+68 2.060990581588523e+79 7.804174413012019e+76 4.810278630887449e-247 1.8337734423255203e+70 37
4.011583198037627e+71 5.256575096748706e-05 7.972232335242245e+81 6.639884306530392e+68 2.060990581588523e+79 7.804174413012019e+76 4.391937060913195e+73 0.07409476807329107 38
4.011583198037627e+71 1.6023369428480016e+66 7.972232335242245e+81 6.639884306530392e+68 2.060990581588523e+79 7.804174413012019e+76 4.391937060913195e+73 1.8337734423255203e+70 37
4.011583198037627e+71 5.256575096748706e-05 7.972232335242245e+81 6.639884306530392e+68 2.060990581588523e+79 7.804174413012019e+76 4.391937060913195e+73 1.8337734423255203e+70 38
4.011583198037627e+71 1.6023369428480016e+66 7.972232335242245e+81 6.639884306530392e+68 2.060990581588523e+79 7.804174413012019e+76 4.391937060913195e+73 1.8337734423255203e+70 37
4.011583198037627e+71 1.6023369428480016e+66 7.972232335242245e+81 6.639884306530392e+68 2.060990581588523e+79 7.804174413012019e+76 0.006953971864016092 1.8337734423255203e+70 38
4.011583198037627e+71 261.4329093606148 7.972232335242245e+81 6.639884306530392e+68 2.060990581588523e+79 7.804174413012019e+76 4.391937060913195e+73 0.07409476807329107 37
4.011583198037627e+71 1.6023369428480016e+66 7.972232335242245e+81 6.639884306530392e+68 2.060990581588523e+79 7.804174413012019e+76 4.391937060913195e+73 1.8337734423255203e+70 37
4.011583198037627e+71 1.6023369428480016e+66 7.972232335242245e+81 6.639884306530392e+68 2.060990581588523e+79 7.804174413012019e+76 4.391937060913195e+73 1.8337734423255203e+70 37
4.011583198037627e+71 1.6023369428480016e+66 7.972232335242245e+81 5.58839865857724e-244 1.7965433956858604e-06 7.804174413012019e+76 4.391937060913195e+73 1.8337734423255203e+70 37
4.011583198037627e+71 1.6023369428480016e+66 7.972232335242245e+81 6.639884306530392e+68 2.060990581588523e+79 7.804174413012019e+76 4.391937060913195e+73 1.8337734423255203e+70 38
4.011583198037627e+71 1.6023369428480016e+66 7.972232335242245e+81 6.639884306530392e+68 2.060990581588523e+79 7.804174413012019e+76 4.391937060913195e+73 0.000861493979193732 37
5.040806267582815e-06 261.4329093606148 2.4870038102371834e-168 6.639884306530392e+68 2.060990581588523e+79 1.4331942446903418e-246 4.391937060913195e+73 1.5496791313809877e-251 38
9.259259043209882e-09 1.6023369428480016e+66 7.972232335242245e+81 6.639884306530392e+68 2.060990581588523e+79 7.804174413012019e+76 2.7525490170561367e-08 0.07409476807329107 37
4.011583198037627e+71 1.6023369428480016e+66 7.972232335242245e+81 6.639884306530392e+68 2.060990581588523e+79 7.804174413012019e+76 4.391937060913195e+73 1.8337734423255203e+70 37
4.011583198037627e+71 1.6023369428480016e+66 7.972232335242245e+81 6.639884306530392e+68 2.060990581588523e+79 7.804174413012019e+76 4.391937060913195e+73 1.8337734423255203e+70 38
9.259259043209882e-09 1.6023369428480016e+66 7.972232335242245e+81 6.639884306530392e+68 2.060990581588523e+79 7.804174413012019e+76 4.391937060913195e+73 1.8337734423255203e+70 37
4.011583198037627e+71 1.6023369428480016e+66 7.972232335242245e+81 6.639884306530392e+68 2.060990581588523e+79 7.804174413012019e+76 4.391937060913195e+73 1.8337734423255203e+70 37
4.011583198037627e+71 1.6023369428480016e+66 7.972232335242245e+81 6.639884306530392e+68 2.060990581588523e+79 7.804174413012019e+76 4.391937060913195e+73 1.8337734423255203e+70 37
4.011583198037627e+71 1.6023369428480016e+66 7.972232335242245e+81 6.639884306530392e+68 2.060990581588523e+79 7.804174413012019e+76 4.391937060913195e+73 1.8337734423255203e+70 37
4.011583198037627e+71 1.6023369428480016e+66 7.972232335242245e+81 6.639884306530392e+68 2.060990581588523e+79 7.804174413012019e+76 4.391937060913195e+73 1.8337734423255203e+70 37
4.011583198037627e+71 1.6023369428480016e+66 7.972232335242245e+81 6.639884306530392e+68 2.060990581588523e+79 7.804174413012019e+76 4.391937060913195e+73 1.8337734423255203e+70 37
4.011583198037627e+71 1.6023369428480016e+66 7.972232335242245e+81 6.639884306530392e+68 2.060990581588523e+79 7.804174413012019e+76 4.391937060913195e+73 0.07409476807329107 37
4.011583198037627e+71 261.4329093606148 0.3 6.639884306530392e+68 2.060990581588523e+79 7.804174413012019e+76 2.7525490170561367e-08 1.8337734423255203e+70 37
4.011583198037627e+71 261.4329093606148 7.972232335242245e+81 6.639884306530392e+68 2.060990581588523e+79 7.804174413012019e+76 4.391937060913195e+73 1.8337734423255203e+70 38
4.011583198037627e+71 1.6023369428480016e+66 7.972232335242245e+81 6.639884306530392e+68 2.060990581588523e+79 7.804174413012019e+76 4.391937060913195e+73 1.8337734423255203e+70 38
4.011583198037627e+71 1.6023369428480016e+66 7.972232335242245e+81 6.639884306530392e+68 2.060990581588523e+79 7.804174413012019e+76 4.391937060913195e+73 1.8337734423255203e+70 37
4.011583198037627e+71 1.6023369428480016e+66 7.972232335242245e+81 6.639884306530392e+68 2.060990581588523e+79 7.804174413012019e+76 4.391937060913195e+73 1.8337734423255203e+70 38
4.011583198037627e+71 1.6023369428480016e+66 0.3 6.639884306530392e+68 2.060990581588523e+79 7.804174413012019e+76 0.006953971864016092 1.8337734423255203e+70 37
4.011583198037627e+71 1.6023369428480016e+66 7.972232335242245e+81 6.639884306530392e+68 2.060990581588523e+79 7.804174413012019e+76 4.391937060913195e+73 1.8337734423255203e+70 37
4.011583198037627e+71 1.6023369428480016e+66 7.972232335242245e+81 6.639884306530392e+68 2.060990581588523e+79 7.804174413012019e+76 4.391937060913195e+73 0.07409476807329107 37
4.011583198037627e+71 1.6023369428480016e+66 7.972232335242245e+81 6.639884306530392e+68 2.060990581588523e+79 7.804174413012019e+76 4.391937060913195e+73 1.8337734423255203e+70 37
1.176047682150985e-05 1.6023369428480016e+66 7.972232335242245e+81 6.639884306530392e+68 2.060990581588523e+79 7.804174413012019e+76 4.391937060913195e+73 1.8337734423255203e+70 38
4.011583198037627e+71 1.6023369428480016e+66 7.972232335242245e+81 0.004596799102861106 2.060990581588523e+79 7.804174413012019e+76 4.391937060913195e+73 1.8337734423255203e+70 37
4.011583198037627e+71 1.6023369428480016e+66 7.972232335242245e+81 6.639884306530392e+68 2.060990581588523e+79 7.804174413012019e+76 4.391937060913195e+73 1.8337734423255203e+70 37
4.011583198037627e+71 1.6023369428480016e+66 7.972232335242245e+81 6.639884306530392e+68 2.060990581588523e+79 7.804174413012019e+76 4.391937060913195e+73 1.8337734423255203e+70 37
4.011583198037627e+71 1.6023369428480016e+66 7.972232335242245e+81 6.639884306530392e+68 2.060990581588523e+79 7.804174413012019e+76 4.391937060913195e+73 1.8337734423255203e+70 37
4.011583198037627e+71 1.6023369428480016e+66 7.972232335242245e+81 6.639884306530392e+68 2.060990581588523e+79 7.804174413012019e+76 6.010259208073192e-168 1.8337734423255203e+70 37
4.011583198037627e+71 1.6023369428480016e+66 7.972232335242245e+81 5.58839865857724e-244 2.060990581588523e+79 7.804174413012019e+76 4.391937060913195e+73 1.8337734423255203e+70 38
1.176047682150985e-05 0.21 7.972232335242245e+81 4.257825927715722e-06 2.060990581588523e+79 7.804174413012019e+76 4.391937060913195e+73 1.8337734423255203e+70 38
1.176047682150985e-05 1.6023369428480016e+66 7.972232335242245e+81 4.257825927715722e-06 2.060990581588523e+79 7.804174413012019e+76 4.391937060913195e+73 0.000861493979193732 37
1.176047682150985e-05 1.6023369428480016e+66 7.972232335242245e+81 6.639884306530392e+68 2.060990581588523e+79 7.804174413012019e+76 4.391937060913195e+73 0.000861493979193732 38
4.011583198037627e+71 261.4329093606148 7.972232335242245e+81 6.639884306530392e+68 2.060990581588523e+79 7.804174413012019e+76 4.391937060913195e+73 1.8337734423255203e+70 38
4.011583198037627e+71 1.6023369428480016e+66 7.972232335242245e+81 6.639884306530392e+68 2.060990581588523e+79 7.804174413012019e+76 4.391937060913195e+73 1.8337734423255203e+70 37
4.011583198037627e+71 1.6023369428480016e+66 0.3 6.639884306530392e+68 2.060990581588523e+79 2.0140170713986855e-245 4.391937060913195e+73 1.8337734423255203e+70 38
4.011583198037627e+71 1.6023369428480016e+66 7.972232335242245e+81 6.639884306530392e+68 2.060990581588523e+79 7.804174413012019e+76 4.391937060913195e+73 1.8337734423255203e+70 37
4.011583198037627e+71 1.6023369428480016e+66 7.972232335242245e+81 6.639884306530392e+68 2.060990581588523e+79 7.804174413012019e+76 0.006953971864016092 1.8337734423255203e+70 37
4.011583198037627e+71 1.6023369428480016e+66 7.972232335242245e+81 6.639884306530392e+68 2.060990581588523e+79 7.804174413012019e+76 4.391937060913195e+73 1.8337734423255203e+70 37
4.011583198037627e+71 1.6023369428480016e+66 7.972232335242245e+81 6.639884306530392e+68 2.060990581588523e+79 7.804174413012019e+76 4.391937060913195e+73 1.8337734423255203e+70 37
4.011583198037627e+71 1.6023369428480016e+66 7.972232335242245e+81 6.639884306530392e+68 2.060990581588523e+79 7.804174413012019e+76 4.391937060913195e+73 1.8337734423255203e+70 37
4.011583198037627e+71 1.6023369428480016e+66 7.972232335242245e+81 6.639884306530392e+68 2.060990581588523e+79 7.804174413012019e+76 4.391937060913195e+73 1.8337734423255203e+70 37
4.011583198037627e+71 5.256575096748706e-05 7.972232335242245e+81 6.639884306530392e+68 2.060990581588523e+79 7.804174413012019e+76 4.391937060913195e+73 1.8337734423255203e+70 38
4.011583198037627e+71 261.4329093606148 7.972232335242245e+81 6.639884306530392e+68 1.7965433956858604e-06 7.804174413012019e+76 4.391937060913195e+73 0.07409476807329107 38
4.011583198037627e+71 5.256575096748706e-05 7.972232335242245e+81 6.639884306530392e+68 2.060990581588523e+79 7.804174413012019e+76 4.391937060913195e+73 0.000861493979193732 38
4.011583198037627e+71 261.4329093606148 7.972232335242245e+81 6.639884306530392e+68 2.060990581588523e+79 7.804174413012019e+76 4.391937060913195e+73 1.8337734423255203e+70 38
4.011583198037627e+71 261.4329093606148 7.972232335242245e+81 6.639884306530392e+68 2.060990581588523e+79 7.804174413012019e+76 4.391937060913195e+73 1.8337734423255203e+70 38
4.011583198037627e+71 1.6023369428480016e+66 7.972232335242245e+81 6.639884306530392e+68 2.060990581588523e+79 7.804174413012019e+76 4.391937060913195e+73 1.8337734423255203e+70 37
9.259259043209882e-09 1.6023369428480016e+66 7.972232335242245e+81 6.639884306530392e+68 2.060990581588523e+79 7.804174413012019e+76 4.391937060913195e+73 1.8337734423255203e+70 38
4.011583198037627e+71 1.6023369428480016e+66 7.972232335242245e+81 6.639884306530392e+68 2.060990581588523e+79 7.804174413012019e+76 4.391937060913195e+73 1.8337734423255203e+70 37
4.011583198037627e+71 1.6023369428480016e+66 7.972232335242245e+81 6.639884306530392e+68 2.060990581588523e+79 7.804174413012019e+76 4.391937060913195e+73 1.8337734423255203e+70 37
4.011583198037627e+71 1.6023369428480016e+66 7.972232335242245e+81 6.639884306530392e+68 2.060990581588523e+79 7.804174413012019e+76 4.391937060913195e+73 1.8337734423255203e+70 38
4.011583198037627e+71 1.6023369428480016e+66 7.972232335242245e+81 6.639884306530392e+68 2.060990581588523e+79 7.804174413012019e+76 4.391937060913195e+73 1.8337734423255203e+70 37
4.011583198037627e+71 261.4329093606148 7.972232335242245e+81 6.639884306530392e+68 2.060990581588523e+79 7.804174413012019e+76 4.391937060913195e+73 1.8337734423255203e+70 38
5.040806267582815e-06 1.6023369428480016e+66 7.972232335242245e+81 6.639884306530392e+68 2.060990581588523e+79 7.804174413012019e+76 4.391937060913195e+73 1.8337734423255203e+70 38
4.011583198037627e+71 1.6023369428480016e+66 7.972232335242245e+81 6.639884306530392e+68 2.060990581588523e+79 7.804174413012019e+76 4.391937060913195e+73 0.07409476807329107 37
4.011583198037627e+71 1.6023369428480016e+66 7.972232335242245e+81 6.639884306530392e+68 2.060990581588523e+79 7.804174413012019e+76 4.391937060913195e+73 1.8337734423255203e+70 37
9.259259043209882e-09 1.6023369428480016e+66 7.972232335242245e+81 6.639884306530392e+68 2.060990581588523e+79 7.804174413012019e+76 4.391937060913195e+73 1.8337734423255203e+70 37
4.011583198037627e+71 1.6023369428480016e+66 7.972232335242245e+81 6.639884306530392e+68 2.060990581588523e+79 7.804174413012019e+76 4.391937060913195e+73 1.8337734423255203e+70 37
4.011583198037627e+71 5.256575096748706e-05 7.972232335242245e+81 6.639884306530392e+68 2.060990581588523e+79 7.804174413012019e+76 4.391937060913195e+73 1.8337734423255203e+70 38
4.011583198037627e+71 1.6023369428480016e+66 7.972232335242245e+81 6.639884306530392e+68 2.060990581588523e+79 7.804174413012019e+76 4.391937060913195e+73 1.8337734423255203e+70 37
4.011583198037627e+71 1.6023369428480016e+66 7.972232335242245e+81 6.639884306530392e+68 2.060990581588523e+79 7.804174413012019e+76 4.391937060913195e+73 1.8337734423255203e+70 37
4.011583198037627e+71 1.6023369428480016e+66 7.972232335242245e+81 6.639884306530392e+68 2.060990581588523e+79 7.804174413012019e+76 4.391937060913195e+73 1.8337734423255203e+70 37
4.011583198037627e+71 261.4329093606148 7.972232335242245e+81 6.639884306530392e+68 2.060990581588523e+79 7.804174413012019e+76 4.391937060913195e+73 1.8337734423255203e+70 38
4.011583198037627e+71 261.4329093606148 7.972232335242245e+81 6.639884306530392e+68 2.060990581588523e+79 7.804174413012019e+76 4.391937060913195e+73 1.8337734423255203e+70 38
4.011583198037627e+71 1.6023369428480016e+66 7.972232335242245e+81 6.639884306530392e+68 2.060990581588523e+79 7.804174413012019e+76 6.010259208073192e-168 1.8337734423255203e+70 37
4.011583198037627e+71 261.4329093606148 7.972232335242245e+81 6.639884306530392e+68 2.060990581588523e+79 7.804174413012019e+76 4.391937060913195e+73 1.8337734423255203e+70 38
4.011583198037627e+71 1.6023369428480016e+66 7.972232335242245e+81 6.639884306530392e+68 2.060990581588523e+79 7.804174413012019e+76 4.391937060913195e+73 1.8337734423255203e+70 37
4.011583198037627e+71 1.6023369428480016e+66 7.972232335242245e+81 6.639884306530392e+68 2.060990581588523e+79 7.804174413012019e+76 4.391937060913195e+73 1.8337734423255203e+70 37
4.011583198037627e+71 261.4329093606148 7.972232335242245e+81 0.004596799102861106 2.060990581588523e+79 2.0140170713986855e-245 4.391937060913195e+73 1.8337734423255203e+70 38
4.011583198037627e+71 1.6023369428480016e+66 7.972232335242245e+81 6.639884306530392e+68 2.060990581588523e+79 7.804174413012019e+76 2.7525490170561367e-08 1.8337734423255203e+70 37
4.011583198037627e+71 1.6023369428480016e+66 7.972232335242245e+81 6.639884306530392e+68 2.060990581588523e+79 7.804174413012019e+76 4.391937060913195e+73 0.000861493979193732 37
4.011583198037627e+71 1.6023369428480016e+66 7.972232335242245e+81 6.639884306530392e+68 2.060990581588523e+79 7.804174413012019e+76 4.391937060913195e+73 1.8337734423255203e+70 37
4.011583198037627e+71 1.6023369428480016e+66 7.972232335242245e+81 6.639884306530392e+68 2.060990581588523e+79 7.804174413012019e+76 4.391937060913195e+73 1.8337734423255203e+70 37
4.011583198037627e+71 1.6023369428480016e+66 7.972232335242245e+81 6.639884306530392e+68 2.060990581588523e+79 7.804174413012019e+76 4.391937060913195e+73 1.8337734423255203e+70 37
4.011583198037627e+71 1.6023369428480016e+66 7.972232335242245e+81 6.639884306530392e+68 2.060990581588523e+79 7.804174413012019e+76 4.391937060913195e+73 1.8337734423255203e+70 37
9.259259043209882e-09 1.6023369428480016e+66 7.972232335242245e+81 6.639884306530392e+68 2.060990581588523e+79 7.804174413012019e+76 4.391937060913195e+73 1.8337734423255203e+70 38
4.011583198037627e+71 1.6023369428480016e+66 7.972232335242245e+81 6.639884306530392e+68 2.060990581588523e+79 7.804174413012019e+76 4.391937060913195e+73 1.8337734423255203e+70 37
4.011583198037627e+71 1.6023369428480016e+66 7.972232335242245e+81 6.639884306530392e+68 2.060990581588523e+79 7.804174413012019e+76 4.391937060913195e+73 1.8337734423255203e+70 37
4.011583198037627e+71 1.6023369428480016e+66 7.972232335242245e+81 6.639884306530392e+68 2.060990581588523e+79 7.804174413012019e+76 4.391937060913195e+73 0.000861493979193732 38
4.011583198037627e+71 261.4329093606148 7.972232335242245e+81 6.639884306530392e+68 2.060990581588523e+79 7.804174413012019e+76 4.391937060913195e+73 0.07409476807329107 38
4.011583198037627e+71 1.6023369428480016e+66 7.972232335242245e+81 6.639884306530392e+68 2.060990581588523e+79 7.804174413012019e+76 4.391937060913195e+73 1.8337734423255203e+70 37
1.176047682150985e-05 1.6023369428480016e+66 7.972232335242245e+81 6.639884306530392e+68 2.060990581588523e+79 7.804174413012019e+76 4.391937060913195e+73 1.8337734423255203e+70 38
9.259259043209882e-09 1.6023369428480016e+66 7.972232335242245e+81 6.639884306530392e+68 2.060990581588523e+79 7.804174413012019e+76 4.391937060913195e+73 1.8337734423255203e+70 38
4.011583198037627e+71 1.6023369428480016e+66 7.972232335242245e+81 6.639884306530392e+68 2.060990581588523e+79 7.804174413012019e+76 4.391937060913195e+73 1.8337734423255203e+70 37
4.011583198037627e+71 1.6023369428480016e+66 7.972232335242245e+81 5.58839865857724e-244 2.060990581588523e+79 1.4331942446903418e-246 4.391937060913195e+73 1.8337734423255203e+70 37
5.040806267582815e-06 261.4329093606148 7.972232335242245e+81 6.639884306530392e+68 2.060990581588523e+79 7.804174413012019e+76 4.391937060913195e+73 0.000861493979193732 38
4.011583198037627e+71 1.6023369428480016e+66 7.972232335242245e+81 6.639884306530392e+68 2.060990581588523e+79 7.804174413012019e+76 4.391937060913195e+73 1.8337734423255203e+70 37
4.011583198037627e+71 1.6023369428480016e+66 7.972232335242245e+81 6.639884306530392e+68 2.060990581588523e+79 7.804174413012019e+76 4.391937060913195e+73 1.8337734423255203e+70 37
4.011583198037627e+71 1.6023369428480016e+66 7.972232335242245e+81 6.639884306530392e+68 2.060990581588523e+79 7.804174413012019e+76 4.391937060913195e+73 1.8337734423255203e+70 37
4.011583198037627e+71 1.6023369428480016e+66 7.972232335242245e+81 6.639884306530392e+68 2.060990581588523e+79 7.804174413012019e+76 4.391937060913195e+73 1.8337734423255203e+70 37
4.011583198037627e+71 1.6023369428480016e+66 7.972232335242245e+81 6.639884306530392e+68 2.060990581588523e+79 7.804174413012019e+76 4.391937060913195e+73 1.8337734423255203e+70 37
9.259259043209882e-09 1.6023369428480016e+66 7.972232335242245e+81 6.639884306530392e+68 2.060990581588523e+79 7.804174413012019e+76 2.7525490170561367e-08 0.07409476807329107 37
4.011583198037627e+71 1.6023369428480016e+66 7.972232335242245e+81 6.639884306530392e+68 2.060990581588523e+79 7.804174413012019e+76 4.391937060913195e+73 1.8337734423255203e+70 37
4.011583198037627e+71 1.6023369428480016e+66 7.972232335242245e+81 6.639884306530392e+68 2.060990581588523e+79 7.804174413012019e+76 4.391937060913195e+73 1.8337734423255203e+70 37
4.011583198037627e+71 1.6023369428480016e+66 7.972232335242245e+81 6.639884306530392e+68 2.060990581588523e+79 7.804174413012019e+76 4.391937060913195e+73 1.8337734423255203e+70 37
4.011583198037627e+71 1.6023369428480016e+66 7.972232335242245e+81 6.639884306530392e+68 2.060990581588523e+79 7.804174413012019e+76 4.391937060913195e+73 1.8337734423255203e+70 37
4.011583198037627e+71 261.4329093606148 7.972232335242245e+81 6.639884306530392e+68 2.060990581588523e+79 7.804174413012019e+76 4.391937060913195e+73 1.8337734423255203e+70 37
4.011583198037627e+71 1.6023369428480016e+66 7.972232335242245e+81 6.639884306530392e+68 2.060990581588523e+79 7.804174413012019e+76 4.391937060913195e+73 1.8337734423255203e+70 37
4.011583198037627e+71 1.6023369428480016e+66 7.972232335242245e+81 6.639884306530392e+68 2.060990581588523e+79 7.804174413012019e+76 4.391937060913195e+73 1.8337734423255203e+70 38
9.259259043209882e-09 1.6023369428480016e+66 7.972232335242245e+81 1.419120391710101e-07 2.060990581588523e+79 7.804174413012019e+76 4.391937060913195e+73 0.07409476807329107 37
4.011583198037627e+71 5.256575096748706e-05 7.972232335242245e+81 6.639884306530392e+68 2.060990581588523e+79 7.804174413012019e+76 4.391937060913195e+73 1.8337734423255203e+70 37
4.011583198037627e+71 1.6023369428480016e+66 7.972232335242245e+81 6.639884306530392e+68 2.060990581588523e+79 7.804174413012019e+76 4.391937060913195e+73 1.8337734423255203e+70 37
4.011583198037627e+71 1.6023369428480016e+66 7.972232335242245e+81 6.639884306530392e+68 2.060990581588523e+79 7.804174413012019e+76 4.391937060913195e+73 1.8337734423255203e+70 38
4.011583198037627e+71 1.6023369428480016e+66 7.972232335242245e+81 6.639884306530392e+68 2.060990581588523e+79 7.804174413012019e+76 4.391937060913195e+73 1.8337734423255203e+70 37
9.259259043209882e-09 1.6023369428480016e+66 7.972232335242245e+81 6.639884306530392e+68 2.060990581588523e+79 8.731872904026938e-244 0.006953971864016092 1.8337734423255203e+70 38
4.011583198037627e+71 261.4329093606148 7.972232335242245e+81 6.639884306530392e+68 2.060990581588523e+79 2.0140170713986855e-245 4.391937060913195e+73 1.8337734423255203e+70 38
4.011583198037627e+71 1.6023369428480016e+66 0.3 6.639884306530392e+68 2.060990581588523e+79 7.804174413012019e+76 4.391937060913195e+73 1.8337734423255203e+70 37
4.011583198037627e+71 1.6023369428480016e+66 7.972232335242245e+81 6.639884306530392e+68 2.060990581588523e+79 7.804174413012019e+76 4.391937060913195e+73 1.8337734423255203e+70 37
4.011583198037627e+71 1.6023369428480016e+66 7.972232335242245e+81 6.639884306530392e+68 2.060990581588523e+79 7.804174413012019e+76 4.391937060913195e+73 1.8337734423255203e+70 38
4.011583198037627e+71 1.6023369428480016e+66 7.972232335242245e+81 6.639884306530392e+68 2.060990581588523e+79 7.804174413012019e+76 4.391937060913195e+73 1.8337734423255203e+70 37
4.011583198037627e+71 1.6023369428480016e+66 7.972232335242245e+81 6.639884306530392e+68 2.060990581588523e+79 7.804174413012019e+76 4.391937060913195e+73 1.8337734423255203e+70 37
4.011583198037627e+71 261.4329093606148 7.972232335242245e+81 6.639884306530392e+68 2.060990581588523e+79 7.804174413012019e+76 4.391937060913195e+73 1.8337734423255203e+70 38
4.011583198037627e+71 261.4329093606148 7.972232335242245e+81 1.419120391710101e-07 1.7965433956858604e-06 7.804174413012019e+76 2.7525490170561367e-08 1.8337734423255203e+70 38
4.011583198037627e+71 1.6023369428480016e+66 7.972232335242245e+81 6.639884306530392e+68 2.060990581588523e+79 7.804174413012019e+76 4.391937060913195e+73 1.8337734423255203e+70 37
4.011583198037627e+71 1.6023369428480016e+66 7.972232335242245e+81 6.639884306530392e+68 2.060990581588523e+79 7.804174413012019e+76 4.391937060913195e+73 1.8337734423255203e+70 37
4.011583198037627e+71 1.6023369428480016e+66 7.972232335242245e+81 6.639884306530392e+68 2.060990581588523e+79 7.804174413012019e+76 4.391937060913195e+73 1.8337734423255203e+70 37
4.011583198037627e+71 1.6023369428480016e+66 7.972232335242245e+81 6.639884306530392e+68 2.060990581588523e+79 7.804174413012019e+76 4.391937060913195e+73 1.8337734423255203e+70 37
4.011583198037627e+71 1.6023369428480016e+66 7.972232335242245e+81 6.639884306530392e+68 2.060990581588523e+79 7.804174413012019e+76 4.391937060913195e+73 1.8337734423255203e+70 38
4.011583198037627e+71 1.6023369428480016e+66 7.972232335242245e+81 6.639884306530392e+68 2.060990581588523e+79 7.804174413012019e+76 4.391937060913195e+73 1.8337734423255203e+70 37
4.011583198037627e+71 261.4329093606148 7.972232335242245e+81 6.639884306530392e+68 0.63 7.804174413012019e+76 4.391937060913195e+73 1.8337734423255203e+70 37
4.011583198037627e+71 1.6023369428480016e+66 0.3 6.639884306530392e+68 2.060990581588523e+79 7.804174413012019e+76 4.391937060913195e+73 1.8337734423255203e+70 37
4.011583198037627e+71 261.4329093606148 7.972232335242245e+81 0.004596799102861106 2.060990581588523e+79 7.804174413012019e+76 0.006953971864016092 1.8337734423255203e+70 38
9.259259043209882e-09 5.256575096748706e-05 7.972232335242245e+81 1.419120391710101e-07 2.060990581588523e+79 7.804174413012019e+76 0.006953971864016092 0.000861493979193732 38
4.011583198037627e+71 1.6023369428480016e+66 7.972232335242245e+81 6.639884306530392e+68 2.060990581588523e+79 7.804174413012019e+76 4.391937060913195e+73 1.8337734423255203e+70 37
