1e-10 8e-10 9e-10 1.4000000000000001e-09 1.9e-09 2.3e-09 2.7e-09 3.2e-09 38
1e-10 8e-10 9e-10 1.8e-09 1.9e-09 2.3e-09 2.7e-09 3.6e-09 38
1e-10 5e-10 9e-10 1.4000000000000001e-09 1.9e-09 2.3e-09 2.7e-09 3.2e-09 37
1e-10 8e-10 9e-10 1.4000000000000001e-09 1.9e-09 2.3e-09 2.7e-09 3.2e-09 38
1e-10 8e-10 9e-10 1.8e-09 2.2000000000000003e-09 2.3e-09 2.7e-09 3.2e-09 38
1e-10 5e-10 9e-10 1.4000000000000001e-09 1.9e-09 2.3e-09 2.7e-09 3.2e-09 37
1e-10 5e-10 0.3 1.4000000000000001e-09 1.9e-09 2.3e-09 2.7e-09 3.2e-09 37
1e-10 5e-10 9e-10 1.8e-09 1.9e-09 9.881707467995764e-255 4.907010796654614e-169 3.2e-09 37
1e-10 8e-10 9e-10 1.4000000000000001e-09 2.2000000000000003e-09 2.3e-09 2.7e-09 3.6e-09 38
1e-10 8e-10 9e-10 1.7000000000000001e-09 1.9e-09 2.3e-09 2.7e-09 3.3e-09 37
3e-10 5e-10 9e-10 1.4000000000000001e-09 1.9e-09 2.3e-09 3.1e-09 3.6e-09 37
1e-10 6e-10 9e-10 1.4000000000000001e-09 1.9e-09 2.3e-09 2.7e-09 3.3e-09 38
1e-10 5e-10 9e-10 1.4000000000000001e-09 1.9e-09 2.3e-09 2.7e-09 3.2e-09 37
1e-10 5e-10 9e-10 1.4000000000000001e-09 1.9e-09 2.3e-09 2.7e-09 3.2e-09 38
1e-10 8e-10 9e-10 1.4000000000000001e-09 1.9e-09 2.3e-09 2.7e-09 3.2e-09 38
1e-10 5e-10 9e-10 1.4000000000000001e-09 1.9e-09 2.3e-09 2.7e-09 3.2e-09 37
1e-10 6e-10 9e-10 1.4000000000000001e-09 1.9e-09 2.3e-09 2.7e-09 3.2e-09 38
1e-10 8e-10 9e-10 1.4000000000000001e-09 1.9e-09 2.3e-09 2.7e-09 3.2e-09 38
1e-10 5e-10 9e-10 1.4000000000000001e-09 1.9e-09 2.3e-09 2.7e-09 3.2e-09 37
2e-10 8e-10 9e-10 1.4000000000000001e-09 1.9e-09 2.3e-09 2.7e-09 3.3e-09 38
4e-10 5e-10 9e-10 1.4000000000000001e-09 1.9e-09 2.3e-09 2.7e-09 3.2e-09 38
1e-10 5e-10 9e-10 1.4000000000000001e-09 1.9e-09 2.3e-09 2.7e-09 3.2e-09 37
1e-10 5e-10 9e-10 1.4000000000000001e-09 1.9e-09 2.3e-09 2.7e-09 3.2e-09 37
1e-10 5e-10 9e-10 1.4000000000000001e-09 1.9e-09 2.3e-09 2.7e-09 3.2e-09 37
1e-10 0.21 9e-10 1.4000000000000001e-09 1.9e-09 2.3e-09 2.7e-09 7.715267743405888e-251 38
1e-10 5e-10 9e-10 1.4000000000000001e-09 1.9e-09 2.3e-09 2.7e-09 3.2e-09 37
1e-10 5e-10 9e-10 1.5e-09 1.9e-09 1.1436023473569014e-253 2.7e-09 3.2e-09 37
1e-10 5e-10 9e-10 1.4000000000000001e-09 1.9e-09 2.3e-09 2.7e-09 3.2e-09 37
1e-10 5e-10 9e-10 1.4000000000000001e-09 1.9e-09 2.3e-09 2.7e-09 3.6e-09 37
1e-10 5e-10 9e-10 1.4000000000000001e-09 1.9e-09 2.3e-09 2.7e-09 3.2e-09 37
1e-10 8e-10 9e-10 1.4000000000000001e-09 1.9e-09 2.3e-09 2.7e-09 3.6e-09 37
1e-10 8e-10 9e-10 1.8e-09 2.2000000000000003e-09 2.3e-09 2.7e-09 3.2e-09 38
1e-10 5e-10 9e-10 1.4000000000000001e-09 1.9e-09 2.3e-09 3e-09 3.2e-09 38
1e-10 6e-10 9e-10 1.4000000000000001e-09 1.9e-09 2.3e-09 2.7e-09 3.2e-09 37
1e-10 5e-10 9e-10 1.7000000000000001e-09 1.9e-09 2.3e-09 2.7e-09 3.2e-09 38
1e-10 5e-10 9e-10 1.4000000000000001e-09 1.9e-09 2.3e-09 2.7e-09 3.2e-09 37
1e-10 5e-10 9e-10 1.4000000000000001e-09 1.9e-09 2.3e-09 2.7e-09 3.2e-09 37
1e-10 5e-10 9e-10 1.4000000000000001e-09 1.9e-09 2.3e-09 2.7e-09 3.2e-09 37
1e-10 5e-10 9e-10 1.4000000000000001e-09 1.9e-09 2.3e-09 2.7e-09 3.2e-09 37
1e-10 5e-10 9e-10 1.4000000000000001e-09 1.9e-09 2.3e-09 2.7e-09 3.6e-09 37
1e-10 5e-10 9e-10 1.4000000000000001e-09 1.9e-09 2.3e-09 2.7e-09 3.2e-09 37
1e-10 5e-10 9e-10 1.4000000000000001e-09 1.9e-09 2.3e-09 2.7e-09 3.2e-09 37
1e-10 8e-10 9e-10 1.4000000000000001e-09 1.9e-09 2.3e-09 3e-09 3.2e-09 38
1e-10 5e-10 9e-10 1.4000000000000001e-09 1.9e-09 2.3e-09 2.7e-09 3.2e-09 37
1e-10 5e-10 9e-10 1.4000000000000001e-09 1.9e-09 2.3e-09 2.7e-09 3.2e-09 37
1e-10 5e-10 9e-10 1.4000000000000001e-09 1.9e-09 2.3e-09 2.7e-09 3.2e-09 37
1e-10 5e-10 9e-10 1.4000000000000001e-09 1.9e-09 2.3e-09 2.7e-09 3.2e-09 38
1e-10 5e-10 9e-10 1.5e-09 1.9e-09 2.3e-09 2.7e-09 3.2e-09 37
1e-10 5e-10 9e-10 1.4000000000000001e-09 1.9e-09 2.3e-09 2.7e-09 3.2e-09 37
3e-10 5e-10 9e-10 1.4000000000000001e-09 1.9e-09 2.3e-09 2.7e-09 3.6e-09 38
1e-10 8e-10 9e-10 1.4000000000000001e-09 1.9e-09 2.3e-09 2.7e-09 3.2e-09 37
1e-10 5e-10 9e-10 1.4000000000000001e-09 1.9e-09 2.3e-09 2.7e-09 3.2e-09 37
1e-10 5e-10 9e-10 1.4000000000000001e-09 1.9e-09 2.3e-09 2.7e-09 3.2e-09 37
1e-10 8e-10 9e-10 1.4000000000000001e-09 1.9e-09 2.3e-09 2.7e-09 3.2e-09 37
1e-10 6e-10 9e-10 1.4000000000000001e-09 1.9e-09 2.3e-09 2.7e-09 3.2e-09 38
1e-10 8e-10 9e-10 1.4000000000000001e-09 1.9e-09 2.3e-09 2.7e-09 3.2e-09 38
1e-10 5e-10 9e-10 1.7000000000000001e-09 1.9e-09 2.3e-09 2.7e-09 3.2e-09 37
1e-10 5e-10 9e-10 1.4000000000000001e-09 1.9e-09 2.3e-09 2.7e-09 3.2e-09 37
1e-10 5e-10 9e-10 1.4000000000000001e-09 1.9e-09 2.3e-09 2.7e-09 3.2e-09 37
1e-10 5e-10 9e-10 1.4000000000000001e-09 1.9e-09 2.3e-09 2.7e-09 3.2e-09 37
1e-10 5e-10 9e-10 1.4000000000000001e-09 1.9e-09 2.3e-09 2.7e-09 3.2e-09 37
1e-10 5e-10 9e-10 1.7000000000000001e-09 1.9e-09 2.3e-09 3.1e-09 3.6e-09 38
1e-10 5e-10 9e-10 7.319055023084169e-254 1.9e-09 2.3e-09 2.7e-09 3.2e-09 38
1e-10 5e-10 9e-10 1.4000000000000001e-09 1.9e-09 2.3e-09 2.7e-09 3.2e-09 38
1e-10 5e-10 9e-10 1.4000000000000001e-09 1.9e-09 2.3e-09 2.7e-09 3.2e-09 37
1e-10 8e-10 9e-10 1.4000000000000001e-09 1.9e-09 2.3e-09 2.7e-09 3.2e-09 37
1e-10 8e-10 9e-10 1.4000000000000001e-09 2.2000000000000003e-09 2.3e-09 2.7e-09 3.2e-09 38
1e-10 5e-10 9e-10 1.4000000000000001e-09 1.9e-09 2.3e-09 2.7e-09 3.6e-09 37
1e-10 5e-10 9e-10 7.319055023084169e-254 1.9e-09 2.3e-09 2.7e-09 3.2e-09 38
1e-10 5e-10 9e-10 1.4000000000000001e-09 1.9e-09 2.3e-09 2.7e-09 3.2e-09 37
1e-10 6e-10 9e-10 1.4000000000000001e-09 1.9e-09 2.3e-09 2.7e-09 3.2e-09 37
1e-10 5e-10 9e-10 1.4000000000000001e-09 1.9e-09 2.3e-09 2.7e-09 3.2e-09 37
1e-10 5e-10 9e-10 1.4000000000000001e-09 1.9e-09 2.3e-09 2.7e-09 3.2e-09 38
1e-10 8e-10 9e-10 1.4000000000000001e-09 1.9e-09 2.3e-09 3.1e-09 3.2e-09 38
1e-10 5e-10 9e-10 1.4000000000000001e-09 1.9e-09 2.3e-09 2.7e-09 3.2e-09 38
1e-10 5e-10 9e-10 1.4000000000000001e-09 1.9e-09 2.3e-09 2.7e-09 3.2e-09 37
1e-10 8e-10 9e-10 1.4000000000000001e-09 1.9e-09 2.3e-09 2.7e-09 3.2e-09 38
1e-10 8e-10 9e-10 1.4000000000000001e-09 1.9e-09 2.3e-09 2.7e-09 3.2e-09 37
3e-10 5e-10 9e-10 1.4000000000000001e-09 1.9e-09 2.3e-09 2.7e-09 3.2e-09 37
1e-10 0.21 9e-10 1.4000000000000001e-09 1.9e-09 2.3e-09 2.7e-09 7.715267743405888e-251 38
4e-10 5e-10 9e-10 1.4000000000000001e-09 1.9e-09 2.3e-09 2.7e-09 3.2e-09 38
1e-10 5e-10 9e-10 1.5e-09 1.9e-09 2.3e-09 2.7e-09 3.2e-09 37
1e-10 5e-10 9e-10 1.4000000000000001e-09 1.9e-09 2.3e-09 2.7e-09 3.2e-09 37
1e-10 5e-10 9e-10 1.4000000000000001e-09 1.9e-09 2.3e-09 8.84179196332697e-256 3.2e-09 38
1e-10 6e-10 9e-10 1.4000000000000001e-09 1.9e-09 2.3e-09 2.7e-09 3.2e-09 37
1e-10 5e-10 9e-10 1.4000000000000001e-09 1.9e-09 2.3e-09 8.84179196332697e-256 3.2e-09 37
1e-10 8e-10 9e-10 1.4000000000000001e-09 1.9e-09 2.3e-09 2.7e-09 3.2e-09 38
1e-10 5e-10 9e-10 1.4000000000000001e-09 1.9e-09 2.3e-09 2.7e-09 3.6e-09 37
1e-10 0.21 9e-10 1.4000000000000001e-09 1.9e-09 2.3e-09 2.7e-09 7.715267743405888e-251 38
1e-10 5e-10 9e-10 1.4000000000000001e-09 1.9e-09 2.3e-09 2.7e-09 3.2e-09 38
1e-10 5e-10 9e-10 1.4000000000000001e-09 1.9e-09 2.3e-09 2.7e-09 3.2e-09 37
2e-10 5e-10 9e-10 1.4000000000000001e-09 1.9e-09 2.3e-09 2.7e-09 3.2e-09 38
1e-10 8e-10 9e-10 1.4000000000000001e-09 1.9e-09 2.3e-09 2.7e-09 3.2e-09 38
1e-10 5e-10 9e-10 1.4000000000000001e-09 1.9e-09 2.3e-09 2.7e-09 3.2e-09 37
1e-10 5e-10 9e-10 1.4000000000000001e-09 1.9e-09 2.3e-09 2.7e-09 3.2e-09 38
1e-10 5e-10 9e-10 1.4000000000000001e-09 1.9e-09 2.3e-09 2.7e-09 3.2e-09 37
1e-10 5e-10 9e-10 1.4000000000000001e-09 1.9e-09 2.3e-09 2.7e-09 3.2e-09 37
1e-10 6e-10 9e-10 1.4000000000000001e-09 1.9e-09 2.3e-09 2.7e-09 3.2e-09 37
1e-10 5e-10 9e-10 1.4000000000000001e-09 1.9e-09 2.3e-09 2.7e-09 3.2e-09 37
1e-10 8e-10 9e-10 1.4000000000000001e-09 1.9e-09 2.3e-09 2.7e-09 3.2e-09 38
1e-10 5e-10 9e-10 1.4000000000000001e-09 1.9e-09 2.3e-09 2.7e-09 3.2e-09 38
1e-10 5e-10 9e-10 1.4000000000000001e-09 1.9e-09 2.3e-09 2.7e-09 3.2e-09 37
1e-10 6e-10 9e-10 1.4000000000000001e-09 1.9e-09 2.3e-09 2.7e-09 3.2e-09 37
1e-10 6e-10 9e-10 1.8e-09 1.9e-09 2.3e-09 2.7e-09 3.2e-09 37
1e-10 8e-10 9e-10 1.4000000000000001e-09 1.9e-09 2.3e-09 2.7e-09 3.2e-09 38
1e-10 5e-10 9e-10 1.4000000000000001e-09 1.9e-09 2.3e-09 2.7e-09 3.6e-09 37
1e-10 8e-10 9e-10 1.7000000000000001e-09 2.2000000000000003e-09 2.3e-09 2.7e-09 1.02 38
1e-10 5e-10 9e-10 1.7000000000000001e-09 1.9e-09 2.3e-09 2.7e-09 3.2e-09 37
1e-10 5e-10 9e-10 1.4000000000000001e-09 1.9e-09 2.3e-09 2.7e-09 3.2e-09 37
1e-10 8e-10 9e-10 1.4000000000000001e-09 1.9e-09 2.3e-09 2.7e-09 3.2e-09 38
1e-10 5e-10 9e-10 1.4000000000000001e-09 1.9e-09 2.3e-09 2.7e-09 3.2e-09 37
1e-10 5e-10 9e-10 1.4000000000000001e-09 1.9e-09 2.3e-09 2.7e-09 3.2e-09 37
1e-10 6e-10 9e-10 1.5e-09 1.9e-09 2.3e-09 2.7e-09 3.2e-09 37
1e-10 6e-10 9e-10 1.4000000000000001e-09 1.9e-09 2.3e-09 2.7e-09 3.2e-09 38
1e-10 6e-10 9e-10 1.4000000000000001e-09 1.9e-09 2.3e-09 2.7e-09 3.2e-09 37
1e-10 5e-10 9e-10 1.4000000000000001e-09 1.9e-09 2.3e-09 2.7e-09 3.2e-09 37
1e-10 8e-10 9e-10 1.4000000000000001e-09 1.9e-09 2.3e-09 2.7e-09 3.6e-09 37
1e-10 5e-10 9e-10 1.4000000000000001e-09 1.9e-09 2.3e-09 2.7e-09 3.2e-09 37
1e-10 0.21 9e-10 1.4000000000000001e-09 1.9e-09 2.3e-09 2.7e-09 3.2e-09 37
1e-10 8e-10 9e-10 1.4000000000000001e-09 0.63 2.3e-09 2.7e-09 3.2e-09 37
1e-10 8e-10 9e-10 1.7000000000000001e-09 1.9e-09 9.881707467995764e-255 2.7e-09 3.2e-09 38
1e-10 5e-10 9e-10 1.4000000000000001e-09 1.9e-09 2.3e-09 2.7e-09 3.2e-09 38
1e-10 5e-10 9e-10 1.4000000000000001e-09 1.9e-09 2.3e-09 2.7e-09 3.2e-09 37
1e-10 5e-10 9e-10 1.4000000000000001e-09 1.9e-09 2.3e-09 2.7e-09 3.2e-09 37
1e-10 5e-10 9e-10 1.5e-09 1.9e-09 2.3e-09 2.7e-09 3.2e-09 37
1e-10 6e-10 9e-10 1.4000000000000001e-09 1.9e-09 2.3e-09 2.7e-09 3.2e-09 37
1e-10 8e-10 9e-10 1.4000000000000001e-09 1.9e-09 2.3e-09 2.7e-09 3.6e-09 37
1e-10 5e-10 9e-10 1.4000000000000001e-09 1.9e-09 2.3e-09 2.7e-09 3.2e-09 37
1e-10 5e-10 9e-10 1.4000000000000001e-09 1.9e-09 2.3e-09 2.7e-09 3.2e-09 37
1e-10 8e-10 9e-10 1.4000000000000001e-09 1.9e-09 2.3e-09 3e-09 1.02 38
1e-10 5e-10 9e-10 1.4000000000000001e-09 1.9e-09 2.3e-09 2.7e-09 3.2e-09 37
1e-10 0.21 9e-10 1.4000000000000001e-09 1.9e-09 2.3e-09 2.7e-09 3.2e-09 37
3e-10 5e-10 9e-10 1.4000000000000001e-09 1.9e-09 2.3e-09 2.7e-09 3.2e-09 37
1e-10 5e-10 9e-10 1.4000000000000001e-09 1.9e-09 2.3e-09 2.7e-09 3.2e-09 37
1e-10 5e-10 9e-10 1.4000000000000001e-09 1.9e-09 2.3e-09 2.7e-09 3.2e-09 37
1e-10 5e-10 9e-10 1.4000000000000001e-09 1.9e-09 2.3e-09 2.7e-09 3.2e-09 37
1e-10 5e-10 9e-10 1.4000000000000001e-09 1.9e-09 2.3e-09 2.7e-09 3.2e-09 37
4e-10 6e-10 0.3 1.4000000000000001e-09 1.9e-09 2.3e-09 2.7e-09 3.3e-09 38
1e-10 5e-10 9e-10 1.4000000000000001e-09 1.9e-09 2.3e-09 2.7e-09 3.2e-09 37
1e-10 5e-10 9e-10 1.4000000000000001e-09 1.9e-09 2.3e-09 2.7e-09 3.2e-09 37
1e-10 5e-10 9e-10 1.7000000000000001e-09 1.9e-09 1.1436023473569014e-253 2.7e-09 3.2e-09 38
1e-10 5e-10 9e-10 1.4000000000000001e-09 1.9e-09 2.3e-09 8.84179196332697e-256 3.2e-09 38
1e-10 5e-10 9e-10 1.4000000000000001e-09 1.9e-09 2.3e-09 2.7e-09 3.2e-09 37
1e-10 8e-10 9e-10 1.8e-09 2.2000000000000003e-09 2.3e-09 2.7e-09 3.2e-09 38
1e-10 5e-10 9e-10 1.4000000000000001e-09 1.9e-09 2.3e-09 2.7e-09 3.2e-09 37
1e-10 5e-10 9e-10 1.4000000000000001e-09 1.9e-09 2.3e-09 2.7e-09 3.6e-09 37
1e-10 5e-10 9e-10 1.4000000000000001e-09 1.9e-09 2.3e-09 2.7e-09 3.2e-09 37
1e-10 5e-10 9e-10 1.4000000000000001e-09 1.9e-09 2.3e-09 2.7e-09 3.2e-09 37
1e-10 5e-10 9e-10 1.4000000000000001e-09 1.9e-09 2.3e-09 2.7e-09 3.2e-09 37
1e-10 5e-10 9e-10 1.4000000000000001e-09 1.9e-09 2.3e-09 2.7e-09 3.2e-09 37
1e-10 5e-10 9e-10 1.4000000000000001e-09 1.9e-09 2.3e-09 2.7e-09 3.2e-09 37
1e-10 5e-10 9e-10 1.4000000000000001e-09 1.9e-09 2.3e-09 2.7e-09 3.2e-09 37
3e-10 5e-10 0.3 1.4000000000000001e-09 1.9e-09 2.3e-09 3e-09 3.2e-09 37
1e-10 5e-10 9e-10 1.4000000000000001e-09 1.9e-09 2.3e-09 2.7e-09 3.2e-09 38
3e-10 5e-10 9e-10 1.4000000000000001e-09 1.9e-09 2.3e-09 2.7e-09 3.6e-09 37
1e-10 5e-10 9e-10 1.4000000000000001e-09 1.9e-09 2.3e-09 2.7e-09 3.3e-09 38
1e-10 8e-10 9e-10 1.7000000000000001e-09 1.9e-09 2.3e-09 2.7e-09 3.3e-09 37
1e-10 6e-10 9e-10 1.4000000000000001e-09 1.9e-09 2.3e-09 2.7e-09 3.2e-09 37
1e-10 5e-10 9e-10 1.4000000000000001e-09 1.9e-09 2.3e-09 2.7e-09 3.2e-09 37
1e-10 5e-10 9e-10 1.4000000000000001e-09 1.9e-09 2.3e-09 2.7e-09 3.2e-09 37
1e-10 5e-10 9e-10 1.4000000000000001e-09 1.9e-09 2.3e-09 2.7e-09 3.2e-09 37
1e-10 8e-10 0.32999999999999996 1.4000000000000001e-09 1.9e-09 2.3e-09 2.7e-09 3.3e-09 38
1e-10 5e-10 9e-10 1.4000000000000001e-09 1.9e-09 2.3e-09 2.7e-09 3.2e-09 37
1e-10 5e-10 9e-10 1.4000000000000001e-09 1.9e-09 2.3e-09 2.7e-09 3.2e-09 37
1e-10 5e-10 9e-10 1.4000000000000001e-09 1.9e-09 2.3e-09 2.7e-09 3.2e-09 37
1e-10 5e-10 9e-10 1.4000000000000001e-09 1.9e-09 2.3e-09 2.7e-09 3.2e-09 37
4e-10 5e-10 9e-10 1.4000000000000001e-09 1.9e-09 2.3e-09 2.7e-09 3.2e-09 37
1e-10 8e-10 9e-10 1.4000000000000001e-09 0.63 2.3e-09 2.7e-09 3.2e-09 38
2e-10 5e-10 9e-10 1.4000000000000001e-09 1.9e-09 2.3e-09 2.7e-09 3.2e-09 37
1e-10 5e-10 9e-10 1.4000000000000001e-09 1.9e-09 2.3e-09 2.7e-09 3.2e-09 37
1e-10 5e-10 9e-10 1.4000000000000001e-09 1.9e-09 2.3e-09 2.7e-09 3.2e-09 37
1e-10 5e-10 9e-10 1.4000000000000001e-09 1.9e-09 2.3e-09 2.7e-09 3.2e-09 37
1e-10 5e-10 9e-10 1.4000000000000001e-09 1.9e-09 2.3e-09 2.7e-09 3.2e-09 37
1e-10 8e-10 9e-10 1.4000000000000001e-09 1.9e-09 2.3e-09 2.7e-09 3.2e-09 38
1e-10 8e-10 9e-10 1.4000000000000001e-09 1.9e-09 2.3e-09 2.7e-09 3.2e-09 38
1e-10 5e-10 9e-10 1.4000000000000001e-09 1.9e-09 2.3e-09 2.7e-09 3.2e-09 38
1e-10 5e-10 9e-10 1.4000000000000001e-09 1.9e-09 2.3e-09 3e-09 3.2e-09 38
1e-10 5e-10 9e-10 1.4000000000000001e-09 1.9e-09 2.3e-09 2.7e-09 3.2e-09 37
1e-10 5e-10 9e-10 1.4000000000000001e-09 1.9e-09 2.3e-09 2.7e-09 3.2e-09 37
1e-10 5e-10 9e-10 1.4000000000000001e-09 1.9e-09 2.3e-09 2.7e-09 3.2e-09 37
1e-10 8e-10 9e-10 1.4000000000000001e-09 1.9e-09 2.3e-09 2.7e-09 3.6e-09 38
1e-10 5e-10 9e-10 1.4000000000000001e-09 1.9e-09 2.3e-09 2.7e-09 3.2e-09 37
1e-10 5e-10 9e-10 7.319055023084169e-254 1.9e-09 2.508435949354324e-255 2.7e-09 3.2e-09 37
1e-10 5e-10 9e-10 1.4000000000000001e-09 1.9e-09 2.3e-09 2.7e-09 3.2e-09 37
1e-10 5e-10 9e-10 1.4000000000000001e-09 1.9e-09 2.3e-09 2.7e-09 3.2e-09 37
1e-10 5e-10 9e-10 1.4000000000000001e-09 1.9e-09 2.3e-09 2.7e-09 3.2e-09 37
1e-10 5e-10 9e-10 1.4000000000000001e-09 1.9e-09 2.3e-09 2.7e-09 3.2e-09 37
1e-10 5e-10 9e-10 1.4000000000000001e-09 1.9e-09 2.3e-09 2.7e-09 3.2e-09 37
1e-10 8e-10 9e-10 1.4000000000000001e-09 2.2000000000000003e-09 2.3e-09 3.1e-09 3.2e-09 37
1e-10 5e-10 9e-10 1.4000000000000001e-09 1.9e-09 2.3e-09 2.7e-09 3.2e-09 37
1e-10 8e-10 9e-10 1.4000000000000001e-09 1.9e-09 2.3e-09 2.7e-09 3.3e-09 38
1e-10 5e-10 9e-10 1.4000000000000001e-09 1.9e-09 2.3e-09 2.7e-09 3.2e-09 37
1e-10 5e-10 9e-10 1.4000000000000001e-09 1.9e-09 2.3e-09 3e-09 3.2e-09 38
1e-10 8e-10 9e-10 1.8e-09 1.9e-09 2.3e-09 2.7e-09 3.6e-09 38
1e-10 5e-10 9e-10 1.4000000000000001e-09 1.9e-09 2.3e-09 2.7e-09 3.2e-09 37
1e-10 5e-10 9e-10 1.4000000000000001e-09 1.9e-09 2.3e-09 2.7e-09 3.2e-09 37
1e-10 5e-10 9e-10 1.4000000000000001e-09 1.9e-09 2.3e-09 2.7e-09 3.2e-09 37
1e-10 5e-10 9e-10 1.4000000000000001e-09 1.9e-09 2.3e-09 2.7e-09 3.2e-09 37
1e-10 5e-10 9e-10 1.4000000000000001e-09 1.9e-09 2.3e-09 3.1e-09 3.2e-09 37
1e-10 8e-10 9e-10 1.4000000000000001e-09 1.9e-09 2.3e-09 2.7e-09 3.2e-09 38
1e-10 5e-10 9e-10 1.7000000000000001e-09 1.9e-09 2.3e-09 2.7e-09 3.2e-09 37
1e-10 5e-10 9e-10 1.4000000000000001e-09 1.9e-09 2.3e-09 2.7e-09 3.2e-09 37
1e-10 5e-10 9e-10 7.319055023084169e-254 1.9e-09 2.3e-09 2.7e-09 3.2e-09 37
1e-10 5e-10 9e-10 1.4000000000000001e-09 1.9e-09 2.3e-09 2.7e-09 3.2e-09 37
1e-10 5e-10 9e-10 1.4000000000000001e-09 1.9e-09 2.3e-09 2.7e-09 3.2e-09 37
1e-10 5e-10 9e-10 1.4000000000000001e-09 1.9e-09 2.3e-09 4.907010796654614e-169 3.2e-09 38
1e-10 5e-10 9e-10 1.4000000000000001e-09 1.9e-09 2.3e-09 2.7e-09 3.3e-09 37
1e-10 5e-10 9e-10 1.4000000000000001e-09 1.9e-09 2.3e-09 2.7e-09 3.2e-09 37
1e-10 5e-10 9e-10 1.4000000000000001e-09 1.9e-09 2.3e-09 2.7e-09 3.2e-09 38
4e-10 5e-10 9e-10 1.4000000000000001e-09 1.9e-09 2.3e-09 2.7e-09 3.3e-09 38
4e-10 5e-10 9e-10 1.4000000000000001e-09 1.9e-09 2.3e-09 2.7e-09 3.3e-09 37
1e-10 5e-10 9e-10 1.4000000000000001e-09 1.9e-09 2.3e-09 2.7e-09 3.3e-09 38
1e-10 5e-10 9e-10 1.4000000000000001e-09 1.9e-09 2.3e-09 2.7e-09 3.2e-09 37
4e-10 5e-10 9e-10 1.4000000000000001e-09 1.9e-09 2.3e-09 2.7e-09 3.3e-09 38
1e-10 5e-10 9e-10 1.4000000000000001e-09 1.9e-09 2.3e-09 2.7e-09 3.2e-09 37
1e-10 8e-10 9e-10 1.4000000000000001e-09 1.9e-09 2.3e-09 2.7e-09 3.2e-09 38
1e-10 5e-10 9e-10 1.4000000000000001e-09 1.9e-09 2.3e-09 2.7e-09 3.2e-09 37
1e-10 6e-10 9e-10 1.4000000000000001e-09 1.9e-09 2.3e-09 2.7e-09 3.2e-09 37
1e-10 8e-10 9e-10 1.4000000000000001e-09 1.9e-09 2.3e-09 2.7e-09 3.6e-09 38
1e-10 5e-10 9e-10 1.4000000000000001e-09 1.9e-09 2.3e-09 2.7e-09 3.2e-09 37
1e-10 5e-10 9e-10 1.4000000000000001e-09 1.9e-09 2.3e-09 2.7e-09 3.2e-09 37
1e-10 5e-10 9e-10 1.4000000000000001e-09 1.9e-09 2.3e-09 3e-09 3.2e-09 37
1e-10 5e-10 9e-10 1.4000000000000001e-09 1.9e-09 2.3e-09 2.7e-09 3.2e-09 37
2e-10 8e-10 2.0304872262019093e-169 1.4000000000000001e-09 1.9e-09 2.508435949354324e-255 2.7e-09 7.715267743405888e-251 38
1e-10 5e-10 9e-10 1.4000000000000001e-09 1.9e-09 2.3e-09 2.7e-09 3.2e-09 37
1e-10 5e-10 9e-10 1.4000000000000001e-09 1.9e-09 2.3e-09 2.7e-09 3.2e-09 38
1e-10 8e-10 9e-10 1.4000000000000001e-09 1.9e-09 2.3e-09 2.7e-09 3.2e-09 38
1e-10 5e-10 9e-10 1.4000000000000001e-09 1.9e-09 2.3e-09 2.7e-09 3.2e-09 37
1e-10 5e-10 9e-10 1.7000000000000001e-09 1.9e-09 2.3e-09 2.7e-09 3.2e-09 37
1e-10 5e-10 9e-10 1.4000000000000001e-09 1.9e-09 2.3e-09 2.7e-09 3.2e-09 37
1e-10 5e-10 9e-10 1.4000000000000001e-09 1.9e-09 2.3e-09 2.7e-09 3.2e-09 37
1e-10 5e-10 9e-10 1.4000000000000001e-09 1.9e-09 2.3e-09 2.7e-09 3.2e-09 37
1e-10 5e-10 9e-10 1.4000000000000001e-09 1.9e-09 2.3e-09 2.7e-09 3.2e-09 37
1e-10 8e-10 9e-10 1.4000000000000001e-09 1.9e-09 2.3e-09 2.7e-09 3.2e-09 38
1e-10 5e-10 9e-10 1.7000000000000001e-09 1.9e-09 2.3e-09 2.7e-09 3.2e-09 37
1e-10 5e-10 9e-10 1.4000000000000001e-09 1.9e-09 2.3e-09 2.7e-09 3.2e-09 37
1e-10 5e-10 9e-10 1.4000000000000001e-09 1.9e-09 2.3e-09 2.7e-09 3.6e-09 37
1e-10 6e-10 9e-10 1.4000000000000001e-09 1.9e-09 2.3e-09 2.7e-09 3.2e-09 38
1e-10 8e-10 9e-10 1.4000000000000001e-09 1.9e-09 2.3e-09 2.7e-09 3.2e-09 38
3e-10 5e-10 9e-10 1.4000000000000001e-09 1.9e-09 2.3e-09 2.7e-09 3.2e-09 38
1e-10 8e-10 9e-10 1.4000000000000001e-09 1.9e-09 2.3e-09 4.907010796654614e-169 3.2e-09 38
2e-10 5e-10 9e-10 1.4000000000000001e-09 1.9e-09 2.3e-09 2.7e-09 3.3e-09 37
1e-10 5e-10 9e-10 1.4000000000000001e-09 1.9e-09 2.3e-09 2.7e-09 3.2e-09 37
1e-10 5e-10 9e-10 1.4000000000000001e-09 1.9e-09 2.3e-09 2.7e-09 3.2e-09 37
1e-10 5e-10 9e-10 1.4000000000000001e-09 1.9e-09 2.3e-09 2.7e-09 3.3e-09 38
1e-10 5e-10 9e-10 1.4000000000000001e-09 1.9e-09 2.3e-09 2.7e-09 3.2e-09 37
1e-10 5e-10 9e-10 1.4000000000000001e-09 1.9e-09 2.3e-09 2.7e-09 3.2e-09 37
1e-10 5e-10 9e-10 1.4000000000000001e-09 1.9e-09 2.3e-09 2.7e-09 3.2e-09 37
4e-10 6e-10 0.3 1.4000000000000001e-09 1.9e-09 2.3e-09 2.7e-09 3.3e-09 38
1e-10 8e-10 9e-10 1.4000000000000001e-09 1.9e-09 2.3e-09 2.7e-09 3.2e-09 37
1e-10 8e-10 9e-10 1.4000000000000001e-09 1.9e-09 2.3e-09 2.7e-09 3.6e-09 38
1e-10 5e-10 9e-10 1.4000000000000001e-09 1.9e-09 2.3e-09 2.7e-09 3.2e-09 37
1e-10 5e-10 9e-10 1.4000000000000001e-09 1.9e-09 2.3e-09 3e-09 3.2e-09 38
1e-10 5e-10 9e-10 1.4000000000000001e-09 1.9e-09 2.3e-09 2.7e-09 3.2e-09 37
1e-10 5e-10 9e-10 1.4000000000000001e-09 1.9e-09 2.3e-09 2.7e-09 3.3e-09 37
1e-10 8e-10 9e-10 1.4000000000000001e-09 0.63 2.3e-09 2.7e-09 3.2e-09 37
1e-10 5e-10 9e-10 1.7000000000000001e-09 1.9e-09 2.3e-09 2.7e-09 3.2e-09 37
1e-10 5e-10 9e-10 1.4000000000000001e-09 1.9e-09 2.3e-09 2.7e-09 3.2e-09 37
2e-10 5e-10 9e-10 1.7000000000000001e-09 1.9e-09 2.3e-09 2.7e-09 3.2e-09 37
1e-10 5e-10 9e-10 1.4000000000000001e-09 1.9e-09 2.3e-09 2.7e-09 3.2e-09 37
2e-10 5e-10 9e-10 1.4000000000000001e-09 1.9e-09 2.3e-09 2.7e-09 3.2e-09 38
1e-10 5e-10 9e-10 1.4000000000000001e-09 1.9e-09 2.3e-09 2.7e-09 3.2e-09 37
1e-10 8e-10 9e-10 1.4000000000000001e-09 1.9e-09 2.3e-09 2.7e-09 3.6e-09 37
1e-10 5e-10 9e-10 1.4000000000000001e-09 1.9e-09 2.3e-09 2.7e-09 3.2e-09 37
4e-10 5e-10 9e-10 1.4000000000000001e-09 1.9e-09 2.3e-09 2.7e-09 3.2e-09 38
1e-10 5e-10 9e-10 1.4000000000000001e-09 1.9e-09 2.3e-09 2.7e-09 3.2e-09 37
1e-10 8e-10 9e-10 1.4000000000000001e-09 2.2000000000000003e-09 2.3e-09 2.7e-09 3.6e-09 38
2e-10 5e-10 9e-10 1.4000000000000001e-09 1.9e-09 2.3e-09 2.7e-09 3.2e-09 37
1e-10 6e-10 9e-10 1.4000000000000001e-09 1.9e-09 2.3e-09 2.7e-09 3.2e-09 38
1e-10 5e-10 9e-10 1.4000000000000001e-09 1.9e-09 2.3e-09 2.7e-09 3.2e-09 37
4e-10 5e-10 9e-10 1.4000000000000001e-09 1.9e-09 2.3e-09 2.7e-09 3.2e-09 37
1e-10 5e-10 9e-10 1.4000000000000001e-09 1.9e-09 2.3e-09 2.7e-09 3.2e-09 38
1e-10 6e-10 9e-10 1.4000000000000001e-09 1.9e-09 2.3e-09 2.7e-09 3.2e-09 38
1e-10 8e-10 9e-10 1.4000000000000001e-09 1.9e-09 2.3e-09 2.7e-09 3.6e-09 37
4e-10 5e-10 9e-10 1.4000000000000001e-09 1.9e-09 2.3e-09 2.7e-09 3.3e-09 38
1e-10 8e-10 9e-10 1.4000000000000001e-09 2.2000000000000003e-09 2.3e-09 2.7e-09 3.2e-09 38
1e-10 5e-10 9e-10 1.4000000000000001e-09 1.9e-09 2.3e-09 2.7e-09 3.2e-09 37
1e-10 5e-10 9e-10 1.4000000000000001e-09 1.9e-09 2.3e-09 2.7e-09 3.2e-09 37
1e-10 5e-10 9e-10 1.4000000000000001e-09 1.9e-09 2.3e-09 2.7e-09 3.2e-09 38
1e-10 8e-10 9e-10 1.7000000000000001e-09 2.2000000000000003e-09 2.3e-09 2.7e-09 3.2e-09 37
4e-10 8e-10 2.0304872262019093e-169 1.4000000000000001e-09 1.9e-09 2.3e-09 2.7e-09 3.2e-09 38
1e-10 5e-10 0.3 1.4000000000000001e-09 1.9e-09 2.3e-09 2.7e-09 7.715267743405888e-251 38
1e-10 5e-10 0.3 1.4000000000000001e-09 1.9e-09 2.3e-09 3e-09 3.2e-09 37
2e-10 5e-10 0.3 1.4000000000000001e-09 1.9e-09 2.3e-09 2.7e-09 3.2e-09 38
1e-10 5e-10 2.0304872262019093e-169 1.4000000000000001e-09 1.9e-09 2.3e-09 2.7e-09 3.6e-09 37
1e-10 5e-10 9e-10 1.4000000000000001e-09 1.9e-09 2.3e-09 2.7e-09 3.2e-09 37
1e-10 5e-10 9e-10 1.4000000000000001e-09 1.9e-09 2.3e-09 2.7e-09 3.2e-09 37
1e-10 5e-10 9e-10 1.4000000000000001e-09 1.9e-09 2.3e-09 2.7e-09 3.2e-09 37
1e-10 5e-10 9e-10 1.4000000000000001e-09 1.9e-09 2.3e-09 2.7e-09 3.2e-09 37
1e-10 5e-10 9e-10 1.7000000000000001e-09 1.9e-09 2.3e-09 2.7e-09 3.2e-09 37
1e-10 0.21 9e-10 1.4000000000000001e-09 1.9e-09 2.3e-09 2.7e-09 3.2e-09 38
1e-10 8e-10 9e-10 1.4000000000000001e-09 1.9e-09 2.3e-09 2.7e-09 3.3e-09 38
1e-10 5e-10 9e-10 1.4000000000000001e-09 1.9e-09 2.3e-09 2.7e-09 3.2e-09 37
1e-10 5e-10 9e-10 1.4000000000000001e-09 1.9e-09 2.3e-09 2.7e-09 3.2e-09 37
1e-10 8e-10 9e-10 1.7000000000000001e-09 2.2000000000000003e-09 2.3e-09 2.7e-09 3.2e-09 37
1e-10 8e-10 2.0304872262019093e-169 1.4000000000000001e-09 1.9e-09 2.3e-09 2.7e-09 3.2e-09 37
1e-10 5e-10 9e-10 1.4000000000000001e-09 1.9e-09 2.3e-09 2.7e-09 3.2e-09 37
1e-10 0.21 9e-10 1.4000000000000001e-09 1.9e-09 2.3e-09 2.7e-09 3.2e-09 37
1e-10 5e-10 9e-10 1.4000000000000001e-09 1.9e-09 2.3e-09 2.7e-09 3.2e-09 38
1e-10 5e-10 9e-10 1.4000000000000001e-09 1.9e-09 2.3e-09 2.7e-09 7.715267743405888e-251 38
1e-10 5e-10 9e-10 1.4000000000000001e-09 1.9e-09 2.3e-09 2.7e-09 3.2e-09 37
1e-10 5e-10 9e-10 1.4000000000000001e-09 1.9e-09 2.3e-09 2.7e-09 3.6e-09 37
1e-10 5e-10 9e-10 1.4000000000000001e-09 1.9e-09 2.3e-09 2.7e-09 3.2e-09 37
1e-10 5e-10 9e-10 1.4000000000000001e-09 1.9e-09 2.3e-09 2.7e-09 3.2e-09 37
1e-10 8e-10 9e-10 1.4000000000000001e-09 2.2000000000000003e-09 9.881707467995764e-255 2.7e-09 3.2e-09 37
1e-10 6e-10 9e-10 1.4000000000000001e-09 1.9e-09 2.3e-09 2.7e-09 3.2e-09 38
1e-10 5e-10 9e-10 1.4000000000000001e-09 1.9e-09 2.3e-09 2.7e-09 3.2e-09 37
1e-10 5e-10 9e-10 1.4000000000000001e-09 1.9e-09 2.3e-09 2.7e-09 3.2e-09 37
1e-10 5e-10 9e-10 1.5e-09 1.9e-09 1.1436023473569014e-253 2.7e-09 3.2e-09 37
1e-10 5e-10 9e-10 1.4000000000000001e-09 1.9e-09 2.3e-09 2.7e-09 3.2e-09 38
1e-10 5e-10 9e-10 1.4000000000000001e-09 1.9e-09 2.3e-09 2.7e-09 3.2e-09 37
1e-10 5e-10 9e-10 1.4000000000000001e-09 1.9e-09 2.3e-09 2.7e-09 3.2e-09 37
1e-10 5e-10 9e-10 1.4000000000000001e-09 1.9e-09 2.3e-09 2.7e-09 3.2e-09 37
1e-10 5e-10 9e-10 1.4000000000000001e-09 1.9e-09 2.3e-09 2.7e-09 3.2e-09 38
1e-10 8e-10 9e-10 1.4000000000000001e-09 1.9e-09 2.3e-09 4.907010796654614e-169 3.2e-09 38
4e-10 8e-10 2.0304872262019093e-169 1.4000000000000001e-09 1.9e-09 2.3e-09 2.7e-09 3.2e-09 38
1e-10 5e-10 9e-10 1.4000000000000001e-09 1.9e-09 2.3e-09 2.7e-09 3.2e-09 37
1e-10 6e-10 9e-10 1.4000000000000001e-09 1.9e-09 2.3e-09 2.7e-09 3.3e-09 38
1e-10 5e-10 9e-10 1.4000000000000001e-09 1.9e-09 2.3e-09 2.7e-09 3.2e-09 37
1e-10 5e-10 9e-10 1.4000000000000001e-09 1.9e-09 2.3e-09 2.7e-09 3.2e-09 37
1e-10 5e-10 9e-10 1.4000000000000001e-09 1.9e-09 2.3e-09 2.7e-09 3.2e-09 37
1e-10 5e-10 9e-10 1.4000000000000001e-09 1.9e-09 2.3e-09 2.7e-09 3.2e-09 37
1e-10 5e-10 9e-10 1.4000000000000001e-09 1.9e-09 2.3e-09 2.7e-09 3.2e-09 37
1e-10 5e-10 9e-10 1.4000000000000001e-09 1.9e-09 2.3e-09 2.7e-09 3.2e-09 38
1e-10 6e-10 9e-10 1.8e-09 1.9e-09 2.3e-09 2.7e-09 3.2e-09 37
1e-10 5e-10 9e-10 1.4000000000000001e-09 1.9e-09 2.3e-09 2.7e-09 3.3e-09 37
1e-10 5e-10 9e-10 1.4000000000000001e-09 1.9e-09 2.3e-09 2.7e-09 3.2e-09 37
1e-10 5e-10 9e-10 1.4000000000000001e-09 1.9e-09 2.3e-09 2.7e-09 3.2e-09 37
1e-10 5e-10 9e-10 1.4000000000000001e-09 1.9e-09 2.3e-09 3.1e-09 3.2e-09 38
3e-10 5e-10 9e-10 1.4000000000000001e-09 1.9e-09 2.3e-09 2.7e-09 3.6e-09 38
1e-10 5e-10 9e-10 1.4000000000000001e-09 1.9e-09 2.3e-09 2.7e-09 3.2e-09 37
1e-10 5e-10 9e-10 1.4000000000000001e-09 1.9e-09 2.3e-09 2.7e-09 3.2e-09 38
1e-10 0.21 9e-10 1.4000000000000001e-09 1.9e-09 2.3e-09 2.7e-09 3.2e-09 38
3e-10 5e-10 9e-10 1.4000000000000001e-09 1.9e-09 2.3e-09 3.1e-09 3.6e-09 37
1e-10 8e-10 9e-10 1.4000000000000001e-09 2.2000000000000003e-09 2.3e-09 3.1e-09 3.2e-09 37
4e-10 5e-10 9e-10 1.5e-09 1.9e-09 9.881707467995764e-255 2.7e-09 3.2e-09 38
1e-10 8e-10 9e-10 1.8e-09 2.2000000000000003e-09 2.3e-09 3.1e-09 3.2e-09 38
1e-10 8e-10 9e-10 1.4000000000000001e-09 1.9e-09 2.3e-09 2.7e-09 3.2e-09 38
1e-10 8e-10 9e-10 1.4000000000000001e-09 1.9e-09 2.3e-09 2.7e-09 3.2e-09 38
1e-10 5e-10 9e-10 1.4000000000000001e-09 1.9e-09 2.3e-09 2.7e-09 3.2e-09 37
1e-10 5e-10 9e-10 1.4000000000000001e-09 1.9e-09 2.3e-09 2.7e-09 3.2e-09 37
1e-10 5e-10 9e-10 1.4000000000000001e-09 1.9e-09 2.3e-09 2.7e-09 3.2e-09 37
1e-10 6e-10 9e-10 1.4000000000000001e-09 1.9e-09 2.3e-09 2.7e-09 3.2e-09 38
1e-10 5e-10 9e-10 1.4000000000000001e-09 1.9e-09 2.3e-09 2.7e-09 3.2e-09 37
4e-10 5e-10 9e-10 1.4000000000000001e-09 1.9e-09 2.3e-09 2.7e-09 3.2e-09 38
1e-10 8e-10 9e-10 1.4000000000000001e-09 1.9e-09 2.3e-09 2.7e-09 3.2e-09 38
1e-10 5e-10 9e-10 7.319055023084169e-254 2.2000000000000003e-09 2.3e-09 2.7e-09 3.2e-09 37
1e-10 5e-10 9e-10 1.4000000000000001e-09 1.9e-09 2.3e-09 2.7e-09 3.2e-09 37
1e-10 8e-10 9e-10 1.4000000000000001e-09 1.9e-09 2.3e-09 2.7e-09 3.6e-09 37
4e-10 5e-10 9e-10 1.4000000000000001e-09 1.9e-09 2.3e-09 2.7e-09 3.2e-09 38
1e-10 8e-10 9e-10 1.4000000000000001e-09 1.9e-09 2.3e-09 2.7e-09 3.2e-09 38
3e-10 5e-10 9e-10 1.4000000000000001e-09 1.9e-09 2.3e-09 2.7e-09 3.2e-09 37
3e-10 5e-10 9e-10 1.4000000000000001e-09 1.9e-09 2.3e-09 2.7e-09 3.2e-09 38
1e-10 5e-10 9e-10 1.4000000000000001e-09 1.9e-09 2.3e-09 2.7e-09 3.2e-09 37
1e-10 8e-10 0.3 1.4000000000000001e-09 1.9e-09 2.3e-09 3.1e-09 3.2e-09 37
1e-10 5e-10 9e-10 1.4000000000000001e-09 1.9e-09 2.3e-09 2.7e-09 3.2e-09 37
1e-10 8e-10 9e-10 1.4000000000000001e-09 2.2000000000000003e-09 2.3e-09 2.7e-09 3.6e-09 38
1e-10 5e-10 9e-10 1.7000000000000001e-09 1.9e-09 2.3e-09 2.7e-09 3.2e-09 38
4e-10 5e-10 9e-10 1.4000000000000001e-09 1.9e-09 2.3e-09 2.7e-09 3.2e-09 37
1e-10 6e-10 9e-10 1.4000000000000001e-09 1.9e-09 2.3e-09 2.7e-09 3.2e-09 38
4e-10 5e-10 9e-10 1.4000000000000001e-09 1.9e-09 2.3e-09 2.7e-09 3.2e-09 38
1e-10 8e-10 9e-10 1.4000000000000001e-09 1.9e-09 2.3e-09 2.7e-09 3.3e-09 38
1e-10 8e-10 0.3 1.4000000000000001e-09 1.9e-09 2.3e-09 3.1e-09 3.2e-09 37
1e-10 8e-10 9e-10 1.8e-09 1.9e-09 2.3e-09 2.7e-09 3.6e-09 38
1e-10 5e-10 9e-10 1.4000000000000001e-09 1.9e-09 2.3e-09 2.7e-09 3.2e-09 37
1e-10 5e-10 9e-10 1.4000000000000001e-09 1.9e-09 2.3e-09 2.7e-09 3.2e-09 37
2e-10 5e-10 9e-10 1.4000000000000001e-09 1.9e-09 2.3e-09 2.7e-09 3.2e-09 37
1e-10 8e-10 9e-10 1.7000000000000001e-09 1.9e-09 2.3e-09 3.1e-09 3.2e-09 38
1e-10 5e-10 9e-10 1.4000000000000001e-09 1.9e-09 2.3e-09 2.7e-09 3.2e-09 37
1e-10 8e-10 9e-10 1.7000000000000001e-09 1.9e-09 2.3e-09 2.7e-09 3.2e-09 38
1e-10 5e-10 9e-10 1.4000000000000001e-09 1.9e-09 2.3e-09 2.7e-09 3.2e-09 37
1e-10 5e-10 9e-10 1.4000000000000001e-09 1.9e-09 2.3e-09 2.7e-09 3.2e-09 37
1e-10 5e-10 9e-10 1.4000000000000001e-09 1.9e-09 2.3e-09 2.7e-09 3.2e-09 38
1e-10 5e-10 9e-10 1.4000000000000001e-09 1.9e-09 2.3e-09 4.907010796654614e-169 3.2e-09 37
1e-10 8e-10 9e-10 1.4000000000000001e-09 1.9e-09 2.3e-09 2.7e-09 3.2e-09 38
1e-10 8e-10 9e-10 1.4000000000000001e-09 1.9e-09 2.3e-09 2.7e-09 3.2e-09 38
1e-10 5e-10 9e-10 7.319055023084169e-254 1.9e-09 2.3e-09 2.7e-09 3.2e-09 37
2e-10 8e-10 9e-10 1.4000000000000001e-09 1.9e-09 2.3e-09 2.7e-09 3.2e-09 37
1e-10 5e-10 9e-10 1.8e-09 1.9e-09 2.3e-09 2.7e-09 3.2e-09 37
1e-10 5e-10 9e-10 1.4000000000000001e-09 1.9e-09 2.3e-09 2.7e-09 3.2e-09 37
3e-10 5e-10 0.32999999999999996 1.4000000000000001e-09 1.9e-09 2.3e-09 2.7e-09 3.3e-09 37
1e-10 5e-10 9e-10 1.4000000000000001e-09 1.9e-09 2.3e-09 2.7e-09 3.2e-09 37
1e-10 6e-10 9e-10 1.4000000000000001e-09 1.9e-09 2.3e-09 2.7e-09 3.2e-09 38
1e-10 6e-10 9e-10 1.4000000000000001e-09 1.9e-09 2.3e-09 2.7e-09 3.2e-09 38
4e-10 5e-10 9e-10 1.4000000000000001e-09 1.9e-09 2.3e-09 2.7e-09 3.2e-09 37
1e-10 8e-10 9e-10 1.4000000000000001e-09 1.9e-09 2.3e-09 2.7e-09 3.2e-09 38
1e-10 5e-10 9e-10 1.8e-09 1.9e-09 2.3e-09 2.7e-09 3.2e-09 37
1e-10 5e-10 9e-10 1.4000000000000001e-09 1.9e-09 2.3e-09 2.7e-09 3.2e-09 38
1e-10 8e-10 9e-10 1.4000000000000001e-09 1.9e-09 2.3e-09 2.7e-09 3.3e-09 38
1e-10 5e-10 9e-10 1.5e-09 1.9e-09 2.3e-09 2.7e-09 3.2e-09 37
2e-10 5e-10 9e-10 1.7000000000000001e-09 1.9e-09 2.3e-09 2.7e-09 3.2e-09 37
1e-10 5e-10 9e-10 1.4000000000000001e-09 1.9e-09 2.3e-09 2.7e-09 3.2e-09 37
1e-10 5e-10 9e-10 1.4000000000000001e-09 1.9e-09 2.3e-09 2.7e-09 3.2e-09 38
1e-10 8e-10 9e-10 1.4000000000000001e-09 1.9e-09 2.3e-09 2.7e-09 3.2e-09 37
3e-10 5e-10 9e-10 1.4000000000000001e-09 1.9e-09 2.3e-09 2.7e-09 3.6e-09 38
1e-10 8e-10 9e-10 1.4000000000000001e-09 1.9e-09 2.3e-09 2.7e-09 3.6e-09 37
1e-10 8e-10 9e-10 1.7000000000000001e-09 2.2000000000000003e-09 2.3e-09 2.7e-09 1.02 38
1e-10 5e-10 9e-10 1.4000000000000001e-09 1.9e-09 2.3e-09 2.7e-09 3.2e-09 37
1e-10 5e-10 9e-10 1.4000000000000001e-09 1.9e-09 2.3e-09 2.7e-09 3.2e-09 37
1e-10 5e-10 9e-10 1.4000000000000001e-09 1.9e-09 2.3e-09 2.7e-09 3.2e-09 38
1e-10 5e-10 9e-10 1.4000000000000001e-09 1.9e-09 2.3e-09 2.7e-09 3.2e-09 37
1e-10 5e-10 9e-10 1.4000000000000001e-09 1.9e-09 2.3e-09 2.7e-09 3.6e-09 37
1e-10 5e-10 9e-10 1.4000000000000001e-09 1.9e-09 2.3e-09 2.7e-09 3.2e-09 37
1e-10 8e-10 9e-10 1.4000000000000001e-09 1.9e-09 2.3e-09 2.7e-09 3.2e-09 38
1e-10 8e-10 9e-10 1.4000000000000001e-09 2.2000000000000003e-09 2.3e-09 2.7e-09 3.6e-09 38
4e-10 5e-10 9e-10 1.5e-09 1.9e-09 9.881707467995764e-255 2.7e-09 3.2e-09 38
1e-10 5e-10 9e-10 1.4000000000000001e-09 1.9e-09 2.3e-09 2.7e-09 3.2e-09 37
1e-10 5e-10 9e-10 1.4000000000000001e-09 1.9e-09 2.3e-09 2.7e-09 3.2e-09 37
1e-10 5e-10 9e-10 1.4000000000000001e-09 2.2000000000000003e-09 2.3e-09 2.7e-09 3.3e-09 38
1e-10 5e-10 9e-10 1.4000000000000001e-09 1.9e-09 2.3e-09 2.7e-09 3.2e-09 37
1e-10 5e-10 9e-10 1.4000000000000001e-09 1.9e-09 2.3e-09 2.7e-09 3.6e-09 37
3e-10 5e-10 9e-10 1.4000000000000001e-09 1.9e-09 2.3e-09 2.7e-09 3.2e-09 37
1e-10 5e-10 9e-10 1.4000000000000001e-09 1.9e-09 2.3e-09 2.7e-09 3.2e-09 37
1e-10 5e-10 9e-10 1.4000000000000001e-09 1.9e-09 2.3e-09 2.7e-09 3.2e-09 37
1e-10 5e-10 9e-10 1.4000000000000001e-09 1.9e-09 2.3e-09 3.1e-09 3.2e-09 37
1e-10 5e-10 9e-10 7.319055023084169e-254 1.9e-09 2.508435949354324e-255 2.7e-09 3.2e-09 37
1e-10 6e-10 9e-10 1.5e-09 1.9e-09 2.3e-09 2.7e-09 3.2e-09 37
1e-10 5e-10 9e-10 1.4000000000000001e-09 1.9e-09 2.3e-09 2.7e-09 3.2e-09 37
1e-10 5e-10 9e-10 1.4000000000000001e-09 1.9e-09 2.3e-09 2.7e-09 3.2e-09 37
1e-10 5e-10 9e-10 1.4000000000000001e-09 1.9e-09 2.3e-09 2.7e-09 3.2e-09 38
1e-10 5e-10 9e-10 1.4000000000000001e-09 1.9e-09 2.3e-09 3e-09 3.2e-09 37
1e-10 5e-10 9e-10 1.4000000000000001e-09 1.9e-09 2.3e-09 2.7e-09 3.2e-09 37
1e-10 5e-10 9e-10 1.4000000000000001e-09 1.9e-09 2.3e-09 2.7e-09 3.6e-09 37
1e-10 5e-10 9e-10 1.4000000000000001e-09 1.9e-09 2.3e-09 2.7e-09 3.2e-09 37
1e-10 5e-10 9e-10 1.4000000000000001e-09 1.9e-09 2.3e-09 2.7e-09 3.2e-09 38
1e-10 5e-10 9e-10 1.4000000000000001e-09 1.9e-09 2.3e-09 2.7e-09 3.2e-09 37
1e-10 8e-10 9e-10 1.4000000000000001e-09 2.2000000000000003e-09 2.3e-09 2.7e-09 3.6e-09 38
1e-10 5e-10 9e-10 1.4000000000000001e-09 1.9e-09 2.3e-09 2.7e-09 3.2e-09 38
2e-10 5e-10 0.3 1.4000000000000001e-09 1.9e-09 2.3e-09 2.7e-09 3.2e-09 38
1e-10 8e-10 9e-10 1.7000000000000001e-09 1.9e-09 2.3e-09 3e-09 3.2e-09 38
1e-10 5e-10 9e-10 1.4000000000000001e-09 1.9e-09 2.3e-09 2.7e-09 3.2e-09 38
1e-10 5e-10 9e-10 1.4000000000000001e-09 1.9e-09 2.3e-09 2.7e-09 3.2e-09 37
1e-10 5e-10 9e-10 1.4000000000000001e-09 1.9e-09 2.3e-09 2.7e-09 3.2e-09 37
1e-10 5e-10 9e-10 1.4000000000000001e-09 1.9e-09 2.3e-09 2.7e-09 3.2e-09 37
2e-10 5e-10 9e-10 1.4000000000000001e-09 0.63 2.3e-09 2.7e-09 3.2e-09 37
1e-10 5e-10 9e-10 1.4000000000000001e-09 1.9e-09 2.3e-09 2.7e-09 3.6e-09 37
1e-10 5e-10 9e-10 1.4000000000000001e-09 1.9e-09 2.3e-09 2.7e-09 3.2e-09 37
1e-10 5e-10 9e-10 1.4000000000000001e-09 1.9e-09 2.3e-09 2.7e-09 3.2e-09 37
1e-10 5e-10 9e-10 1.4000000000000001e-09 1.9e-09 2.3e-09 2.7e-09 3.2e-09 37
1e-10 8e-10 0.3 1.4000000000000001e-09 1.9e-09 2.3e-09 3.1e-09 3.2e-09 37
1e-10 6e-10 9e-10 1.4000000000000001e-09 1.9e-09 2.3e-09 2.7e-09 3.2e-09 37
1e-10 5e-10 9e-10 1.4000000000000001e-09 1.9e-09 2.3e-09 8.84179196332697e-256 3.2e-09 37
1e-10 5e-10 9e-10 1.4000000000000001e-09 1.9e-09 2.3e-09 2.7e-09 3.2e-09 37
1e-10 5e-10 9e-10 1.4000000000000001e-09 1.9e-09 2.3e-09 2.7e-09 3.2e-09 37
1e-10 5e-10 9e-10 1.4000000000000001e-09 1.9e-09 2.3e-09 2.7e-09 3.2e-09 37
1e-10 5e-10 9e-10 1.4000000000000001e-09 1.9e-09 2.3e-09 2.7e-09 3.2e-09 38
3e-10 5e-10 9e-10 1.8e-09 1.9e-09 2.3e-09 2.7e-09 3.6e-09 37
1e-10 5e-10 9e-10 1.4000000000000001e-09 1.9e-09 2.3e-09 2.7e-09 3.2e-09 37
1e-10 5e-10 9e-10 1.4000000000000001e-09 1.9e-09 2.3e-09 2.7e-09 3.2e-09 37
1e-10 5e-10 9e-10 1.4000000000000001e-09 1.9e-09 2.3e-09 2.7e-09 3.2e-09 37
1e-10 5e-10 9e-10 1.4000000000000001e-09 1.9e-09 2.3e-09 2.7e-09 3.2e-09 37
1e-10 8e-10 9e-10 1.4000000000000001e-09 2.2000000000000003e-09 2.3e-09 2.7e-09 3.6e-09 38
1e-10 5e-10 9e-10 1.4000000000000001e-09 1.9e-09 2.3e-09 2.7e-09 3.2e-09 37
1e-10 5e-10 9e-10 1.4000000000000001e-09 1.9e-09 2.3e-09 2.7e-09 3.2e-09 38
2e-10 5e-10 9e-10 1.4000000000000001e-09 1.9e-09 2.3e-09 3e-09 3.2e-09 38
1e-10 5e-10 9e-10 1.5e-09 1.9e-09 2.3e-09 2.7e-09 3.2e-09 37
1e-10 0.21 9e-10 1.4000000000000001e-09 1.9e-09 2.3e-09 2.7e-09 3.2e-09 37
1e-10 8e-10 9e-10 1.7000000000000001e-09 1.9e-09 9.881707467995764e-255 2.7e-09 3.2e-09 37
1e-10 5e-10 9e-10 1.4000000000000001e-09 1.9e-09 2.3e-09 2.7e-09 3.2e-09 37
1e-10 5e-10 9e-10 1.8e-09 1.9e-09 2.3e-09 2.7e-09 3.2e-09 37
2e-10 5e-10 9e-10 1.4000000000000001e-09 1.9e-09 2.3e-09 2.7e-09 3.2e-09 37
1e-10 5e-10 9e-10 1.4000000000000001e-09 1.9e-09 2.3e-09 2.7e-09 3.6e-09 37
1e-10 5e-10 9e-10 1.4000000000000001e-09 1.9e-09 2.3e-09 2.7e-09 3.2e-09 37
1e-10 5e-10 9e-10 1.4000000000000001e-09 1.9e-09 2.3e-09 2.7e-09 3.2e-09 37
1e-10 8e-10 9e-10 1.4000000000000001e-09 1.9e-09 2.3e-09 2.7e-09 3.2e-09 38
1e-10 8e-10 9e-10 1.4000000000000001e-09 1.9e-09 2.3e-09 2.7e-09 3.6e-09 37
1e-10 5e-10 9e-10 1.4000000000000001e-09 1.9e-09 2.3e-09 2.7e-09 3.2e-09 38
1e-10 6e-10 9e-10 1.4000000000000001e-09 1.9e-09 2.3e-09 2.7e-09 3.2e-09 37
1e-10 5e-10 9e-10 1.4000000000000001e-09 1.9e-09 2.3e-09 2.7e-09 3.2e-09 37
1e-10 5e-10 9e-10 1.4000000000000001e-09 1.9e-09 2.3e-09 2.7e-09 3.2e-09 37
1e-10 5e-10 9e-10 1.4000000000000001e-09 1.9e-09 2.3e-09 2.7e-09 3.2e-09 37
1e-10 5e-10 9e-10 1.4000000000000001e-09 1.9e-09 2.3e-09 2.7e-09 3.2e-09 38
1e-10 5e-10 9e-10 1.4000000000000001e-09 1.9e-09 2.3e-09 2.7e-09 3.2e-09 37
1e-10 5e-10 9e-10 1.7000000000000001e-09 1.9e-09 2.3e-09 2.7e-09 3.2e-09 38
1e-10 5e-10 9e-10 1.4000000000000001e-09 1.9e-09 2.3e-09 2.7e-09 3.2e-09 37
1e-10 5e-10 9e-10 1.4000000000000001e-09 1.9e-09 2.3e-09 2.7e-09 3.2e-09 38
1e-10 5e-10 9e-10 1.4000000000000001e-09 1.9e-09 2.3e-09 2.7e-09 3.2e-09 37
1e-10 0.21 9e-10 1.4000000000000001e-09 1.9e-09 2.3e-09 2.7e-09 3.2e-09 37
1e-10 5e-10 9e-10 1.4000000000000001e-09 1.9e-09 2.3e-09 2.7e-09 3.2e-09 38
1e-10 5e-10 9e-10 1.4000000000000001e-09 1.9e-09 2.3e-09 2.7e-09 3.2e-09 37
1e-10 8e-10 9e-10 1.7000000000000001e-09 1.9e-09 2.3e-09 3e-09 3.2e-09 38
1e-10 5e-10 9e-10 1.4000000000000001e-09 1.9e-09 2.3e-09 3e-09 3.2e-09 38
1e-10 5e-10 9e-10 1.8e-09 1.9e-09 2.3e-09 2.7e-09 3.2e-09 37
1e-10 5e-10 9e-10 1.4000000000000001e-09 1.9e-09 2.3e-09 2.7e-09 3.2e-09 37
1e-10 8e-10 9e-10 1.4000000000000001e-09 2.2000000000000003e-09 2.3e-09 2.7e-09 3.6e-09 38
1e-10 5e-10 9e-10 1.4000000000000001e-09 1.9e-09 2.3e-09 2.7e-09 3.2e-09 37
1e-10 5e-10 9e-10 1.7000000000000001e-09 1.9e-09 2.3e-09 2.7e-09 3.2e-09 37
1e-10 5e-10 9e-10 1.4000000000000001e-09 1.9e-09 2.3e-09 2.7e-09 3.2e-09 38
4e-10 5e-10 9e-10 1.4000000000000001e-09 1.9e-09 2.3e-09 2.7e-09 3.2e-09 38
1e-10 5e-10 9e-10 1.4000000000000001e-09 1.9e-09 2.3e-09 3e-09 3.2e-09 38
4e-10 5e-10 9e-10 1.4000000000000001e-09 1.9e-09 2.3e-09 2.7e-09 3.3e-09 38
