1.9510319646081478e-222 1.249340541915254e-135 237020605.5508085 3.664582529489729e-89 1.158483271416808e-156 3.1966471800460325e-106 1.5223635491621386e-108 8.009849428515397e-167 1.0103131033473605e-06 1.2638204333895038e-173 9.169895691908901e-69 4.185163623755371e-98 2.9319556044810216e-129 67
5.9397082562649196e-154 1.249340541915254e-135 237020605.5508085 2.609340413290938e-226 5.82721639574979e-177 1.1800016278099078e-209 2.936953394770361e-115 1.3753175705042227e-25 1.9026414887072263e-134 6.209791918025293e-52 1.0723891158932746e-37 5.345734497738853e-125 4.2386125242404806e-163 66
1.9510319646081478e-222 2.9208517843348945e-143 237020605.5508085 2.609340413290938e-226 1.158483271416808e-156 9.23367017540536e-96 1.5223635491621386e-108 1.3753175705042227e-25 1.149695913467505e-44 1.2638204333895038e-173 1.0723891158932746e-37 7.505650660950438e-30 1.24 67
5.9397082562649196e-154 1.249340541915254e-135 237020605.5508085 2.609340413290938e-226 1.158483271416808e-156 1.1800016278099078e-209 2.936953394770361e-115 8.009849428515397e-167 1.9026414887072263e-134 0.96 2.3949577690578346e-76 4.185163623755371e-98 4.2386125242404806e-163 66
1.9510319646081478e-222 2.9208517843348945e-143 237020605.5508085 2.609340413290938e-226 5.82721639574979e-177 3.1966471800460325e-106 1.3301811545571122e-148 6.6136269681961445e-31 8.226312955871464e-132 1.8345511293061532e-90 2.903247892342447e-138 1.178158143117687e-132 4.596473952764577e-114 68
1.9510319646081478e-222 4.711513836296689e-85 1.817454086196039e-61 9.271735670697088e-25 1.158483271416808e-156 9.23367017540536e-96 1.5223635491621386e-108 6.6136269681961445e-31 4.3372915273158763e-104 1.2638204333895038e-173 2.3949577690578346e-76 4.185163623755371e-98 4.596473952764577e-114 67
1.9510319646081478e-222 4.711513836296689e-85 237020605.5508085 2.609340413290938e-226 1.158483271416808e-156 1.1800016278099078e-209 2.936953394770361e-115 7.473151083315443e-198 1.9026414887072263e-134 1.2638204333895038e-173 3.2836741246787113e-100 4.185163623755371e-98 4.596473952764577e-114 67
5.9397082562649196e-154 1.249340541915254e-135 0.28 3.024744237041962e-67 0.5 1.1800016278099078e-209 9.645327447519514e-11 8.009849428515397e-167 4.3372915273158763e-104 0.96 2.3949577690578346e-76 7.505650660950438e-30 4.2386125242404806e-163 66
5.9397082562649196e-154 1.249340541915254e-135 1.817454086196039e-61 2.609340413290938e-226 5.82721639574979e-177 1.1800016278099078e-209 2.936953394770361e-115 7.473151083315443e-198 1.149695913467505e-44 9.893558408212145e-105 2.3949577690578346e-76 1.7817031968719888e-35 4.2386125242404806e-163 66
5.9397082562649196e-154 1.249340541915254e-135 1.715608442057724e-34 3.024744237041962e-67 1.2261250945965653e-68 1.1800016278099078e-209 3.652433852361748e-39 7.473151083315443e-198 1.0103131033473605e-06 1.2638204333895038e-173 3.2836741246787113e-100 5.345734497738853e-125 4.2386125242404806e-163 66
1.9510319646081478e-222 4.711513836296689e-85 237020605.5508085 9.271735670697088e-25 1.158483271416808e-156 9.23367017540536e-96 1.5223635491621386e-108 0.78 4.3372915273158763e-104 1.2638204333895038e-173 3.2836741246787113e-100 7.505650660950438e-30 4.596473952764577e-114 67
1.9510319646081478e-222 0.18 1.715608442057724e-34 2.609340413290938e-226 5.82721639574979e-177 0.58 1.5223635491621386e-108 7.473151083315443e-198 1.9026414887072263e-134 1.2638204333895038e-173 3.2836741246787113e-100 5.345734497738853e-125 4.2386125242404806e-163 66
1.9510319646081478e-222 2.9208517843348945e-143 237020605.5508085 3.024744237041962e-67 1.2261250945965653e-68 1.1800016278099078e-209 9.645327447519514e-11 7.473151083315443e-198 1.149695913467505e-44 1.2638204333895038e-173 2.903247892342447e-138 5.345734497738853e-125 4.596473952764577e-114 67
1.9510319646081478e-222 2.9208517843348945e-143 237020605.5508085 3.024744237041962e-67 1.2261250945965653e-68 1.1800016278099078e-209 9.645327447519514e-11 7.473151083315443e-198 1.149695913467505e-44 1.2638204333895038e-173 2.903247892342447e-138 5.345734497738853e-125 4.596473952764577e-114 67
1.9510319646081478e-222 4.711513836296689e-85 237020605.5508085 2.609340413290938e-226 1.158483271416808e-156 1.1800016278099078e-209 2.936953394770361e-115 7.473151083315443e-198 1.9026414887072263e-134 1.2638204333895038e-173 3.2836741246787113e-100 4.185163623755371e-98 4.596473952764577e-114 67
1.9510319646081478e-222 1.249340541915254e-135 237020605.5508085 9.271735670697088e-25 1.158483271416808e-156 9.23367017540536e-96 1.5223635491621386e-108 6.6136269681961445e-31 1.9026414887072263e-134 1.2638204333895038e-173 9.169895691908901e-69 4.185163623755371e-98 2.9319556044810216e-129 67
5.9397082562649196e-154 1.249340541915254e-135 1.715608442057724e-34 2.609340413290938e-226 5.82721639574979e-177 1.1800016278099078e-209 1.5223635491621386e-108 7.473151083315443e-198 4.3372915273158763e-104 1.8345511293061532e-90 3.2836741246787113e-100 5.345734497738853e-125 4.2386125242404806e-163 66
1.9510319646081478e-222 1.249340541915254e-135 1.715608442057724e-34 3.73141061747463e-16 1.158483271416808e-156 9.23367017540536e-96 1.5223635491621386e-108 6.6136269681961445e-31 4.3372915273158763e-104 1.2638204333895038e-173 2.3949577690578346e-76 7.505650660950438e-30 1.24 67
1.9510319646081478e-222 4.711513836296689e-85 237020605.5508085 2.609340413290938e-226 5.82721639574979e-177 3.1966471800460325e-106 1.5223635491621386e-108 7.473151083315443e-198 8.226312955871464e-132 1.2638204333895038e-173 2.903247892342447e-138 1.178158143117687e-132 4.596473952764577e-114 68
7.40602914752294e-42 2.9208517843348945e-143 1.715608442057724e-34 2.609340413290938e-226 5.82721639574979e-177 1.1800016278099078e-209 2.936953394770361e-115 7.473151083315443e-198 1.9026414887072263e-134 6.209791918025293e-52 3.2836741246787113e-100 7.505650660950438e-30 4.2386125242404806e-163 66
1.9510319646081478e-222 5.255468558553231e-60 237020605.5508085 3.664582529489729e-89 1.158483271416808e-156 4.552895872897171e-10 1.3301811545571122e-148 8.009849428515397e-167 8.226312955871464e-132 9.893558408212145e-105 2.903247892342447e-138 1.178158143117687e-132 2.9319556044810216e-129 68
1.9510319646081478e-222 4.711513836296689e-85 237020605.5508085 2.609340413290938e-226 5.82721639574979e-177 9.23367017540536e-96 1.5223635491621386e-108 7.473151083315443e-198 4.3372915273158763e-104 1.2638204333895038e-173 2.3949577690578346e-76 7.505650660950438e-30 2.9319556044810216e-129 67
1.9510319646081478e-222 2.9208517843348945e-143 237020605.5508085 2.609340413290938e-226 1.158483271416808e-156 9.23367017540536e-96 1.5223635491621386e-108 1.3753175705042227e-25 1.149695913467505e-44 1.2638204333895038e-173 1.0723891158932746e-37 7.505650660950438e-30 1.24 67
1.9510319646081478e-222 4.711513836296689e-85 237020605.5508085 3.664582529489729e-89 5.82721639574979e-177 1.1800016278099078e-209 1.5223635491621386e-108 7.473151083315443e-198 1.0103131033473605e-06 1.2638204333895038e-173 3.2836741246787113e-100 7.505650660950438e-30 4.2386125242404806e-163 67
1.9510319646081478e-222 1.249340541915254e-135 237020605.5508085 3.664582529489729e-89 1.158483271416808e-156 1.1800016278099078e-209 1.5223635491621386e-108 8.009849428515397e-167 1.9026414887072263e-134 1.2638204333895038e-173 2.3949577690578346e-76 1.7817031968719888e-35 2.9319556044810216e-129 67
5.9397082562649196e-154 1.249340541915254e-135 237020605.5508085 2.609340413290938e-226 5.82721639574979e-177 1.1800016278099078e-209 3.652433852361748e-39 0.78 1.9026414887072263e-134 1.2638204333895038e-173 2.3949577690578346e-76 1.7817031968719888e-35 4.2386125242404806e-163 66
1.9510319646081478e-222 5.255468558553231e-60 237020605.5508085 3.664582529489729e-89 1.158483271416808e-156 4.552895872897171e-10 1.3301811545571122e-148 8.009849428515397e-167 8.226312955871464e-132 9.893558408212145e-105 2.903247892342447e-138 1.178158143117687e-132 2.9319556044810216e-129 68
5.9397082562649196e-154 1.249340541915254e-135 237020605.5508085 2.609340413290938e-226 5.82721639574979e-177 1.1800016278099078e-209 2.936953394770361e-115 7.473151083315443e-198 1.149695913467505e-44 9.893558408212145e-105 3.2836741246787113e-100 7.505650660950438e-30 4.2386125242404806e-163 66
5.9397082562649196e-154 2.9208517843348945e-143 0.28 9.271735670697088e-25 1.2261250945965653e-68 3.1966471800460325e-106 1.3301811545571122e-148 8.009849428515397e-167 8.226312955871464e-132 1.2638204333895038e-173 9.169895691908901e-69 1.178158143117687e-132 2.9319556044810216e-129 68
5.9397082562649196e-154 2.9208517843348945e-143 237020605.5508085 2.609340413290938e-226 5.82721639574979e-177 1.1800016278099078e-209 2.936953394770361e-115 7.473151083315443e-198 1.9026414887072263e-134 1.8345511293061532e-90 3.2836741246787113e-100 5.345734497738853e-125 4.2386125242404806e-163 66
5.9397082562649196e-154 1.249340541915254e-135 237020605.5508085 2.609340413290938e-226 5.82721639574979e-177 1.1800016278099078e-209 2.936953394770361e-115 7.473151083315443e-198 1.9026414887072263e-134 6.209791918025293e-52 9.169895691908901e-69 5.345734497738853e-125 4.2386125242404806e-163 66
1.9510319646081478e-222 5.255468558553231e-60 0.28 3.73141061747463e-16 5.82721639574979e-177 9.23367017540536e-96 1.5223635491621386e-108 8.009849428515397e-167 1.0103131033473605e-06 1.2638204333895038e-173 1.0723891158932746e-37 7.505650660950438e-30 2.9319556044810216e-129 67
5.9397082562649196e-154 2.9208517843348945e-143 237020605.5508085 2.609340413290938e-226 5.82721639574979e-177 1.1800016278099078e-209 2.936953394770361e-115 7.473151083315443e-198 1.9026414887072263e-134 1.8345511293061532e-90 3.2836741246787113e-100 5.345734497738853e-125 4.2386125242404806e-163 66
5.9397082562649196e-154 1.249340541915254e-135 1.715608442057724e-34 2.609340413290938e-226 8.285492870641025e-20 1.1800016278099078e-209 2.936953394770361e-115 7.473151083315443e-198 1.9026414887072263e-134 6.209791918025293e-52 2.3949577690578346e-76 5.345734497738853e-125 4.2386125242404806e-163 66
7.40602914752294e-42 2.9208517843348945e-143 237020605.5508085 3.024744237041962e-67 5.82721639574979e-177 3.1966471800460325e-106 1.3301811545571122e-148 8.009849428515397e-167 4.3372915273158763e-104 9.893558408212145e-105 2.903247892342447e-138 1.178158143117687e-132 4.2386125242404806e-163 68
1.9510319646081478e-222 0.18 237020605.5508085 3.024744237041962e-67 5.82721639574979e-177 1.1800016278099078e-209 3.652433852361748e-39 7.473151083315443e-198 1.9026414887072263e-134 1.2638204333895038e-173 2.903247892342447e-138 1.7817031968719888e-35 1.24 67
5.9397082562649196e-154 2.9208517843348945e-143 0.28 9.271735670697088e-25 1.2261250945965653e-68 3.1966471800460325e-106 1.3301811545571122e-148 8.009849428515397e-167 8.226312955871464e-132 1.2638204333895038e-173 9.169895691908901e-69 1.178158143117687e-132 2.9319556044810216e-129 68
1.9510319646081478e-222 4.711513836296689e-85 237020605.5508085 9.271735670697088e-25 1.158483271416808e-156 9.23367017540536e-96 1.5223635491621386e-108 0.78 4.3372915273158763e-104 1.2638204333895038e-173 3.2836741246787113e-100 7.505650660950438e-30 4.596473952764577e-114 67
1.9510319646081478e-222 1.249340541915254e-135 3.524348034932653e-07 3.664582529489729e-89 0.5 3.1966471800460325e-106 1.3301811545571122e-148 7.473151083315443e-198 4.3372915273158763e-104 1.2638204333895038e-173 1.0723891158932746e-37 4.185163623755371e-98 4.596473952764577e-114 67
1.9510319646081478e-222 2.9208517843348945e-143 237020605.5508085 3.024744237041962e-67 1.158483271416808e-156 3.1966471800460325e-106 1.3301811545571122e-148 8.009849428515397e-167 8.226312955871464e-132 9.893558408212145e-105 2.903247892342447e-138 1.178158143117687e-132 2.9319556044810216e-129 68
1.9510319646081478e-222 4.711513836296689e-85 237020605.5508085 2.609340413290938e-226 5.82721639574979e-177 3.1966471800460325e-106 1.5223635491621386e-108 7.473151083315443e-198 8.226312955871464e-132 1.2638204333895038e-173 2.903247892342447e-138 1.178158143117687e-132 4.596473952764577e-114 68
1.9510319646081478e-222 4.711513836296689e-85 0.28 3.024744237041962e-67 8.285492870641025e-20 1.1800016278099078e-209 2.936953394770361e-115 7.473151083315443e-198 1.9026414887072263e-134 1.2638204333895038e-173 1.0723891158932746e-37 7.505650660950438e-30 4.596473952764577e-114 67
5.9397082562649196e-154 1.249340541915254e-135 237020605.5508085 2.609340413290938e-226 5.82721639574979e-177 1.1800016278099078e-209 2.936953394770361e-115 7.473151083315443e-198 1.0103131033473605e-06 1.2638204333895038e-173 3.2836741246787113e-100 5.345734497738853e-125 4.2386125242404806e-163 66
1.9510319646081478e-222 5.255468558553231e-60 0.28 3.73141061747463e-16 5.82721639574979e-177 9.23367017540536e-96 1.5223635491621386e-108 8.009849428515397e-167 1.0103131033473605e-06 1.2638204333895038e-173 1.0723891158932746e-37 7.505650660950438e-30 2.9319556044810216e-129 67
1.9510319646081478e-222 1.249340541915254e-135 3.524348034932653e-07 3.664582529489729e-89 0.5 3.1966471800460325e-106 1.3301811545571122e-148 7.473151083315443e-198 4.3372915273158763e-104 1.2638204333895038e-173 1.0723891158932746e-37 4.185163623755371e-98 4.596473952764577e-114 67
1.9510319646081478e-222 1.249340541915254e-135 237020605.5508085 3.664582529489729e-89 5.82721639574979e-177 9.23367017540536e-96 1.5223635491621386e-108 1.3753175705042227e-25 4.3372915273158763e-104 1.2638204333895038e-173 3.2836741246787113e-100 1.7817031968719888e-35 2.9319556044810216e-129 67
5.9397082562649196e-154 1.249340541915254e-135 1.817454086196039e-61 3.664582529489729e-89 5.82721639574979e-177 1.1800016278099078e-209 9.645327447519514e-11 7.473151083315443e-198 1.9026414887072263e-134 6.209791918025293e-52 1.0723891158932746e-37 7.505650660950438e-30 4.2386125242404806e-163 66
1.8800063814504624e-07 1.249340541915254e-135 237020605.5508085 2.609340413290938e-226 8.285492870641025e-20 0.58 1.5223635491621386e-108 7.473151083315443e-198 4.3372915273158763e-104 1.2638204333895038e-173 3.2836741246787113e-100 4.185163623755371e-98 4.2386125242404806e-163 66
1.8800063814504624e-07 2.9208517843348945e-143 237020605.5508085 3.664582529489729e-89 1.158483271416808e-156 9.23367017540536e-96 1.3301811545571122e-148 8.009849428515397e-167 4.3372915273158763e-104 9.893558408212145e-105 2.903247892342447e-138 1.178158143117687e-132 4.596473952764577e-114 68
5.9397082562649196e-154 1.249340541915254e-135 1.817454086196039e-61 2.609340413290938e-226 5.82721639574979e-177 1.1800016278099078e-209 2.936953394770361e-115 7.473151083315443e-198 1.149695913467505e-44 9.893558408212145e-105 2.3949577690578346e-76 1.7817031968719888e-35 4.2386125242404806e-163 66
1.9510319646081478e-222 2.9208517843348945e-143 237020605.5508085 3.024744237041962e-67 5.82721639574979e-177 3.1966471800460325e-106 1.5223635491621386e-108 7.473151083315443e-198 8.226312955871464e-132 0.96 2.903247892342447e-138 1.178158143117687e-132 2.9319556044810216e-129 68
5.9397082562649196e-154 4.711513836296689e-85 0.28 3.664582529489729e-89 5.82721639574979e-177 1.1800016278099078e-209 2.936953394770361e-115 7.473151083315443e-198 1.9026414887072263e-134 6.209791918025293e-52 2.3949577690578346e-76 4.185163623755371e-98 4.2386125242404806e-163 66
1.9510319646081478e-222 5.255468558553231e-60 1.817454086196039e-61 3.664582529489729e-89 1.158483271416808e-156 3.1966471800460325e-106 1.3301811545571122e-148 8.009849428515397e-167 8.226312955871464e-132 1.2638204333895038e-173 2.903247892342447e-138 1.178158143117687e-132 4.2386125242404806e-163 68
5.9397082562649196e-154 1.249340541915254e-135 237020605.5508085 2.609340413290938e-226 5.82721639574979e-177 1.1800016278099078e-209 2.936953394770361e-115 1.3753175705042227e-25 1.9026414887072263e-134 6.209791918025293e-52 3.2836741246787113e-100 1.7817031968719888e-35 4.2386125242404806e-163 66
5.9397082562649196e-154 1.249340541915254e-135 0.28 3.024744237041962e-67 5.82721639574979e-177 1.1800016278099078e-209 2.936953394770361e-115 7.473151083315443e-198 1.9026414887072263e-134 6.209791918025293e-52 3.2836741246787113e-100 4.185163623755371e-98 4.2386125242404806e-163 66
7.40602914752294e-42 5.255468558553231e-60 237020605.5508085 2.609340413290938e-226 5.82721639574979e-177 1.1800016278099078e-209 3.652433852361748e-39 7.473151083315443e-198 1.0103131033473605e-06 1.2638204333895038e-173 2.903247892342447e-138 7.505650660950438e-30 4.596473952764577e-114 66
1.9510319646081478e-222 2.9208517843348945e-143 237020605.5508085 2.609340413290938e-226 1.158483271416808e-156 3.1966471800460325e-106 1.5223635491621386e-108 8.009849428515397e-167 8.226312955871464e-132 1.2638204333895038e-173 2.903247892342447e-138 4.185163623755371e-98 2.9319556044810216e-129 67
5.9397082562649196e-154 5.255468558553231e-60 237020605.5508085 2.609340413290938e-226 1.158483271416808e-156 1.1800016278099078e-209 3.652433852361748e-39 7.473151083315443e-198 4.3372915273158763e-104 1.2638204333895038e-173 9.169895691908901e-69 7.505650660950438e-30 4.2386125242404806e-163 66
1.9510319646081478e-222 4.711513836296689e-85 0.28 3.024744237041962e-67 8.285492870641025e-20 1.1800016278099078e-209 2.936953394770361e-115 7.473151083315443e-198 1.9026414887072263e-134 1.2638204333895038e-173 1.0723891158932746e-37 7.505650660950438e-30 4.596473952764577e-114 67
5.9397082562649196e-154 5.255468558553231e-60 3.524348034932653e-07 9.271735670697088e-25 1.2261250945965653e-68 9.23367017540536e-96 1.3301811545571122e-148 8.009849428515397e-167 4.3372915273158763e-104 9.893558408212145e-105 2.903247892342447e-138 1.178158143117687e-132 2.9319556044810216e-129 68
5.9397082562649196e-154 1.249340541915254e-135 237020605.5508085 2.609340413290938e-226 5.82721639574979e-177 1.1800016278099078e-209 2.936953394770361e-115 7.473151083315443e-198 1.9026414887072263e-134 6.209791918025293e-52 2.3949577690578346e-76 7.505650660950438e-30 4.2386125242404806e-163 66
5.9397082562649196e-154 1.249340541915254e-135 0.28 2.609340413290938e-226 5.82721639574979e-177 1.1800016278099078e-209 2.936953394770361e-115 7.473151083315443e-198 4.3372915273158763e-104 9.893558408212145e-105 2.3949577690578346e-76 1.7817031968719888e-35 4.2386125242404806e-163 66
5.9397082562649196e-154 1.249340541915254e-135 237020605.5508085 2.609340413290938e-226 1.2261250945965653e-68 1.1800016278099078e-209 1.5223635491621386e-108 7.473151083315443e-198 1.9026414887072263e-134 1.2638204333895038e-173 3.2836741246787113e-100 5.345734497738853e-125 4.2386125242404806e-163 66
1.9510319646081478e-222 1.249340541915254e-135 237020605.5508085 2.609340413290938e-226 0.5 1.1800016278099078e-209 1.5223635491621386e-108 7.473151083315443e-198 1.9026414887072263e-134 1.2638204333895038e-173 3.2836741246787113e-100 4.185163623755371e-98 4.2386125242404806e-163 67
1.9510319646081478e-222 5.255468558553231e-60 237020605.5508085 3.664582529489729e-89 1.158483271416808e-156 4.552895872897171e-10 1.3301811545571122e-148 8.009849428515397e-167 8.226312955871464e-132 9.893558408212145e-105 2.903247892342447e-138 1.178158143117687e-132 2.9319556044810216e-129 68
5.9397082562649196e-154 1.249340541915254e-135 237020605.5508085 2.609340413290938e-226 1.158483271416808e-156 1.1800016278099078e-209 2.936953394770361e-115 8.009849428515397e-167 1.9026414887072263e-134 0.96 2.3949577690578346e-76 4.185163623755371e-98 4.2386125242404806e-163 66
1.9510319646081478e-222 4.711513836296689e-85 237020605.5508085 2.609340413290938e-226 0.5 9.23367017540536e-96 1.5223635491621386e-108 1.3753175705042227e-25 1.9026414887072263e-134 1.2638204333895038e-173 3.2836741246787113e-100 4.185163623755371e-98 4.2386125242404806e-163 67
5.9397082562649196e-154 1.249340541915254e-135 0.28 3.024744237041962e-67 0.5 1.1800016278099078e-209 9.645327447519514e-11 8.009849428515397e-167 4.3372915273158763e-104 0.96 2.3949577690578346e-76 7.505650660950438e-30 4.2386125242404806e-163 66
1.9510319646081478e-222 2.9208517843348945e-143 237020605.5508085 3.664582529489729e-89 1.158483271416808e-156 3.1966471800460325e-106 1.5223635491621386e-108 8.009849428515397e-167 4.3372915273158763e-104 1.2638204333895038e-173 9.169895691908901e-69 5.345734497738853e-125 2.9319556044810216e-129 67
5.9397082562649196e-154 1.249340541915254e-135 237020605.5508085 2.609340413290938e-226 5.82721639574979e-177 1.1800016278099078e-209 2.936953394770361e-115 7.473151083315443e-198 1.9026414887072263e-134 6.209791918025293e-52 3.2836741246787113e-100 4.185163623755371e-98 4.2386125242404806e-163 66
1.9510319646081478e-222 4.711513836296689e-85 237020605.5508085 3.664582529489729e-89 5.82721639574979e-177 1.1800016278099078e-209 1.5223635491621386e-108 7.473151083315443e-198 1.0103131033473605e-06 1.2638204333895038e-173 3.2836741246787113e-100 7.505650660950438e-30 4.2386125242404806e-163 67
5.9397082562649196e-154 1.249340541915254e-135 237020605.5508085 2.609340413290938e-226 5.82721639574979e-177 1.1800016278099078e-209 2.936953394770361e-115 7.473151083315443e-198 1.9026414887072263e-134 9.893558408212145e-105 2.3949577690578346e-76 7.505650660950438e-30 4.2386125242404806e-163 66
1.9510319646081478e-222 4.711513836296689e-85 237020605.5508085 2.609340413290938e-226 0.5 9.23367017540536e-96 1.5223635491621386e-108 7.473151083315443e-198 1.9026414887072263e-134 1.2638204333895038e-173 2.3949577690578346e-76 7.505650660950438e-30 4.2386125242404806e-163 67
1.9510319646081478e-222 4.711513836296689e-85 1.817454086196039e-61 9.271735670697088e-25 1.158483271416808e-156 9.23367017540536e-96 1.5223635491621386e-108 6.6136269681961445e-31 4.3372915273158763e-104 1.2638204333895038e-173 2.3949577690578346e-76 4.185163623755371e-98 4.596473952764577e-114 67
1.9510319646081478e-222 5.255468558553231e-60 237020605.5508085 2.609340413290938e-226 5.82721639574979e-177 3.1966471800460325e-106 1.3301811545571122e-148 7.473151083315443e-198 8.226312955871464e-132 9.893558408212145e-105 2.903247892342447e-138 1.178158143117687e-132 4.2386125242404806e-163 68
7.40602914752294e-42 5.255468558553231e-60 237020605.5508085 2.609340413290938e-226 5.82721639574979e-177 1.1800016278099078e-209 3.652433852361748e-39 7.473151083315443e-198 1.0103131033473605e-06 1.2638204333895038e-173 2.903247892342447e-138 7.505650660950438e-30 4.596473952764577e-114 66
0.04 4.711513836296689e-85 237020605.5508085 2.609340413290938e-226 1.158483271416808e-156 1.1800016278099078e-209 2.936953394770361e-115 7.473151083315443e-198 1.9026414887072263e-134 1.8345511293061532e-90 3.2836741246787113e-100 7.505650660950438e-30 2.9319556044810216e-129 67
5.9397082562649196e-154 1.249340541915254e-135 237020605.5508085 2.609340413290938e-226 1.2261250945965653e-68 1.1800016278099078e-209 1.5223635491621386e-108 7.473151083315443e-198 1.9026414887072263e-134 1.2638204333895038e-173 3.2836741246787113e-100 5.345734497738853e-125 4.2386125242404806e-163 66
7.40602914752294e-42 2.9208517843348945e-143 1.715608442057724e-34 2.609340413290938e-226 5.82721639574979e-177 1.1800016278099078e-209 2.936953394770361e-115 7.473151083315443e-198 1.9026414887072263e-134 6.209791918025293e-52 3.2836741246787113e-100 7.505650660950438e-30 4.2386125242404806e-163 66
1.9510319646081478e-222 1.249340541915254e-135 237020605.5508085 3.664582529489729e-89 1.158483271416808e-156 3.1966471800460325e-106 1.5223635491621386e-108 8.009849428515397e-167 1.0103131033473605e-06 1.2638204333895038e-173 3.2836741246787113e-100 4.185163623755371e-98 2.9319556044810216e-129 67
5.9397082562649196e-154 1.249340541915254e-135 237020605.5508085 2.609340413290938e-226 5.82721639574979e-177 1.1800016278099078e-209 2.936953394770361e-115 7.473151083315443e-198 1.9026414887072263e-134 6.209791918025293e-52 2.3949577690578346e-76 7.505650660950438e-30 4.2386125242404806e-163 66
1.9510319646081478e-222 1.249340541915254e-135 3.524348034932653e-07 3.664582529489729e-89 0.5 3.1966471800460325e-106 1.3301811545571122e-148 7.473151083315443e-198 4.3372915273158763e-104 1.2638204333895038e-173 1.0723891158932746e-37 4.185163623755371e-98 4.596473952764577e-114 67
5.9397082562649196e-154 2.9208517843348945e-143 0.28 9.271735670697088e-25 1.2261250945965653e-68 3.1966471800460325e-106 1.3301811545571122e-148 8.009849428515397e-167 8.226312955871464e-132 1.2638204333895038e-173 9.169895691908901e-69 1.178158143117687e-132 2.9319556044810216e-129 68
1.9510319646081478e-222 1.249340541915254e-135 237020605.5508085 3.664582529489729e-89 1.158483271416808e-156 3.1966471800460325e-106 1.5223635491621386e-108 8.009849428515397e-167 4.3372915273158763e-104 1.2638204333895038e-173 1.0723891158932746e-37 1.178158143117687e-132 2.9319556044810216e-129 67
7.40602914752294e-42 2.9208517843348945e-143 237020605.5508085 3.664582529489729e-89 5.82721639574979e-177 3.1966471800460325e-106 1.3301811545571122e-148 8.009849428515397e-167 4.3372915273158763e-104 1.2638204333895038e-173 2.903247892342447e-138 1.178158143117687e-132 4.2386125242404806e-163 68
1.9510319646081478e-222 4.711513836296689e-85 237020605.5508085 2.609340413290938e-226 1.158483271416808e-156 1.1800016278099078e-209 2.936953394770361e-115 7.473151083315443e-198 1.149695913467505e-44 1.2638204333895038e-173 2.3949577690578346e-76 1.7817031968719888e-35 2.9319556044810216e-129 67
5.9397082562649196e-154 5.255468558553231e-60 237020605.5508085 2.609340413290938e-226 1.158483271416808e-156 1.1800016278099078e-209 3.652433852361748e-39 7.473151083315443e-198 4.3372915273158763e-104 1.2638204333895038e-173 9.169895691908901e-69 7.505650660950438e-30 4.2386125242404806e-163 66
1.9510319646081478e-222 4.711513836296689e-85 237020605.5508085 2.609340413290938e-226 1.158483271416808e-156 4.552895872897171e-10 1.5223635491621386e-108 6.6136269681961445e-31 1.9026414887072263e-134 1.2638204333895038e-173 9.169895691908901e-69 7.505650660950438e-30 2.9319556044810216e-129 67
1.9510319646081478e-222 4.711513836296689e-85 1.817454086196039e-61 3.664582529489729e-89 1.158483271416808e-156 1.1800016278099078e-209 1.5223635491621386e-108 0.78 4.3372915273158763e-104 1.2638204333895038e-173 3.2836741246787113e-100 4.185163623755371e-98 2.9319556044810216e-129 67
1.9510319646081478e-222 2.9208517843348945e-143 3.524348034932653e-07 3.024744237041962e-67 5.82721639574979e-177 3.1966471800460325e-106 1.5223635491621386e-108 8.009849428515397e-167 8.226312955871464e-132 1.2638204333895038e-173 2.3949577690578346e-76 4.185163623755371e-98 7.526287314423478e-14 67
1.9510319646081478e-222 5.255468558553231e-60 1.817454086196039e-61 3.664582529489729e-89 1.158483271416808e-156 3.1966471800460325e-106 1.3301811545571122e-148 8.009849428515397e-167 8.226312955871464e-132 9.893558408212145e-105 2.903247892342447e-138 1.178158143117687e-132 4.596473952764577e-114 68
5.9397082562649196e-154 1.249340541915254e-135 237020605.5508085 2.609340413290938e-226 5.82721639574979e-177 1.1800016278099078e-209 2.936953394770361e-115 7.473151083315443e-198 1.9026414887072263e-134 6.209791918025293e-52 3.2836741246787113e-100 5.345734497738853e-125 4.2386125242404806e-163 66
1.9510319646081478e-222 2.9208517843348945e-143 237020605.5508085 3.024744237041962e-67 5.82721639574979e-177 3.1966471800460325e-106 1.5223635491621386e-108 7.473151083315443e-198 8.226312955871464e-132 0.96 2.903247892342447e-138 1.178158143117687e-132 2.9319556044810216e-129 68
5.9397082562649196e-154 1.249340541915254e-135 237020605.5508085 2.609340413290938e-226 5.82721639574979e-177 1.1800016278099078e-209 2.936953394770361e-115 7.473151083315443e-198 1.9026414887072263e-134 6.209791918025293e-52 9.169895691908901e-69 5.345734497738853e-125 4.2386125242404806e-163 66
1.9510319646081478e-222 1.249340541915254e-135 237020605.5508085 2.609340413290938e-226 0.5 1.1800016278099078e-209 1.5223635491621386e-108 7.473151083315443e-198 1.9026414887072263e-134 1.2638204333895038e-173 3.2836741246787113e-100 4.185163623755371e-98 4.2386125242404806e-163 67
5.9397082562649196e-154 1.249340541915254e-135 237020605.5508085 2.609340413290938e-226 5.82721639574979e-177 1.1800016278099078e-209 2.936953394770361e-115 7.473151083315443e-198 4.3372915273158763e-104 6.209791918025293e-52 1.0723891158932746e-37 7.505650660950438e-30 4.2386125242404806e-163 66
1.9510319646081478e-222 1.249340541915254e-135 237020605.5508085 9.271735670697088e-25 1.158483271416808e-156 3.1966471800460325e-106 1.5223635491621386e-108 8.009849428515397e-167 4.3372915273158763e-104 1.2638204333895038e-173 2.3949577690578346e-76 4.185163623755371e-98 2.9319556044810216e-129 67
5.9397082562649196e-154 1.249340541915254e-135 237020605.5508085 2.609340413290938e-226 1.158483271416808e-156 1.1800016278099078e-209 2.936953394770361e-115 8.009849428515397e-167 1.9026414887072263e-134 0.96 2.3949577690578346e-76 4.185163623755371e-98 4.2386125242404806e-163 66
1.9510319646081478e-222 4.711513836296689e-85 237020605.5508085 9.271735670697088e-25 1.158483271416808e-156 9.23367017540536e-96 1.5223635491621386e-108 0.78 4.3372915273158763e-104 1.2638204333895038e-173 3.2836741246787113e-100 7.505650660950438e-30 4.596473952764577e-114 67
1.9510319646081478e-222 1.249340541915254e-135 237020605.5508085 2.609340413290938e-226 5.82721639574979e-177 1.1800016278099078e-209 1.5223635491621386e-108 7.473151083315443e-198 4.3372915273158763e-104 1.2638204333895038e-173 3.2836741246787113e-100 1.7817031968719888e-35 2.9319556044810216e-129 67
1.9510319646081478e-222 4.711513836296689e-85 237020605.5508085 2.609340413290938e-226 1.158483271416808e-156 1.1800016278099078e-209 2.936953394770361e-115 7.473151083315443e-198 1.9026414887072263e-134 1.2638204333895038e-173 3.2836741246787113e-100 4.185163623755371e-98 4.596473952764577e-114 67
1.9510319646081478e-222 1.249340541915254e-135 237020605.5508085 3.024744237041962e-67 1.158483271416808e-156 1.1800016278099078e-209 1.5223635491621386e-108 1.3753175705042227e-25 4.3372915273158763e-104 1.2638204333895038e-173 1.0723891158932746e-37 4.185163623755371e-98 2.9319556044810216e-129 67
5.9397082562649196e-154 1.249340541915254e-135 237020605.5508085 2.609340413290938e-226 5.82721639574979e-177 1.1800016278099078e-209 2.936953394770361e-115 7.473151083315443e-198 1.9026414887072263e-134 6.209791918025293e-52 3.2836741246787113e-100 1.7817031968719888e-35 4.2386125242404806e-163 66
1.9510319646081478e-222 1.249340541915254e-135 237020605.5508085 3.664582529489729e-89 1.158483271416808e-156 3.1966471800460325e-106 1.5223635491621386e-108 8.009849428515397e-167 1.0103131033473605e-06 1.2638204333895038e-173 3.2836741246787113e-100 4.185163623755371e-98 2.9319556044810216e-129 67
1.8800063814504624e-07 1.249340541915254e-135 237020605.5508085 2.609340413290938e-226 8.285492870641025e-20 0.58 1.5223635491621386e-108 7.473151083315443e-198 4.3372915273158763e-104 1.2638204333895038e-173 3.2836741246787113e-100 4.185163623755371e-98 4.2386125242404806e-163 66
5.9397082562649196e-154 1.249340541915254e-135 237020605.5508085 2.609340413290938e-226 1.158483271416808e-156 1.1800016278099078e-209 9.645327447519514e-11 7.473151083315443e-198 1.0103131033473605e-06 6.209791918025293e-52 3.2836741246787113e-100 1.7817031968719888e-35 4.2386125242404806e-163 66
1.9510319646081478e-222 1.249340541915254e-135 237020605.5508085 3.664582529489729e-89 1.158483271416808e-156 3.1966471800460325e-106 1.5223635491621386e-108 8.009849428515397e-167 1.0103131033473605e-06 1.2638204333895038e-173 3.2836741246787113e-100 4.185163623755371e-98 2.9319556044810216e-129 67
5.9397082562649196e-154 2.9208517843348945e-143 0.28 9.271735670697088e-25 1.2261250945965653e-68 3.1966471800460325e-106 1.3301811545571122e-148 8.009849428515397e-167 8.226312955871464e-132 1.2638204333895038e-173 9.169895691908901e-69 1.178158143117687e-132 2.9319556044810216e-129 68
1.9510319646081478e-222 0.18 1.715608442057724e-34 2.609340413290938e-226 5.82721639574979e-177 0.58 1.5223635491621386e-108 7.473151083315443e-198 1.9026414887072263e-134 1.2638204333895038e-173 3.2836741246787113e-100 5.345734497738853e-125 4.2386125242404806e-163 66
5.9397082562649196e-154 1.249340541915254e-135 237020605.5508085 2.609340413290938e-226 5.82721639574979e-177 1.1800016278099078e-209 2.936953394770361e-115 7.473151083315443e-198 1.9026414887072263e-134 6.209791918025293e-52 3.2836741246787113e-100 1.7817031968719888e-35 4.2386125242404806e-163 66
7.40602914752294e-42 1.249340541915254e-135 3.524348034932653e-07 2.609340413290938e-226 5.82721639574979e-177 1.1800016278099078e-209 3.652433852361748e-39 1.3753175705042227e-25 4.3372915273158763e-104 1.2638204333895038e-173 3.2836741246787113e-100 4.185163623755371e-98 4.2386125242404806e-163 66
1.9510319646081478e-222 0.18 1.715608442057724e-34 2.609340413290938e-226 5.82721639574979e-177 0.58 1.5223635491621386e-108 7.473151083315443e-198 1.9026414887072263e-134 1.2638204333895038e-173 3.2836741246787113e-100 5.345734497738853e-125 4.2386125242404806e-163 66
7.40602914752294e-42 2.9208517843348945e-143 3.524348034932653e-07 3.664582529489729e-89 5.82721639574979e-177 1.1800016278099078e-209 3.652433852361748e-39 6.6136269681961445e-31 1.149695913467505e-44 1.2638204333895038e-173 3.2836741246787113e-100 1.7817031968719888e-35 4.2386125242404806e-163 66
1.9510319646081478e-222 5.255468558553231e-60 237020605.5508085 2.609340413290938e-226 5.82721639574979e-177 3.1966471800460325e-106 1.3301811545571122e-148 7.473151083315443e-198 8.226312955871464e-132 9.893558408212145e-105 2.903247892342447e-138 1.178158143117687e-132 4.2386125242404806e-163 68
