7.0607585589959e-61 3.33950531611651e-53 5.42003364969738e-09 1.9348362590552615e-29 2.783115456565949e-54 4.3452361565165377e-72 2.798340873776425e-63 4.641968153455796e-68 1.3418359911184508e-40 5.265570111401216e-45 6.058997561951185e-53 1.7412359022595092e-59 8.333293225256476e-46 68
2.4473390811655643e-76 6.095736394671735e-58 9.533081126498755e-08 1.1016384559784069e-33 1.4852369584157194e-72 1.7013261713777165e-46 1.3688068601644148e-35 4.641968153455796e-68 1.2157919160225247e-58 3.18003484971312e-53 9.960930746187851e-26 2.227436436851464e-38 2.563774218566026e-05 67
2.4473390811655643e-76 4.6043953699773945e-29 1.3579654753172208e-112 8.515604834568443e-79 1.4852369584157194e-72 1.7013261713777165e-46 1.3688068601644148e-35 8.782686392465816e-64 1.2157919160225247e-58 3.18003484971312e-53 6.058997561951185e-53 1.7412359022595092e-59 8.333293225256476e-46 68
7.0607585589959e-61 2.3912951765712272e-17 1.3579654753172208e-112 1.1016384559784069e-33 2.783115456565949e-54 1.7013261713777165e-46 2.798340873776425e-63 4.641968153455796e-68 9.654338372527364e-30 5.265570111401216e-45 6.058997561951185e-53 1.7412359022595092e-59 6.965742884619131e-43 68
7.0607585589959e-61 2.3912951765712272e-17 1.3579654753172208e-112 8.515604834568443e-79 2.783115456565949e-54 4.3452361565165377e-72 4.917884100247972e-05 8.782686392465816e-64 9.654338372527364e-30 3.18003484971312e-53 4.205903540871957e-26 0.0002966779671766668 7.165964817733757e-60 66
2.4473390811655643e-76 4.6043953699773945e-29 1.3579654753172208e-112 1.0758680409717069e-07 2.783115456565949e-54 4.292563277900603e-35 1.3688068601644148e-35 0.78 9.654338372527364e-30 3.18003484971312e-53 1.5365041671676273e-30 0.0002966779671766668 8.333293225256476e-46 67
1.7343057009858009e-18 6.095736394671735e-58 5.42003364969738e-09 8.515604834568443e-79 1.4852369584157194e-72 4.3452361565165377e-72 1.4174151842695738e-47 8.782686392465816e-64 1.3418359911184508e-40 2.8166997431415515e-25 1.5365041671676273e-30 0.0002966779671766668 7.165964817733757e-60 66
7.0607585589959e-61 3.33950531611651e-53 0.28 1.0758680409717069e-07 1.4852369584157194e-72 4.3452361565165377e-72 1.3688068601644148e-35 4.641968153455796e-68 1.3418359911184508e-40 5.265570111401216e-45 6.058997561951185e-53 1.7412359022595092e-59 8.333293225256476e-46 68
7.0607585589959e-61 3.33950531611651e-53 1.3579654753172208e-112 8.515604834568443e-79 2.783115456565949e-54 4.3452361565165377e-72 0.00019465216823616991 8.782686392465816e-64 2.7328165895963094e-07 2.8166997431415515e-25 1.5365041671676273e-30 0.1447864416300247 7.165964817733757e-60 66
7.0607585589959e-61 3.33950531611651e-53 1.3579654753172208e-112 8.515604834568443e-79 2.783115456565949e-54 4.3452361565165377e-72 0.00019465216823616991 8.782686392465816e-64 2.7328165895963094e-07 2.8166997431415515e-25 1.5365041671676273e-30 0.1447864416300247 7.165964817733757e-60 66
2.4473390811655643e-76 6.095736394671735e-58 5.42003364969738e-09 1.9348362590552615e-29 1.4852369584157194e-72 1.7013261713777165e-46 2.798340873776425e-63 4.641968153455796e-68 1.2157919160225247e-58 2.8166997431415515e-25 4.205903540871957e-26 2.227436436851464e-38 1.24 68
2.4473390811655643e-76 2.3912951765712272e-17 1.3579654753172208e-112 1.9348362590552615e-29 2.783115456565949e-54 0.12395771471981898 2.798340873776425e-63 4.641968153455796e-68 1.2157919160225247e-58 5.265570111401216e-45 6.058997561951185e-53 1.7412359022595092e-59 6.965742884619131e-43 68
2.4473390811655643e-76 3.33950531611651e-53 1.3579654753172208e-112 1.9348362590552615e-29 2.783115456565949e-54 1.7013261713777165e-46 1.3688068601644148e-35 4.641968153455796e-68 2.7328165895963094e-07 3.18003484971312e-53 4.205903540871957e-26 2.227436436851464e-38 6.965742884619131e-43 67
7.0607585589959e-61 6.095736394671735e-58 0.28 1.0758680409717069e-07 1.4852369584157194e-72 1.7013261713777165e-46 2.798340873776425e-63 7.674280353438797e-14 9.654338372527364e-30 5.265570111401216e-45 6.058997561951185e-53 1.7412359022595092e-59 7.165964817733757e-60 68
2.4473390811655643e-76 3.33950531611651e-53 9.533081126498755e-08 1.0758680409717069e-07 1.4852369584157194e-72 4.3452361565165377e-72 4.917884100247972e-05 4.641968153455796e-68 1.3418359911184508e-40 3.18003484971312e-53 1.5365041671676273e-30 0.0002966779671766668 7.165964817733757e-60 66
2.4473390811655643e-76 6.095736394671735e-58 1.3579654753172208e-112 8.515604834568443e-79 1.4852369584157194e-72 1.7013261713777165e-46 2.798340873776425e-63 7.674280353438797e-14 1.2157919160225247e-58 7.491672377661921e-31 6.058997561951185e-53 1.7412359022595092e-59 8.333293225256476e-46 68
7.0607585589959e-61 3.33950531611651e-53 1.3579654753172208e-112 8.515604834568443e-79 1.4852369584157194e-72 4.3452361565165377e-72 1.4174151842695738e-47 8.782686392465816e-64 1.3418359911184508e-40 5.265570111401216e-45 9.960930746187851e-26 0.0002966779671766668 7.165964817733757e-60 66
7.0607585589959e-61 2.3912951765712272e-17 2.4471431693840724e-27 1.0758680409717069e-07 1.4852369584157194e-72 1.7013261713777165e-46 2.798340873776425e-63 4.641968153455796e-68 9.654338372527364e-30 5.265570111401216e-45 6.058997561951185e-53 1.7412359022595092e-59 7.165964817733757e-60 68
2.4473390811655643e-76 4.6043953699773945e-29 2.4471431693840724e-27 1.9348362590552615e-29 2.783115456565949e-54 4.3452361565165377e-72 1.3688068601644148e-35 0.78 9.654338372527364e-30 3.18003484971312e-53 1.5365041671676273e-30 2.227436436851464e-38 6.965742884619131e-43 67
2.4473390811655643e-76 4.6043953699773945e-29 1.3579654753172208e-112 8.515604834568443e-79 2.783115456565949e-54 1.7013261713777165e-46 1.3688068601644148e-35 8.782686392465816e-64 9.654338372527364e-30 3.18003484971312e-53 1.5365041671676273e-30 2.227436436851464e-38 1.24 67
0.04 4.6043953699773945e-29 1.3579654753172208e-112 8.515604834568443e-79 1.4852369584157194e-72 0.58 4.917884100247972e-05 8.782686392465816e-64 9.654338372527364e-30 3.18003484971312e-53 9.960930746187851e-26 2.227436436851464e-38 7.165964817733757e-60 66
2.4473390811655643e-76 2.3912951765712272e-17 1.3579654753172208e-112 1.9348362590552615e-29 2.783115456565949e-54 0.12395771471981898 2.798340873776425e-63 4.641968153455796e-68 1.2157919160225247e-58 5.265570111401216e-45 6.058997561951185e-53 1.7412359022595092e-59 6.965742884619131e-43 68
2.4473390811655643e-76 2.3912951765712272e-17 0.28 1.2710774835331673e-07 1.4852369584157194e-72 4.292563277900603e-35 1.3688068601644148e-35 4.641968153455796e-68 2.7328165895963094e-07 3.18003484971312e-53 1.427962890819567e-19 0.0002966779671766668 6.965742884619131e-43 67
0.04 4.6043953699773945e-29 1.3579654753172208e-112 8.515604834568443e-79 2.783115456565949e-54 4.3452361565165377e-72 1.4174151842695738e-47 8.782686392465816e-64 1.3418359911184508e-40 7.491672377661921e-31 1.5365041671676273e-30 0.0002966779671766668 6.965742884619131e-43 67
2.4473390811655643e-76 0.18 1.3579654753172208e-112 1.1016384559784069e-33 1.4852369584157194e-72 4.3452361565165377e-72 4.917884100247972e-05 8.782686392465816e-64 1.3418359911184508e-40 3.18003484971312e-53 6.058997561951185e-53 0.1447864416300247 1.24 67
2.4473390811655643e-76 3.33950531611651e-53 1.3579654753172208e-112 8.515604834568443e-79 2.783115456565949e-54 4.292563277900603e-35 1.3688068601644148e-35 8.782686392465816e-64 2.7328165895963094e-07 3.18003484971312e-53 1.5365041671676273e-30 0.0002966779671766668 7.165964817733757e-60 67
2.4473390811655643e-76 4.6043953699773945e-29 1.3579654753172208e-112 8.515604834568443e-79 2.783115456565949e-54 4.3452361565165377e-72 1.4174151842695738e-47 8.782686392465816e-64 1.3418359911184508e-40 3.18003484971312e-53 1.5365041671676273e-30 2.227436436851464e-38 8.333293225256476e-46 67
2.4473390811655643e-76 3.33950531611651e-53 1.3579654753172208e-112 8.515604834568443e-79 2.783115456565949e-54 4.292563277900603e-35 1.3688068601644148e-35 8.782686392465816e-64 2.7328165895963094e-07 3.18003484971312e-53 1.5365041671676273e-30 0.0002966779671766668 7.165964817733757e-60 67
2.4473390811655643e-76 6.095736394671735e-58 1.3579654753172208e-112 1.9348362590552615e-29 2.783115456565949e-54 1.7013261713777165e-46 1.3688068601644148e-35 4.641968153455796e-68 9.654338372527364e-30 3.18003484971312e-53 4.205903540871957e-26 5.2483507067987657e-51 6.965742884619131e-43 67
7.0607585589959e-61 3.33950531611651e-53 1.3579654753172208e-112 8.515604834568443e-79 1.4852369584157194e-72 4.3452361565165377e-72 1.4174151842695738e-47 8.782686392465816e-64 1.3418359911184508e-40 2.8166997431415515e-25 1.5365041671676273e-30 5.2483507067987657e-51 7.165964817733757e-60 66
2.4473390811655643e-76 3.33950531611651e-53 1.3579654753172208e-112 1.0758680409717069e-07 2.783115456565949e-54 1.7013261713777165e-46 1.3688068601644148e-35 4.641968153455796e-68 9.654338372527364e-30 3.18003484971312e-53 9.960930746187851e-26 2.227436436851464e-38 6.965742884619131e-43 67
1.7343057009858009e-18 6.095736394671735e-58 1.3579654753172208e-112 1.1016384559784069e-33 1.4852369584157194e-72 1.7013261713777165e-46 2.798340873776425e-63 4.641968153455796e-68 9.654338372527364e-30 5.265570111401216e-45 6.058997561951185e-53 1.7412359022595092e-59 7.165964817733757e-60 68
2.4473390811655643e-76 4.6043953699773945e-29 1.3579654753172208e-112 1.1016384559784069e-33 2.783115456565949e-54 4.292563277900603e-35 1.3688068601644148e-35 8.782686392465816e-64 1.2157919160225247e-58 3.18003484971312e-53 1.5365041671676273e-30 5.2483507067987657e-51 6.965742884619131e-43 67
2.4473390811655643e-76 6.095736394671735e-58 2.4471431693840724e-27 1.9348362590552615e-29 1.4852369584157194e-72 1.7013261713777165e-46 1.3688068601644148e-35 8.782686392465816e-64 9.654338372527364e-30 5.265570111401216e-45 6.058997561951185e-53 1.7412359022595092e-59 6.965742884619131e-43 68
2.4473390811655643e-76 6.095736394671735e-58 1.3579654753172208e-112 1.9348362590552615e-29 2.783115456565949e-54 1.7013261713777165e-46 1.3688068601644148e-35 4.641968153455796e-68 9.654338372527364e-30 3.18003484971312e-53 4.205903540871957e-26 5.2483507067987657e-51 6.965742884619131e-43 67
7.0607585589959e-61 2.3912951765712272e-17 9.533081126498755e-08 1.0758680409717069e-07 5.579002123054958e-26 4.292563277900603e-35 2.798340873776425e-63 4.641968153455796e-68 9.654338372527364e-30 5.265570111401216e-45 6.058997561951185e-53 1.7412359022595092e-59 6.965742884619131e-43 68
2.4473390811655643e-76 6.095736394671735e-58 9.533081126498755e-08 1.1016384559784069e-33 1.4852369584157194e-72 1.7013261713777165e-46 1.3688068601644148e-35 4.641968153455796e-68 1.2157919160225247e-58 3.18003484971312e-53 9.960930746187851e-26 2.227436436851464e-38 2.563774218566026e-05 67
2.4473390811655643e-76 4.6043953699773945e-29 1.3579654753172208e-112 8.515604834568443e-79 2.783115456565949e-54 4.3452361565165377e-72 1.3688068601644148e-35 8.782686392465816e-64 2.7328165895963094e-07 3.18003484971312e-53 9.960930746187851e-26 2.227436436851464e-38 6.965742884619131e-43 67
2.4473390811655643e-76 6.095736394671735e-58 1.3579654753172208e-112 1.1016384559784069e-33 1.4852369584157194e-72 1.7013261713777165e-46 1.3688068601644148e-35 8.782686392465816e-64 1.2157919160225247e-58 0.96 6.058997561951185e-53 1.7412359022595092e-59 6.965742884619131e-43 68
7.0607585589959e-61 3.33950531611651e-53 5.42003364969738e-09 1.9348362590552615e-29 2.783115456565949e-54 4.3452361565165377e-72 2.798340873776425e-63 4.641968153455796e-68 1.3418359911184508e-40 5.265570111401216e-45 6.058997561951185e-53 1.7412359022595092e-59 8.333293225256476e-46 68
7.0607585589959e-61 3.33950531611651e-53 5.42003364969738e-09 1.9348362590552615e-29 2.783115456565949e-54 4.3452361565165377e-72 2.798340873776425e-63 4.641968153455796e-68 1.3418359911184508e-40 5.265570111401216e-45 6.058997561951185e-53 1.7412359022595092e-59 8.333293225256476e-46 68
0.04 4.6043953699773945e-29 1.3579654753172208e-112 8.515604834568443e-79 1.4852369584157194e-72 0.58 4.917884100247972e-05 8.782686392465816e-64 9.654338372527364e-30 3.18003484971312e-53 9.960930746187851e-26 2.227436436851464e-38 7.165964817733757e-60 66
2.4473390811655643e-76 3.33950531611651e-53 1.3579654753172208e-112 1.9348362590552615e-29 2.783115456565949e-54 1.7013261713777165e-46 1.3688068601644148e-35 4.641968153455796e-68 2.7328165895963094e-07 3.18003484971312e-53 4.205903540871957e-26 2.227436436851464e-38 6.965742884619131e-43 67
2.4473390811655643e-76 2.3912951765712272e-17 2.4471431693840724e-27 1.9348362590552615e-29 2.783115456565949e-54 1.7013261713777165e-46 2.798340873776425e-63 4.641968153455796e-68 1.2157919160225247e-58 5.265570111401216e-45 6.058997561951185e-53 1.7412359022595092e-59 8.333293225256476e-46 68
7.0607585589959e-61 6.095736394671735e-58 1.3579654753172208e-112 8.515604834568443e-79 1.4852369584157194e-72 4.3452361565165377e-72 1.4174151842695738e-47 8.782686392465816e-64 1.3418359911184508e-40 7.491672377661921e-31 1.5365041671676273e-30 5.2483507067987657e-51 7.165964817733757e-60 66
7.0607585589959e-61 6.095736394671735e-58 5.42003364969738e-09 1.0758680409717069e-07 1.4852369584157194e-72 1.7013261713777165e-46 2.798340873776425e-63 4.641968153455796e-68 9.654338372527364e-30 5.265570111401216e-45 6.058997561951185e-53 1.7412359022595092e-59 7.165964817733757e-60 68
1.7343057009858009e-18 3.33950531611651e-53 5.42003364969738e-09 8.515604834568443e-79 1.4852369584157194e-72 4.3452361565165377e-72 1.4174151842695738e-47 8.782686392465816e-64 2.7328165895963094e-07 2.8166997431415515e-25 1.5365041671676273e-30 0.1447864416300247 7.165964817733757e-60 66
2.4473390811655643e-76 4.6043953699773945e-29 1.3579654753172208e-112 8.515604834568443e-79 2.783115456565949e-54 4.3452361565165377e-72 1.4174151842695738e-47 8.782686392465816e-64 1.3418359911184508e-40 3.18003484971312e-53 1.5365041671676273e-30 2.227436436851464e-38 8.333293225256476e-46 67
2.4473390811655643e-76 4.6043953699773945e-29 2.4471431693840724e-27 8.515604834568443e-79 1.4852369584157194e-72 4.292563277900603e-35 1.3688068601644148e-35 4.641968153455796e-68 1.2157919160225247e-58 3.18003484971312e-53 9.960930746187851e-26 2.227436436851464e-38 6.965742884619131e-43 67
2.4473390811655643e-76 6.095736394671735e-58 1.3579654753172208e-112 8.515604834568443e-79 2.783115456565949e-54 1.7013261713777165e-46 1.3688068601644148e-35 4.641968153455796e-68 1.2157919160225247e-58 3.18003484971312e-53 6.058997561951185e-53 2.227436436851464e-38 6.965742884619131e-43 67
7.0607585589959e-61 3.33950531611651e-53 1.3579654753172208e-112 8.515604834568443e-79 1.4852369584157194e-72 4.3452361565165377e-72 1.4174151842695738e-47 8.782686392465816e-64 9.654338372527364e-30 2.8166997431415515e-25 1.427962890819567e-19 0.0002966779671766668 7.165964817733757e-60 66
2.4473390811655643e-76 2.3912951765712272e-17 2.4471431693840724e-27 1.9348362590552615e-29 2.783115456565949e-54 1.7013261713777165e-46 2.798340873776425e-63 4.641968153455796e-68 1.2157919160225247e-58 5.265570111401216e-45 6.058997561951185e-53 1.7412359022595092e-59 8.333293225256476e-46 68
7.0607585589959e-61 3.33950531611651e-53 5.42003364969738e-09 8.515604834568443e-79 1.4852369584157194e-72 4.3452361565165377e-72 0.00019465216823616991 7.674280353438797e-14 2.7328165895963094e-07 2.8166997431415515e-25 1.5365041671676273e-30 0.1447864416300247 7.165964817733757e-60 66
2.4473390811655643e-76 3.33950531611651e-53 1.3579654753172208e-112 8.515604834568443e-79 2.783115456565949e-54 4.3452361565165377e-72 1.4174151842695738e-47 8.782686392465816e-64 1.3418359911184508e-40 5.265570111401216e-45 1.5365041671676273e-30 0.1447864416300247 7.165964817733757e-60 66
0.04 4.6043953699773945e-29 1.3579654753172208e-112 8.515604834568443e-79 1.4852369584157194e-72 0.58 4.917884100247972e-05 8.782686392465816e-64 9.654338372527364e-30 3.18003484971312e-53 9.960930746187851e-26 2.227436436851464e-38 7.165964817733757e-60 66
2.4473390811655643e-76 6.095736394671735e-58 1.3579654753172208e-112 1.1016384559784069e-33 1.4852369584157194e-72 1.7013261713777165e-46 1.3688068601644148e-35 8.782686392465816e-64 1.2157919160225247e-58 0.96 6.058997561951185e-53 1.7412359022595092e-59 6.965742884619131e-43 68
7.0607585589959e-61 2.3912951765712272e-17 2.4471431693840724e-27 8.515604834568443e-79 1.4852369584157194e-72 4.3452361565165377e-72 1.4174151842695738e-47 8.782686392465816e-64 1.3418359911184508e-40 7.491672377661921e-31 4.205903540871957e-26 5.2483507067987657e-51 7.165964817733757e-60 66
7.0607585589959e-61 3.33950531611651e-53 5.42003364969738e-09 8.515604834568443e-79 2.783115456565949e-54 4.3452361565165377e-72 1.4174151842695738e-47 4.316735672475641e-09 9.654338372527364e-30 3.18003484971312e-53 1.427962890819567e-19 0.0002966779671766668 7.165964817733757e-60 66
1.7343057009858009e-18 6.095736394671735e-58 1.3579654753172208e-112 1.1016384559784069e-33 1.4852369584157194e-72 1.7013261713777165e-46 2.798340873776425e-63 4.641968153455796e-68 9.654338372527364e-30 5.265570111401216e-45 6.058997561951185e-53 1.7412359022595092e-59 7.165964817733757e-60 68
0.0013355339369227701 3.33950531611651e-53 1.3579654753172208e-112 8.515604834568443e-79 0.007376874446629346 0.58 1.3688068601644148e-35 8.782686392465816e-64 9.654338372527364e-30 3.18003484971312e-53 1.5365041671676273e-30 2.227436436851464e-38 7.165964817733757e-60 66
7.0607585589959e-61 3.33950531611651e-53 5.42003364969738e-09 8.515604834568443e-79 1.4852369584157194e-72 4.3452361565165377e-72 1.4174151842695738e-47 8.782686392465816e-64 2.7328165895963094e-07 2.8166997431415515e-25 4.205903540871957e-26 5.2483507067987657e-51 7.165964817733757e-60 66
2.4473390811655643e-76 3.33950531611651e-53 1.3579654753172208e-112 1.9348362590552615e-29 1.4852369584157194e-72 1.7013261713777165e-46 2.798340873776425e-63 4.316735672475641e-09 9.654338372527364e-30 3.18003484971312e-53 4.205903540871957e-26 1.7412359022595092e-59 7.165964817733757e-60 67
2.4473390811655643e-76 6.095736394671735e-58 1.3579654753172208e-112 1.0758680409717069e-07 1.4852369584157194e-72 1.7013261713777165e-46 2.798340873776425e-63 8.782686392465816e-64 1.2157919160225247e-58 2.8166997431415515e-25 6.058997561951185e-53 1.7412359022595092e-59 6.965742884619131e-43 68
7.0607585589959e-61 4.6043953699773945e-29 2.4471431693840724e-27 8.515604834568443e-79 1.4852369584157194e-72 4.3452361565165377e-72 1.4174151842695738e-47 8.782686392465816e-64 1.3418359911184508e-40 2.8166997431415515e-25 4.205903540871957e-26 0.1447864416300247 7.165964817733757e-60 66
7.0607585589959e-61 2.3912951765712272e-17 1.3579654753172208e-112 1.1016384559784069e-33 2.783115456565949e-54 1.7013261713777165e-46 2.798340873776425e-63 4.641968153455796e-68 9.654338372527364e-30 5.265570111401216e-45 6.058997561951185e-53 1.7412359022595092e-59 6.965742884619131e-43 68
2.4473390811655643e-76 3.33950531611651e-53 1.3579654753172208e-112 1.9348362590552615e-29 2.783115456565949e-54 4.3452361565165377e-72 1.3688068601644148e-35 4.641968153455796e-68 1.3418359911184508e-40 3.18003484971312e-53 9.960930746187851e-26 0.1447864416300247 6.965742884619131e-43 67
2.4473390811655643e-76 4.6043953699773945e-29 1.3579654753172208e-112 1.0758680409717069e-07 2.783115456565949e-54 4.292563277900603e-35 1.3688068601644148e-35 0.78 9.654338372527364e-30 3.18003484971312e-53 1.5365041671676273e-30 0.0002966779671766668 8.333293225256476e-46 67
2.4473390811655643e-76 6.095736394671735e-58 1.3579654753172208e-112 8.515604834568443e-79 2.783115456565949e-54 1.7013261713777165e-46 1.3688068601644148e-35 4.641968153455796e-68 1.2157919160225247e-58 3.18003484971312e-53 6.058997561951185e-53 2.227436436851464e-38 6.965742884619131e-43 67
2.4473390811655643e-76 3.33950531611651e-53 2.4471431693840724e-27 8.515604834568443e-79 0.007376874446629346 4.3452361565165377e-72 1.3688068601644148e-35 8.782686392465816e-64 9.654338372527364e-30 3.18003484971312e-53 1.5365041671676273e-30 5.2483507067987657e-51 7.165964817733757e-60 66
1.7343057009858009e-18 3.33950531611651e-53 9.533081126498755e-08 8.515604834568443e-79 1.4852369584157194e-72 4.3452361565165377e-72 4.917884100247972e-05 4.316735672475641e-09 9.654338372527364e-30 3.18003484971312e-53 1.5365041671676273e-30 2.227436436851464e-38 7.165964817733757e-60 66
2.4473390811655643e-76 4.6043953699773945e-29 2.4471431693840724e-27 1.9348362590552615e-29 2.783115456565949e-54 4.3452361565165377e-72 1.3688068601644148e-35 0.78 9.654338372527364e-30 3.18003484971312e-53 1.5365041671676273e-30 2.227436436851464e-38 6.965742884619131e-43 67
7.0607585589959e-61 3.33950531611651e-53 1.3579654753172208e-112 8.515604834568443e-79 2.783115456565949e-54 4.3452361565165377e-72 1.4174151842695738e-47 4.641968153455796e-68 1.3418359911184508e-40 0.96 9.960930746187851e-26 2.227436436851464e-38 7.165964817733757e-60 66
2.4473390811655643e-76 6.095736394671735e-58 1.3579654753172208e-112 1.1016384559784069e-33 2.783115456565949e-54 1.7013261713777165e-46 2.798340873776425e-63 4.641968153455796e-68 1.2157919160225247e-58 5.265570111401216e-45 6.058997561951185e-53 1.7412359022595092e-59 6.965742884619131e-43 68
2.4473390811655643e-76 4.6043953699773945e-29 1.3579654753172208e-112 8.515604834568443e-79 0.5 4.292563277900603e-35 1.3688068601644148e-35 8.782686392465816e-64 1.3418359911184508e-40 3.18003484971312e-53 9.960930746187851e-26 0.0002966779671766668 7.165964817733757e-60 67
2.4473390811655643e-76 2.3912951765712272e-17 1.3579654753172208e-112 1.9348362590552615e-29 2.783115456565949e-54 0.12395771471981898 2.798340873776425e-63 4.641968153455796e-68 1.2157919160225247e-58 5.265570111401216e-45 6.058997561951185e-53 1.7412359022595092e-59 6.965742884619131e-43 68
2.4473390811655643e-76 3.33950531611651e-53 1.3579654753172208e-112 1.9348362590552615e-29 2.783115456565949e-54 1.7013261713777165e-46 1.3688068601644148e-35 4.641968153455796e-68 2.7328165895963094e-07 3.18003484971312e-53 4.205903540871957e-26 2.227436436851464e-38 6.965742884619131e-43 67
7.0607585589959e-61 6.095736394671735e-58 1.3579654753172208e-112 1.1016384559784069e-33 2.783115456565949e-54 1.7013261713777165e-46 2.798340873776425e-63 4.641968153455796e-68 1.2157919160225247e-58 2.8166997431415515e-25 6.058997561951185e-53 1.7412359022595092e-59 1.24 68
2.4473390811655643e-76 4.6043953699773945e-29 1.3579654753172208e-112 1.9348362590552615e-29 1.4852369584157194e-72 4.3452361565165377e-72 1.3688068601644148e-35 8.782686392465816e-64 2.7328165895963094e-07 3.18003484971312e-53 1.5365041671676273e-30 0.0002966779671766668 7.165964817733757e-60 67
7.0607585589959e-61 3.33950531611651e-53 5.42003364969738e-09 8.515604834568443e-79 1.4852369584157194e-72 4.3452361565165377e-72 1.3688068601644148e-35 8.782686392465816e-64 9.654338372527364e-30 7.491672377661921e-31 1.5365041671676273e-30 5.2483507067987657e-51 7.165964817733757e-60 66
7.0607585589959e-61 3.33950531611651e-53 5.42003364969738e-09 1.1016384559784069e-33 5.579002123054958e-26 4.3452361565165377e-72 4.917884100247972e-05 8.782686392465816e-64 2.7328165895963094e-07 3.18003484971312e-53 1.5365041671676273e-30 5.2483507067987657e-51 7.165964817733757e-60 66
7.0607585589959e-61 3.33950531611651e-53 0.28 1.1016384559784069e-33 1.4852369584157194e-72 4.3452361565165377e-72 1.4174151842695738e-47 8.782686392465816e-64 1.3418359911184508e-40 2.8166997431415515e-25 1.5365041671676273e-30 2.227436436851464e-38 7.165964817733757e-60 66
7.0607585589959e-61 3.33950531611651e-53 1.3579654753172208e-112 8.515604834568443e-79 1.4852369584157194e-72 4.3452361565165377e-72 1.4174151842695738e-47 8.782686392465816e-64 2.7328165895963094e-07 3.18003484971312e-53 1.5365041671676273e-30 5.2483507067987657e-51 7.165964817733757e-60 66
2.4473390811655643e-76 3.33950531611651e-53 1.3579654753172208e-112 1.9348362590552615e-29 2.783115456565949e-54 1.7013261713777165e-46 1.3688068601644148e-35 4.641968153455796e-68 2.7328165895963094e-07 3.18003484971312e-53 4.205903540871957e-26 2.227436436851464e-38 6.965742884619131e-43 67
2.4473390811655643e-76 4.6043953699773945e-29 1.3579654753172208e-112 1.1016384559784069e-33 2.783115456565949e-54 4.292563277900603e-35 1.3688068601644148e-35 8.782686392465816e-64 1.2157919160225247e-58 3.18003484971312e-53 1.5365041671676273e-30 5.2483507067987657e-51 6.965742884619131e-43 67
2.4473390811655643e-76 2.3912951765712272e-17 5.42003364969738e-09 1.0758680409717069e-07 5.579002123054958e-26 1.7013261713777165e-46 2.798340873776425e-63 4.641968153455796e-68 1.2157919160225247e-58 7.491672377661921e-31 6.058997561951185e-53 1.7412359022595092e-59 6.965742884619131e-43 68
2.4473390811655643e-76 4.6043953699773945e-29 1.3579654753172208e-112 8.515604834568443e-79 2.783115456565949e-54 4.3452361565165377e-72 1.4174151842695738e-47 8.782686392465816e-64 1.3418359911184508e-40 3.18003484971312e-53 1.5365041671676273e-30 2.227436436851464e-38 8.333293225256476e-46 67
2.4473390811655643e-76 3.33950531611651e-53 1.3579654753172208e-112 1.9348362590552615e-29 2.783115456565949e-54 1.7013261713777165e-46 1.3688068601644148e-35 4.641968153455796e-68 2.7328165895963094e-07 3.18003484971312e-53 4.205903540871957e-26 2.227436436851464e-38 6.965742884619131e-43 67
2.4473390811655643e-76 4.6043953699773945e-29 1.3579654753172208e-112 8.515604834568443e-79 2.783115456565949e-54 0.12395771471981898 1.3688068601644148e-35 7.674280353438797e-14 1.3418359911184508e-40 3.18003484971312e-53 4.205903540871957e-26 0.0002966779671766668 6.965742884619131e-43 67
2.4473390811655643e-76 3.33950531611651e-53 1.3579654753172208e-112 8.515604834568443e-79 2.783115456565949e-54 4.292563277900603e-35 1.3688068601644148e-35 8.782686392465816e-64 2.7328165895963094e-07 3.18003484971312e-53 1.5365041671676273e-30 0.0002966779671766668 7.165964817733757e-60 67
2.4473390811655643e-76 4.6043953699773945e-29 2.4471431693840724e-27 8.515604834568443e-79 1.4852369584157194e-72 4.292563277900603e-35 1.3688068601644148e-35 4.641968153455796e-68 1.2157919160225247e-58 3.18003484971312e-53 9.960930746187851e-26 2.227436436851464e-38 6.965742884619131e-43 67
2.4473390811655643e-76 4.6043953699773945e-29 1.3579654753172208e-112 8.515604834568443e-79 0.5 4.292563277900603e-35 1.3688068601644148e-35 8.782686392465816e-64 1.3418359911184508e-40 3.18003484971312e-53 9.960930746187851e-26 0.0002966779671766668 7.165964817733757e-60 67
0.04 4.6043953699773945e-29 1.3579654753172208e-112 8.515604834568443e-79 1.4852369584157194e-72 0.58 4.917884100247972e-05 8.782686392465816e-64 9.654338372527364e-30 3.18003484971312e-53 9.960930746187851e-26 2.227436436851464e-38 7.165964817733757e-60 66
2.4473390811655643e-76 4.6043953699773945e-29 1.3579654753172208e-112 1.1016384559784069e-33 2.783115456565949e-54 4.292563277900603e-35 1.3688068601644148e-35 8.782686392465816e-64 1.2157919160225247e-58 3.18003484971312e-53 1.5365041671676273e-30 5.2483507067987657e-51 6.965742884619131e-43 67
7.0607585589959e-61 3.33950531611651e-53 0.28 8.515604834568443e-79 1.4852369584157194e-72 4.3452361565165377e-72 1.4174151842695738e-47 8.782686392465816e-64 9.654338372527364e-30 5.265570111401216e-45 9.960930746187851e-26 0.1447864416300247 7.165964817733757e-60 66
7.0607585589959e-61 6.095736394671735e-58 1.3579654753172208e-112 1.9348362590552615e-29 2.783115456565949e-54 1.7013261713777165e-46 2.798340873776425e-63 0.78 1.2157919160225247e-58 5.265570111401216e-45 6.058997561951185e-53 1.7412359022595092e-59 2.563774218566026e-05 68
2.4473390811655643e-76 3.33950531611651e-53 2.4471431693840724e-27 8.515604834568443e-79 1.4852369584157194e-72 4.3452361565165377e-72 1.3688068601644148e-35 8.782686392465816e-64 9.654338372527364e-30 3.18003484971312e-53 1.5365041671676273e-30 2.227436436851464e-38 7.165964817733757e-60 66
7.0607585589959e-61 2.3912951765712272e-17 1.3579654753172208e-112 1.9348362590552615e-29 0.007376874446629346 1.7013261713777165e-46 2.798340873776425e-63 4.641968153455796e-68 1.2157919160225247e-58 5.265570111401216e-45 6.058997561951185e-53 1.7412359022595092e-59 7.165964817733757e-60 68
1.7343057009858009e-18 3.33950531611651e-53 5.42003364969738e-09 8.515604834568443e-79 1.4852369584157194e-72 4.3452361565165377e-72 1.4174151842695738e-47 8.782686392465816e-64 2.7328165895963094e-07 2.8166997431415515e-25 1.5365041671676273e-30 0.1447864416300247 7.165964817733757e-60 66
7.0607585589959e-61 3.33950531611651e-53 5.42003364969738e-09 8.515604834568443e-79 1.4852369584157194e-72 4.3452361565165377e-72 0.00019465216823616991 7.674280353438797e-14 2.7328165895963094e-07 2.8166997431415515e-25 1.5365041671676273e-30 0.1447864416300247 7.165964817733757e-60 66
2.4473390811655643e-76 6.095736394671735e-58 1.3579654753172208e-112 1.1016384559784069e-33 2.783115456565949e-54 1.7013261713777165e-46 2.798340873776425e-63 7.674280353438797e-14 1.2157919160225247e-58 5.265570111401216e-45 6.058997561951185e-53 1.7412359022595092e-59 8.333293225256476e-46 68
7.0607585589959e-61 6.095736394671735e-58 5.42003364969738e-09 1.0758680409717069e-07 1.4852369584157194e-72 1.7013261713777165e-46 1.3688068601644148e-35 8.782686392465816e-64 9.654338372527364e-30 5.265570111401216e-45 6.058997561951185e-53 1.7412359022595092e-59 6.965742884619131e-43 68
7.0607585589959e-61 2.3912951765712272e-17 1.3579654753172208e-112 1.9348362590552615e-29 2.783115456565949e-54 1.7013261713777165e-46 2.798340873776425e-63 4.641968153455796e-68 1.2157919160225247e-58 2.8166997431415515e-25 6.058997561951185e-53 1.7412359022595092e-59 6.965742884619131e-43 68
2.4473390811655643e-76 3.33950531611651e-53 1.3579654753172208e-112 1.1016384559784069e-33 2.783115456565949e-54 4.3452361565165377e-72 1.3688068601644148e-35 4.316735672475641e-09 9.654338372527364e-30 3.18003484971312e-53 1.427962890819567e-19 2.227436436851464e-38 6.965742884619131e-43 67
2.4473390811655643e-76 6.095736394671735e-58 1.3579654753172208e-112 1.1016384559784069e-33 2.783115456565949e-54 1.7013261713777165e-46 2.798340873776425e-63 4.641968153455796e-68 1.2157919160225247e-58 5.265570111401216e-45 6.058997561951185e-53 1.7412359022595092e-59 6.965742884619131e-43 68
2.4473390811655643e-76 3.33950531611651e-53 5.42003364969738e-09 1.2710774835331673e-07 2.783115456565949e-54 4.292563277900603e-35 1.3688068601644148e-35 7.674280353438797e-14 9.654338372527364e-30 3.18003484971312e-53 9.960930746187851e-26 0.0002966779671766668 1.24 67
0.04 4.6043953699773945e-29 1.3579654753172208e-112 8.515604834568443e-79 1.4852369584157194e-72 0.58 4.917884100247972e-05 8.782686392465816e-64 9.654338372527364e-30 3.18003484971312e-53 9.960930746187851e-26 2.227436436851464e-38 7.165964817733757e-60 66
0.0013355339369227701 6.095736394671735e-58 1.3579654753172208e-112 1.1016384559784069e-33 2.783115456565949e-54 1.7013261713777165e-46 2.798340873776425e-63 4.316735672475641e-09 1.2157919160225247e-58 2.8166997431415515e-25 6.058997561951185e-53 2.227436436851464e-38 7.165964817733757e-60 68
2.4473390811655643e-76 4.6043953699773945e-29 2.4471431693840724e-27 1.9348362590552615e-29 2.783115456565949e-54 4.3452361565165377e-72 1.3688068601644148e-35 0.78 9.654338372527364e-30 3.18003484971312e-53 1.5365041671676273e-30 2.227436436851464e-38 6.965742884619131e-43 67
2.4473390811655643e-76 3.33950531611651e-53 1.3579654753172208e-112 1.0758680409717069e-07 2.783115456565949e-54 4.292563277900603e-35 1.3688068601644148e-35 7.674280353438797e-14 1.3418359911184508e-40 3.18003484971312e-53 4.205903540871957e-26 2.227436436851464e-38 6.965742884619131e-43 67
2.4473390811655643e-76 4.6043953699773945e-29 1.3579654753172208e-112 8.515604834568443e-79 2.783115456565949e-54 0.12395771471981898 1.3688068601644148e-35 7.674280353438797e-14 1.3418359911184508e-40 3.18003484971312e-53 4.205903540871957e-26 0.0002966779671766668 6.965742884619131e-43 67
7.0607585589959e-61 3.33950531611651e-53 5.42003364969738e-09 8.515604834568443e-79 1.4852369584157194e-72 4.3452361565165377e-72 0.00019465216823616991 7.674280353438797e-14 2.7328165895963094e-07 2.8166997431415515e-25 1.5365041671676273e-30 0.1447864416300247 7.165964817733757e-60 66
7.0607585589959e-61 3.33950531611651e-53 1.3579654753172208e-112 8.515604834568443e-79 2.783115456565949e-54 4.3452361565165377e-72 0.00019465216823616991 8.782686392465816e-64 2.7328165895963094e-07 2.8166997431415515e-25 1.5365041671676273e-30 0.1447864416300247 7.165964817733757e-60 66
2.4473390811655643e-76 3.33950531611651e-53 9.533081126498755e-08 1.2710774835331673e-07 2.783115456565949e-54 4.292563277900603e-35 1.3688068601644148e-35 4.641968153455796e-68 2.7328165895963094e-07 3.18003484971312e-53 1.427962890819567e-19 2.227436436851464e-38 6.965742884619131e-43 67
2.4473390811655643e-76 4.6043953699773945e-29 1.3579654753172208e-112 8.515604834568443e-79 0.5 4.292563277900603e-35 1.3688068601644148e-35 4.316735672475641e-09 1.3418359911184508e-40 3.18003484971312e-53 1.5365041671676273e-30 2.227436436851464e-38 7.165964817733757e-60 67
