7.885222717111402e-147 1.0415333212046414e-136 3.75711688643691e-99 4.457673418619053e-78 1.0459500328541273e-216 1.9241622809190385e-70 2.3844582729088397e-46 1204.6029041209692 7.589105564091639e-141 5.911673686067501e-268 1.9579977321023246e-40 2.6944516731298776e-43 1.6216026057682317e-230 66
7.885222717111402e-147 2.3349843813023532e-206 3.75711688643691e-99 1.4760558979253536e-296 9.65511422904665e-154 2.04215011784668e-05 1.2035508698375224e-129 1.8579335390361832e-235 3.794564495852513e-124 4.22009307440059e-196 4.2950148184172876e-114 1.1191479517745189e-134 1.322371039122046e-153 68
8.946829080157709e-73 0.824349737710774 3.75711688643691e-99 4.457673418619053e-78 9.65511422904665e-154 1.9241622809190385e-70 8.113500184344103e-40 1204.6029041209692 3.138279555318113e-136 5.911673686067501e-268 5.927863662594026e-283 4.374473096633328e-154 1.322371039122046e-153 67
7.885222717111402e-147 1.0415333212046414e-136 3.75711688643691e-99 4.457673418619053e-78 1.833731896348277e-269 1.9241622809190385e-70 8.113500184344103e-40 1204.6029041209692 7.589105564091639e-141 4.22009307440059e-196 4.526309123532687e-217 2.6944516731298776e-43 1.6216026057682317e-230 66
8.946829080157709e-73 6.923830714766059e-117 3.75711688643691e-99 4.457673418619053e-78 9.65511422904665e-154 2.04215011784668e-05 2.3844582729088397e-46 1.8579335390361832e-235 3.794564495852513e-124 5.911673686067501e-268 4.2950148184172876e-114 3.0206911810526453e-308 1.322371039122046e-153 67
8.946829080157709e-73 1.0415333212046414e-136 3.75711688643691e-99 4.7029751374514714e-83 9.65511422904665e-154 2.04215011784668e-05 2.3844582729088397e-46 1.8579335390361832e-235 1.5228871249684748e-40 5.911673686067501e-268 5.927863662594026e-283 3.0206911810526453e-308 1.322371039122046e-153 67
7.885222717111402e-147 1.0415333212046414e-136 5.210558830922609e-132 4.457673418619053e-78 9.65511422904665e-154 1.9241622809190385e-70 8.113500184344103e-40 1.4764203921723232e-115 1.5228871249684748e-40 5.911673686067501e-268 3.352850103947231e-154 6.929515688089277e-119 1.6216026057682317e-230 66
8.946829080157709e-73 1.0415333212046414e-136 3.75711688643691e-99 1.4760558979253536e-296 1.833731896348277e-269 0.2363620080332894 2.3844582729088397e-46 1.4764203921723232e-115 1.5228871249684748e-40 5.911673686067501e-268 1.9579977321023246e-40 4.374473096633328e-154 1.322371039122046e-153 67
7.885222717111402e-147 6.923830714766059e-117 0.28 4.7029751374514714e-83 1.833731896348277e-269 2.04215011784668e-05 1.2035508698375224e-129 5.995776773878841e-92 1.5228871249684748e-40 1.1620778555725029e-07 4.2950148184172876e-114 1.1191479517745189e-134 1.6216026057682317e-230 68
0.04 0.824349737710774 3.75711688643691e-99 4.457673418619053e-78 1.833731896348277e-269 0.58 1.0153125973598751e-158 1204.6029041209692 1.5228871249684748e-40 5.911673686067501e-268 5.927863662594026e-283 3.0206911810526453e-308 1.6216026057682317e-230 66
8.946829080157709e-73 0.824349737710774 8.579136999217762e-183 4.7029751374514714e-83 9.65511422904665e-154 0.2363620080332894 2.3844582729088397e-46 5.995776773878841e-92 1.5228871249684748e-40 5.911673686067501e-268 5.927863662594026e-283 3.0206911810526453e-308 1.992314330365964e-37 67
8.946829080157709e-73 6.923830714766059e-117 5.210558830922609e-132 1.4760558979253536e-296 1.833731896348277e-269 2.04215011784668e-05 1.2035508698375224e-129 1.8579335390361832e-235 3.794564495852513e-124 4.22009307440059e-196 4.526309123532687e-217 3.0206911810526453e-308 1.24 68
8.203713976949542e-133 6.923830714766059e-117 4.173304492105278e-36 1.4760558979253536e-296 1.833731896348277e-269 1.9241622809190385e-70 1.0153125973598751e-158 5.995776773878841e-92 3.138279555318113e-136 5.911673686067501e-268 1.9579977321023246e-40 4.374473096633328e-154 1.6216026057682317e-230 66
7.885222717111402e-147 2.3349843813023532e-206 3.75711688643691e-99 1.4760558979253536e-296 9.65511422904665e-154 2.04215011784668e-05 1.2035508698375224e-129 1.8579335390361832e-235 3.794564495852513e-124 4.22009307440059e-196 4.2950148184172876e-114 1.1191479517745189e-134 1.322371039122046e-153 68
7.885222717111402e-147 1.0415333212046414e-136 5.210558830922609e-132 4.7029751374514714e-83 9.65511422904665e-154 1.9241622809190385e-70 8.113500184344103e-40 1204.6029041209692 3.138279555318113e-136 5.911673686067501e-268 5.927863662594026e-283 6.929515688089277e-119 1.322371039122046e-153 67
7.885222717111402e-147 1.0415333212046414e-136 0.28 1.6907137961466006e-217 1.833731896348277e-269 1.9241622809190385e-70 8.113500184344103e-40 1204.6029041209692 7.589105564091639e-141 4.22009307440059e-196 1.9579977321023246e-40 3.0206911810526453e-308 1.6216026057682317e-230 66
7.885222717111402e-147 2.3349843813023532e-206 3.75711688643691e-99 1.4760558979253536e-296 9.65511422904665e-154 2.04215011784668e-05 1.2035508698375224e-129 1.8579335390361832e-235 3.794564495852513e-124 4.22009307440059e-196 4.2950148184172876e-114 1.1191479517745189e-134 1.322371039122046e-153 68
7.885222717111402e-147 2.3349843813023532e-206 4.173304492105278e-36 4.7029751374514714e-83 1.833731896348277e-269 0.2363620080332894 1.2035508698375224e-129 1204.6029041209692 3.794564495852513e-124 1.1620778555725029e-07 4.2950148184172876e-114 1.1191479517745189e-134 1.992314330365964e-37 68
8.946829080157709e-73 0.824349737710774 3.75711688643691e-99 4.7029751374514714e-83 9.65511422904665e-154 0.2363620080332894 2.3844582729088397e-46 0.78 1.5228871249684748e-40 5.911673686067501e-268 1.9579977321023246e-40 6.929515688089277e-119 1.992314330365964e-37 67
7.885222717111402e-147 1.0415333212046414e-136 3.75711688643691e-99 4.457673418619053e-78 1.0459500328541273e-216 1.9241622809190385e-70 2.3844582729088397e-46 1204.6029041209692 7.589105564091639e-141 5.911673686067501e-268 1.9579977321023246e-40 2.6944516731298776e-43 1.6216026057682317e-230 66
0.04 2.3349843813023532e-206 3.75711688643691e-99 1.4760558979253536e-296 1.833731896348277e-269 2.04215011784668e-05 2.3844582729088397e-46 1.4764203921723232e-115 3.794564495852513e-124 1.1620778555725029e-07 4.2950148184172876e-114 1.1191479517745189e-134 1.322371039122046e-153 68
8.946829080157709e-73 0.18 5.210558830922609e-132 4.457673418619053e-78 1.833731896348277e-269 0.58 2.3844582729088397e-46 1204.6029041209692 7.589105564091639e-141 5.911673686067501e-268 1.9579977321023246e-40 2.6944516731298776e-43 1.6216026057682317e-230 66
7.885222717111402e-147 1.0415333212046414e-136 3.75711688643691e-99 4.457673418619053e-78 1.833731896348277e-269 1.9241622809190385e-70 8.113500184344103e-40 1204.6029041209692 7.589105564091639e-141 4.22009307440059e-196 1.9579977321023246e-40 3.0206911810526453e-308 1.6216026057682317e-230 66
7.885222717111402e-147 1.0415333212046414e-136 3.75711688643691e-99 4.457673418619053e-78 1.833731896348277e-269 1.9241622809190385e-70 8.113500184344103e-40 1204.6029041209692 7.589105564091639e-141 1.1620778555725029e-07 5.927863662594026e-283 6.929515688089277e-119 1.6216026057682317e-230 66
8.946829080157709e-73 0.824349737710774 8.579136999217762e-183 1.4760558979253536e-296 9.65511422904665e-154 1.9241622809190385e-70 2.3844582729088397e-46 1.8579335390361832e-235 3.794564495852513e-124 5.911673686067501e-268 3.352850103947231e-154 6.929515688089277e-119 1.322371039122046e-153 67
7.885222717111402e-147 6.923830714766059e-117 5.210558830922609e-132 4.7029751374514714e-83 1.833731896348277e-269 2.04215011784668e-05 1.2035508698375224e-129 1.8579335390361832e-235 1.5228871249684748e-40 1.1620778555725029e-07 4.2950148184172876e-114 1.1191479517745189e-134 1.6216026057682317e-230 68
8.946829080157709e-73 6.923830714766059e-117 3.75711688643691e-99 4.457673418619053e-78 1.833731896348277e-269 2.04215011784668e-05 1.2035508698375224e-129 5.995776773878841e-92 3.794564495852513e-124 1.0257586139292563e-291 4.2950148184172876e-114 1.1191479517745189e-134 1.992314330365964e-37 68
7.885222717111402e-147 2.3349843813023532e-206 3.75711688643691e-99 1.6907137961466006e-217 9.65511422904665e-154 0.2363620080332894 1.2035508698375224e-129 1.8579335390361832e-235 3.794564495852513e-124 5.911673686067501e-268 4.526309123532687e-217 1.1191479517745189e-134 1.322371039122046e-153 68
8.203713976949542e-133 6.923830714766059e-117 4.173304492105278e-36 1.4760558979253536e-296 1.833731896348277e-269 1.9241622809190385e-70 1.0153125973598751e-158 5.995776773878841e-92 3.138279555318113e-136 5.911673686067501e-268 1.9579977321023246e-40 4.374473096633328e-154 1.6216026057682317e-230 66
1.7469645644958821e-25 1.0415333212046414e-136 3.75711688643691e-99 4.457673418619053e-78 1.3298580197117727e-72 0.58 2.3844582729088397e-46 1204.6029041209692 1.5228871249684748e-40 5.911673686067501e-268 1.9579977321023246e-40 3.0206911810526453e-308 1.6216026057682317e-230 66
8.946829080157709e-73 1.0415333212046414e-136 4.173304492105278e-36 4.7029751374514714e-83 1.833731896348277e-269 1.9241622809190385e-70 1.0153125973598751e-158 1.8579335390361832e-235 7.589105564091639e-141 5.911673686067501e-268 1.9579977321023246e-40 6.929515688089277e-119 1.6216026057682317e-230 66
7.885222717111402e-147 0.824349737710774 8.579136999217762e-183 4.457673418619053e-78 1.833731896348277e-269 1.9241622809190385e-70 8.113500184344103e-40 1204.6029041209692 7.589105564091639e-141 4.22009307440059e-196 4.526309123532687e-217 4.374473096633328e-154 1.6216026057682317e-230 66
8.203713976949542e-133 6.923830714766059e-117 4.173304492105278e-36 1.4760558979253536e-296 1.833731896348277e-269 1.9241622809190385e-70 1.0153125973598751e-158 5.995776773878841e-92 3.138279555318113e-136 5.911673686067501e-268 1.9579977321023246e-40 4.374473096633328e-154 1.6216026057682317e-230 66
7.885222717111402e-147 1.0415333212046414e-136 0.28 1.6907137961466006e-217 0.5 1.9241622809190385e-70 1.1785182424174727e-40 1.8579335390361832e-235 1.5228871249684748e-40 0.96 5.927863662594026e-283 6.929515688089277e-119 1.6216026057682317e-230 66
7.885222717111402e-147 2.3349843813023532e-206 3.75711688643691e-99 4.457673418619053e-78 9.65511422904665e-154 1.9241622809190385e-70 1.0153125973598751e-158 1204.6029041209692 1.5228871249684748e-40 5.911673686067501e-268 4.526309123532687e-217 6.929515688089277e-119 1.6216026057682317e-230 66
8.203713976949542e-133 6.923830714766059e-117 3.75711688643691e-99 1.6907137961466006e-217 1.833731896348277e-269 2.04215011784668e-05 1.2035508698375224e-129 1.8579335390361832e-235 1.5228871249684748e-40 1.1620778555725029e-07 4.2950148184172876e-114 1.1191479517745189e-134 1.6216026057682317e-230 68
8.946829080157709e-73 6.923830714766059e-117 8.579136999217762e-183 1.4760558979253536e-296 1.833731896348277e-269 2.04215011784668e-05 2.3844582729088397e-46 1204.6029041209692 1.5228871249684748e-40 1.1620778555725029e-07 4.2950148184172876e-114 1.1191479517745189e-134 1.322371039122046e-153 68
8.946829080157709e-73 1.0415333212046414e-136 3.75711688643691e-99 4.457673418619053e-78 9.65511422904665e-154 1.9241622809190385e-70 8.113500184344103e-40 1204.6029041209692 7.589105564091639e-141 1.1620778555725029e-07 1.9579977321023246e-40 4.374473096633328e-154 1.6216026057682317e-230 66
8.946829080157709e-73 0.824349737710774 3.75711688643691e-99 4.457673418619053e-78 0.5 0.2363620080332894 2.3844582729088397e-46 1204.6029041209692 7.589105564091639e-141 5.911673686067501e-268 5.927863662594026e-283 6.929515688089277e-119 1.6216026057682317e-230 67
7.885222717111402e-147 1.0415333212046414e-136 3.75711688643691e-99 4.457673418619053e-78 9.65511422904665e-154 1.9241622809190385e-70 8.113500184344103e-40 1.8579335390361832e-235 7.589105564091639e-141 0.96 5.927863662594026e-283 3.0206911810526453e-308 1.6216026057682317e-230 66
8.946829080157709e-73 1.0415333212046414e-136 3.75711688643691e-99 1.4760558979253536e-296 1.833731896348277e-269 0.2363620080332894 2.3844582729088397e-46 1.4764203921723232e-115 1.5228871249684748e-40 5.911673686067501e-268 1.9579977321023246e-40 4.374473096633328e-154 1.322371039122046e-153 67
8.946829080157709e-73 6.923830714766059e-117 4.173304492105278e-36 1.6907137961466006e-217 1.833731896348277e-269 2.04215011784668e-05 2.3844582729088397e-46 1.8579335390361832e-235 3.794564495852513e-124 5.911673686067501e-268 5.927863662594026e-283 3.0206911810526453e-308 1.2679132913328943e-41 67
8.946829080157709e-73 0.824349737710774 3.75711688643691e-99 4.7029751374514714e-83 9.65511422904665e-154 0.2363620080332894 2.3844582729088397e-46 0.78 1.5228871249684748e-40 5.911673686067501e-268 1.9579977321023246e-40 6.929515688089277e-119 1.992314330365964e-37 67
0.04 0.824349737710774 3.75711688643691e-99 4.457673418619053e-78 1.833731896348277e-269 0.58 1.0153125973598751e-158 1204.6029041209692 1.5228871249684748e-40 5.911673686067501e-268 5.927863662594026e-283 3.0206911810526453e-308 1.6216026057682317e-230 66
0.04 0.824349737710774 3.75711688643691e-99 4.457673418619053e-78 9.65511422904665e-154 1.9241622809190385e-70 8.113500184344103e-40 1204.6029041209692 7.589105564091639e-141 1.0257586139292563e-291 1.9579977321023246e-40 6.929515688089277e-119 1.322371039122046e-153 67
0.04 2.3349843813023532e-206 3.75711688643691e-99 1.4760558979253536e-296 1.833731896348277e-269 2.04215011784668e-05 2.3844582729088397e-46 1.4764203921723232e-115 3.794564495852513e-124 1.1620778555725029e-07 4.2950148184172876e-114 1.1191479517745189e-134 1.322371039122046e-153 68
8.946829080157709e-73 0.824349737710774 3.75711688643691e-99 4.457673418619053e-78 0.5 0.2363620080332894 2.3844582729088397e-46 1204.6029041209692 7.589105564091639e-141 5.911673686067501e-268 5.927863662594026e-283 6.929515688089277e-119 1.6216026057682317e-230 67
7.885222717111402e-147 1.0415333212046414e-136 3.75711688643691e-99 4.457673418619053e-78 1.833731896348277e-269 1.9241622809190385e-70 8.113500184344103e-40 1204.6029041209692 7.589105564091639e-141 4.22009307440059e-196 1.9579977321023246e-40 3.0206911810526453e-308 1.6216026057682317e-230 66
8.203713976949542e-133 6.923830714766059e-117 3.75711688643691e-99 1.6907137961466006e-217 1.833731896348277e-269 2.04215011784668e-05 1.2035508698375224e-129 1.8579335390361832e-235 1.5228871249684748e-40 1.1620778555725029e-07 4.2950148184172876e-114 1.1191479517745189e-134 1.6216026057682317e-230 68
8.946829080157709e-73 0.824349737710774 3.75711688643691e-99 1.4760558979253536e-296 1.833731896348277e-269 1.9241622809190385e-70 2.3844582729088397e-46 1204.6029041209692 1.1963472877368465e-35 5.911673686067501e-268 1.9579977321023246e-40 6.929515688089277e-119 1.6216026057682317e-230 67
8.946829080157709e-73 2.3349843813023532e-206 8.579136999217762e-183 1.4760558979253536e-296 9.65511422904665e-154 2.04215011784668e-05 1.2035508698375224e-129 1.8579335390361832e-235 3.794564495852513e-124 5.911673686067501e-268 4.2950148184172876e-114 1.1191479517745189e-134 1.6216026057682317e-230 68
0.04 1.0415333212046414e-136 4.173304492105278e-36 1.1235073629045814e-46 1.833731896348277e-269 0.2363620080332894 2.3844582729088397e-46 1204.6029041209692 1.5228871249684748e-40 1.1620778555725029e-07 4.2950148184172876e-114 1.1191479517745189e-134 1.322371039122046e-153 68
0.04 2.3349843813023532e-206 3.75711688643691e-99 1.4760558979253536e-296 1.833731896348277e-269 2.04215011784668e-05 2.3844582729088397e-46 1.4764203921723232e-115 3.794564495852513e-124 1.1620778555725029e-07 4.2950148184172876e-114 1.1191479517745189e-134 1.322371039122046e-153 68
8.946829080157709e-73 6.923830714766059e-117 0.28 1.4760558979253536e-296 1.0459500328541273e-216 2.04215011784668e-05 1.2035508698375224e-129 1.8579335390361832e-235 3.794564495852513e-124 5.911673686067501e-268 4.2950148184172876e-114 3.0206911810526453e-308 1.2679132913328943e-41 68
7.885222717111402e-147 1.0415333212046414e-136 8.579136999217762e-183 1.4760558979253536e-296 1.833731896348277e-269 1.9241622809190385e-70 1.1785182424174727e-40 1204.6029041209692 7.589105564091639e-141 4.22009307440059e-196 3.352850103947231e-154 6.929515688089277e-119 1.6216026057682317e-230 66
7.885222717111402e-147 1.0415333212046414e-136 0.28 4.457673418619053e-78 1.833731896348277e-269 1.9241622809190385e-70 8.113500184344103e-40 1204.6029041209692 1.5228871249684748e-40 1.1620778555725029e-07 5.927863662594026e-283 4.374473096633328e-154 1.6216026057682317e-230 66
8.946829080157709e-73 0.824349737710774 3.75711688643691e-99 4.457673418619053e-78 0.5 0.2363620080332894 2.3844582729088397e-46 1204.6029041209692 7.589105564091639e-141 5.911673686067501e-268 5.927863662594026e-283 6.929515688089277e-119 1.6216026057682317e-230 67
7.885222717111402e-147 6.923830714766059e-117 3.75711688643691e-99 1.4760558979253536e-296 9.65511422904665e-154 2.04215011784668e-05 1.2035508698375224e-129 0.78 3.794564495852513e-124 1.1620778555725029e-07 4.2950148184172876e-114 1.1191479517745189e-134 1.2679132913328943e-41 68
8.946829080157709e-73 0.824349737710774 3.75711688643691e-99 4.457673418619053e-78 1.833731896348277e-269 0.2363620080332894 2.3844582729088397e-46 1204.6029041209692 1.5228871249684748e-40 5.911673686067501e-268 5.927863662594026e-283 6.929515688089277e-119 1.322371039122046e-153 67
7.885222717111402e-147 1.0415333212046414e-136 3.75711688643691e-99 4.457673418619053e-78 1.833731896348277e-269 1.9241622809190385e-70 8.113500184344103e-40 1204.6029041209692 7.589105564091639e-141 4.22009307440059e-196 5.927863662594026e-283 6.929515688089277e-119 1.6216026057682317e-230 66
8.946829080157709e-73 1.0415333212046414e-136 3.75711688643691e-99 4.457673418619053e-78 0.5 1.9241622809190385e-70 2.3844582729088397e-46 1204.6029041209692 7.589105564091639e-141 5.911673686067501e-268 1.9579977321023246e-40 3.0206911810526453e-308 1.6216026057682317e-230 67
7.885222717111402e-147 2.3349843813023532e-206 3.75711688643691e-99 1.6907137961466006e-217 9.65511422904665e-154 2.04215011784668e-05 1.2035508698375224e-129 1.8579335390361832e-235 1.5228871249684748e-40 1.1620778555725029e-07 4.2950148184172876e-114 1.1191479517745189e-134 1.322371039122046e-153 68
7.885222717111402e-147 1.0415333212046414e-136 3.75711688643691e-99 4.457673418619053e-78 1.833731896348277e-269 1.9241622809190385e-70 8.113500184344103e-40 1204.6029041209692 7.589105564091639e-141 4.22009307440059e-196 5.927863662594026e-283 6.929515688089277e-119 1.6216026057682317e-230 66
8.946829080157709e-73 0.824349737710774 3.75711688643691e-99 4.457673418619053e-78 1.833731896348277e-269 0.2363620080332894 2.3844582729088397e-46 1204.6029041209692 1.5228871249684748e-40 5.911673686067501e-268 5.927863662594026e-283 6.929515688089277e-119 1.322371039122046e-153 67
8.946829080157709e-73 6.923830714766059e-117 8.579136999217762e-183 1.4760558979253536e-296 1.833731896348277e-269 1.9241622809190385e-70 2.3844582729088397e-46 1.4764203921723232e-115 1.5228871249684748e-40 5.911673686067501e-268 4.2950148184172876e-114 2.6944516731298776e-43 1.322371039122046e-153 67
7.885222717111402e-147 1.0415333212046414e-136 5.210558830922609e-132 4.457673418619053e-78 1.833731896348277e-269 1.9241622809190385e-70 1.1785182424174727e-40 5.995776773878841e-92 1.1963472877368465e-35 4.22009307440059e-196 1.9579977321023246e-40 4.374473096633328e-154 1.6216026057682317e-230 66
8.203713976949542e-133 2.3349843813023532e-206 3.75711688643691e-99 1.6907137961466006e-217 1.833731896348277e-269 2.04215011784668e-05 1.2035508698375224e-129 1.8579335390361832e-235 1.5228871249684748e-40 1.1620778555725029e-07 4.2950148184172876e-114 1.1191479517745189e-134 1.6216026057682317e-230 68
8.946829080157709e-73 6.923830714766059e-117 3.75711688643691e-99 4.457673418619053e-78 9.65511422904665e-154 2.04215011784668e-05 2.3844582729088397e-46 1.8579335390361832e-235 3.794564495852513e-124 5.911673686067501e-268 4.2950148184172876e-114 3.0206911810526453e-308 1.322371039122046e-153 67
8.946829080157709e-73 1.0415333212046414e-136 4.173304492105278e-36 1.1235073629045814e-46 9.65511422904665e-154 0.2363620080332894 2.3844582729088397e-46 1.8579335390361832e-235 1.1963472877368465e-35 5.911673686067501e-268 3.352850103947231e-154 3.0206911810526453e-308 1.322371039122046e-153 67
8.946829080157709e-73 6.923830714766059e-117 8.579136999217762e-183 1.4760558979253536e-296 1.833731896348277e-269 1.9241622809190385e-70 2.3844582729088397e-46 1.4764203921723232e-115 1.5228871249684748e-40 5.911673686067501e-268 4.2950148184172876e-114 2.6944516731298776e-43 1.322371039122046e-153 67
8.946829080157709e-73 6.923830714766059e-117 3.75711688643691e-99 4.457673418619053e-78 9.65511422904665e-154 2.04215011784668e-05 2.3844582729088397e-46 1.8579335390361832e-235 3.794564495852513e-124 5.911673686067501e-268 4.2950148184172876e-114 3.0206911810526453e-308 1.322371039122046e-153 67
8.946829080157709e-73 2.3349843813023532e-206 5.210558830922609e-132 4.7029751374514714e-83 1.0459500328541273e-216 2.04215011784668e-05 1.2035508698375224e-129 1.8579335390361832e-235 3.794564495852513e-124 1.0257586139292563e-291 4.2950148184172876e-114 1.1191479517745189e-134 1.322371039122046e-153 68
8.946829080157709e-73 6.923830714766059e-117 3.75711688643691e-99 1.6907137961466006e-217 9.65511422904665e-154 2.04215011784668e-05 1.2035508698375224e-129 1.8579335390361832e-235 3.794564495852513e-124 1.1620778555725029e-07 4.2950148184172876e-114 1.1191479517745189e-134 1.322371039122046e-153 68
8.203713976949542e-133 6.923830714766059e-117 3.75711688643691e-99 1.6907137961466006e-217 1.833731896348277e-269 2.04215011784668e-05 1.2035508698375224e-129 1.8579335390361832e-235 1.5228871249684748e-40 1.1620778555725029e-07 4.2950148184172876e-114 1.1191479517745189e-134 1.6216026057682317e-230 68
7.885222717111402e-147 1.0415333212046414e-136 3.75711688643691e-99 4.457673418619053e-78 1.833731896348277e-269 1.9241622809190385e-70 8.113500184344103e-40 1204.6029041209692 1.1963472877368465e-35 5.911673686067501e-268 1.9579977321023246e-40 2.6944516731298776e-43 1.6216026057682317e-230 66
7.885222717111402e-147 1.0415333212046414e-136 5.210558830922609e-132 4.457673418619053e-78 1.833731896348277e-269 1.9241622809190385e-70 8.113500184344103e-40 1204.6029041209692 1.1963472877368465e-35 4.22009307440059e-196 4.526309123532687e-217 2.6944516731298776e-43 1.6216026057682317e-230 66
7.885222717111402e-147 6.923830714766059e-117 5.210558830922609e-132 4.7029751374514714e-83 1.833731896348277e-269 2.04215011784668e-05 1.2035508698375224e-129 1.8579335390361832e-235 1.5228871249684748e-40 1.1620778555725029e-07 4.2950148184172876e-114 1.1191479517745189e-134 1.6216026057682317e-230 68
7.885222717111402e-147 2.3349843813023532e-206 4.173304492105278e-36 4.7029751374514714e-83 1.833731896348277e-269 0.2363620080332894 1.2035508698375224e-129 1204.6029041209692 3.794564495852513e-124 1.1620778555725029e-07 4.2950148184172876e-114 1.1191479517745189e-134 1.992314330365964e-37 68
8.946829080157709e-73 0.824349737710774 3.75711688643691e-99 4.457673418619053e-78 9.65511422904665e-154 1.9241622809190385e-70 8.113500184344103e-40 1204.6029041209692 7.589105564091639e-141 5.911673686067501e-268 1.9579977321023246e-40 3.0206911810526453e-308 1.992314330365964e-37 67
7.885222717111402e-147 1.0415333212046414e-136 0.28 1.6907137961466006e-217 1.833731896348277e-269 1.9241622809190385e-70 8.113500184344103e-40 1204.6029041209692 7.589105564091639e-141 4.22009307440059e-196 1.9579977321023246e-40 3.0206911810526453e-308 1.6216026057682317e-230 66
7.885222717111402e-147 1.0415333212046414e-136 3.75711688643691e-99 4.457673418619053e-78 1.833731896348277e-269 1.9241622809190385e-70 8.113500184344103e-40 1204.6029041209692 7.589105564091639e-141 4.22009307440059e-196 1.9579977321023246e-40 2.6944516731298776e-43 1.6216026057682317e-230 66
7.885222717111402e-147 1.0415333212046414e-136 5.210558830922609e-132 1.6907137961466006e-217 1.833731896348277e-269 1.9241622809190385e-70 8.113500184344103e-40 5.995776773878841e-92 1.1963472877368465e-35 4.22009307440059e-196 1.9579977321023246e-40 3.0206911810526453e-308 1.6216026057682317e-230 66
8.946829080157709e-73 1.0415333212046414e-136 3.75711688643691e-99 1.4760558979253536e-296 9.65511422904665e-154 1.9241622809190385e-70 2.3844582729088397e-46 1.8579335390361832e-235 7.589105564091639e-141 5.911673686067501e-268 5.927863662594026e-283 4.374473096633328e-154 1.322371039122046e-153 67
7.885222717111402e-147 2.3349843813023532e-206 4.173304492105278e-36 4.7029751374514714e-83 1.833731896348277e-269 0.2363620080332894 1.2035508698375224e-129 1204.6029041209692 3.794564495852513e-124 1.1620778555725029e-07 4.2950148184172876e-114 1.1191479517745189e-134 1.992314330365964e-37 68
7.885222717111402e-147 6.923830714766059e-117 0.28 4.7029751374514714e-83 1.833731896348277e-269 2.04215011784668e-05 1.2035508698375224e-129 5.995776773878841e-92 1.5228871249684748e-40 1.1620778555725029e-07 4.2950148184172876e-114 1.1191479517745189e-134 1.6216026057682317e-230 68
7.885222717111402e-147 6.923830714766059e-117 3.75711688643691e-99 1.4760558979253536e-296 9.65511422904665e-154 2.04215011784668e-05 1.2035508698375224e-129 0.78 3.794564495852513e-124 1.1620778555725029e-07 4.2950148184172876e-114 1.1191479517745189e-134 1.2679132913328943e-41 68
7.885222717111402e-147 1.0415333212046414e-136 0.28 4.7029751374514714e-83 1.833731896348277e-269 1.9241622809190385e-70 2.3844582729088397e-46 1.8579335390361832e-235 7.589105564091639e-141 1.1620778555725029e-07 4.2950148184172876e-114 1.1191479517745189e-134 1.992314330365964e-37 68
8.203713976949542e-133 6.923830714766059e-117 5.210558830922609e-132 4.457673418619053e-78 1.833731896348277e-269 1.9241622809190385e-70 8.113500184344103e-40 1204.6029041209692 7.589105564091639e-141 4.22009307440059e-196 1.9579977321023246e-40 6.929515688089277e-119 1.6216026057682317e-230 66
8.946829080157709e-73 2.3349843813023532e-206 8.579136999217762e-183 1.4760558979253536e-296 9.65511422904665e-154 2.04215011784668e-05 1.2035508698375224e-129 1.8579335390361832e-235 3.794564495852513e-124 5.911673686067501e-268 4.2950148184172876e-114 1.1191479517745189e-134 1.6216026057682317e-230 68
7.885222717111402e-147 1.0415333212046414e-136 0.28 4.7029751374514714e-83 1.833731896348277e-269 1.9241622809190385e-70 2.3844582729088397e-46 1.8579335390361832e-235 7.589105564091639e-141 1.1620778555725029e-07 4.2950148184172876e-114 1.1191479517745189e-134 1.992314330365964e-37 68
8.946829080157709e-73 0.824349737710774 3.75711688643691e-99 4.457673418619053e-78 9.65511422904665e-154 1.9241622809190385e-70 8.113500184344103e-40 1204.6029041209692 7.589105564091639e-141 5.911673686067501e-268 1.9579977321023246e-40 3.0206911810526453e-308 1.992314330365964e-37 67
8.946829080157709e-73 1.0415333212046414e-136 3.75711688643691e-99 4.457673418619053e-78 9.65511422904665e-154 0.2363620080332894 2.3844582729088397e-46 1204.6029041209692 1.1963472877368465e-35 5.911673686067501e-268 1.9579977321023246e-40 6.929515688089277e-119 1.6216026057682317e-230 67
8.946829080157709e-73 0.824349737710774 8.579136999217762e-183 1.4760558979253536e-296 9.65511422904665e-154 1.9241622809190385e-70 2.3844582729088397e-46 0.78 1.5228871249684748e-40 5.911673686067501e-268 1.9579977321023246e-40 3.0206911810526453e-308 1.322371039122046e-153 67
8.946829080157709e-73 0.824349737710774 5.210558830922609e-132 4.457673418619053e-78 1.3298580197117727e-72 0.2363620080332894 2.3844582729088397e-46 1204.6029041209692 7.589105564091639e-141 5.911673686067501e-268 4.2950148184172876e-114 6.929515688089277e-119 1.322371039122046e-153 67
7.885222717111402e-147 1.0415333212046414e-136 0.28 4.457673418619053e-78 1.833731896348277e-269 1.9241622809190385e-70 8.113500184344103e-40 1204.6029041209692 1.5228871249684748e-40 1.1620778555725029e-07 5.927863662594026e-283 4.374473096633328e-154 1.6216026057682317e-230 66
7.885222717111402e-147 1.0415333212046414e-136 3.75711688643691e-99 4.457673418619053e-78 1.833731896348277e-269 1.9241622809190385e-70 8.113500184344103e-40 1.4764203921723232e-115 7.589105564091639e-141 4.22009307440059e-196 3.352850103947231e-154 2.6944516731298776e-43 1.6216026057682317e-230 66
8.946829080157709e-73 0.824349737710774 5.210558830922609e-132 4.457673418619053e-78 1.3298580197117727e-72 0.2363620080332894 2.3844582729088397e-46 1204.6029041209692 7.589105564091639e-141 5.911673686067501e-268 4.2950148184172876e-114 6.929515688089277e-119 1.322371039122046e-153 67
8.946829080157709e-73 1.0415333212046414e-136 3.75711688643691e-99 1.4760558979253536e-296 9.65511422904665e-154 2.04215011784668e-05 2.3844582729088397e-46 1.8579335390361832e-235 1.1963472877368465e-35 5.911673686067501e-268 4.526309123532687e-217 3.0206911810526453e-308 1.322371039122046e-153 67
7.885222717111402e-147 6.923830714766059e-117 5.210558830922609e-132 4.7029751374514714e-83 1.833731896348277e-269 2.04215011784668e-05 2.3844582729088397e-46 1204.6029041209692 1.5228871249684748e-40 1.1620778555725029e-07 4.2950148184172876e-114 1.1191479517745189e-134 1.322371039122046e-153 68
7.885222717111402e-147 2.3349843813023532e-206 8.579136999217762e-183 4.457673418619053e-78 1.833731896348277e-269 1.9241622809190385e-70 8.113500184344103e-40 1204.6029041209692 7.589105564091639e-141 1.0257586139292563e-291 4.526309123532687e-217 2.6944516731298776e-43 1.6216026057682317e-230 66
8.203713976949542e-133 6.923830714766059e-117 5.210558830922609e-132 4.457673418619053e-78 1.833731896348277e-269 1.9241622809190385e-70 8.113500184344103e-40 1204.6029041209692 7.589105564091639e-141 4.22009307440059e-196 1.9579977321023246e-40 6.929515688089277e-119 1.6216026057682317e-230 66
8.946829080157709e-73 0.824349737710774 3.75711688643691e-99 4.457673418619053e-78 9.65511422904665e-154 1.9241622809190385e-70 8.113500184344103e-40 1204.6029041209692 7.589105564091639e-141 5.911673686067501e-268 1.9579977321023246e-40 3.0206911810526453e-308 1.992314330365964e-37 67
8.946829080157709e-73 1.0415333212046414e-136 3.75711688643691e-99 4.7029751374514714e-83 9.65511422904665e-154 0.2363620080332894 2.3844582729088397e-46 5.995776773878841e-92 7.589105564091639e-141 5.911673686067501e-268 4.526309123532687e-217 3.0206911810526453e-308 1.322371039122046e-153 67
7.885222717111402e-147 0.824349737710774 8.579136999217762e-183 4.457673418619053e-78 1.833731896348277e-269 1.9241622809190385e-70 8.113500184344103e-40 1204.6029041209692 7.589105564091639e-141 4.22009307440059e-196 4.526309123532687e-217 4.374473096633328e-154 1.6216026057682317e-230 66
7.885222717111402e-147 1.0415333212046414e-136 8.579136999217762e-183 4.457673418619053e-78 1.833731896348277e-269 1.9241622809190385e-70 8.113500184344103e-40 1204.6029041209692 3.138279555318113e-136 1.1620778555725029e-07 5.927863662594026e-283 4.374473096633328e-154 1.6216026057682317e-230 66
8.946829080157709e-73 1.0415333212046414e-136 3.75711688643691e-99 1.4760558979253536e-296 9.65511422904665e-154 1.9241622809190385e-70 2.3844582729088397e-46 1.8579335390361832e-235 7.589105564091639e-141 5.911673686067501e-268 5.927863662594026e-283 4.374473096633328e-154 1.322371039122046e-153 67
7.885222717111402e-147 1.0415333212046414e-136 5.210558830922609e-132 1.6907137961466006e-217 1.0459500328541273e-216 1.9241622809190385e-70 1.0153125973598751e-158 1204.6029041209692 1.1963472877368465e-35 5.911673686067501e-268 1.9579977321023246e-40 2.6944516731298776e-43 1.6216026057682317e-230 66
7.885222717111402e-147 1.0415333212046414e-136 3.75711688643691e-99 4.457673418619053e-78 1.833731896348277e-269 1.9241622809190385e-70 8.113500184344103e-40 1204.6029041209692 7.589105564091639e-141 4.22009307440059e-196 1.9579977321023246e-40 2.6944516731298776e-43 1.6216026057682317e-230 66
8.946829080157709e-73 6.923830714766059e-117 0.28 1.4760558979253536e-296 1.0459500328541273e-216 2.04215011784668e-05 1.2035508698375224e-129 1.8579335390361832e-235 3.794564495852513e-124 5.911673686067501e-268 4.2950148184172876e-114 3.0206911810526453e-308 1.2679132913328943e-41 68
8.946829080157709e-73 2.3349843813023532e-206 3.75711688643691e-99 1.4760558979253536e-296 9.65511422904665e-154 0.2363620080332894 2.3844582729088397e-46 0.78 1.5228871249684748e-40 5.911673686067501e-268 4.2950148184172876e-114 3.0206911810526453e-308 1.24 67
8.946829080157709e-73 1.0415333212046414e-136 3.75711688643691e-99 4.457673418619053e-78 9.65511422904665e-154 1.9241622809190385e-70 8.113500184344103e-40 1204.6029041209692 7.589105564091639e-141 1.1620778555725029e-07 1.9579977321023246e-40 4.374473096633328e-154 1.6216026057682317e-230 66
8.203713976949542e-133 2.3349843813023532e-206 3.75711688643691e-99 4.457673418619053e-78 1.833731896348277e-269 1.9241622809190385e-70 1.0153125973598751e-158 1204.6029041209692 1.1963472877368465e-35 5.911673686067501e-268 4.2950148184172876e-114 6.929515688089277e-119 1.992314330365964e-37 66
8.946829080157709e-73 6.923830714766059e-117 3.75711688643691e-99 1.6907137961466006e-217 1.833731896348277e-269 2.04215011784668e-05 2.3844582729088397e-46 1204.6029041209692 3.794564495852513e-124 0.96 4.2950148184172876e-114 1.1191479517745189e-134 1.322371039122046e-153 68
7.885222717111402e-147 2.3349843813023532e-206 3.75711688643691e-99 1.4760558979253536e-296 9.65511422904665e-154 2.04215011784668e-05 1.2035508698375224e-129 1.8579335390361832e-235 3.794564495852513e-124 4.22009307440059e-196 4.2950148184172876e-114 1.1191479517745189e-134 1.322371039122046e-153 68
