1.1427142383670978e-122 1.749518639074199e-110 1.3164802562307513e-23 3.3368561585961815e-18 4.046957566979432e-146 2.826911807348977e-83 8.031432463901151e-116 2.900093046168756e-132 9.045676981175697e-76 8.74923490319908e-82 1.7389743391798292e-105 6.2979566915631515e-108 1.7110773365568032e-127 68
1.721947506941785e-171 1.749518639074199e-110 5.30911983878543e-13 5.901810839818172e-60 4.046957566979432e-146 2.826911807348977e-83 9.00118385437106e-83 2.900093046168756e-132 4.397454028558887e-107 1.8215226331793738e-131 1.6551013681157507e-62 3.7010929881573996e-75 1.42780538477958e-10 67
1.721947506941785e-171 6.94235695624698e-67 5.437876906430574e-245 2.8858656933522786e-173 2.4774340264291044e-117 5.489716378759836e-162 7.304663882297016e-95 1.3673214011956445e-146 7.849602304309945e-35 1.8215226331793738e-131 1.6551013681157507e-62 2.5322131266084858e-21 2.949636681780235e-101 67
1.721947506941785e-171 7.505997632973227e-110 5.30911983878543e-13 7.078826451713907e-13 4.046957566979432e-146 5.489716378759836e-162 7.304663882297016e-95 2.900093046168756e-132 7.849602304309945e-35 7.178223274721261e-47 6.534375538868411e-36 1.5063130672725143e-103 2.949636681780235e-101 67
1.1427142383670978e-122 7.505997632973227e-110 1.3164802562307513e-23 3.214910555088332e-66 2.4774340264291044e-117 5.489716378759836e-162 8.031432463901151e-116 2.900093046168756e-132 2.1447717060339828e-98 8.74923490319908e-82 1.7389743391798292e-105 6.2979566915631515e-108 7.711352931691184e-88 68
1.1427142383670978e-122 7.505997632973227e-110 2.3540535429942245e-48 2.8858656933522786e-173 4.046957566979432e-146 5.489716378759836e-162 7.304663882297016e-95 1.3673214011956445e-146 7.849602304309945e-35 8.74923490319908e-82 1.6551013681157507e-62 2.5322131266084858e-21 1.7110773365568032e-127 66
1.721947506941785e-171 7.505997632973227e-110 5.437876906430574e-245 3.214910555088332e-66 2.4774340264291044e-117 1.360569799882021e-77 9.00118385437106e-83 1.3673214011956445e-146 9.045676981175697e-76 1.8215226331793738e-131 6.848295821533162e-72 1.5063130672725143e-103 7.711352931691184e-88 67
0.00035381348271486474 7.505997632973227e-110 5.437876906430574e-245 2.8858656933522786e-173 2.95815976054624e-13 0.58 9.00118385437106e-83 1.3673214011956445e-146 9.045676981175697e-76 1.8215226331793738e-131 6.848295821533162e-72 3.7010929881573996e-75 1.7110773365568032e-127 66
1.1427142383670978e-122 1.749518639074199e-110 5.437876906430574e-245 2.8858656933522786e-173 4.046957566979432e-146 5.489716378759836e-162 7.304663882297016e-95 1.3673214011956445e-146 2.1447717060339828e-98 1.609437839643038e-67 6.848295821533162e-72 1.5063130672725143e-103 1.7110773365568032e-127 66
1.721947506941785e-171 7.505997632973227e-110 5.437876906430574e-245 3.214910555088332e-66 2.4774340264291044e-117 5.489716378759836e-162 7.304663882297016e-95 2.3802147368405158e-24 1.52194768711849e-12 1.8215226331793738e-131 1.7389743391798292e-105 2.5322131266084858e-21 2.949636681780235e-101 67
1.1427142383670978e-122 7.505997632973227e-110 5.437876906430574e-245 3.3368561585961815e-18 2.4774340264291044e-117 1.360569799882021e-77 9.00118385437106e-83 1.3673214011956445e-146 4.397454028558887e-107 1.8215226331793738e-131 6.534375538868411e-36 3.7010929881573996e-75 2.949636681780235e-101 67
1.1427142383670978e-122 7.505997632973227e-110 0.28 3.3368561585961815e-18 4.046957566979432e-146 5.489716378759836e-162 9.00118385437106e-83 2.900093046168756e-132 2.1447717060339828e-98 8.74923490319908e-82 1.7389743391798292e-105 6.2979566915631515e-108 7.711352931691184e-88 68
1.1427142383670978e-122 7.505997632973227e-110 0.28 5.901810839818172e-60 4.046957566979432e-146 5.489716378759836e-162 7.304663882297016e-95 1.3673214011956445e-146 2.1447717060339828e-98 7.178223274721261e-47 6.848295821533162e-72 3.7010929881573996e-75 1.7110773365568032e-127 66
1.721947506941785e-171 7.505997632973227e-110 5.437876906430574e-245 3.3368561585961815e-18 2.4774340264291044e-117 1.360569799882021e-77 9.00118385437106e-83 2.3802147368405158e-24 2.1447717060339828e-98 1.8215226331793738e-131 2.2532299026092007e-52 3.7010929881573996e-75 2.949636681780235e-101 67
1.721947506941785e-171 6.94235695624698e-67 0.28 5.901810839818172e-60 2.95815976054624e-13 5.489716378759836e-162 7.304663882297016e-95 1.3673214011956445e-146 2.1447717060339828e-98 1.8215226331793738e-131 6.534375538868411e-36 5.1245178862860424e-20 7.711352931691184e-88 67
1.721947506941785e-171 6.94235695624698e-67 5.437876906430574e-245 3.3368561585961815e-18 2.4774340264291044e-117 1.360569799882021e-77 9.00118385437106e-83 0.78 9.045676981175697e-76 1.8215226331793738e-131 6.848295821533162e-72 5.1245178862860424e-20 7.711352931691184e-88 67
0.00035381348271486474 1.749518639074199e-110 5.437876906430574e-245 3.214910555088332e-66 2.4774340264291044e-117 1.360569799882021e-77 8.031432463901151e-116 2.900093046168756e-132 9.045676981175697e-76 8.74923490319908e-82 1.7389743391798292e-105 6.2979566915631515e-108 7.711352931691184e-88 68
1.721947506941785e-171 1.2810892464496178e-43 2.3540535429942245e-48 3.214910555088332e-66 2.4774340264291044e-117 2.826911807348977e-83 8.031432463901151e-116 2.900093046168756e-132 4.397454028558887e-107 8.74923490319908e-82 1.7389743391798292e-105 6.2979566915631515e-108 7.711352931691184e-88 68
1.721947506941785e-171 7.505997632973227e-110 5.30911983878543e-13 3.214910555088332e-66 0.5 2.826911807348977e-83 8.031432463901151e-116 1.3673214011956445e-146 9.045676981175697e-76 1.8215226331793738e-131 6.534375538868411e-36 3.7010929881573996e-75 7.711352931691184e-88 67
1.721947506941785e-171 1.749518639074199e-110 5.437876906430574e-245 5.901810839818172e-60 2.4774340264291044e-117 2.826911807348977e-83 8.031432463901151e-116 2.3802147368405158e-24 4.397454028558887e-107 8.74923490319908e-82 1.7389743391798292e-105 6.2979566915631515e-108 7.711352931691184e-88 68
1.721947506941785e-171 1.2810892464496178e-43 2.3540535429942245e-48 3.214910555088332e-66 2.4774340264291044e-117 2.826911807348977e-83 8.031432463901151e-116 2.900093046168756e-132 4.397454028558887e-107 8.74923490319908e-82 1.7389743391798292e-105 6.2979566915631515e-108 7.711352931691184e-88 68
1.1427142383670978e-122 1.2810892464496178e-43 5.437876906430574e-245 3.214910555088332e-66 2.95815976054624e-13 2.826911807348977e-83 8.031432463901151e-116 2.900093046168756e-132 4.397454028558887e-107 8.74923490319908e-82 1.7389743391798292e-105 6.2979566915631515e-108 1.7110773365568032e-127 68
1.721947506941785e-171 7.505997632973227e-110 5.437876906430574e-245 3.3368561585961815e-18 2.4774340264291044e-117 2.826911807348977e-83 9.00118385437106e-83 2.900093046168756e-132 9.045676981175697e-76 1.8215226331793738e-131 1.6551013681157507e-62 3.7010929881573996e-75 2.949636681780235e-101 67
1.1427142383670978e-122 7.505997632973227e-110 2.3540535429942245e-48 3.214910555088332e-66 4.046957566979432e-146 5.489716378759836e-162 1.084047931966777e-09 1.3673214011956445e-146 2.1447717060339828e-98 7.178223274721261e-47 6.534375538868411e-36 5.1245178862860424e-20 1.7110773365568032e-127 66
1.721947506941785e-171 1.749518639074199e-110 5.437876906430574e-245 5.901810839818172e-60 4.046957566979432e-146 2.826911807348977e-83 9.00118385437106e-83 1.3673214011956445e-146 4.397454028558887e-107 0.96 1.7389743391798292e-105 6.2979566915631515e-108 2.949636681780235e-101 68
1.721947506941785e-171 1.2810892464496178e-43 5.437876906430574e-245 3.214910555088332e-66 2.4774340264291044e-117 1.360569799882021e-77 9.00118385437106e-83 0.78 9.045676981175697e-76 1.8215226331793738e-131 1.7389743391798292e-105 3.7010929881573996e-75 1.24 67
1.721947506941785e-171 1.749518639074199e-110 5.437876906430574e-245 5.901810839818172e-60 2.4774340264291044e-117 2.826911807348977e-83 8.031432463901151e-116 2.3802147368405158e-24 4.397454028558887e-107 8.74923490319908e-82 1.7389743391798292e-105 6.2979566915631515e-108 7.711352931691184e-88 68
1.1427142383670978e-122 1.749518639074199e-110 5.437876906430574e-245 2.8858656933522786e-173 4.046957566979432e-146 5.489716378759836e-162 7.304663882297016e-95 1.3673214011956445e-146 2.1447717060339828e-98 1.609437839643038e-67 6.848295821533162e-72 1.5063130672725143e-103 1.7110773365568032e-127 66
1.721947506941785e-171 7.505997632973227e-110 5.437876906430574e-245 2.8858656933522786e-173 2.9888403973671493e-52 2.826911807348977e-83 9.00118385437106e-83 7.456296594751047e-25 4.397454028558887e-107 1.8215226331793738e-131 1.6551013681157507e-62 3.7010929881573996e-75 2.949636681780235e-101 67
1.721947506941785e-171 6.94235695624698e-67 2.3540535429942245e-48 3.214910555088332e-66 2.4774340264291044e-117 5.489716378759836e-162 9.00118385437106e-83 2.900093046168756e-132 4.397454028558887e-107 1.8215226331793738e-131 6.534375538868411e-36 5.1245178862860424e-20 2.949636681780235e-101 67
1.721947506941785e-171 1.749518639074199e-110 5.437876906430574e-245 2.8858656933522786e-173 2.4774340264291044e-117 2.826911807348977e-83 9.00118385437106e-83 2.900093046168756e-132 4.397454028558887e-107 1.8215226331793738e-131 1.7389743391798292e-105 3.7010929881573996e-75 2.949636681780235e-101 67
1.721947506941785e-171 1.2810892464496178e-43 0.28 7.078826451713907e-13 4.046957566979432e-146 1.360569799882021e-77 9.00118385437106e-83 2.900093046168756e-132 1.52194768711849e-12 1.8215226331793738e-131 6.534375538868411e-36 5.1245178862860424e-20 2.949636681780235e-101 67
1.1427142383670978e-122 7.505997632973227e-110 5.437876906430574e-245 2.8858656933522786e-173 4.046957566979432e-146 5.489716378759836e-162 7.304663882297016e-95 1.3673214011956445e-146 2.1447717060339828e-98 7.178223274721261e-47 6.848295821533162e-72 1.5063130672725143e-103 1.7110773365568032e-127 66
1.1427142383670978e-122 7.505997632973227e-110 5.437876906430574e-245 2.8858656933522786e-173 4.046957566979432e-146 5.489716378759836e-162 7.304663882297016e-95 1.3673214011956445e-146 2.1447717060339828e-98 7.178223274721261e-47 1.6551013681157507e-62 5.1245178862860424e-20 1.7110773365568032e-127 66
1.721947506941785e-171 7.505997632973227e-110 5.437876906430574e-245 3.214910555088332e-66 2.4774340264291044e-117 1.360569799882021e-77 9.00118385437106e-83 1.3673214011956445e-146 9.045676981175697e-76 1.8215226331793738e-131 6.848295821533162e-72 1.5063130672725143e-103 7.711352931691184e-88 67
1.1427142383670978e-122 7.505997632973227e-110 1.3164802562307513e-23 5.901810839818172e-60 4.046957566979432e-146 5.489716378759836e-162 7.304663882297016e-95 2.3802147368405158e-24 1.52194768711849e-12 7.178223274721261e-47 6.848295821533162e-72 3.7010929881573996e-75 1.7110773365568032e-127 66
1.721947506941785e-171 7.505997632973227e-110 5.437876906430574e-245 3.3368561585961815e-18 2.4774340264291044e-117 2.826911807348977e-83 9.00118385437106e-83 2.900093046168756e-132 9.045676981175697e-76 1.8215226331793738e-131 1.6551013681157507e-62 3.7010929881573996e-75 2.949636681780235e-101 67
1.721947506941785e-171 6.94235695624698e-67 2.3540535429942245e-48 3.214910555088332e-66 2.4774340264291044e-117 5.489716378759836e-162 9.00118385437106e-83 0.78 9.045676981175697e-76 1.8215226331793738e-131 6.848295821533162e-72 3.7010929881573996e-75 2.949636681780235e-101 67
1.1427142383670978e-122 7.505997632973227e-110 1.3164802562307513e-23 2.8858656933522786e-173 2.4774340264291044e-117 5.489716378759836e-162 7.304663882297016e-95 7.456296594751047e-25 9.045676981175697e-76 1.8215226331793738e-131 6.534375538868411e-36 5.1245178862860424e-20 1.7110773365568032e-127 66
1.1427142383670978e-122 7.505997632973227e-110 1.3164802562307513e-23 3.3368561585961815e-18 2.4774340264291044e-117 5.489716378759836e-162 7.304663882297016e-95 1.3673214011956445e-146 7.849602304309945e-35 1.8215226331793738e-131 1.6551013681157507e-62 5.1245178862860424e-20 2.949636681780235e-101 67
1.721947506941785e-171 1.749518639074199e-110 5.437876906430574e-245 3.214910555088332e-66 4.046957566979432e-146 2.826911807348977e-83 8.031432463901151e-116 1.3673214011956445e-146 4.397454028558887e-107 1.609437839643038e-67 1.7389743391798292e-105 6.2979566915631515e-108 1.42780538477958e-10 68
1.721947506941785e-171 1.749518639074199e-110 5.30911983878543e-13 5.901810839818172e-60 4.046957566979432e-146 2.826911807348977e-83 9.00118385437106e-83 2.900093046168756e-132 4.397454028558887e-107 1.8215226331793738e-131 1.6551013681157507e-62 3.7010929881573996e-75 1.42780538477958e-10 67
1.1427142383670978e-122 1.2810892464496178e-43 5.437876906430574e-245 5.901810839818172e-60 2.4774340264291044e-117 2.826911807348977e-83 8.031432463901151e-116 2.900093046168756e-132 9.045676981175697e-76 8.74923490319908e-82 1.7389743391798292e-105 6.2979566915631515e-108 2.949636681780235e-101 68
1.721947506941785e-171 6.94235695624698e-67 5.437876906430574e-245 2.8858656933522786e-173 2.4774340264291044e-117 5.489716378759836e-162 9.00118385437106e-83 1.3673214011956445e-146 1.52194768711849e-12 1.8215226331793738e-131 1.6551013681157507e-62 3.7010929881573996e-75 2.949636681780235e-101 67
1.1427142383670978e-122 1.749518639074199e-110 1.3164802562307513e-23 3.3368561585961815e-18 4.046957566979432e-146 2.826911807348977e-83 9.00118385437106e-83 1.3673214011956445e-146 9.045676981175697e-76 8.74923490319908e-82 1.7389743391798292e-105 6.2979566915631515e-108 2.949636681780235e-101 68
1.721947506941785e-171 1.749518639074199e-110 5.437876906430574e-245 2.8858656933522786e-173 2.95815976054624e-13 2.826911807348977e-83 8.031432463901151e-116 2.900093046168756e-132 4.397454028558887e-107 8.74923490319908e-82 1.7389743391798292e-105 6.2979566915631515e-108 1.7110773365568032e-127 68
1.1427142383670978e-122 7.505997632973227e-110 5.437876906430574e-245 2.8858656933522786e-173 2.4774340264291044e-117 5.489716378759836e-162 7.304663882297016e-95 2.900093046168756e-132 2.1447717060339828e-98 0.96 1.6551013681157507e-62 3.7010929881573996e-75 1.7110773365568032e-127 66
1.1427142383670978e-122 7.505997632973227e-110 1.3164802562307513e-23 3.214910555088332e-66 2.4774340264291044e-117 5.489716378759836e-162 8.031432463901151e-116 2.900093046168756e-132 2.1447717060339828e-98 8.74923490319908e-82 1.7389743391798292e-105 6.2979566915631515e-108 7.711352931691184e-88 68
1.1427142383670978e-122 7.505997632973227e-110 1.3164802562307513e-23 2.8858656933522786e-173 4.046957566979432e-146 5.489716378759836e-162 1.084047931966777e-09 2.3802147368405158e-24 1.52194768711849e-12 7.178223274721261e-47 6.848295821533162e-72 2.5322131266084858e-21 1.7110773365568032e-127 66
1.1427142383670978e-122 7.505997632973227e-110 1.3164802562307513e-23 2.8858656933522786e-173 2.95815976054624e-13 5.489716378759836e-162 7.304663882297016e-95 1.3673214011956445e-146 2.1447717060339828e-98 7.178223274721261e-47 1.6551013681157507e-62 1.5063130672725143e-103 1.7110773365568032e-127 66
2.995665862742426e-34 1.749518639074199e-110 5.437876906430574e-245 3.214910555088332e-66 4.046957566979432e-146 2.826911807348977e-83 8.031432463901151e-116 2.900093046168756e-132 9.045676981175697e-76 1.8215226331793738e-131 1.7389743391798292e-105 6.2979566915631515e-108 1.7110773365568032e-127 68
1.721947506941785e-171 6.94235695624698e-67 5.437876906430574e-245 2.8858656933522786e-173 2.4774340264291044e-117 5.489716378759836e-162 7.304663882297016e-95 1.3673214011956445e-146 7.849602304309945e-35 1.8215226331793738e-131 1.6551013681157507e-62 2.5322131266084858e-21 2.949636681780235e-101 67
1.721947506941785e-171 7.505997632973227e-110 5.437876906430574e-245 2.8858656933522786e-173 0.5 5.489716378759836e-162 9.00118385437106e-83 1.3673214011956445e-146 2.1447717060339828e-98 1.8215226331793738e-131 6.848295821533162e-72 3.7010929881573996e-75 1.7110773365568032e-127 67
0.04 6.94235695624698e-67 5.437876906430574e-245 2.8858656933522786e-173 2.4774340264291044e-117 5.489716378759836e-162 7.304663882297016e-95 1.3673214011956445e-146 2.1447717060339828e-98 1.609437839643038e-67 6.848295821533162e-72 5.1245178862860424e-20 2.949636681780235e-101 67
1.1427142383670978e-122 7.505997632973227e-110 5.437876906430574e-245 2.8858656933522786e-173 4.046957566979432e-146 5.489716378759836e-162 7.304663882297016e-95 1.3673214011956445e-146 1.52194768711849e-12 1.8215226331793738e-131 6.848295821533162e-72 1.5063130672725143e-103 1.7110773365568032e-127 66
1.721947506941785e-171 1.749518639074199e-110 5.437876906430574e-245 5.901810839818172e-60 2.9888403973671493e-52 5.489716378759836e-162 1.084047931966777e-09 1.3673214011956445e-146 7.849602304309945e-35 1.8215226331793738e-131 1.7389743391798292e-105 1.5063130672725143e-103 7.711352931691184e-88 67
1.721947506941785e-171 7.505997632973227e-110 5.437876906430574e-245 3.214910555088332e-66 2.4774340264291044e-117 2.826911807348977e-83 9.00118385437106e-83 2.900093046168756e-132 9.045676981175697e-76 1.8215226331793738e-131 6.534375538868411e-36 6.2979566915631515e-108 2.949636681780235e-101 67
1.1427142383670978e-122 1.2810892464496178e-43 5.437876906430574e-245 5.901810839818172e-60 2.4774340264291044e-117 2.826911807348977e-83 8.031432463901151e-116 2.900093046168756e-132 9.045676981175697e-76 8.74923490319908e-82 1.7389743391798292e-105 6.2979566915631515e-108 2.949636681780235e-101 68
1.721947506941785e-171 6.94235695624698e-67 5.437876906430574e-245 2.8858656933522786e-173 0.5 1.360569799882021e-77 9.00118385437106e-83 1.3673214011956445e-146 2.1447717060339828e-98 1.8215226331793738e-131 1.6551013681157507e-62 5.1245178862860424e-20 1.7110773365568032e-127 67
1.1427142383670978e-122 1.749518639074199e-110 1.3164802562307513e-23 2.8858656933522786e-173 4.046957566979432e-146 5.489716378759836e-162 7.304663882297016e-95 1.3673214011956445e-146 1.52194768711849e-12 1.609437839643038e-67 6.534375538868411e-36 1.5063130672725143e-103 1.7110773365568032e-127 66
1.1427142383670978e-122 7.505997632973227e-110 1.3164802562307513e-23 3.214910555088332e-66 2.4774340264291044e-117 5.489716378759836e-162 8.031432463901151e-116 2.900093046168756e-132 2.1447717060339828e-98 8.74923490319908e-82 1.7389743391798292e-105 6.2979566915631515e-108 7.711352931691184e-88 68
1.1427142383670978e-122 1.749518639074199e-110 0.28 3.3368561585961815e-18 2.9888403973671493e-52 2.826911807348977e-83 8.031432463901151e-116 2.900093046168756e-132 4.397454028558887e-107 1.8215226331793738e-131 2.2532299026092007e-52 6.2979566915631515e-108 2.949636681780235e-101 68
1.1427142383670978e-122 1.749518639074199e-110 1.3164802562307513e-23 3.3368561585961815e-18 4.046957566979432e-146 2.826911807348977e-83 9.00118385437106e-83 1.3673214011956445e-146 9.045676981175697e-76 8.74923490319908e-82 1.7389743391798292e-105 6.2979566915631515e-108 2.949636681780235e-101 68
1.721947506941785e-171 7.505997632973227e-110 5.437876906430574e-245 3.214910555088332e-66 2.4774340264291044e-117 5.489716378759836e-162 9.00118385437106e-83 2.900093046168756e-132 2.1447717060339828e-98 1.8215226331793738e-131 1.6551013681157507e-62 2.5322131266084858e-21 2.949636681780235e-101 67
1.721947506941785e-171 6.94235695624698e-67 5.437876906430574e-245 5.901810839818172e-60 2.4774340264291044e-117 1.360569799882021e-77 9.00118385437106e-83 1.3673214011956445e-146 4.397454028558887e-107 1.8215226331793738e-131 6.848295821533162e-72 1.5063130672725143e-103 2.949636681780235e-101 67
1.1427142383670978e-122 7.505997632973227e-110 5.437876906430574e-245 2.8858656933522786e-173 2.9888403973671493e-52 5.489716378759836e-162 9.00118385437106e-83 1.3673214011956445e-146 2.1447717060339828e-98 1.8215226331793738e-131 6.848295821533162e-72 1.5063130672725143e-103 1.7110773365568032e-127 66
1.721947506941785e-171 6.94235695624698e-67 2.3540535429942245e-48 3.214910555088332e-66 2.4774340264291044e-117 5.489716378759836e-162 9.00118385437106e-83 0.78 9.045676981175697e-76 1.8215226331793738e-131 6.848295821533162e-72 3.7010929881573996e-75 2.949636681780235e-101 67
1.1427142383670978e-122 7.505997632973227e-110 5.437876906430574e-245 2.8858656933522786e-173 4.046957566979432e-146 5.489716378759836e-162 7.304663882297016e-95 1.3673214011956445e-146 2.1447717060339828e-98 7.178223274721261e-47 6.848295821533162e-72 1.5063130672725143e-103 1.7110773365568032e-127 66
1.721947506941785e-171 7.505997632973227e-110 1.3164802562307513e-23 7.078826451713907e-13 0.5 5.489716378759836e-162 7.304663882297016e-95 1.3673214011956445e-146 2.1447717060339828e-98 1.8215226331793738e-131 1.6551013681157507e-62 1.5063130672725143e-103 1.7110773365568032e-127 67
1.1427142383670978e-122 7.505997632973227e-110 1.3164802562307513e-23 2.8858656933522786e-173 4.046957566979432e-146 5.489716378759836e-162 7.304663882297016e-95 1.3673214011956445e-146 1.52194768711849e-12 7.178223274721261e-47 2.2532299026092007e-52 1.5063130672725143e-103 1.7110773365568032e-127 66
1.1427142383670978e-122 1.2810892464496178e-43 2.3540535429942245e-48 2.8858656933522786e-173 4.046957566979432e-146 5.489716378759836e-162 7.304663882297016e-95 1.3673214011956445e-146 2.1447717060339828e-98 1.609437839643038e-67 2.2532299026092007e-52 1.5063130672725143e-103 1.7110773365568032e-127 66
1.721947506941785e-171 7.505997632973227e-110 5.437876906430574e-245 3.214910555088332e-66 2.4774340264291044e-117 2.826911807348977e-83 9.00118385437106e-83 2.900093046168756e-132 1.52194768711849e-12 1.8215226331793738e-131 6.848295821533162e-72 3.7010929881573996e-75 2.949636681780235e-101 67
1.721947506941785e-171 7.505997632973227e-110 5.437876906430574e-245 3.214910555088332e-66 2.4774340264291044e-117 2.826911807348977e-83 9.00118385437106e-83 2.900093046168756e-132 1.52194768711849e-12 1.8215226331793738e-131 6.848295821533162e-72 3.7010929881573996e-75 2.949636681780235e-101 67
1.1427142383670978e-122 1.2810892464496178e-43 2.3540535429942245e-48 2.8858656933522786e-173 4.046957566979432e-146 5.489716378759836e-162 7.304663882297016e-95 1.3673214011956445e-146 2.1447717060339828e-98 1.609437839643038e-67 2.2532299026092007e-52 1.5063130672725143e-103 1.7110773365568032e-127 66
1.1427142383670978e-122 1.2810892464496178e-43 5.437876906430574e-245 2.8858656933522786e-173 4.046957566979432e-146 5.489716378759836e-162 4.7308071857265026e-26 1.3673214011956445e-146 9.045676981175697e-76 1.609437839643038e-67 2.2532299026092007e-52 1.5063130672725143e-103 1.7110773365568032e-127 66
1.1427142383670978e-122 7.505997632973227e-110 5.437876906430574e-245 2.8858656933522786e-173 2.9888403973671493e-52 5.489716378759836e-162 9.00118385437106e-83 1.3673214011956445e-146 2.1447717060339828e-98 1.8215226331793738e-131 6.848295821533162e-72 1.5063130672725143e-103 1.7110773365568032e-127 66
1.721947506941785e-171 6.94235695624698e-67 5.437876906430574e-245 2.8858656933522786e-173 2.4774340264291044e-117 5.489716378759836e-162 9.00118385437106e-83 1.3673214011956445e-146 1.52194768711849e-12 1.8215226331793738e-131 1.6551013681157507e-62 3.7010929881573996e-75 2.949636681780235e-101 67
0.04 6.94235695624698e-67 5.437876906430574e-245 2.8858656933522786e-173 2.4774340264291044e-117 5.489716378759836e-162 7.304663882297016e-95 1.3673214011956445e-146 2.1447717060339828e-98 1.609437839643038e-67 6.848295821533162e-72 5.1245178862860424e-20 2.949636681780235e-101 67
1.1427142383670978e-122 7.505997632973227e-110 5.437876906430574e-245 2.8858656933522786e-173 4.046957566979432e-146 5.489716378759836e-162 7.304663882297016e-95 7.456296594751047e-25 2.1447717060339828e-98 7.178223274721261e-47 6.848295821533162e-72 2.5322131266084858e-21 1.7110773365568032e-127 66
1.1427142383670978e-122 6.94235695624698e-67 0.28 3.214910555088332e-66 4.046957566979432e-146 5.489716378759836e-162 7.304663882297016e-95 1.3673214011956445e-146 2.1447717060339828e-98 7.178223274721261e-47 1.6551013681157507e-62 3.7010929881573996e-75 1.7110773365568032e-127 66
1.721947506941785e-171 6.94235695624698e-67 1.3164802562307513e-23 2.8858656933522786e-173 2.95815976054624e-13 1.360569799882021e-77 9.00118385437106e-83 1.3673214011956445e-146 2.1447717060339828e-98 1.8215226331793738e-131 1.7389743391798292e-105 5.1245178862860424e-20 2.949636681780235e-101 67
1.721947506941785e-171 6.94235695624698e-67 5.437876906430574e-245 2.8858656933522786e-173 2.4774340264291044e-117 9.707501118249112e-06 9.00118385437106e-83 2.3802147368405158e-24 2.1447717060339828e-98 1.8215226331793738e-131 2.2532299026092007e-52 5.1245178862860424e-20 2.949636681780235e-101 67
1.721947506941785e-171 1.749518639074199e-110 5.437876906430574e-245 3.214910555088332e-66 2.4774340264291044e-117 2.826911807348977e-83 9.00118385437106e-83 2.900093046168756e-132 9.045676981175697e-76 1.8215226331793738e-131 2.2532299026092007e-52 1.5063130672725143e-103 2.949636681780235e-101 67
1.721947506941785e-171 1.2810892464496178e-43 1.3164802562307513e-23 3.3368561585961815e-18 2.9888403973671493e-52 2.826911807348977e-83 8.031432463901151e-116 2.900093046168756e-132 4.397454028558887e-107 1.609437839643038e-67 1.7389743391798292e-105 6.2979566915631515e-108 2.949636681780235e-101 68
1.1427142383670978e-122 1.2810892464496178e-43 5.437876906430574e-245 3.214910555088332e-66 2.95815976054624e-13 2.826911807348977e-83 8.031432463901151e-116 2.900093046168756e-132 4.397454028558887e-107 8.74923490319908e-82 1.7389743391798292e-105 6.2979566915631515e-108 1.7110773365568032e-127 68
1.1427142383670978e-122 7.505997632973227e-110 5.437876906430574e-245 3.3368561585961815e-18 2.4774340264291044e-117 1.360569799882021e-77 9.00118385437106e-83 1.3673214011956445e-146 4.397454028558887e-107 1.8215226331793738e-131 6.534375538868411e-36 3.7010929881573996e-75 2.949636681780235e-101 67
0.04 1.2810892464496178e-43 5.437876906430574e-245 3.214910555088332e-66 4.046957566979432e-146 2.826911807348977e-83 9.00118385437106e-83 7.456296594751047e-25 4.397454028558887e-107 8.74923490319908e-82 1.7389743391798292e-105 6.2979566915631515e-108 2.949636681780235e-101 68
1.1427142383670978e-122 1.749518639074199e-110 1.3164802562307513e-23 3.3368561585961815e-18 4.046957566979432e-146 2.826911807348977e-83 9.00118385437106e-83 1.3673214011956445e-146 9.045676981175697e-76 8.74923490319908e-82 1.7389743391798292e-105 6.2979566915631515e-108 2.949636681780235e-101 68
1.1427142383670978e-122 1.2810892464496178e-43 5.437876906430574e-245 2.8858656933522786e-173 2.4774340264291044e-117 5.489716378759836e-162 4.7308071857265026e-26 1.3673214011956445e-146 9.045676981175697e-76 1.8215226331793738e-131 2.2532299026092007e-52 5.1245178862860424e-20 1.7110773365568032e-127 66
1.1427142383670978e-122 7.505997632973227e-110 5.437876906430574e-245 2.8858656933522786e-173 4.046957566979432e-146 5.489716378759836e-162 7.304663882297016e-95 1.3673214011956445e-146 2.1447717060339828e-98 7.178223274721261e-47 6.848295821533162e-72 3.7010929881573996e-75 1.7110773365568032e-127 66
1.1427142383670978e-122 1.749518639074199e-110 0.28 3.3368561585961815e-18 2.9888403973671493e-52 2.826911807348977e-83 8.031432463901151e-116 2.900093046168756e-132 4.397454028558887e-107 1.8215226331793738e-131 2.2532299026092007e-52 6.2979566915631515e-108 2.949636681780235e-101 68
1.721947506941785e-171 7.505997632973227e-110 1.3164802562307513e-23 7.078826451713907e-13 0.5 5.489716378759836e-162 7.304663882297016e-95 1.3673214011956445e-146 2.1447717060339828e-98 1.8215226331793738e-131 1.6551013681157507e-62 1.5063130672725143e-103 1.7110773365568032e-127 67
1.721947506941785e-171 1.749518639074199e-110 2.3540535429942245e-48 3.214910555088332e-66 4.046957566979432e-146 2.826911807348977e-83 9.00118385437106e-83 1.3673214011956445e-146 9.045676981175697e-76 8.74923490319908e-82 1.7389743391798292e-105 6.2979566915631515e-108 2.949636681780235e-101 68
0.04 1.2810892464496178e-43 5.437876906430574e-245 3.214910555088332e-66 4.046957566979432e-146 2.826911807348977e-83 9.00118385437106e-83 7.456296594751047e-25 4.397454028558887e-107 8.74923490319908e-82 1.7389743391798292e-105 6.2979566915631515e-108 2.949636681780235e-101 68
1.721947506941785e-171 1.749518639074199e-110 1.3164802562307513e-23 3.214910555088332e-66 4.046957566979432e-146 2.826911807348977e-83 8.031432463901151e-116 2.900093046168756e-132 4.397454028558887e-107 7.178223274721261e-47 2.2532299026092007e-52 3.7010929881573996e-75 1.24 68
1.1427142383670978e-122 7.505997632973227e-110 1.3164802562307513e-23 5.901810839818172e-60 2.9888403973671493e-52 5.489716378759836e-162 4.7308071857265026e-26 1.3673214011956445e-146 1.52194768711849e-12 1.8215226331793738e-131 6.848295821533162e-72 1.5063130672725143e-103 1.7110773365568032e-127 66
1.721947506941785e-171 1.749518639074199e-110 1.3164802562307513e-23 3.214910555088332e-66 4.046957566979432e-146 2.826911807348977e-83 8.031432463901151e-116 2.900093046168756e-132 4.397454028558887e-107 7.178223274721261e-47 2.2532299026092007e-52 3.7010929881573996e-75 1.24 68
1.721947506941785e-171 1.2810892464496178e-43 5.437876906430574e-245 3.214910555088332e-66 2.4774340264291044e-117 1.360569799882021e-77 9.00118385437106e-83 0.78 9.045676981175697e-76 1.8215226331793738e-131 1.7389743391798292e-105 3.7010929881573996e-75 1.24 67
2.995665862742426e-34 1.2810892464496178e-43 5.437876906430574e-245 2.8858656933522786e-173 4.046957566979432e-146 5.489716378759836e-162 4.7308071857265026e-26 1.3673214011956445e-146 1.52194768711849e-12 1.8215226331793738e-131 1.7389743391798292e-105 5.1245178862860424e-20 7.711352931691184e-88 66
1.1427142383670978e-122 1.749518639074199e-110 5.437876906430574e-245 2.8858656933522786e-173 4.046957566979432e-146 5.489716378759836e-162 7.304663882297016e-95 1.3673214011956445e-146 2.1447717060339828e-98 1.609437839643038e-67 6.848295821533162e-72 1.5063130672725143e-103 1.7110773365568032e-127 66
1.721947506941785e-171 6.94235695624698e-67 5.437876906430574e-245 2.8858656933522786e-173 2.4774340264291044e-117 1.360569799882021e-77 8.031432463901151e-116 1.3673214011956445e-146 4.397454028558887e-107 1.8215226331793738e-131 6.848295821533162e-72 6.2979566915631515e-108 2.949636681780235e-101 67
1.721947506941785e-171 1.749518639074199e-110 5.437876906430574e-245 2.8858656933522786e-173 2.95815976054624e-13 2.826911807348977e-83 8.031432463901151e-116 2.900093046168756e-132 4.397454028558887e-107 8.74923490319908e-82 1.7389743391798292e-105 6.2979566915631515e-108 1.7110773365568032e-127 68
1.721947506941785e-171 7.505997632973227e-110 5.437876906430574e-245 2.8858656933522786e-173 4.046957566979432e-146 5.489716378759836e-162 9.00118385437106e-83 1.3673214011956445e-146 9.045676981175697e-76 1.8215226331793738e-131 6.848295821533162e-72 2.5322131266084858e-21 2.949636681780235e-101 67
1.1427142383670978e-122 7.505997632973227e-110 0.28 2.8858656933522786e-173 4.046957566979432e-146 5.489716378759836e-162 7.304663882297016e-95 1.3673214011956445e-146 9.045676981175697e-76 8.74923490319908e-82 1.6551013681157507e-62 2.5322131266084858e-21 1.7110773365568032e-127 66
1.721947506941785e-171 1.749518639074199e-110 5.437876906430574e-245 2.8858656933522786e-173 2.4774340264291044e-117 1.360569799882021e-77 9.00118385437106e-83 7.456296594751047e-25 7.849602304309945e-35 1.8215226331793738e-131 6.534375538868411e-36 5.1245178862860424e-20 1.24 67
1.1427142383670978e-122 7.505997632973227e-110 5.437876906430574e-245 2.8858656933522786e-173 4.046957566979432e-146 5.489716378759836e-162 7.304663882297016e-95 1.3673214011956445e-146 2.1447717060339828e-98 7.178223274721261e-47 6.848295821533162e-72 2.5322131266084858e-21 1.7110773365568032e-127 66
1.721947506941785e-171 1.749518639074199e-110 5.437876906430574e-245 2.8858656933522786e-173 2.4774340264291044e-117 1.360569799882021e-77 9.00118385437106e-83 7.456296594751047e-25 7.849602304309945e-35 1.8215226331793738e-131 6.534375538868411e-36 5.1245178862860424e-20 1.24 67
1.1427142383670978e-122 1.749518639074199e-110 5.437876906430574e-245 2.8858656933522786e-173 4.046957566979432e-146 5.489716378759836e-162 7.304663882297016e-95 1.3673214011956445e-146 2.1447717060339828e-98 1.609437839643038e-67 6.848295821533162e-72 1.5063130672725143e-103 1.7110773365568032e-127 66
1.721947506941785e-171 7.505997632973227e-110 5.437876906430574e-245 3.214910555088332e-66 4.046957566979432e-146 2.826911807348977e-83 8.031432463901151e-116 7.456296594751047e-25 9.045676981175697e-76 1.8215226331793738e-131 2.2532299026092007e-52 6.2979566915631515e-108 1.7110773365568032e-127 67
1.1427142383670978e-122 7.505997632973227e-110 5.437876906430574e-245 2.8858656933522786e-173 4.046957566979432e-146 5.489716378759836e-162 7.304663882297016e-95 7.456296594751047e-25 2.1447717060339828e-98 7.178223274721261e-47 6.534375538868411e-36 1.5063130672725143e-103 1.7110773365568032e-127 66
1.1427142383670978e-122 1.2810892464496178e-43 5.437876906430574e-245 2.8858656933522786e-173 4.046957566979432e-146 5.489716378759836e-162 4.7308071857265026e-26 1.3673214011956445e-146 9.045676981175697e-76 1.609437839643038e-67 2.2532299026092007e-52 1.5063130672725143e-103 1.7110773365568032e-127 66
1.1427142383670978e-122 1.2810892464496178e-43 5.437876906430574e-245 3.214910555088332e-66 2.4774340264291044e-117 2.826911807348977e-83 8.031432463901151e-116 2.900093046168756e-132 4.397454028558887e-107 7.178223274721261e-47 1.7389743391798292e-105 6.2979566915631515e-108 2.949636681780235e-101 68
1.1427142383670978e-122 7.505997632973227e-110 5.437876906430574e-245 2.8858656933522786e-173 4.046957566979432e-146 5.489716378759836e-162 7.304663882297016e-95 7.456296594751047e-25 2.1447717060339828e-98 7.178223274721261e-47 6.534375538868411e-36 1.5063130672725143e-103 1.7110773365568032e-127 66
1.721947506941785e-171 6.94235695624698e-67 5.437876906430574e-245 3.214910555088332e-66 4.046957566979432e-146 5.489716378759836e-162 9.00118385437106e-83 1.3673214011956445e-146 1.52194768711849e-12 1.8215226331793738e-131 6.848295821533162e-72 5.1245178862860424e-20 1.7110773365568032e-127 67
