1.128427557455093e-121 1.4185986519591378e-190 1.1000000000000001e-09 1.6e-09 1.7841225644479953e-213 3e-09 1.1627659786153741e-144 1.355279721960395e-299 6.175588177135647e-32 5.751740719551341e-212 6.093953995840043e-81 1.5373557132129061e-108 6.4e-09 66
1e-10 9.559143522886342e-82 1.1000000000000001e-09 1.6e-09 3.650346044999849e-113 1.6e-321 3.2e-09 2.0308283072728497e-104 4.316729158487403e-125 5.751740719551341e-212 3.2171154710045188e-140 1.5373557132129061e-108 1.24 67
3.4740557204179484e-102 3.1244446077490724e-95 6.091550292783084e-168 1.6e-09 1.7841225644479953e-213 3e-09 3.5000000000000003e-09 1.355279721960395e-299 4.316729158487403e-125 2.1678043636098884e-292 7.823730664180238e-258 5.16592841047967e-140 3.572793277527779e-182 66
1e-10 2.9954596409528463e-304 1.1000000000000001e-09 6.196912804894898e-199 3.650346044999849e-113 1.6e-321 3.2e-09 1.355279721960395e-299 3.1466305258574314e-88 5.751740719551341e-212 5.4e-09 6e-09 1.0603386130713846e-112 67
3.4740557204179484e-102 3.1244446077490724e-95 1.1000000000000001e-09 1.6e-09 5.180653033381276e-199 3e-09 3.2e-09 1.355279721960395e-299 1.4070217597921527e-103 5.751740719551341e-212 5.4e-09 6e-09 3.572793277527779e-182 66
1.128427557455093e-121 9.559143522886342e-82 1.1000000000000001e-09 2.3895739925423816e-273 1.7841225644479953e-213 7.004260165961142e-294 1.0587432277568778e-95 1.3503016972931398e-189 4.2e-09 5.751740719551341e-212 6.093953995840043e-81 5.753909228184757e-98 3.572793277527779e-182 68
1e-10 2.9954596409528463e-304 1.1000000000000001e-09 1.6e-09 3.650346044999849e-113 3e-09 3.5000000000000003e-09 1.355279721960395e-299 4.316729158487403e-125 5.751740719551341e-212 7.823730664180238e-258 5.16592841047967e-140 1.0603386130713846e-112 67
1e-10 9.559143522886342e-82 1.1000000000000001e-09 2.3895739925423816e-273 1.7841225644479953e-213 7.004260165961142e-294 1.0587432277568778e-95 1.355279721960395e-299 3.1466305258574314e-88 1.0297730897657478e-270 6.093953995840043e-81 5.753909228184757e-98 6.726243352114302e-40 68
1e-10 2.9954596409528463e-304 1.1000000000000001e-09 1.6e-09 3.650346044999849e-113 1.6e-321 1.0587432277568778e-95 1.355279721960395e-299 3.1466305258574314e-88 5.751740719551341e-212 5.4e-09 5.753909228184757e-98 1.0603386130713846e-112 67
3.4740557204179484e-102 9.559143522886342e-82 1.4618434808004626e-120 1.2878840419039327e-77 1.7841225644479953e-213 7.004260165961142e-294 1.0587432277568778e-95 1.3503016972931398e-189 4.2e-09 2.1678043636098884e-292 6.093953995840043e-81 5.753909228184757e-98 3.572793277527779e-182 68
1e-10 3.1244446077490724e-95 1.1000000000000001e-09 2.3895739925423816e-273 1.7841225644479953e-213 7.004260165961142e-294 1.0587432277568778e-95 2.0308283072728497e-104 4.2e-09 5.751740719551341e-212 2.7499181889227246e-201 5.753909228184757e-98 3.572793277527779e-182 67
1e-10 3.1244446077490724e-95 1.1000000000000001e-09 2.3895739925423816e-273 3.650346044999849e-113 7.004260165961142e-294 3.2e-09 1.3503016972931398e-189 4.2e-09 5.751740719551341e-212 3.2171154710045188e-140 5.753909228184757e-98 1.0603386130713846e-112 67
3.4740557204179484e-102 9.559143522886342e-82 1.1000000000000001e-09 6.196912804894898e-199 3.650346044999849e-113 7.004260165961142e-294 1.0587432277568778e-95 1.3503016972931398e-189 3.1466305258574314e-88 1.3318314054510242e-179 6.093953995840043e-81 5.753909228184757e-98 1.24 68
1e-10 1.4185986519591378e-190 0.28 5.7995858379916885e-43 1.7841225644479953e-213 1.6e-321 3.2e-09 1.3503016972931398e-189 6.175588177135647e-32 5.751740719551341e-212 3.2171154710045188e-140 1.5373557132129061e-108 1.0603386130713846e-112 67
3.4740557204179484e-102 3.1244446077490724e-95 1.1000000000000001e-09 1.6e-09 1.7841225644479953e-213 3e-09 3.5000000000000003e-09 1.355279721960395e-299 4.316729158487403e-125 2.1678043636098884e-292 5.4e-09 1.5373557132129061e-108 3.572793277527779e-182 66
1e-10 3.1244446077490724e-95 2.1542749455124346e-32 5.7995858379916885e-43 1.7841225644479953e-213 3e-09 3.5000000000000003e-09 1.3503016972931398e-189 4.316729158487403e-125 1.3318314054510242e-179 3.2171154710045188e-140 6e-09 1.0603386130713846e-112 67
3.4740557204179484e-102 3.1244446077490724e-95 1.4618434808004626e-120 1.2878840419039327e-77 3.650346044999849e-113 3e-09 3.5000000000000003e-09 1.355279721960395e-299 4.316729158487403e-125 5.751740719551341e-212 7.823730664180238e-258 1.5373557132129061e-108 1.0603386130713846e-112 67
1.128427557455093e-121 9.559143522886342e-82 1.4618434808004626e-120 1.6e-09 1.7841225644479953e-213 3e-09 3.5000000000000003e-09 1.355279721960395e-299 1.4070217597921527e-103 1.3318314054510242e-179 5.4e-09 1.5373557132129061e-108 3.572793277527779e-182 66
1.128427557455093e-121 3.1244446077490724e-95 2.1542749455124346e-32 1.6e-09 1.7841225644479953e-213 3e-09 1.1627659786153741e-144 2.0308283072728497e-104 4.2e-09 5.751740719551341e-212 5.4e-09 3.031905741081314e-284 3.572793277527779e-182 66
1e-10 3.1244446077490724e-95 1.1000000000000001e-09 2.3895739925423816e-273 3.650346044999849e-113 3e-09 3.5000000000000003e-09 1.597671804881105e-84 6.175588177135647e-32 5.751740719551341e-212 6.093953995840043e-81 5.16592841047967e-140 1.0603386130713846e-112 67
1e-10 2.9954596409528463e-304 6.091550292783084e-168 1.6e-09 1.7841225644479953e-213 1.6e-321 3.2e-09 1.3503016972931398e-189 3.1466305258574314e-88 5.751740719551341e-212 7.823730664180238e-258 3.031905741081314e-284 1.0603386130713846e-112 67
3.4740557204179484e-102 1.4185986519591378e-190 1.1000000000000001e-09 1.6e-09 3.650346044999849e-113 3e-09 1.1627659786153741e-144 1.355279721960395e-299 4.2e-09 5.751740719551341e-212 2.7499181889227246e-201 1.5373557132129061e-108 3.572793277527779e-182 66
3.4740557204179484e-102 3.1244446077490724e-95 1.4618434808004626e-120 2.3895739925423816e-273 3.650346044999849e-113 3e-09 1.0587432277568778e-95 1.3503016972931398e-189 1.4070217597921527e-103 2.1678043636098884e-292 6.093953995840043e-81 5.753909228184757e-98 6.4e-09 68
1e-10 9.559143522886342e-82 1.1000000000000001e-09 6.196912804894898e-199 1.7841225644479953e-213 7.004260165961142e-294 3.2e-09 1.355279721960395e-299 3.1466305258574314e-88 0.96 6.093953995840043e-81 5.753909228184757e-98 1.0603386130713846e-112 68
1e-10 9.559143522886342e-82 1.1000000000000001e-09 2.3895739925423816e-273 1.7841225644479953e-213 7.004260165961142e-294 1.0587432277568778e-95 1.355279721960395e-299 3.1466305258574314e-88 1.0297730897657478e-270 6.093953995840043e-81 5.753909228184757e-98 6.726243352114302e-40 68
3.4740557204179484e-102 9.559143522886342e-82 0.28 1.2878840419039327e-77 5.180653033381276e-199 7.004260165961142e-294 1.0587432277568778e-95 1.3503016972931398e-189 3.1466305258574314e-88 5.751740719551341e-212 2.7499181889227246e-201 5.753909228184757e-98 1.0603386130713846e-112 68
3.4740557204179484e-102 3.1244446077490724e-95 1.1000000000000001e-09 1.6e-09 1.7841225644479953e-213 3e-09 3.5000000000000003e-09 1.355279721960395e-299 1.4070217597921527e-103 2.1678043636098884e-292 5.4e-09 1.5373557132129061e-108 3.572793277527779e-182 66
3.4740557204179484e-102 3.1244446077490724e-95 1.1000000000000001e-09 1.6e-09 1.7841225644479953e-213 3e-09 3.5000000000000003e-09 1.355279721960395e-299 1.4070217597921527e-103 1.3318314054510242e-179 5.4e-09 6e-09 3.572793277527779e-182 66
3.4740557204179484e-102 3.1244446077490724e-95 1.4618434808004626e-120 6.196912804894898e-199 5.180653033381276e-199 3e-09 1.1627659786153741e-144 1.355279721960395e-299 6.175588177135647e-32 5.751740719551341e-212 5.4e-09 6e-09 3.572793277527779e-182 66
3.4740557204179484e-102 3.1244446077490724e-95 6.091550292783084e-168 2.3895739925423816e-273 1.7841225644479953e-213 3e-09 6.083553997251118e-37 1.355279721960395e-299 1.4070217597921527e-103 1.3318314054510242e-179 3.2171154710045188e-140 1.5373557132129061e-108 3.572793277527779e-182 66
3.4740557204179484e-102 3.1244446077490724e-95 0.28 1.2878840419039327e-77 1.7841225644479953e-213 3e-09 3.2e-09 1.3503016972931398e-189 1.4070217597921527e-103 2.1678043636098884e-292 6.093953995840043e-81 5.753909228184757e-98 6.4e-09 68
1e-10 9.559143522886342e-82 2.1542749455124346e-32 6.196912804894898e-199 1.7841225644479953e-213 7.004260165961142e-294 3.2e-09 1.3503016972931398e-189 3.1466305258574314e-88 5.751740719551341e-212 7.823730664180238e-258 3.031905741081314e-284 6.726243352114302e-40 67
1e-10 2.9954596409528463e-304 6.091550292783084e-168 1.2878840419039327e-77 3.650346044999849e-113 1.6e-321 3.2e-09 1.597671804881105e-84 4.2e-09 5.751740719551341e-212 7.823730664180238e-258 3.031905741081314e-284 6.4e-09 67
1.128427557455093e-121 1.4185986519591378e-190 1.1000000000000001e-09 1.6e-09 1.7841225644479953e-213 3e-09 1.1627659786153741e-144 1.355279721960395e-299 6.175588177135647e-32 5.751740719551341e-212 6.093953995840043e-81 1.5373557132129061e-108 6.4e-09 66
3.4740557204179484e-102 3.1244446077490724e-95 1.1000000000000001e-09 1.6e-09 1.7841225644479953e-213 3e-09 3.5000000000000003e-09 1.355279721960395e-299 1.4070217597921527e-103 2.1678043636098884e-292 5.4e-09 1.5373557132129061e-108 3.572793277527779e-182 66
1e-10 2.9954596409528463e-304 1.1000000000000001e-09 1.6e-09 0.5 1.6e-321 3.2e-09 1.355279721960395e-299 1.4070217597921527e-103 5.751740719551341e-212 7.823730664180238e-258 1.5373557132129061e-108 3.572793277527779e-182 67
1e-10 2.9954596409528463e-304 1.1000000000000001e-09 1.6e-09 3.650346044999849e-113 1.6e-321 1.0587432277568778e-95 1.355279721960395e-299 3.1466305258574314e-88 5.751740719551341e-212 5.4e-09 5.753909228184757e-98 1.0603386130713846e-112 67
1e-10 9.559143522886342e-82 1.1000000000000001e-09 6.196912804894898e-199 3.650346044999849e-113 7.004260165961142e-294 1.0587432277568778e-95 1.3503016972931398e-189 3.1466305258574314e-88 2.1678043636098884e-292 6.093953995840043e-81 5.753909228184757e-98 1.0603386130713846e-112 68
3.4740557204179484e-102 3.1244446077490724e-95 1.1000000000000001e-09 1.6e-09 5.180653033381276e-199 3e-09 3.2e-09 1.355279721960395e-299 1.4070217597921527e-103 5.751740719551341e-212 5.4e-09 6e-09 3.572793277527779e-182 66
3.4740557204179484e-102 3.1244446077490724e-95 1.4618434808004626e-120 2.3895739925423816e-273 3.650346044999849e-113 3e-09 1.0587432277568778e-95 1.3503016972931398e-189 1.4070217597921527e-103 2.1678043636098884e-292 6.093953995840043e-81 5.753909228184757e-98 6.4e-09 68
1e-10 2.9954596409528463e-304 0.28 6.196912804894898e-199 2.1974858113731124e-67 3e-09 3.5000000000000003e-09 1.355279721960395e-299 1.4070217597921527e-103 5.751740719551341e-212 3.2171154710045188e-140 1.5373557132129061e-108 6.4e-09 67
1e-10 1.4185986519591378e-190 6.091550292783084e-168 2.3895739925423816e-273 3.650346044999849e-113 7.004260165961142e-294 1.0587432277568778e-95 1.3503016972931398e-189 3.1466305258574314e-88 5.751740719551341e-212 6.093953995840043e-81 5.753909228184757e-98 3.572793277527779e-182 68
1.128427557455093e-121 9.559143522886342e-82 1.1000000000000001e-09 2.3895739925423816e-273 1.7841225644479953e-213 7.004260165961142e-294 1.0587432277568778e-95 1.3503016972931398e-189 4.2e-09 5.751740719551341e-212 6.093953995840043e-81 5.753909228184757e-98 3.572793277527779e-182 68
1e-10 3.1244446077490724e-95 1.1000000000000001e-09 1.2878840419039327e-77 3.650346044999849e-113 1.6e-321 3.2e-09 1.597671804881105e-84 1.4070217597921527e-103 5.751740719551341e-212 2.7499181889227246e-201 3.031905741081314e-284 1.0603386130713846e-112 67
1e-10 2.9954596409528463e-304 1.1000000000000001e-09 1.6e-09 3.650346044999849e-113 3e-09 3.2e-09 1.355279721960395e-299 6.175588177135647e-32 5.751740719551341e-212 7.823730664180238e-258 3.031905741081314e-284 1.0603386130713846e-112 67
1e-10 1.4185986519591378e-190 0.28 5.7995858379916885e-43 1.7841225644479953e-213 1.6e-321 3.2e-09 1.3503016972931398e-189 6.175588177135647e-32 5.751740719551341e-212 3.2171154710045188e-140 1.5373557132129061e-108 1.0603386130713846e-112 67
0.04 1.4185986519591378e-190 1.1000000000000001e-09 2.3895739925423816e-273 1.7841225644479953e-213 7.004260165961142e-294 3.2e-09 2.0308283072728497e-104 3.1466305258574314e-88 2.1678043636098884e-292 6.093953995840043e-81 5.753909228184757e-98 1.0603386130713846e-112 68
3.4740557204179484e-102 1.4185986519591378e-190 6.091550292783084e-168 1.2878840419039327e-77 1.7841225644479953e-213 7.004260165961142e-294 1.0587432277568778e-95 1.3503016972931398e-189 4.2e-09 2.1678043636098884e-292 6.093953995840043e-81 5.753909228184757e-98 3.572793277527779e-182 68
1e-10 1.4185986519591378e-190 1.1000000000000001e-09 2.3895739925423816e-273 3.650346044999849e-113 1.605914957392842e-42 1.0587432277568778e-95 1.3503016972931398e-189 3.1466305258574314e-88 2.1678043636098884e-292 6.093953995840043e-81 5.753909228184757e-98 1.0603386130713846e-112 68
3.4740557204179484e-102 9.559143522886342e-82 1.4618434808004626e-120 1.2878840419039327e-77 1.7841225644479953e-213 7.004260165961142e-294 1.0587432277568778e-95 1.3503016972931398e-189 4.2e-09 2.1678043636098884e-292 6.093953995840043e-81 5.753909228184757e-98 3.572793277527779e-182 68
3.4740557204179484e-102 3.1244446077490724e-95 6.091550292783084e-168 2.3895739925423816e-273 1.7841225644479953e-213 3e-09 6.083553997251118e-37 1.355279721960395e-299 1.4070217597921527e-103 1.3318314054510242e-179 3.2171154710045188e-140 1.5373557132129061e-108 3.572793277527779e-182 66
1e-10 9.559143522886342e-82 1.1000000000000001e-09 6.196912804894898e-199 3.650346044999849e-113 7.004260165961142e-294 1.0587432277568778e-95 1.3503016972931398e-189 3.1466305258574314e-88 2.1678043636098884e-292 6.093953995840043e-81 5.753909228184757e-98 1.0603386130713846e-112 68
0.04 2.9954596409528463e-304 1.1000000000000001e-09 1.6e-09 1.7841225644479953e-213 0.58 1.1627659786153741e-144 1.355279721960395e-299 4.2e-09 5.751740719551341e-212 7.823730664180238e-258 3.031905741081314e-284 3.572793277527779e-182 66
3.4740557204179484e-102 3.1244446077490724e-95 1.1000000000000001e-09 1.6e-09 3.650346044999849e-113 3e-09 3.5000000000000003e-09 1.3503016972931398e-189 1.4070217597921527e-103 0.96 7.823730664180238e-258 3.031905741081314e-284 3.572793277527779e-182 66
1e-10 3.1244446077490724e-95 2.1542749455124346e-32 5.7995858379916885e-43 3.650346044999849e-113 1.6e-321 3.2e-09 1.3503016972931398e-189 6.175588177135647e-32 5.751740719551341e-212 3.2171154710045188e-140 3.031905741081314e-284 1.0603386130713846e-112 67
1.128427557455093e-121 3.1244446077490724e-95 1.4618434808004626e-120 1.6e-09 1.7841225644479953e-213 3e-09 3.5000000000000003e-09 1.355279721960395e-299 6.175588177135647e-32 1.3318314054510242e-179 5.4e-09 5.16592841047967e-140 3.572793277527779e-182 66
3.4740557204179484e-102 3.1244446077490724e-95 1.1000000000000001e-09 1.6e-09 1.7841225644479953e-213 3e-09 3.5000000000000003e-09 1.355279721960395e-299 4.316729158487403e-125 2.1678043636098884e-292 5.4e-09 1.5373557132129061e-108 3.572793277527779e-182 66
1e-10 2.9954596409528463e-304 1.1000000000000001e-09 1.6e-09 0.5 1.6e-321 3.2e-09 1.355279721960395e-299 1.4070217597921527e-103 5.751740719551341e-212 7.823730664180238e-258 1.5373557132129061e-108 3.572793277527779e-182 67
1e-10 3.1244446077490724e-95 2.1542749455124346e-32 2.3895739925423816e-273 0.5 7.004260165961142e-294 1.0587432277568778e-95 1.355279721960395e-299 4.2e-09 5.751740719551341e-212 3.2171154710045188e-140 3.031905741081314e-284 6.4e-09 67
3.4740557204179484e-102 3.1244446077490724e-95 1.4618434808004626e-120 1.6e-09 1.7841225644479953e-213 3e-09 3.2e-09 1.355279721960395e-299 4.2e-09 1.0297730897657478e-270 5.4e-09 6e-09 3.572793277527779e-182 66
3.4740557204179484e-102 3.1244446077490724e-95 1.1000000000000001e-09 1.6e-09 1.7841225644479953e-213 3e-09 3.5000000000000003e-09 1.355279721960395e-299 4.316729158487403e-125 2.1678043636098884e-292 5.4e-09 1.5373557132129061e-108 3.572793277527779e-182 66
7.764743018310579e-24 9.559143522886342e-82 1.1000000000000001e-09 2.3895739925423816e-273 3.650346044999849e-113 1.6e-321 1.0587432277568778e-95 1.3503016972931398e-189 4.2e-09 2.1678043636098884e-292 6.093953995840043e-81 5.753909228184757e-98 6.4e-09 68
3.4740557204179484e-102 2.9954596409528463e-304 6.091550292783084e-168 1.6e-09 1.7841225644479953e-213 3e-09 3.5000000000000003e-09 1.355279721960395e-299 1.4070217597921527e-103 1.3318314054510242e-179 2.7499181889227246e-201 5.16592841047967e-140 3.572793277527779e-182 66
1e-10 3.1244446077490724e-95 6.091550292783084e-168 1.6e-09 2.1974858113731124e-67 3e-09 3.2e-09 1.355279721960395e-299 4.2e-09 5.751740719551341e-212 5.4e-09 6e-09 3.572793277527779e-182 66
1e-10 9.559143522886342e-82 2.1542749455124346e-32 6.196912804894898e-199 1.7841225644479953e-213 7.004260165961142e-294 3.2e-09 1.3503016972931398e-189 3.1466305258574314e-88 5.751740719551341e-212 7.823730664180238e-258 3.031905741081314e-284 6.726243352114302e-40 67
1e-10 3.1244446077490724e-95 1.1000000000000001e-09 2.3895739925423816e-273 1.7841225644479953e-213 1.6e-321 3.2e-09 2.0308283072728497e-104 4.2e-09 5.751740719551341e-212 5.4e-09 5.16592841047967e-140 1.0603386130713846e-112 67
3.4740557204179484e-102 9.559143522886342e-82 0.28 1.2878840419039327e-77 5.180653033381276e-199 7.004260165961142e-294 1.0587432277568778e-95 1.3503016972931398e-189 3.1466305258574314e-88 5.751740719551341e-212 2.7499181889227246e-201 5.753909228184757e-98 1.0603386130713846e-112 68
3.4740557204179484e-102 3.1244446077490724e-95 1.1000000000000001e-09 1.6e-09 1.7841225644479953e-213 3e-09 3.5000000000000003e-09 1.355279721960395e-299 1.4070217597921527e-103 1.3318314054510242e-179 5.4e-09 6e-09 3.572793277527779e-182 66
1e-10 2.9954596409528463e-304 1.1000000000000001e-09 1.6e-09 3.650346044999849e-113 1.6e-321 1.0587432277568778e-95 1.355279721960395e-299 3.1466305258574314e-88 5.751740719551341e-212 5.4e-09 5.753909228184757e-98 1.0603386130713846e-112 67
3.4740557204179484e-102 3.1244446077490724e-95 1.4618434808004626e-120 6.196912804894898e-199 5.180653033381276e-199 3e-09 1.1627659786153741e-144 1.355279721960395e-299 6.175588177135647e-32 5.751740719551341e-212 5.4e-09 6e-09 3.572793277527779e-182 66
3.4740557204179484e-102 3.1244446077490724e-95 1.1000000000000001e-09 1.6e-09 1.7841225644479953e-213 3e-09 3.5000000000000003e-09 2.0308283072728497e-104 1.4070217597921527e-103 1.3318314054510242e-179 3.2171154710045188e-140 6e-09 3.572793277527779e-182 66
1e-10 3.1244446077490724e-95 1.1000000000000001e-09 1.6e-09 3.650346044999849e-113 7.004260165961142e-294 3.2e-09 2.0308283072728497e-104 6.175588177135647e-32 5.751740719551341e-212 5.4e-09 1.5373557132129061e-108 1.0603386130713846e-112 67
0.04 1.4185986519591378e-190 1.1000000000000001e-09 2.3895739925423816e-273 1.7841225644479953e-213 7.004260165961142e-294 3.2e-09 2.0308283072728497e-104 3.1466305258574314e-88 2.1678043636098884e-292 6.093953995840043e-81 5.753909228184757e-98 1.0603386130713846e-112 68
3.4740557204179484e-102 3.1244446077490724e-95 0.28 6.196912804894898e-199 1.7841225644479953e-213 3e-09 3.5000000000000003e-09 1.355279721960395e-299 1.4070217597921527e-103 1.3318314054510242e-179 5.4e-09 3.031905741081314e-284 3.572793277527779e-182 66
1e-10 3.1244446077490724e-95 1.1000000000000001e-09 1.2878840419039327e-77 3.650346044999849e-113 7.004260165961142e-294 3.2e-09 1.3503016972931398e-189 4.2e-09 5.751740719551341e-212 7.823730664180238e-258 3.031905741081314e-284 1.0603386130713846e-112 67
3.4740557204179484e-102 3.1244446077490724e-95 1.4618434808004626e-120 1.6e-09 2.1974858113731124e-67 3e-09 3.5000000000000003e-09 1.355279721960395e-299 1.4070217597921527e-103 1.3318314054510242e-179 7.823730664180238e-258 6e-09 3.572793277527779e-182 66
3.4740557204179484e-102 9.559143522886342e-82 0.28 1.2878840419039327e-77 1.7841225644479953e-213 7.004260165961142e-294 1.0587432277568778e-95 1.597671804881105e-84 4.2e-09 2.1678043636098884e-292 6.093953995840043e-81 5.753909228184757e-98 3.572793277527779e-182 68
3.4740557204179484e-102 9.559143522886342e-82 1.1000000000000001e-09 1.6e-09 1.7841225644479953e-213 3e-09 3.5000000000000003e-09 1.355279721960395e-299 1.4070217597921527e-103 1.0297730897657478e-270 5.4e-09 6e-09 3.572793277527779e-182 66
3.4740557204179484e-102 3.1244446077490724e-95 0.28 1.2878840419039327e-77 1.7841225644479953e-213 3e-09 3.2e-09 1.3503016972931398e-189 1.4070217597921527e-103 2.1678043636098884e-292 6.093953995840043e-81 5.753909228184757e-98 6.4e-09 68
3.4740557204179484e-102 3.1244446077490724e-95 1.4618434808004626e-120 6.196912804894898e-199 1.7841225644479953e-213 3e-09 3.5000000000000003e-09 1.597671804881105e-84 6.175588177135647e-32 1.3318314054510242e-179 5.4e-09 3.031905741081314e-284 3.572793277527779e-182 66
1e-10 2.9954596409528463e-304 1.1000000000000001e-09 1.6e-09 3.650346044999849e-113 3e-09 3.2e-09 1.355279721960395e-299 6.175588177135647e-32 5.751740719551341e-212 7.823730664180238e-258 3.031905741081314e-284 1.0603386130713846e-112 67
3.4740557204179484e-102 3.1244446077490724e-95 1.1000000000000001e-09 1.6e-09 1.7841225644479953e-213 3e-09 3.5000000000000003e-09 1.355279721960395e-299 1.4070217597921527e-103 2.1678043636098884e-292 5.4e-09 1.5373557132129061e-108 3.572793277527779e-182 66
3.4740557204179484e-102 2.9954596409528463e-304 6.091550292783084e-168 1.6e-09 1.7841225644479953e-213 3e-09 3.5000000000000003e-09 1.355279721960395e-299 1.4070217597921527e-103 1.3318314054510242e-179 2.7499181889227246e-201 5.16592841047967e-140 3.572793277527779e-182 66
1e-10 3.1244446077490724e-95 1.1000000000000001e-09 2.3895739925423816e-273 3.650346044999849e-113 7.004260165961142e-294 3.2e-09 1.3503016972931398e-189 6.175588177135647e-32 5.751740719551341e-212 2.7499181889227246e-201 3.031905741081314e-284 1.0603386130713846e-112 67
3.4740557204179484e-102 3.1244446077490724e-95 1.4618434808004626e-120 6.196912804894898e-199 5.180653033381276e-199 3e-09 1.1627659786153741e-144 1.355279721960395e-299 6.175588177135647e-32 5.751740719551341e-212 5.4e-09 6e-09 3.572793277527779e-182 66
3.4740557204179484e-102 3.1244446077490724e-95 6.091550292783084e-168 2.3895739925423816e-273 1.7841225644479953e-213 3e-09 6.083553997251118e-37 1.355279721960395e-299 1.4070217597921527e-103 1.3318314054510242e-179 3.2171154710045188e-140 1.5373557132129061e-108 3.572793277527779e-182 66
1e-10 3.1244446077490724e-95 1.1000000000000001e-09 6.196912804894898e-199 3.650346044999849e-113 3e-09 3.2e-09 2.0308283072728497e-104 4.2e-09 5.751740719551341e-212 3.2171154710045188e-140 3.031905741081314e-284 1.0603386130713846e-112 67
1e-10 9.559143522886342e-82 1.1000000000000001e-09 1.2878840419039327e-77 1.7841225644479953e-213 7.004260165961142e-294 1.0587432277568778e-95 1.355279721960395e-299 3.1466305258574314e-88 1.3318314054510242e-179 6.093953995840043e-81 5.753909228184757e-98 1.0603386130713846e-112 68
1e-10 3.1244446077490724e-95 1.1000000000000001e-09 2.3895739925423816e-273 3.650346044999849e-113 7.004260165961142e-294 3.2e-09 1.3503016972931398e-189 6.175588177135647e-32 5.751740719551341e-212 5.4e-09 3.031905741081314e-284 1.0603386130713846e-112 67
1e-10 3.1244446077490724e-95 1.1000000000000001e-09 2.3895739925423816e-273 3.650346044999849e-113 7.004260165961142e-294 3.2e-09 1.3503016972931398e-189 4.2e-09 5.751740719551341e-212 3.2171154710045188e-140 5.753909228184757e-98 1.0603386130713846e-112 67
1e-10 2.9954596409528463e-304 1.1000000000000001e-09 1.6e-09 3.650346044999849e-113 3e-09 3.5000000000000003e-09 1.355279721960395e-299 1.4070217597921527e-103 5.751740719551341e-212 5.4e-09 3.031905741081314e-284 6.4e-09 67
1e-10 9.559143522886342e-82 1.1000000000000001e-09 1.6e-09 3.650346044999849e-113 1.6e-321 3.2e-09 2.0308283072728497e-104 4.316729158487403e-125 5.751740719551341e-212 3.2171154710045188e-140 1.5373557132129061e-108 1.24 67
1e-10 2.9954596409528463e-304 6.091550292783084e-168 2.3895739925423816e-273 3.650346044999849e-113 3e-09 3.2e-09 0.78 4.2e-09 5.751740719551341e-212 5.4e-09 3.031905741081314e-284 1.0603386130713846e-112 67
1.128427557455093e-121 9.559143522886342e-82 1.1000000000000001e-09 6.196912804894898e-199 1.7841225644479953e-213 7.004260165961142e-294 1.0587432277568778e-95 1.3503016972931398e-189 4.2e-09 2.1678043636098884e-292 6.093953995840043e-81 5.753909228184757e-98 3.572793277527779e-182 68
3.4740557204179484e-102 1.4185986519591378e-190 2.1542749455124346e-32 1.2878840419039327e-77 5.180653033381276e-199 1.6e-321 1.0587432277568778e-95 1.3503016972931398e-189 4.2e-09 2.1678043636098884e-292 6.093953995840043e-81 5.753909228184757e-98 1.0603386130713846e-112 68
3.4740557204179484e-102 3.1244446077490724e-95 1.1000000000000001e-09 1.6e-09 1.7841225644479953e-213 3e-09 3.5000000000000003e-09 2.0308283072728497e-104 1.4070217597921527e-103 1.3318314054510242e-179 5.4e-09 5.16592841047967e-140 3.572793277527779e-182 66
1e-10 1.4185986519591378e-190 1.1000000000000001e-09 1.6e-09 1.7841225644479953e-213 7.004260165961142e-294 1.0587432277568778e-95 1.355279721960395e-299 3.1466305258574314e-88 2.1678043636098884e-292 6.093953995840043e-81 5.753909228184757e-98 3.572793277527779e-182 68
7.764743018310579e-24 9.559143522886342e-82 1.1000000000000001e-09 2.3895739925423816e-273 3.650346044999849e-113 1.6e-321 1.0587432277568778e-95 1.3503016972931398e-189 4.2e-09 2.1678043636098884e-292 6.093953995840043e-81 5.753909228184757e-98 6.4e-09 68
1e-10 2.9954596409528463e-304 1.1000000000000001e-09 2.3895739925423816e-273 1.7841225644479953e-213 3e-09 3.2e-09 1.355279721960395e-299 6.175588177135647e-32 5.751740719551341e-212 5.4e-09 1.5373557132129061e-108 3.572793277527779e-182 67
3.4740557204179484e-102 3.1244446077490724e-95 1.4618434808004626e-120 2.3895739925423816e-273 3.650346044999849e-113 3e-09 1.0587432277568778e-95 1.3503016972931398e-189 1.4070217597921527e-103 2.1678043636098884e-292 6.093953995840043e-81 5.753909228184757e-98 6.4e-09 68
3.4740557204179484e-102 3.1244446077490724e-95 1.4618434808004626e-120 1.6e-09 1.7841225644479953e-213 3e-09 3.2e-09 1.355279721960395e-299 4.2e-09 1.0297730897657478e-270 5.4e-09 6e-09 3.572793277527779e-182 66
1e-10 1.4185986519591378e-190 1.1000000000000001e-09 2.3895739925423816e-273 3.650346044999849e-113 7.004260165961142e-294 3.2e-09 1.3503016972931398e-189 4.2e-09 5.751740719551341e-212 6.093953995840043e-81 5.753909228184757e-98 1.0603386130713846e-112 67
1e-10 2.9954596409528463e-304 1.1000000000000001e-09 1.6e-09 0.5 1.6e-321 3.2e-09 2.0308283072728497e-104 1.4070217597921527e-103 5.751740719551341e-212 5.4e-09 3.031905741081314e-284 3.572793277527779e-182 67
1e-10 9.559143522886342e-82 1.1000000000000001e-09 6.196912804894898e-199 3.650346044999849e-113 7.004260165961142e-294 1.0587432277568778e-95 1.597671804881105e-84 3.1466305258574314e-88 2.1678043636098884e-292 6.093953995840043e-81 5.753909228184757e-98 6.4e-09 68
0.04 1.4185986519591378e-190 1.1000000000000001e-09 2.3895739925423816e-273 1.7841225644479953e-213 7.004260165961142e-294 3.2e-09 2.0308283072728497e-104 3.1466305258574314e-88 2.1678043636098884e-292 6.093953995840043e-81 5.753909228184757e-98 1.0603386130713846e-112 68
3.4740557204179484e-102 2.9954596409528463e-304 0.28 2.3895739925423816e-273 1.7841225644479953e-213 3e-09 3.5000000000000003e-09 1.355279721960395e-299 1.4070217597921527e-103 1.3318314054510242e-179 7.823730664180238e-258 3.031905741081314e-284 3.572793277527779e-182 66
1e-10 0.18 1.1000000000000001e-09 6.196912804894898e-199 1.7841225644479953e-213 3e-09 1.1627659786153741e-144 1.355279721960395e-299 1.4070217597921527e-103 5.751740719551341e-212 6.093953995840043e-81 5.16592841047967e-140 1.24 67
1e-10 1.4185986519591378e-190 6.091550292783084e-168 2.3895739925423816e-273 3.650346044999849e-113 7.004260165961142e-294 1.0587432277568778e-95 1.3503016972931398e-189 3.1466305258574314e-88 5.751740719551341e-212 6.093953995840043e-81 5.753909228184757e-98 3.572793277527779e-182 68
3.4740557204179484e-102 9.559143522886342e-82 0.28 1.2878840419039327e-77 1.7841225644479953e-213 7.004260165961142e-294 1.0587432277568778e-95 1.597671804881105e-84 4.2e-09 2.1678043636098884e-292 6.093953995840043e-81 5.753909228184757e-98 3.572793277527779e-182 68
1e-10 3.1244446077490724e-95 1.4618434808004626e-120 5.7995858379916885e-43 0.5 3e-09 3.5000000000000003e-09 1.355279721960395e-299 1.4070217597921527e-103 5.751740719551341e-212 7.823730664180238e-258 6e-09 3.572793277527779e-182 67
3.4740557204179484e-102 3.1244446077490724e-95 1.1000000000000001e-09 1.6e-09 1.7841225644479953e-213 3e-09 3.5000000000000003e-09 1.355279721960395e-299 1.4070217597921527e-103 1.3318314054510242e-179 5.4e-09 5.16592841047967e-140 3.572793277527779e-182 66
0.04 1.4185986519591378e-190 1.1000000000000001e-09 2.3895739925423816e-273 1.7841225644479953e-213 7.004260165961142e-294 3.2e-09 2.0308283072728497e-104 3.1466305258574314e-88 2.1678043636098884e-292 6.093953995840043e-81 5.753909228184757e-98 1.0603386130713846e-112 68
3.4740557204179484e-102 3.1244446077490724e-95 0.28 1.2878840419039327e-77 1.7841225644479953e-213 3e-09 3.2e-09 1.3503016972931398e-189 1.4070217597921527e-103 2.1678043636098884e-292 6.093953995840043e-81 5.753909228184757e-98 6.4e-09 68
1e-10 1.4185986519591378e-190 1.1000000000000001e-09 1.6e-09 1.7841225644479953e-213 7.004260165961142e-294 1.0587432277568778e-95 1.355279721960395e-299 3.1466305258574314e-88 2.1678043636098884e-292 6.093953995840043e-81 5.753909228184757e-98 3.572793277527779e-182 68
