6.418995052756623e-21 1.3699553499119161e-15 3.399025339321727e-08 2.340094780620385e-17 5.917870617701912e-17 0.10362513728441605 4.1122418803885345e-09 6.169810742495442e-19 8.798914158855424e-15 1.0963566206352485e-14 3.844652620979695e-05 0.02421685650051637 1.5129803093037515e-16 66
1.3251919802668803e-18 9.261723486820629e-10 3.399025339321727e-08 1.3007530048839235 0.0023180225306677427 2.412649824843921e-09 4.606795845388683e-14 2.2379461621862465e-11 3.555354762663818e-06 3.75698420381969e-11 4.720789488684921e-14 1.5754745271035337e-11 1.5129803093037515e-16 68
1.3251919802668803e-18 1.3699553499119161e-15 6.103112354440185e-24 2.340094780620385e-17 1.5912856112677682e-16 2.392920302728988e-16 6.226757698464016e-14 6.169810742495442e-19 6.100548223059201e-12 3.75698420381969e-11 3.844652620979695e-05 0.02421685650051637 1.5129803093037515e-16 66
1.3251919802668803e-18 9.261723486820629e-10 0.001410970236058626 7.648437028919089e-11 0.0023180225306677427 2.3358693483755133e-12 4.606795845388683e-14 2.2379461621862465e-11 3.555354762663818e-06 1.0963566206352485e-14 4.720789488684921e-14 8.405754833432994e-08 0.008131629237143622 68
0.0020925757205866747 1.3699553499119161e-15 6.103112354440185e-24 2.340094780620385e-17 5.917870617701912e-17 2.392920302728988e-16 0.68 6.169810742495442e-19 8.798914158855424e-15 1.0963566206352485e-14 3.844652620979695e-05 2.3208657989109545e-08 1.5129803093037515e-16 66
1.3251919802668803e-18 9.261723486820629e-10 6.103112354440185e-24 2.340094780620385e-17 0.0023180225306677427 2.3358693483755133e-12 4.606795845388683e-14 0.026505959127431214 3.555354762663818e-06 2.479941572576857e-05 4.720789488684921e-14 1.5754745271035337e-11 1.3368513109992435e-09 68
1.3251919802668803e-18 9.261723486820629e-10 6.103112354440185e-24 2.340094780620385e-17 1.5912856112677682e-16 2.392920302728988e-16 4.1122418803885345e-09 6.169810742495442e-19 6.100548223059201e-12 1.0963566206352485e-14 3.844652620979695e-05 2.3208657989109545e-08 1.3368513109992435e-09 67
1.3251919802668803e-18 2.5797106129793686e-12 6.103112354440185e-24 2.6458148143303927e-06 1.5912856112677682e-16 2.412649824843921e-09 4.1122418803885345e-09 6.169810742495442e-19 3.555354762663818e-06 1.0963566206352485e-14 3.844652620979695e-05 2.3208657989109545e-08 1.3368513109992435e-09 67
1.3251919802668803e-18 2.5797106129793686e-12 0.004917527360156041 7.648437028919089e-11 1.5912856112677682e-16 2.392920302728988e-16 4.1122418803885345e-09 0.78 8.798914158855424e-15 1.0963566206352485e-14 3.844652620979695e-05 8.405754833432994e-08 1.3368513109992435e-09 67
1.3251919802668803e-18 1.3699553499119161e-15 6.103112354440185e-24 7.648437028919089e-11 1.5912856112677682e-16 2.3358693483755133e-12 4.1122418803885345e-09 2.2379461621862465e-11 3.648280704402571e-05 1.0963566206352485e-14 0.0067118209576423555 8.405754833432994e-08 1.3368513109992435e-09 67
1.3251919802668803e-18 2.5797106129793686e-12 0.001410970236058626 2.6458148143303927e-06 0.015345555284302282 2.392920302728988e-16 6.226757698464016e-14 6.169810742495442e-19 6.100548223059201e-12 1.0963566206352485e-14 0.0009841357898524238 4.1733809342977986e-09 2.303507123524696e-09 67
1.3251919802668803e-18 9.261723486820629e-10 6.103112354440185e-24 2.340094780620385e-17 0.015345555284302282 2.3358693483755133e-12 4.606795845388683e-14 2.2379461621862465e-11 3.555354762663818e-06 3.75698420381969e-11 4.720789488684921e-14 1.5754745271035337e-11 1.5129803093037515e-16 68
1.3251919802668803e-18 1.3699553499119161e-15 0.0011866317506605858 1.431575877785074e-06 5.917870617701912e-17 2.392920302728988e-16 0.023018332926453423 2.2379461621862465e-11 6.100548223059201e-12 1.0963566206352485e-14 3.844652620979695e-05 4.1733809342977986e-09 1.5129803093037515e-16 66
0.04 0.00024327073035493573 6.103112354440185e-24 7.648437028919089e-11 5.917870617701912e-17 2.3358693483755133e-12 4.1122418803885345e-09 1.310999745399666e-06 3.555354762663818e-06 3.75698420381969e-11 4.720789488684921e-14 1.5754745271035337e-11 1.3368513109992435e-09 68
6.418995052756623e-21 2.5797106129793686e-12 0.004917527360156041 2.340094780620385e-17 5.917870617701912e-17 2.392920302728988e-16 6.226757698464016e-14 6.169810742495442e-19 6.100548223059201e-12 2.479941572576857e-05 0.0067118209576423555 0.02421685650051637 1.5129803093037515e-16 66
6.418995052756623e-21 0.00024327073035493573 6.103112354440185e-24 2.6458148143303927e-06 1.5912856112677682e-16 2.3358693483755133e-12 4.606795845388683e-14 0.026505959127431214 3.555354762663818e-06 1.2288783919086244e-07 4.720789488684921e-14 1.5754745271035337e-11 1.3368513109992435e-09 68
6.418995052756623e-21 0.00024327073035493573 0.004917527360156041 2.340094780620385e-17 5.917870617701912e-17 2.392920302728988e-16 6.226757698464016e-14 6.169810742495442e-19 6.100548223059201e-12 1.2288783919086244e-07 0.0067118209576423555 2.3208657989109545e-08 1.5129803093037515e-16 66
1.3251919802668803e-18 1.3699553499119161e-15 0.0011866317506605858 1.3007530048839235 1.5912856112677682e-16 2.412649824843921e-09 4.1122418803885345e-09 2.2379461621862465e-11 3.648280704402571e-05 1.0963566206352485e-14 0.0009841357898524238 8.405754833432994e-08 1.3368513109992435e-09 67
6.418995052756623e-21 2.5797106129793686e-12 6.103112354440185e-24 2.340094780620385e-17 0.015345555284302282 2.412649824843921e-09 4.1122418803885345e-09 6.169810742495442e-19 8.798914158855424e-15 1.2288783919086244e-07 3.844652620979695e-05 0.02421685650051637 1.5129803093037515e-16 66
6.418995052756623e-21 1.3699553499119161e-15 0.004917527360156041 2.340094780620385e-17 5.917870617701912e-17 2.392920302728988e-16 6.226757698464016e-14 6.169810742495442e-19 0.09980388573834287 3.75698420381969e-11 1.65039728500121e-13 0.02421685650051637 1.5129803093037515e-16 66
6.418995052756623e-21 1.3699553499119161e-15 6.103112354440185e-24 2.340094780620385e-17 5.917870617701912e-17 2.392920302728988e-16 6.226757698464016e-14 6.169810742495442e-19 0.09980388573834287 3.75698420381969e-11 3.844652620979695e-05 4.1733809342977986e-09 1.5129803093037515e-16 66
6.418995052756623e-21 1.3699553499119161e-15 3.399025339321727e-08 2.340094780620385e-17 0.015345555284302282 2.392920302728988e-16 6.226757698464016e-14 6.169810742495442e-19 6.100548223059201e-12 2.479941572576857e-05 1.65039728500121e-13 2.3208657989109545e-08 1.5129803093037515e-16 66
1.3251919802668803e-18 9.261723486820629e-10 6.103112354440185e-24 2.6458148143303927e-06 1.5912856112677682e-16 2.3358693483755133e-12 4.606795845388683e-14 0.026505959127431214 3.555354762663818e-06 3.75698420381969e-11 4.720789488684921e-14 1.5754745271035337e-11 2.303507123524696e-09 68
1.3251919802668803e-18 1.3699553499119161e-15 0.0011866317506605858 7.648437028919089e-11 0.09021047929372049 2.3358693483755133e-12 4.606795845388683e-14 6.169810742495442e-19 8.798914158855424e-15 1.0963566206352485e-14 0.0009841357898524238 8.405754833432994e-08 2.303507123524696e-09 67
6.418995052756623e-21 1.3699553499119161e-15 6.103112354440185e-24 2.340094780620385e-17 5.917870617701912e-17 2.392920302728988e-16 6.226757698464016e-14 6.169810742495442e-19 6.100548223059201e-12 2.479941572576857e-05 0.0067118209576423555 2.3208657989109545e-08 1.5129803093037515e-16 66
6.418995052756623e-21 2.5797106129793686e-12 6.103112354440185e-24 2.340094780620385e-17 5.917870617701912e-17 2.392920302728988e-16 6.226757698464016e-14 6.169810742495442e-19 0.09980388573834287 3.75698420381969e-11 3.844652620979695e-05 2.3208657989109545e-08 1.5129803093037515e-16 66
6.418995052756623e-21 0.00024327073035493573 6.103112354440185e-24 2.340094780620385e-17 1.5912856112677682e-16 2.392920302728988e-16 0.023018332926453423 6.169810742495442e-19 8.798914158855424e-15 1.0963566206352485e-14 0.0067118209576423555 4.1733809342977986e-09 1.5129803093037515e-16 66
1.3251919802668803e-18 2.5797106129793686e-12 6.103112354440185e-24 2.340094780620385e-17 1.5912856112677682e-16 2.412649824843921e-09 4.1122418803885345e-09 6.169810742495442e-19 8.798914158855424e-15 1.0963566206352485e-14 1.65039728500121e-13 8.405754833432994e-08 1.3368513109992435e-09 67
6.418995052756623e-21 1.3699553499119161e-15 0.004917527360156041 2.340094780620385e-17 5.917870617701912e-17 2.392920302728988e-16 6.226757698464016e-14 6.169810742495442e-19 6.100548223059201e-12 3.75698420381969e-11 0.0067118209576423555 2.3208657989109545e-08 1.5129803093037515e-16 66
1.3251919802668803e-18 0.18 6.103112354440185e-24 2.6458148143303927e-06 5.917870617701912e-17 2.392920302728988e-16 0.023018332926453423 6.169810742495442e-19 6.100548223059201e-12 1.0963566206352485e-14 4.720789488684921e-14 0.02421685650051637 1.24 67
1.3251919802668803e-18 2.5797106129793686e-12 6.103112354440185e-24 1.431575877785074e-06 1.5912856112677682e-16 2.412649824843921e-09 4.1122418803885345e-09 0.78 8.798914158855424e-15 1.0963566206352485e-14 3.844652620979695e-05 4.1733809342977986e-09 2.303507123524696e-09 67
6.418995052756623e-21 1.3699553499119161e-15 3.399025339321727e-08 2.340094780620385e-17 5.917870617701912e-17 0.10362513728441605 4.1122418803885345e-09 6.169810742495442e-19 8.798914158855424e-15 1.0963566206352485e-14 3.844652620979695e-05 0.02421685650051637 1.5129803093037515e-16 66
1.3251919802668803e-18 1.3699553499119161e-15 3.399025339321727e-08 1.3007530048839235 0.09021047929372049 2.392920302728988e-16 6.226757698464016e-14 6.169810742495442e-19 6.100548223059201e-12 1.0963566206352485e-14 1.65039728500121e-13 2.3208657989109545e-08 1.5129803093037515e-16 67
0.0020925757205866747 9.261723486820629e-10 6.103112354440185e-24 7.648437028919089e-11 5.917870617701912e-17 2.3358693483755133e-12 4.606795845388683e-14 2.2379461621862465e-11 8.798914158855424e-15 1.0963566206352485e-14 4.720789488684921e-14 1.5754745271035337e-11 1.5129803093037515e-16 68
1.3251919802668803e-18 9.261723486820629e-10 3.399025339321727e-08 7.648437028919089e-11 5.917870617701912e-17 2.3358693483755133e-12 4.606795845388683e-14 2.2379461621862465e-11 3.555354762663818e-06 2.479941572576857e-05 0.0067118209576423555 8.405754833432994e-08 1.24 68
6.418995052756623e-21 0.00024327073035493573 6.103112354440185e-24 2.340094780620385e-17 5.917870617701912e-17 2.392920302728988e-16 0.023018332926453423 6.169810742495442e-19 8.798914158855424e-15 1.2288783919086244e-07 0.0067118209576423555 2.3208657989109545e-08 1.5129803093037515e-16 66
6.418995052756623e-21 1.3699553499119161e-15 6.103112354440185e-24 2.340094780620385e-17 5.917870617701912e-17 2.392920302728988e-16 6.226757698464016e-14 6.169810742495442e-19 6.100548223059201e-12 3.75698420381969e-11 3.844652620979695e-05 4.1733809342977986e-09 1.5129803093037515e-16 66
6.418995052756623e-21 9.261723486820629e-10 0.001410970236058626 1.431575877785074e-06 5.917870617701912e-17 2.3358693483755133e-12 4.606795845388683e-14 0.026505959127431214 8.798914158855424e-15 3.75698420381969e-11 4.720789488684921e-14 1.5754745271035337e-11 1.5129803093037515e-16 68
1.3251919802668803e-18 0.00024327073035493573 6.103112354440185e-24 1.431575877785074e-06 5.917870617701912e-17 2.392920302728988e-16 0.023018332926453423 2.2379461621862465e-11 6.100548223059201e-12 1.0963566206352485e-14 1.65039728500121e-13 4.1733809342977986e-09 1.3368513109992435e-09 67
1.3251919802668803e-18 1.3699553499119161e-15 0.0011866317506605858 7.648437028919089e-11 0.09021047929372049 2.3358693483755133e-12 4.606795845388683e-14 6.169810742495442e-19 8.798914158855424e-15 1.0963566206352485e-14 0.0009841357898524238 8.405754833432994e-08 2.303507123524696e-09 67
1.3251919802668803e-18 1.3699553499119161e-15 3.399025339321727e-08 1.3007530048839235 1.5912856112677682e-16 2.412649824843921e-09 4.1122418803885345e-09 0.026505959127431214 8.798914158855424e-15 1.0963566206352485e-14 1.65039728500121e-13 4.1733809342977986e-09 1.24 67
1.3251919802668803e-18 2.5797106129793686e-12 6.103112354440185e-24 2.340094780620385e-17 1.5912856112677682e-16 2.3358693483755133e-12 4.1122418803885345e-09 6.169810742495442e-19 8.798914158855424e-15 1.0963566206352485e-14 3.844652620979695e-05 8.405754833432994e-08 1.24 67
6.418995052756623e-21 1.3699553499119161e-15 6.103112354440185e-24 2.340094780620385e-17 5.917870617701912e-17 2.392920302728988e-16 6.226757698464016e-14 6.169810742495442e-19 6.100548223059201e-12 2.479941572576857e-05 0.0009841357898524238 2.3208657989109545e-08 1.5129803093037515e-16 66
6.418995052756623e-21 9.261723486820629e-10 6.103112354440185e-24 2.6458148143303927e-06 1.5912856112677682e-16 2.3358693483755133e-12 4.606795845388683e-14 2.2379461621862465e-11 3.555354762663818e-06 2.479941572576857e-05 4.720789488684921e-14 1.5754745271035337e-11 1.24 68
1.3251919802668803e-18 1.3699553499119161e-15 6.103112354440185e-24 1.431575877785074e-06 1.5912856112677682e-16 2.3358693483755133e-12 4.1122418803885345e-09 2.2379461621862465e-11 8.798914158855424e-15 1.0963566206352485e-14 1.65039728500121e-13 8.405754833432994e-08 1.3368513109992435e-09 67
1.3251919802668803e-18 9.261723486820629e-10 6.103112354440185e-24 2.6458148143303927e-06 1.5912856112677682e-16 2.3358693483755133e-12 4.606795845388683e-14 2.2379461621862465e-11 3.555354762663818e-06 3.75698420381969e-11 4.720789488684921e-14 1.5754745271035337e-11 1.3368513109992435e-09 68
1.3251919802668803e-18 1.3699553499119161e-15 6.103112354440185e-24 7.648437028919089e-11 5.917870617701912e-17 2.3358693483755133e-12 4.606795845388683e-14 1.310999745399666e-06 8.798914158855424e-15 1.0963566206352485e-14 0.0067118209576423555 1.5754745271035337e-11 1.5129803093037515e-16 67
6.418995052756623e-21 0.00024327073035493573 6.103112354440185e-24 2.6458148143303927e-06 1.5912856112677682e-16 2.3358693483755133e-12 4.606795845388683e-14 2.2379461621862465e-11 8.798914158855424e-15 3.75698420381969e-11 4.720789488684921e-14 1.5754745271035337e-11 1.3368513109992435e-09 68
1.3251919802668803e-18 2.5797106129793686e-12 6.103112354440185e-24 2.6458148143303927e-06 1.5912856112677682e-16 2.412649824843921e-09 4.1122418803885345e-09 6.169810742495442e-19 3.555354762663818e-06 1.0963566206352485e-14 3.844652620979695e-05 2.3208657989109545e-08 1.3368513109992435e-09 67
1.3251919802668803e-18 1.3699553499119161e-15 6.103112354440185e-24 2.340094780620385e-17 0.0023180225306677427 2.3358693483755133e-12 4.1122418803885345e-09 1.310999745399666e-06 3.555354762663818e-06 1.0963566206352485e-14 1.65039728500121e-13 8.405754833432994e-08 1.3368513109992435e-09 67
1.3251919802668803e-18 9.261723486820629e-10 6.103112354440185e-24 2.340094780620385e-17 5.917870617701912e-17 2.3358693483755133e-12 4.606795845388683e-14 0.026505959127431214 3.555354762663818e-06 1.2288783919086244e-07 4.720789488684921e-14 1.5754745271035337e-11 2.303507123524696e-09 68
1.3251919802668803e-18 9.261723486820629e-10 6.103112354440185e-24 1.431575877785074e-06 5.917870617701912e-17 2.3358693483755133e-12 4.606795845388683e-14 6.169810742495442e-19 3.555354762663818e-06 2.479941572576857e-05 4.720789488684921e-14 1.5754745271035337e-11 1.3368513109992435e-09 68
6.418995052756623e-21 9.261723486820629e-10 3.399025339321727e-08 1.431575877785074e-06 5.917870617701912e-17 2.3358693483755133e-12 4.1122418803885345e-09 6.169810742495442e-19 8.798914158855424e-15 3.75698420381969e-11 4.720789488684921e-14 1.5754745271035337e-11 1.3368513109992435e-09 68
1.3251919802668803e-18 1.3699553499119161e-15 3.399025339321727e-08 1.3007530048839235 1.5912856112677682e-16 2.412649824843921e-09 4.1122418803885345e-09 0.026505959127431214 8.798914158855424e-15 1.0963566206352485e-14 1.65039728500121e-13 4.1733809342977986e-09 1.24 67
6.418995052756623e-21 1.3699553499119161e-15 0.001410970236058626 1.431575877785074e-06 5.917870617701912e-17 2.392920302728988e-16 4.1122418803885345e-09 2.2379461621862465e-11 6.100548223059201e-12 3.75698420381969e-11 4.720789488684921e-14 1.5754745271035337e-11 2.303507123524696e-09 68
1.3251919802668803e-18 9.261723486820629e-10 6.103112354440185e-24 1.431575877785074e-06 5.917870617701912e-17 2.3358693483755133e-12 4.606795845388683e-14 6.169810742495442e-19 3.555354762663818e-06 2.479941572576857e-05 4.720789488684921e-14 1.5754745271035337e-11 1.3368513109992435e-09 68
6.418995052756623e-21 1.3699553499119161e-15 6.103112354440185e-24 2.340094780620385e-17 5.917870617701912e-17 2.392920302728988e-16 6.226757698464016e-14 6.169810742495442e-19 6.100548223059201e-12 2.479941572576857e-05 3.844652620979695e-05 0.02421685650051637 1.5129803093037515e-16 66
0.0020925757205866747 9.261723486820629e-10 6.103112354440185e-24 7.648437028919089e-11 5.917870617701912e-17 2.3358693483755133e-12 4.606795845388683e-14 2.2379461621862465e-11 8.798914158855424e-15 1.0963566206352485e-14 4.720789488684921e-14 1.5754745271035337e-11 1.5129803093037515e-16 68
6.418995052756623e-21 1.3699553499119161e-15 6.103112354440185e-24 2.340094780620385e-17 5.917870617701912e-17 2.392920302728988e-16 6.226757698464016e-14 1.310999745399666e-06 6.100548223059201e-12 2.479941572576857e-05 0.0009841357898524238 2.3208657989109545e-08 1.5129803093037515e-16 66
6.418995052756623e-21 1.3699553499119161e-15 3.399025339321727e-08 2.6458148143303927e-06 5.917870617701912e-17 2.392920302728988e-16 6.226757698464016e-14 0.026505959127431214 3.648280704402571e-05 2.479941572576857e-05 3.844652620979695e-05 8.405754833432994e-08 1.5129803093037515e-16 66
1.3251919802668803e-18 1.3699553499119161e-15 6.103112354440185e-24 2.340094780620385e-17 0.0023180225306677427 2.3358693483755133e-12 4.1122418803885345e-09 1.310999745399666e-06 3.555354762663818e-06 1.0963566206352485e-14 1.65039728500121e-13 8.405754833432994e-08 1.3368513109992435e-09 67
6.418995052756623e-21 1.3699553499119161e-15 0.004917527360156041 2.340094780620385e-17 5.917870617701912e-17 2.392920302728988e-16 6.226757698464016e-14 6.169810742495442e-19 6.100548223059201e-12 3.75698420381969e-11 0.0067118209576423555 2.3208657989109545e-08 1.5129803093037515e-16 66
6.418995052756623e-21 1.3699553499119161e-15 3.399025339321727e-08 2.340094780620385e-17 5.917870617701912e-17 2.392920302728988e-16 6.226757698464016e-14 6.169810742495442e-19 3.648280704402571e-05 2.479941572576857e-05 0.0067118209576423555 2.3208657989109545e-08 1.5129803093037515e-16 66
6.418995052756623e-21 1.3699553499119161e-15 6.103112354440185e-24 2.340094780620385e-17 5.917870617701912e-17 2.392920302728988e-16 6.226757698464016e-14 6.169810742495442e-19 6.100548223059201e-12 2.479941572576857e-05 3.844652620979695e-05 2.3208657989109545e-08 1.5129803093037515e-16 66
1.3251919802668803e-18 1.3699553499119161e-15 6.103112354440185e-24 2.340094780620385e-17 5.917870617701912e-17 2.392920302728988e-16 4.1122418803885345e-09 6.169810742495442e-19 8.798914158855424e-15 1.0963566206352485e-14 3.844652620979695e-05 0.02421685650051637 1.3368513109992435e-09 67
1.3251919802668803e-18 9.261723486820629e-10 6.103112354440185e-24 7.648437028919089e-11 1.5912856112677682e-16 2.392920302728988e-16 4.1122418803885345e-09 6.169810742495442e-19 3.555354762663818e-06 1.0963566206352485e-14 0.0067118209576423555 8.405754833432994e-08 1.3368513109992435e-09 67
0.0020925757205866747 1.3699553499119161e-15 3.399025339321727e-08 2.340094780620385e-17 5.917870617701912e-17 2.392920302728988e-16 6.226757698464016e-14 6.169810742495442e-19 3.648280704402571e-05 2.479941572576857e-05 3.844652620979695e-05 0.02421685650051637 1.5129803093037515e-16 66
1.3251919802668803e-18 2.5797106129793686e-12 6.103112354440185e-24 2.340094780620385e-17 5.917870617701912e-17 2.412649824843921e-09 4.606795845388683e-14 2.2379461621862465e-11 3.555354762663818e-06 1.0963566206352485e-14 1.65039728500121e-13 1.5754745271035337e-11 2.303507123524696e-09 67
0.04 2.5797106129793686e-12 6.103112354440185e-24 2.340094780620385e-17 1.5912856112677682e-16 2.392920302728988e-16 6.226757698464016e-14 6.169810742495442e-19 6.100548223059201e-12 1.2288783919086244e-07 3.844652620979695e-05 4.1733809342977986e-09 1.3368513109992435e-09 67
1.3251919802668803e-18 1.3699553499119161e-15 6.103112354440185e-24 7.648437028919089e-11 1.5912856112677682e-16 2.3358693483755133e-12 4.1122418803885345e-09 2.2379461621862465e-11 3.648280704402571e-05 1.0963566206352485e-14 0.0067118209576423555 8.405754833432994e-08 1.3368513109992435e-09 67
1.3251919802668803e-18 9.261723486820629e-10 3.399025339321727e-08 7.648437028919089e-11 5.917870617701912e-17 2.3358693483755133e-12 4.606795845388683e-14 2.2379461621862465e-11 3.555354762663818e-06 2.479941572576857e-05 0.0067118209576423555 8.405754833432994e-08 1.24 68
6.418995052756623e-21 1.3699553499119161e-15 6.103112354440185e-24 2.340094780620385e-17 5.917870617701912e-17 2.392920302728988e-16 0.023018332926453423 0.78 6.100548223059201e-12 1.0963566206352485e-14 1.65039728500121e-13 0.02421685650051637 1.5129803093037515e-16 66
6.418995052756623e-21 1.3699553499119161e-15 6.103112354440185e-24 2.340094780620385e-17 5.917870617701912e-17 2.392920302728988e-16 6.226757698464016e-14 6.169810742495442e-19 6.100548223059201e-12 2.479941572576857e-05 0.0067118209576423555 2.3208657989109545e-08 1.5129803093037515e-16 66
1.3251919802668803e-18 9.261723486820629e-10 3.399025339321727e-08 1.3007530048839235 0.0023180225306677427 2.412649824843921e-09 4.606795845388683e-14 2.2379461621862465e-11 3.555354762663818e-06 3.75698420381969e-11 4.720789488684921e-14 1.5754745271035337e-11 1.5129803093037515e-16 68
1.3251919802668803e-18 0.00024327073035493573 6.103112354440185e-24 7.648437028919089e-11 1.5912856112677682e-16 0.10362513728441605 4.606795845388683e-14 2.2379461621862465e-11 3.555354762663818e-06 3.75698420381969e-11 4.720789488684921e-14 1.5754745271035337e-11 1.3368513109992435e-09 68
6.418995052756623e-21 1.3699553499119161e-15 6.103112354440185e-24 2.340094780620385e-17 5.917870617701912e-17 2.392920302728988e-16 6.226757698464016e-14 6.169810742495442e-19 6.100548223059201e-12 2.479941572576857e-05 3.844652620979695e-05 2.3208657989109545e-08 1.5129803093037515e-16 66
6.418995052756623e-21 0.00024327073035493573 6.103112354440185e-24 2.6458148143303927e-06 1.5912856112677682e-16 2.412649824843921e-09 4.606795845388683e-14 2.2379461621862465e-11 3.555354762663818e-06 1.0963566206352485e-14 0.0067118209576423555 1.5754745271035337e-11 1.3368513109992435e-09 68
6.418995052756623e-21 1.3699553499119161e-15 3.399025339321727e-08 2.6458148143303927e-06 0.0023180225306677427 2.392920302728988e-16 0.023018332926453423 6.169810742495442e-19 3.648280704402571e-05 1.0963566206352485e-14 3.844652620979695e-05 2.3208657989109545e-08 1.5129803093037515e-16 66
1.3251919802668803e-18 9.261723486820629e-10 6.103112354440185e-24 2.6458148143303927e-06 1.5912856112677682e-16 2.3358693483755133e-12 4.606795845388683e-14 2.2379461621862465e-11 3.555354762663818e-06 3.75698420381969e-11 4.720789488684921e-14 1.5754745271035337e-11 1.3368513109992435e-09 68
0.04 2.5797106129793686e-12 6.103112354440185e-24 2.340094780620385e-17 5.917870617701912e-17 0.58 0.023018332926453423 6.169810742495442e-19 8.798914158855424e-15 1.0963566206352485e-14 1.65039728500121e-13 8.405754833432994e-08 1.5129803093037515e-16 66
6.418995052756623e-21 9.261723486820629e-10 3.399025339321727e-08 2.340094780620385e-17 5.917870617701912e-17 2.392920302728988e-16 6.226757698464016e-14 6.169810742495442e-19 3.648280704402571e-05 1.2288783919086244e-07 0.0009841357898524238 2.3208657989109545e-08 1.5129803093037515e-16 66
6.418995052756623e-21 1.3699553499119161e-15 3.399025339321727e-08 2.340094780620385e-17 5.917870617701912e-17 0.10362513728441605 4.1122418803885345e-09 6.169810742495442e-19 8.798914158855424e-15 1.0963566206352485e-14 3.844652620979695e-05 0.02421685650051637 1.5129803093037515e-16 66
6.418995052756623e-21 1.3699553499119161e-15 3.399025339321727e-08 2.340094780620385e-17 5.917870617701912e-17 2.392920302728988e-16 0.68 0.026505959127431214 3.648280704402571e-05 2.479941572576857e-05 3.844652620979695e-05 0.02421685650051637 1.5129803093037515e-16 66
6.418995052756623e-21 1.3699553499119161e-15 6.103112354440185e-24 2.340094780620385e-17 5.917870617701912e-17 2.392920302728988e-16 6.226757698464016e-14 6.169810742495442e-19 6.100548223059201e-12 2.479941572576857e-05 3.844652620979695e-05 2.3208657989109545e-08 1.5129803093037515e-16 66
6.418995052756623e-21 1.3699553499119161e-15 6.103112354440185e-24 2.340094780620385e-17 5.917870617701912e-17 2.392920302728988e-16 6.226757698464016e-14 6.169810742495442e-19 8.798914158855424e-15 2.479941572576857e-05 0.0009841357898524238 4.1733809342977986e-09 1.5129803093037515e-16 66
6.418995052756623e-21 1.3699553499119161e-15 6.103112354440185e-24 2.340094780620385e-17 5.917870617701912e-17 2.392920302728988e-16 6.226757698464016e-14 6.169810742495442e-19 6.100548223059201e-12 2.479941572576857e-05 0.0009841357898524238 2.3208657989109545e-08 1.5129803093037515e-16 66
1.3251919802668803e-18 2.5797106129793686e-12 6.103112354440185e-24 2.340094780620385e-17 1.5912856112677682e-16 2.412649824843921e-09 4.606795845388683e-14 6.169810742495442e-19 3.555354762663818e-06 1.0963566206352485e-14 3.844652620979695e-05 1.5754745271035337e-11 1.3368513109992435e-09 67
6.418995052756623e-21 1.3699553499119161e-15 0.004917527360156041 2.340094780620385e-17 5.917870617701912e-17 2.392920302728988e-16 6.226757698464016e-14 6.169810742495442e-19 6.100548223059201e-12 3.75698420381969e-11 0.0067118209576423555 2.3208657989109545e-08 1.5129803093037515e-16 66
6.418995052756623e-21 0.00024327073035493573 0.0011866317506605858 1.431575877785074e-06 5.917870617701912e-17 2.412649824843921e-09 4.606795845388683e-14 6.169810742495442e-19 3.555354762663818e-06 3.75698420381969e-11 4.720789488684921e-14 1.5754745271035337e-11 2.303507123524696e-09 68
6.418995052756623e-21 2.5797106129793686e-12 6.103112354440185e-24 2.340094780620385e-17 0.015345555284302282 2.412649824843921e-09 4.1122418803885345e-09 6.169810742495442e-19 3.555354762663818e-06 1.0963566206352485e-14 1.65039728500121e-13 8.405754833432994e-08 2.303507123524696e-09 67
0.0020925757205866747 0.00024327073035493573 6.103112354440185e-24 2.340094780620385e-17 5.917870617701912e-17 2.392920302728988e-16 0.023018332926453423 6.169810742495442e-19 3.648280704402571e-05 1.0963566206352485e-14 4.720789488684921e-14 4.1733809342977986e-09 2.303507123524696e-09 66
1.3251919802668803e-18 1.3699553499119161e-15 6.103112354440185e-24 2.340094780620385e-17 1.5912856112677682e-16 2.392920302728988e-16 6.226757698464016e-14 6.169810742495442e-19 6.100548223059201e-12 3.75698420381969e-11 3.844652620979695e-05 0.02421685650051637 1.5129803093037515e-16 66
1.3251919802668803e-18 2.5797106129793686e-12 6.103112354440185e-24 2.340094780620385e-17 5.917870617701912e-17 2.412649824843921e-09 4.1122418803885345e-09 2.2379461621862465e-11 3.555354762663818e-06 2.479941572576857e-05 0.0009841357898524238 1.5754745271035337e-11 1.3368513109992435e-09 67
1.3251919802668803e-18 9.261723486820629e-10 6.103112354440185e-24 2.340094780620385e-17 0.0023180225306677427 2.3358693483755133e-12 4.606795845388683e-14 0.026505959127431214 3.555354762663818e-06 2.479941572576857e-05 4.720789488684921e-14 1.5754745271035337e-11 1.3368513109992435e-09 68
6.418995052756623e-21 1.3699553499119161e-15 6.103112354440185e-24 2.340094780620385e-17 0.0023180225306677427 2.392920302728988e-16 4.1122418803885345e-09 6.169810742495442e-19 6.100548223059201e-12 1.2288783919086244e-07 3.844652620979695e-05 2.3208657989109545e-08 1.5129803093037515e-16 66
1.3251919802668803e-18 1.3699553499119161e-15 6.103112354440185e-24 7.648437028919089e-11 1.5912856112677682e-16 2.412649824843921e-09 4.1122418803885345e-09 6.169810742495442e-19 8.798914158855424e-15 1.0963566206352485e-14 3.844652620979695e-05 2.3208657989109545e-08 2.303507123524696e-09 67
6.418995052756623e-21 9.261723486820629e-10 6.103112354440185e-24 2.340094780620385e-17 5.917870617701912e-17 2.392920302728988e-16 6.226757698464016e-14 6.169810742495442e-19 6.100548223059201e-12 1.2288783919086244e-07 3.844652620979695e-05 2.3208657989109545e-08 1.5129803093037515e-16 66
1.3251919802668803e-18 9.261723486820629e-10 3.399025339321727e-08 7.648437028919089e-11 5.917870617701912e-17 2.3358693483755133e-12 4.606795845388683e-14 2.2379461621862465e-11 3.555354762663818e-06 2.479941572576857e-05 0.0067118209576423555 8.405754833432994e-08 1.24 68
1.3251919802668803e-18 1.3699553499119161e-15 6.103112354440185e-24 7.648437028919089e-11 1.5912856112677682e-16 2.3358693483755133e-12 4.1122418803885345e-09 2.2379461621862465e-11 3.648280704402571e-05 1.0963566206352485e-14 0.0067118209576423555 8.405754833432994e-08 1.3368513109992435e-09 67
1.3251919802668803e-18 1.3699553499119161e-15 6.103112354440185e-24 7.648437028919089e-11 1.5912856112677682e-16 2.412649824843921e-09 4.1122418803885345e-09 6.169810742495442e-19 8.798914158855424e-15 1.0963566206352485e-14 3.844652620979695e-05 2.3208657989109545e-08 2.303507123524696e-09 67
1.3251919802668803e-18 2.5797106129793686e-12 6.103112354440185e-24 2.340094780620385e-17 1.5912856112677682e-16 2.392920302728988e-16 4.1122418803885345e-09 6.169810742495442e-19 3.648280704402571e-05 1.0963566206352485e-14 1.65039728500121e-13 8.405754833432994e-08 1.3368513109992435e-09 67
1.3251919802668803e-18 2.5797106129793686e-12 0.004917527360156041 2.340094780620385e-17 5.917870617701912e-17 2.412649824843921e-09 4.1122418803885345e-09 2.2379461621862465e-11 3.555354762663818e-06 1.0963566206352485e-14 1.65039728500121e-13 8.405754833432994e-08 1.3368513109992435e-09 67
0.0020925757205866747 1.3699553499119161e-15 6.103112354440185e-24 2.340094780620385e-17 5.917870617701912e-17 2.392920302728988e-16 0.68 6.169810742495442e-19 8.798914158855424e-15 1.0963566206352485e-14 3.844652620979695e-05 2.3208657989109545e-08 1.5129803093037515e-16 66
1.3251919802668803e-18 0.00024327073035493573 0.001410970236058626 1.3007530048839235 5.917870617701912e-17 2.412649824843921e-09 4.1122418803885345e-09 2.2379461621862465e-11 3.648280704402571e-05 1.0963566206352485e-14 0.0009841357898524238 4.1733809342977986e-09 1.3368513109992435e-09 67
1.3251919802668803e-18 9.261723486820629e-10 6.103112354440185e-24 2.340094780620385e-17 1.5912856112677682e-16 2.412649824843921e-09 4.1122418803885345e-09 1.310999745399666e-06 0.09980388573834287 1.0963566206352485e-14 0.0009841357898524238 4.1733809342977986e-09 1.24 67
1.3251919802668803e-18 2.5797106129793686e-12 6.103112354440185e-24 1.431575877785074e-06 1.5912856112677682e-16 2.412649824843921e-09 4.1122418803885345e-09 0.78 8.798914158855424e-15 1.0963566206352485e-14 3.844652620979695e-05 4.1733809342977986e-09 2.303507123524696e-09 67
1.3251919802668803e-18 0.00024327073035493573 6.103112354440185e-24 7.648437028919089e-11 1.5912856112677682e-16 2.392920302728988e-16 0.023018332926453423 6.169810742495442e-19 6.100548223059201e-12 1.0963566206352485e-14 4.720789488684921e-14 4.1733809342977986e-09 1.3368513109992435e-09 67
1.3251919802668803e-18 1.3699553499119161e-15 6.103112354440185e-24 2.340094780620385e-17 1.5912856112677682e-16 2.412649824843921e-09 4.1122418803885345e-09 6.169810742495442e-19 3.648280704402571e-05 1.0963566206352485e-14 3.844652620979695e-05 4.1733809342977986e-09 1.5129803093037515e-16 67
1.3251919802668803e-18 9.261723486820629e-10 0.004917527360156041 7.648437028919089e-11 5.917870617701912e-17 2.3358693483755133e-12 4.1122418803885345e-09 6.169810742495442e-19 8.798914158855424e-15 3.75698420381969e-11 4.720789488684921e-14 1.5754745271035337e-11 1.3368513109992435e-09 68
6.418995052756623e-21 0.00024327073035493573 0.004917527360156041 2.340094780620385e-17 5.917870617701912e-17 2.392920302728988e-16 6.226757698464016e-14 6.169810742495442e-19 6.100548223059201e-12 1.2288783919086244e-07 0.0067118209576423555 2.3208657989109545e-08 1.5129803093037515e-16 66
6.418995052756623e-21 9.261723486820629e-10 3.399025339321727e-08 1.431575877785074e-06 5.917870617701912e-17 2.3358693483755133e-12 4.1122418803885345e-09 6.169810742495442e-19 8.798914158855424e-15 3.75698420381969e-11 4.720789488684921e-14 1.5754745271035337e-11 1.3368513109992435e-09 68
6.418995052756623e-21 1.3699553499119161e-15 3.399025339321727e-08 2.340094780620385e-17 5.917870617701912e-17 0.10362513728441605 4.1122418803885345e-09 6.169810742495442e-19 8.798914158855424e-15 1.0963566206352485e-14 3.844652620979695e-05 0.02421685650051637 1.5129803093037515e-16 66
1.3251919802668803e-18 1.3699553499119161e-15 3.399025339321727e-08 1.3007530048839235 0.09021047929372049 2.392920302728988e-16 6.226757698464016e-14 6.169810742495442e-19 6.100548223059201e-12 1.0963566206352485e-14 1.65039728500121e-13 2.3208657989109545e-08 1.5129803093037515e-16 67
1.3251919802668803e-18 0.00024327073035493573 6.103112354440185e-24 7.648437028919089e-11 1.5912856112677682e-16 2.392920302728988e-16 0.023018332926453423 6.169810742495442e-19 6.100548223059201e-12 1.0963566206352485e-14 4.720789488684921e-14 4.1733809342977986e-09 1.3368513109992435e-09 67
