4.528933338644094e-80 5.861274989760202e-05 5.220781616617464e-108 1.4415174054640901e-84 3.5790722511388914e-275 0.0002637573745392091 5.459643665212754e-134 8.89735034026326e-242 1.0981989912304936e-128 1.153838644009364e-273 2.5505449717366988e-284 3.2389676154399466e-139 3.484701199780407e-40 67
2.288043453748154e-149 4.737009091632258e-139 5.500662173781902e-134 1.2197331973886828e-84 1.7827718664100908e-158 2.3960483501040657e-76 9.053889517830597e-43 0.03689987365818263 8.149845767375174e-137 1.153838644009364e-273 2.5505449717366988e-284 1.7995364372441866e-119 3.832110573797696e-157 67
2.288043453748154e-149 4.737009091632258e-139 5.220781616617464e-108 1.4415174054640901e-84 3.5790722511388914e-275 2.3960483501040657e-76 9.053889517830597e-43 0.03689987365818263 7.632670658781776e-36 1.153838644009364e-273 1.393985893162855e-43 1.9183002924723572e-46 1.220357005598938e-234 66
2.288043453748154e-149 4.737009091632258e-139 5.500662173781902e-134 1.7871720638828853e-218 3.5790722511388914e-275 2.3960483501040657e-76 9.053889517830597e-43 2.4405289500869765e-92 7.632670658781776e-36 2.8423133386844477e-198 1.393985893162855e-43 8.2812283387384e-311 1.220357005598938e-234 66
2.288043453748154e-149 4.929383821434976e-120 5.500662173781902e-134 1.4415174054640901e-84 3.5790722511388914e-275 2.3960483501040657e-76 9.053889517830597e-43 0.03689987365818263 7.632670658781776e-36 2.8121184170113186e-294 5.5550907019462246e-155 1.9183002924723572e-46 1.220357005598938e-234 66
2.288043453748154e-149 4.929383821434976e-120 5.220781616617464e-108 1.7871720638828853e-218 1.7827718664100908e-158 8.786632100654759e-07 5.459643665212754e-134 8.89735034026326e-242 1.0981989912304936e-128 2.8423133386844477e-198 1.9483389554221734e-118 3.2389676154399466e-139 1.24 68
2.288043453748154e-149 1.5726566062854424e-208 5.220781616617464e-108 1.7871720638828853e-218 1.7827718664100908e-158 0.0002637573745392091 5.459643665212754e-134 8.89735034026326e-242 1.0981989912304936e-128 1.153838644009364e-273 3.048555700078582e-219 3.2389676154399466e-139 3.832110573797696e-157 68
4.528933338644094e-80 1.5726566062854424e-208 5.220781616617464e-108 4.046608937744039e-299 1.7827718664100908e-158 8.786632100654759e-07 6.909942436776271e-50 8.89735034026326e-242 1.0842112502377758e-43 1.153838644009364e-273 1.9483389554221734e-118 3.2389676154399466e-139 3.832110573797696e-157 67
2.288043453748154e-149 4.737009091632258e-139 5.220781616617464e-108 1.4415174054640901e-84 1.7827718664100908e-158 2.3960483501040657e-76 9.053889517830597e-43 8.89735034026326e-242 3.447117144269176e-144 0.96 2.5505449717366988e-284 8.2812283387384e-311 1.220357005598938e-234 66
4.528933338644094e-80 4.737009091632258e-139 5.220781616617464e-108 1.2197331973886828e-84 1.7827718664100908e-158 0.0002637573745392091 6.909942436776271e-50 2.4405289500869765e-92 3.447117144269176e-144 1.153838644009364e-273 3.048555700078582e-219 8.2812283387384e-311 3.832110573797696e-157 67
2.288043453748154e-149 4.737009091632258e-139 5.500662173781902e-134 1.4415174054640901e-84 3.5790722511388914e-275 2.3960483501040657e-76 6.909942436776271e-50 0.03689987365818263 1.0842112502377758e-43 2.8121184170113186e-294 1.393985893162855e-43 1.9183002924723572e-46 1.220357005598938e-234 66
2.288043453748154e-149 4.737009091632258e-139 5.500662173781902e-134 1.4415174054640901e-84 3.5790722511388914e-275 2.3960483501040657e-76 7.518921722767798e-41 2.4405289500869765e-92 7.632670658781776e-36 2.8423133386844477e-198 1.393985893162855e-43 4.624044667009065e-155 1.220357005598938e-234 66
4.528933338644094e-80 4.737009091632258e-139 5.220781616617464e-108 1.2197331973886828e-84 1.7827718664100908e-158 8.786632100654759e-07 6.909942436776271e-50 8.89735034026326e-242 1.0842112502377758e-43 1.153838644009364e-273 2.5505449717366988e-284 8.2812283387384e-311 3.832110573797696e-157 67
4.528933338644094e-80 5.861274989760202e-05 5.220781616617464e-108 1.4415174054640901e-84 1.7827718664100908e-158 8.786632100654759e-07 6.909942436776271e-50 0.03689987365818263 1.0842112502377758e-43 1.153838644009364e-273 1.393985893162855e-43 8.2812283387384e-311 1.24 67
2.288043453748154e-149 5.861274989760202e-05 1.4214141013632227e-183 1.4415174054640901e-84 3.5790722511388914e-275 2.3960483501040657e-76 9.053889517830597e-43 0.03689987365818263 3.447117144269176e-144 2.8423133386844477e-198 3.048555700078582e-219 4.624044667009065e-155 1.220357005598938e-234 66
2.288043453748154e-149 4.737009091632258e-139 5.220781616617464e-108 1.4415174054640901e-84 3.5790722511388914e-275 2.3960483501040657e-76 9.053889517830597e-43 0.03689987365818263 3.447117144269176e-144 2.8423133386844477e-198 1.393985893162855e-43 4.624044667009065e-155 1.220357005598938e-234 66
0.04 5.861274989760202e-05 5.220781616617464e-108 1.4415174054640901e-84 1.7827718664100908e-158 2.3960483501040657e-76 9.053889517830597e-43 0.03689987365818263 3.447117144269176e-144 2.8121184170113186e-294 1.393985893162855e-43 1.7995364372441866e-119 3.832110573797696e-157 67
2.288043453748154e-149 4.737009091632258e-139 0.28 1.4415174054640901e-84 3.5790722511388914e-275 2.3960483501040657e-76 9.053889517830597e-43 0.03689987365818263 1.0842112502377758e-43 5e-09 2.5505449717366988e-284 4.624044667009065e-155 1.220357005598938e-234 66
2.288043453748154e-149 4.737009091632258e-139 1.4214141013632227e-183 1.4415174054640901e-84 3.5790722511388914e-275 2.3960483501040657e-76 9.053889517830597e-43 0.03689987365818263 8.149845767375174e-137 5e-09 2.5505449717366988e-284 4.624044667009065e-155 1.220357005598938e-234 66
4.528933338644094e-80 4.737009091632258e-139 2.6625595321331774e-36 4.046608937744039e-299 0.5 8.786632100654759e-07 5.459643665212754e-134 0.03689987365818263 1.0842112502377758e-43 1.153838644009364e-273 5.5550907019462246e-155 8.2812283387384e-311 3.484701199780407e-40 67
4.528933338644094e-80 1.5726566062854424e-208 1.4214141013632227e-183 4.046608937744039e-299 1.7827718664100908e-158 8.786632100654759e-07 5.459643665212754e-134 8.89735034026326e-242 1.0981989912304936e-128 1.153838644009364e-273 1.9483389554221734e-118 3.2389676154399466e-139 1.220357005598938e-234 68
4.528933338644094e-80 5.861274989760202e-05 1.4214141013632227e-183 1.4415174054640901e-84 3.5790722511388914e-275 0.0002637573745392091 6.909942436776271e-50 8.89735034026326e-242 1.0981989912304936e-128 1.153838644009364e-273 2.5505449717366988e-284 8.2812283387384e-311 3.832110573797696e-157 67
2.1304349231253112e-133 1.5726566062854424e-208 5.220781616617464e-108 1.7871720638828853e-218 3.5790722511388914e-275 8.786632100654759e-07 5.459643665212754e-134 8.89735034026326e-242 1.0842112502377758e-43 5e-09 1.9483389554221734e-118 3.2389676154399466e-139 1.220357005598938e-234 68
4.528933338644094e-80 4.737009091632258e-139 5.220781616617464e-108 1.4415174054640901e-84 0.5 2.3960483501040657e-76 6.909942436776271e-50 0.03689987365818263 3.447117144269176e-144 1.153838644009364e-273 1.393985893162855e-43 8.2812283387384e-311 1.220357005598938e-234 67
4.528933338644094e-80 4.737009091632258e-139 5.220781616617464e-108 1.2197331973886828e-84 1.7827718664100908e-158 0.0002637573745392091 6.909942436776271e-50 2.4405289500869765e-92 3.447117144269176e-144 1.153838644009364e-273 3.048555700078582e-219 8.2812283387384e-311 3.832110573797696e-157 67
4.528933338644094e-80 5.861274989760202e-05 1.4214141013632227e-183 4.046608937744039e-299 1.7827718664100908e-158 2.3960483501040657e-76 6.909942436776271e-50 0.78 1.0842112502377758e-43 1.153838644009364e-273 1.393985893162855e-43 8.2812283387384e-311 3.832110573797696e-157 67
2.288043453748154e-149 1.5726566062854424e-208 5.220781616617464e-108 1.7871720638828853e-218 1.7827718664100908e-158 8.786632100654759e-07 5.459643665212754e-134 8.89735034026326e-242 1.0842112502377758e-43 5e-09 1.9483389554221734e-118 3.2389676154399466e-139 3.832110573797696e-157 68
4.528933338644094e-80 1.5726566062854424e-208 5.220781616617464e-108 4.046608937744039e-299 1.7827718664100908e-158 3.955853943834963e-48 5.459643665212754e-134 8.89735034026326e-242 1.0981989912304936e-128 5e-09 1.9483389554221734e-118 3.2389676154399466e-139 3.832110573797696e-157 68
4.528933338644094e-80 4.737009091632258e-139 5.220781616617464e-108 4.046608937744039e-299 1.7827718664100908e-158 0.0002637573745392091 6.909942436776271e-50 0.03689987365818263 1.0842112502377758e-43 1.153838644009364e-273 1.393985893162855e-43 1.9183002924723572e-46 3.484701199780407e-40 67
4.528933338644094e-80 4.737009091632258e-139 1.4214141013632227e-183 1.4415174054640901e-84 5.4130717653657296e-73 2.3960483501040657e-76 6.909942436776271e-50 0.03689987365818263 1.0842112502377758e-43 1.153838644009364e-273 1.393985893162855e-43 1.9183002924723572e-46 1.220357005598938e-234 66
2.288043453748154e-149 4.737009091632258e-139 1.4214141013632227e-183 1.4415174054640901e-84 3.5790722511388914e-275 2.3960483501040657e-76 9.053889517830597e-43 0.03689987365818263 8.149845767375174e-137 5e-09 2.5505449717366988e-284 4.624044667009065e-155 1.220357005598938e-234 66
0.04 4.737009091632258e-139 2.6625595321331774e-36 7.1679534627351115e-47 3.5790722511388914e-275 0.0002637573745392091 6.909942436776271e-50 0.03689987365818263 1.0842112502377758e-43 5e-09 1.9483389554221734e-118 3.2389676154399466e-139 3.832110573797696e-157 68
4.528933338644094e-80 5.861274989760202e-05 5.220781616617464e-108 1.2197331973886828e-84 1.7827718664100908e-158 0.0002637573745392091 6.909942436776271e-50 0.78 1.0842112502377758e-43 1.153838644009364e-273 1.393985893162855e-43 1.7995364372441866e-119 3.484701199780407e-40 67
4.528933338644094e-80 4.737009091632258e-139 5.500662173781902e-134 7.1679534627351115e-47 1.7827718664100908e-158 0.0002637573745392091 6.909942436776271e-50 2.4405289500869765e-92 1.0842112502377758e-43 1.153838644009364e-273 2.5505449717366988e-284 1.7995364372441866e-119 1.24 67
0.04 1.5726566062854424e-208 5.220781616617464e-108 4.046608937744039e-299 3.5790722511388914e-275 8.786632100654759e-07 6.909942436776271e-50 3.834138505481968e-116 1.0981989912304936e-128 5e-09 1.9483389554221734e-118 3.2389676154399466e-139 3.832110573797696e-157 68
2.288043453748154e-149 1.5726566062854424e-208 5.220781616617464e-108 1.7871720638828853e-218 1.7827718664100908e-158 0.0002637573745392091 5.459643665212754e-134 8.89735034026326e-242 1.0981989912304936e-128 1.153838644009364e-273 3.048555700078582e-219 3.2389676154399466e-139 3.832110573797696e-157 68
4.528933338644094e-80 5.861274989760202e-05 5.220781616617464e-108 1.2197331973886828e-84 1.7827718664100908e-158 0.0002637573745392091 6.909942436776271e-50 0.78 1.0842112502377758e-43 1.153838644009364e-273 1.393985893162855e-43 1.7995364372441866e-119 3.484701199780407e-40 67
4.528933338644094e-80 5.861274989760202e-05 5.220781616617464e-108 1.2197331973886828e-84 1.7827718664100908e-158 0.0002637573745392091 6.909942436776271e-50 0.78 1.0842112502377758e-43 1.153838644009364e-273 1.393985893162855e-43 1.7995364372441866e-119 3.484701199780407e-40 67
2.288043453748154e-149 4.737009091632258e-139 5.220781616617464e-108 1.4415174054640901e-84 3.5790722511388914e-275 2.3960483501040657e-76 9.053889517830597e-43 0.03689987365818263 3.447117144269176e-144 2.8423133386844477e-198 2.5505449717366988e-284 1.7995364372441866e-119 1.220357005598938e-234 66
2.288043453748154e-149 5.861274989760202e-05 0.28 4.046608937744039e-299 3.5790722511388914e-275 2.3960483501040657e-76 9.053889517830597e-43 0.03689987365818263 3.447117144269176e-144 2.8423133386844477e-198 2.5505449717366988e-284 8.2812283387384e-311 1.220357005598938e-234 66
4.528933338644094e-80 5.861274989760202e-05 1.4214141013632227e-183 4.046608937744039e-299 1.7827718664100908e-158 2.3960483501040657e-76 6.909942436776271e-50 0.78 1.0842112502377758e-43 1.153838644009364e-273 1.393985893162855e-43 8.2812283387384e-311 3.832110573797696e-157 67
4.528933338644094e-80 1.5726566062854424e-208 1.4214141013632227e-183 4.046608937744039e-299 1.7827718664100908e-158 8.786632100654759e-07 5.459643665212754e-134 8.89735034026326e-242 1.0981989912304936e-128 1.153838644009364e-273 1.9483389554221734e-118 3.2389676154399466e-139 1.220357005598938e-234 68
4.528933338644094e-80 0.18 5.220781616617464e-108 1.7871720638828853e-218 3.5790722511388914e-275 2.3960483501040657e-76 1.6821967562828686e-159 0.03689987365818263 3.447117144269176e-144 1.153838644009364e-273 1.9483389554221734e-118 4.624044667009065e-155 1.24 67
2.288043453748154e-149 4.737009091632258e-139 5.220781616617464e-108 1.4415174054640901e-84 3.5790722511388914e-275 2.3960483501040657e-76 9.053889517830597e-43 0.03689987365818263 3.447117144269176e-144 2.8423133386844477e-198 3.048555700078582e-219 1.9183002924723572e-46 1.220357005598938e-234 66
4.528933338644094e-80 5.861274989760202e-05 5.220781616617464e-108 1.7871720638828853e-218 1.7827718664100908e-158 0.0002637573745392091 6.909942436776271e-50 0.03689987365818263 1.0981989912304936e-128 1.153838644009364e-273 1.393985893162855e-43 1.9183002924723572e-46 3.832110573797696e-157 67
4.528933338644094e-80 4.737009091632258e-139 5.500662173781902e-134 7.1679534627351115e-47 1.7827718664100908e-158 0.0002637573745392091 6.909942436776271e-50 2.4405289500869765e-92 1.0842112502377758e-43 1.153838644009364e-273 2.5505449717366988e-284 1.7995364372441866e-119 1.24 67
2.288043453748154e-149 4.737009091632258e-139 5.500662173781902e-134 1.4415174054640901e-84 3.5790722511388914e-275 2.3960483501040657e-76 6.909942436776271e-50 0.03689987365818263 1.0842112502377758e-43 2.8121184170113186e-294 1.393985893162855e-43 1.9183002924723572e-46 1.220357005598938e-234 66
2.1304349231253112e-133 4.929383821434976e-120 5.220781616617464e-108 4.046608937744039e-299 3.5790722511388914e-275 8.786632100654759e-07 5.459643665212754e-134 8.89735034026326e-242 1.0842112502377758e-43 1.153838644009364e-273 1.9483389554221734e-118 3.2389676154399466e-139 1.220357005598938e-234 68
4.528933338644094e-80 4.737009091632258e-139 1.4214141013632227e-183 1.4415174054640901e-84 3.5790722511388914e-275 2.3960483501040657e-76 6.909942436776271e-50 0.03689987365818263 1.0842112502377758e-43 1.153838644009364e-273 1.393985893162855e-43 8.2812283387384e-311 1.220357005598938e-234 66
2.288043453748154e-149 4.737009091632258e-139 0.28 1.4415174054640901e-84 3.5790722511388914e-275 2.3960483501040657e-76 9.053889517830597e-43 0.03689987365818263 1.0842112502377758e-43 5e-09 2.5505449717366988e-284 4.624044667009065e-155 1.220357005598938e-234 66
4.528933338644094e-80 4.737009091632258e-139 5.220781616617464e-108 1.4415174054640901e-84 3.5790722511388914e-275 2.3960483501040657e-76 6.909942436776271e-50 0.03689987365818263 1.0842112502377758e-43 1.153838644009364e-273 1.393985893162855e-43 4.624044667009065e-155 3.832110573797696e-157 67
2.288043453748154e-149 4.737009091632258e-139 5.500662173781902e-134 1.4415174054640901e-84 3.5790722511388914e-275 2.3960483501040657e-76 7.518921722767798e-41 2.4405289500869765e-92 7.632670658781776e-36 2.8423133386844477e-198 1.393985893162855e-43 4.624044667009065e-155 1.220357005598938e-234 66
4.528933338644094e-80 4.737009091632258e-139 5.220781616617464e-108 1.4415174054640901e-84 1.7827718664100908e-158 0.0002637573745392091 6.909942436776271e-50 0.03689987365818263 7.632670658781776e-36 1.153838644009364e-273 1.393985893162855e-43 1.7995364372441866e-119 1.220357005598938e-234 67
4.528933338644094e-80 4.737009091632258e-139 5.220781616617464e-108 4.046608937744039e-299 1.7827718664100908e-158 8.786632100654759e-07 6.909942436776271e-50 8.89735034026326e-242 7.632670658781776e-36 1.153838644009364e-273 3.048555700078582e-219 8.2812283387384e-311 3.832110573797696e-157 67
4.528933338644094e-80 4.737009091632258e-139 5.220781616617464e-108 1.4415174054640901e-84 1.1056233664116838e-217 8.786632100654759e-07 6.909942436776271e-50 3.834138505481968e-116 1.0981989912304936e-128 1.153838644009364e-273 2.5505449717366988e-284 8.2812283387384e-311 3.832110573797696e-157 67
2.288043453748154e-149 4.737009091632258e-139 5.500662173781902e-134 1.4415174054640901e-84 5.4130717653657296e-73 2.3960483501040657e-76 9.053889517830597e-43 0.03689987365818263 3.447117144269176e-144 2.8423133386844477e-198 2.5505449717366988e-284 1.9183002924723572e-46 1.220357005598938e-234 66
2.288043453748154e-149 4.737009091632258e-139 5.220781616617464e-108 1.4415174054640901e-84 3.5790722511388914e-275 2.3960483501040657e-76 9.053889517830597e-43 0.03689987365818263 3.447117144269176e-144 2.8423133386844477e-198 1.393985893162855e-43 1.9183002924723572e-46 1.220357005598938e-234 66
4.528933338644094e-80 4.737009091632258e-139 5.220781616617464e-108 4.046608937744039e-299 1.7827718664100908e-158 8.786632100654759e-07 6.909942436776271e-50 8.89735034026326e-242 1.0842112502377758e-43 1.153838644009364e-273 5.5550907019462246e-155 3.2389676154399466e-139 3.832110573797696e-157 67
4.528933338644094e-80 4.929383821434976e-120 5.220781616617464e-108 1.2197331973886828e-84 3.5790722511388914e-275 8.786632100654759e-07 5.459643665212754e-134 0.03689987365818263 1.0981989912304936e-128 2.8423133386844477e-198 1.9483389554221734e-118 3.2389676154399466e-139 3.832110573797696e-157 68
2.1304349231253112e-133 4.737009091632258e-139 2.6625595321331774e-36 1.4415174054640901e-84 3.5790722511388914e-275 2.3960483501040657e-76 1.6821967562828686e-159 3.834138505481968e-116 1.0842112502377758e-43 1.153838644009364e-273 1.393985893162855e-43 8.2812283387384e-311 1.220357005598938e-234 66
4.528933338644094e-80 5.861274989760202e-05 5.220781616617464e-108 1.4415174054640901e-84 1.7827718664100908e-158 2.3960483501040657e-76 9.053889517830597e-43 0.03689987365818263 8.149845767375174e-137 1.153838644009364e-273 2.5505449717366988e-284 4.624044667009065e-155 3.832110573797696e-157 67
4.528933338644094e-80 4.737009091632258e-139 5.220781616617464e-108 1.4415174054640901e-84 0.5 2.3960483501040657e-76 6.909942436776271e-50 0.03689987365818263 3.447117144269176e-144 1.153838644009364e-273 1.393985893162855e-43 8.2812283387384e-311 1.220357005598938e-234 67
4.528933338644094e-80 4.737009091632258e-139 1.4214141013632227e-183 1.4415174054640901e-84 5.4130717653657296e-73 2.3960483501040657e-76 6.909942436776271e-50 0.03689987365818263 1.0842112502377758e-43 1.153838644009364e-273 1.393985893162855e-43 1.9183002924723572e-46 1.220357005598938e-234 66
4.528933338644094e-80 5.861274989760202e-05 5.220781616617464e-108 1.4415174054640901e-84 3.5790722511388914e-275 0.0002637573745392091 5.459643665212754e-134 8.89735034026326e-242 1.0981989912304936e-128 1.153838644009364e-273 2.5505449717366988e-284 3.2389676154399466e-139 3.484701199780407e-40 67
2.288043453748154e-149 4.929383821434976e-120 0.28 1.2197331973886828e-84 3.5790722511388914e-275 8.786632100654759e-07 5.459643665212754e-134 2.4405289500869765e-92 1.0842112502377758e-43 5e-09 1.9483389554221734e-118 3.2389676154399466e-139 1.220357005598938e-234 68
4.528933338644094e-80 0.18 5.500662173781902e-134 1.4415174054640901e-84 3.5790722511388914e-275 0.58 6.909942436776271e-50 0.03689987365818263 3.447117144269176e-144 1.153838644009364e-273 1.393985893162855e-43 1.9183002924723572e-46 1.220357005598938e-234 66
2.288043453748154e-149 4.737009091632258e-139 5.500662173781902e-134 1.7871720638828853e-218 1.1056233664116838e-217 2.3960483501040657e-76 1.6821967562828686e-159 0.03689987365818263 7.632670658781776e-36 1.153838644009364e-273 1.393985893162855e-43 1.9183002924723572e-46 1.220357005598938e-234 66
2.288043453748154e-149 4.737009091632258e-139 0.28 1.7871720638828853e-218 3.5790722511388914e-275 2.3960483501040657e-76 9.053889517830597e-43 0.03689987365818263 3.447117144269176e-144 2.8423133386844477e-198 1.393985893162855e-43 8.2812283387384e-311 1.220357005598938e-234 66
2.288043453748154e-149 1.5726566062854424e-208 5.220781616617464e-108 1.4415174054640901e-84 3.5790722511388914e-275 2.3960483501040657e-76 1.6821967562828686e-159 0.03689987365818263 1.0842112502377758e-43 2.8121184170113186e-294 3.048555700078582e-219 1.9183002924723572e-46 1.220357005598938e-234 66
2.1304349231253112e-133 4.929383821434976e-120 5.500662173781902e-134 1.4415174054640901e-84 3.5790722511388914e-275 2.3960483501040657e-76 9.053889517830597e-43 0.03689987365818263 3.447117144269176e-144 2.8423133386844477e-198 1.393985893162855e-43 1.7995364372441866e-119 1.220357005598938e-234 66
4.528933338644094e-80 4.737009091632258e-139 5.220781616617464e-108 1.4415174054640901e-84 1.7827718664100908e-158 8.786632100654759e-07 6.909942436776271e-50 3.834138505481968e-116 7.632670658781776e-36 1.153838644009364e-273 1.393985893162855e-43 1.7995364372441866e-119 3.832110573797696e-157 67
2.288043453748154e-149 4.737009091632258e-139 0.28 1.7871720638828853e-218 3.5790722511388914e-275 2.3960483501040657e-76 9.053889517830597e-43 0.03689987365818263 3.447117144269176e-144 2.8423133386844477e-198 1.393985893162855e-43 8.2812283387384e-311 1.220357005598938e-234 66
2.288043453748154e-149 4.929383821434976e-120 5.220781616617464e-108 1.4415174054640901e-84 3.5790722511388914e-275 2.3960483501040657e-76 9.053889517830597e-43 0.03689987365818263 3.447117144269176e-144 2.8121184170113186e-294 1.393985893162855e-43 1.9183002924723572e-46 1.220357005598938e-234 66
2.288043453748154e-149 5.861274989760202e-05 1.4214141013632227e-183 1.4415174054640901e-84 3.5790722511388914e-275 2.3960483501040657e-76 9.053889517830597e-43 0.03689987365818263 3.447117144269176e-144 2.8423133386844477e-198 3.048555700078582e-219 4.624044667009065e-155 1.220357005598938e-234 66
2.288043453748154e-149 1.5726566062854424e-208 5.220781616617464e-108 1.4415174054640901e-84 3.5790722511388914e-275 2.3960483501040657e-76 1.6821967562828686e-159 0.03689987365818263 1.0842112502377758e-43 2.8121184170113186e-294 3.048555700078582e-219 1.9183002924723572e-46 1.220357005598938e-234 66
4.528933338644094e-80 4.737009091632258e-139 5.220781616617464e-108 1.4415174054640901e-84 1.7827718664100908e-158 0.0002637573745392091 6.909942436776271e-50 0.03689987365818263 7.632670658781776e-36 1.153838644009364e-273 1.393985893162855e-43 1.7995364372441866e-119 1.220357005598938e-234 67
2.288043453748154e-149 4.737009091632258e-139 5.220781616617464e-108 1.4415174054640901e-84 3.5790722511388914e-275 2.3960483501040657e-76 9.053889517830597e-43 0.03689987365818263 3.447117144269176e-144 2.8423133386844477e-198 3.048555700078582e-219 1.9183002924723572e-46 1.220357005598938e-234 66
4.528933338644094e-80 5.861274989760202e-05 5.220781616617464e-108 1.4415174054640901e-84 0.5 0.0002637573745392091 6.909942436776271e-50 3.834138505481968e-116 3.447117144269176e-144 1.153838644009364e-273 1.393985893162855e-43 8.2812283387384e-311 1.220357005598938e-234 67
4.528933338644094e-80 4.737009091632258e-139 5.220781616617464e-108 4.046608937744039e-299 1.7827718664100908e-158 8.786632100654759e-07 6.909942436776271e-50 8.89735034026326e-242 1.0842112502377758e-43 1.153838644009364e-273 5.5550907019462246e-155 3.2389676154399466e-139 3.832110573797696e-157 67
4.528933338644094e-80 1.5726566062854424e-208 5.220781616617464e-108 4.046608937744039e-299 1.7827718664100908e-158 3.955853943834963e-48 5.459643665212754e-134 8.89735034026326e-242 1.0981989912304936e-128 5e-09 1.9483389554221734e-118 3.2389676154399466e-139 3.832110573797696e-157 68
4.528933338644094e-80 4.929383821434976e-120 5.220781616617464e-108 1.4415174054640901e-84 1.7827718664100908e-158 0.0002637573745392091 6.909942436776271e-50 3.834138505481968e-116 8.149845767375174e-137 1.153838644009364e-273 5.5550907019462246e-155 1.7995364372441866e-119 1.24 67
2.288043453748154e-149 4.737009091632258e-139 5.220781616617464e-108 1.4415174054640901e-84 3.5790722511388914e-275 2.3960483501040657e-76 9.053889517830597e-43 3.834138505481968e-116 3.447117144269176e-144 2.8423133386844477e-198 1.393985893162855e-43 4.624044667009065e-155 1.220357005598938e-234 66
4.528933338644094e-80 5.861274989760202e-05 5.220781616617464e-108 1.4415174054640901e-84 1.7827718664100908e-158 8.786632100654759e-07 6.909942436776271e-50 0.03689987365818263 1.0842112502377758e-43 1.153838644009364e-273 1.393985893162855e-43 8.2812283387384e-311 1.24 67
2.288043453748154e-149 1.5726566062854424e-208 5.220781616617464e-108 1.4415174054640901e-84 3.5790722511388914e-275 2.3960483501040657e-76 1.6821967562828686e-159 0.03689987365818263 1.0842112502377758e-43 2.8121184170113186e-294 3.048555700078582e-219 1.9183002924723572e-46 1.220357005598938e-234 66
2.288043453748154e-149 4.737009091632258e-139 5.220781616617464e-108 1.4415174054640901e-84 3.5790722511388914e-275 2.3960483501040657e-76 9.053889517830597e-43 0.03689987365818263 8.149845767375174e-137 5e-09 1.393985893162855e-43 1.7995364372441866e-119 1.220357005598938e-234 66
4.528933338644094e-80 1.5726566062854424e-208 5.220781616617464e-108 4.046608937744039e-299 1.7827718664100908e-158 8.786632100654759e-07 6.909942436776271e-50 8.89735034026326e-242 1.0842112502377758e-43 1.153838644009364e-273 1.9483389554221734e-118 3.2389676154399466e-139 3.832110573797696e-157 67
4.528933338644094e-80 4.737009091632258e-139 5.220781616617464e-108 1.4415174054640901e-84 0.5 2.3960483501040657e-76 6.909942436776271e-50 0.03689987365818263 3.447117144269176e-144 1.153838644009364e-273 1.393985893162855e-43 8.2812283387384e-311 1.220357005598938e-234 67
2.288043453748154e-149 5.861274989760202e-05 1.4214141013632227e-183 1.4415174054640901e-84 3.5790722511388914e-275 2.3960483501040657e-76 9.053889517830597e-43 0.03689987365818263 3.447117144269176e-144 2.8423133386844477e-198 3.048555700078582e-219 4.624044667009065e-155 1.220357005598938e-234 66
7.101613018321921e-27 4.737009091632258e-139 5.220781616617464e-108 1.4415174054640901e-84 5.4130717653657296e-73 0.58 6.909942436776271e-50 0.03689987365818263 1.0842112502377758e-43 1.153838644009364e-273 1.393985893162855e-43 8.2812283387384e-311 1.220357005598938e-234 66
4.528933338644094e-80 1.5726566062854424e-208 5.220781616617464e-108 4.046608937744039e-299 1.7827718664100908e-158 0.0002637573745392091 6.909942436776271e-50 0.78 1.0842112502377758e-43 1.153838644009364e-273 1.9483389554221734e-118 8.2812283387384e-311 1.24 67
2.288043453748154e-149 4.737009091632258e-139 5.220781616617464e-108 1.4415174054640901e-84 3.5790722511388914e-275 2.3960483501040657e-76 9.053889517830597e-43 0.03689987365818263 3.447117144269176e-144 2.8423133386844477e-198 3.048555700078582e-219 1.9183002924723572e-46 1.220357005598938e-234 66
2.288043453748154e-149 4.737009091632258e-139 5.220781616617464e-108 1.4415174054640901e-84 3.5790722511388914e-275 2.3960483501040657e-76 9.053889517830597e-43 0.03689987365818263 3.447117144269176e-144 2.8423133386844477e-198 1.393985893162855e-43 1.9183002924723572e-46 1.220357005598938e-234 66
2.288043453748154e-149 4.737009091632258e-139 5.220781616617464e-108 1.4415174054640901e-84 3.5790722511388914e-275 2.3960483501040657e-76 9.053889517830597e-43 0.03689987365818263 3.447117144269176e-144 2.8423133386844477e-198 1.393985893162855e-43 4.624044667009065e-155 1.220357005598938e-234 66
2.288043453748154e-149 4.737009091632258e-139 5.220781616617464e-108 1.4415174054640901e-84 3.5790722511388914e-275 2.3960483501040657e-76 1.6821967562828686e-159 0.78 3.447117144269176e-144 1.153838644009364e-273 2.5505449717366988e-284 4.624044667009065e-155 1.220357005598938e-234 66
4.528933338644094e-80 5.861274989760202e-05 5.220781616617464e-108 1.4415174054640901e-84 1.7827718664100908e-158 2.3960483501040657e-76 6.909942436776271e-50 0.03689987365818263 1.0842112502377758e-43 1.153838644009364e-273 2.5505449717366988e-284 1.7995364372441866e-119 3.832110573797696e-157 67
4.528933338644094e-80 4.929383821434976e-120 5.220781616617464e-108 1.4415174054640901e-84 1.7827718664100908e-158 0.0002637573745392091 6.909942436776271e-50 3.834138505481968e-116 8.149845767375174e-137 1.153838644009364e-273 5.5550907019462246e-155 1.7995364372441866e-119 1.24 67
4.528933338644094e-80 4.737009091632258e-139 2.6625595321331774e-36 4.046608937744039e-299 0.5 8.786632100654759e-07 5.459643665212754e-134 0.03689987365818263 1.0842112502377758e-43 1.153838644009364e-273 5.5550907019462246e-155 8.2812283387384e-311 3.484701199780407e-40 67
2.288043453748154e-149 4.737009091632258e-139 0.28 1.2197331973886828e-84 3.5790722511388914e-275 2.3960483501040657e-76 6.909942436776271e-50 8.89735034026326e-242 3.447117144269176e-144 5e-09 1.9483389554221734e-118 3.2389676154399466e-139 3.484701199780407e-40 68
4.528933338644094e-80 1.5726566062854424e-208 1.4214141013632227e-183 4.046608937744039e-299 1.7827718664100908e-158 8.786632100654759e-07 5.459643665212754e-134 8.89735034026326e-242 1.0981989912304936e-128 1.153838644009364e-273 1.9483389554221734e-118 3.2389676154399466e-139 1.220357005598938e-234 68
2.288043453748154e-149 4.737009091632258e-139 0.28 1.7871720638828853e-218 3.5790722511388914e-275 2.3960483501040657e-76 9.053889517830597e-43 0.03689987365818263 3.447117144269176e-144 2.8423133386844477e-198 1.393985893162855e-43 8.2812283387384e-311 1.220357005598938e-234 66
4.528933338644094e-80 4.929383821434976e-120 0.28 4.046608937744039e-299 1.1056233664116838e-217 8.786632100654759e-07 5.459643665212754e-134 8.89735034026326e-242 1.0981989912304936e-128 1.153838644009364e-273 1.9483389554221734e-118 8.2812283387384e-311 5.154214183177441e-43 68
2.288043453748154e-149 4.929383821434976e-120 5.500662173781902e-134 1.2197331973886828e-84 3.5790722511388914e-275 8.786632100654759e-07 5.459643665212754e-134 8.89735034026326e-242 1.0842112502377758e-43 5e-09 1.9483389554221734e-118 3.2389676154399466e-139 1.220357005598938e-234 68
4.528933338644094e-80 5.861274989760202e-05 5.220781616617464e-108 1.4415174054640901e-84 1.7827718664100908e-158 0.0002637573745392091 5.459643665212754e-134 0.03689987365818263 1.0981989912304936e-128 1.153838644009364e-273 1.393985893162855e-43 3.2389676154399466e-139 3.832110573797696e-157 67
2.288043453748154e-149 4.737009091632258e-139 5.500662173781902e-134 1.4415174054640901e-84 5.4130717653657296e-73 2.3960483501040657e-76 9.053889517830597e-43 0.03689987365818263 3.447117144269176e-144 2.8423133386844477e-198 2.5505449717366988e-284 1.9183002924723572e-46 1.220357005598938e-234 66
2.288043453748154e-149 4.737009091632258e-139 5.220781616617464e-108 1.4415174054640901e-84 3.5790722511388914e-275 2.3960483501040657e-76 9.053889517830597e-43 0.03689987365818263 7.632670658781776e-36 1.153838644009364e-273 1.393985893162855e-43 1.9183002924723572e-46 1.220357005598938e-234 66
2.288043453748154e-149 4.737009091632258e-139 5.500662173781902e-134 1.4415174054640901e-84 3.5790722511388914e-275 2.3960483501040657e-76 9.053889517830597e-43 0.03689987365818263 7.632670658781776e-36 2.8423133386844477e-198 3.048555700078582e-219 1.9183002924723572e-46 1.220357005598938e-234 66
2.288043453748154e-149 4.737009091632258e-139 5.500662173781902e-134 1.4415174054640901e-84 3.5790722511388914e-275 2.3960483501040657e-76 7.518921722767798e-41 2.4405289500869765e-92 7.632670658781776e-36 2.8423133386844477e-198 1.393985893162855e-43 4.624044667009065e-155 1.220357005598938e-234 66
4.528933338644094e-80 5.861274989760202e-05 1.4214141013632227e-183 1.2197331973886828e-84 1.7827718664100908e-158 0.0002637573745392091 6.909942436776271e-50 2.4405289500869765e-92 1.0842112502377758e-43 1.153838644009364e-273 2.5505449717366988e-284 8.2812283387384e-311 3.484701199780407e-40 67
2.288043453748154e-149 4.737009091632258e-139 1.4214141013632227e-183 1.4415174054640901e-84 3.5790722511388914e-275 2.3960483501040657e-76 9.053889517830597e-43 0.03689987365818263 8.149845767375174e-137 5e-09 2.5505449717366988e-284 4.624044667009065e-155 1.220357005598938e-234 66
2.288043453748154e-149 4.737009091632258e-139 5.220781616617464e-108 1.4415174054640901e-84 3.5790722511388914e-275 2.3960483501040657e-76 9.053889517830597e-43 0.03689987365818263 3.447117144269176e-144 5e-09 1.393985893162855e-43 1.7995364372441866e-119 1.220357005598938e-234 66
4.528933338644094e-80 4.737009091632258e-139 5.220781616617464e-108 1.4415174054640901e-84 3.5790722511388914e-275 2.3960483501040657e-76 6.909942436776271e-50 0.03689987365818263 1.0842112502377758e-43 1.153838644009364e-273 1.393985893162855e-43 4.624044667009065e-155 3.832110573797696e-157 67
2.288043453748154e-149 1.5726566062854424e-208 5.220781616617464e-108 4.046608937744039e-299 1.7827718664100908e-158 8.786632100654759e-07 5.459643665212754e-134 8.89735034026326e-242 1.0981989912304936e-128 2.8423133386844477e-198 1.9483389554221734e-118 3.2389676154399466e-139 3.832110573797696e-157 68
4.528933338644094e-80 4.737009091632258e-139 5.500662173781902e-134 7.1679534627351115e-47 0.5 2.3960483501040657e-76 9.053889517830597e-43 0.03689987365818263 3.447117144269176e-144 1.153838644009364e-273 2.5505449717366988e-284 1.9183002924723572e-46 1.220357005598938e-234 67
4.528933338644094e-80 1.5726566062854424e-208 5.220781616617464e-108 4.046608937744039e-299 1.7827718664100908e-158 3.955853943834963e-48 5.459643665212754e-134 8.89735034026326e-242 1.0981989912304936e-128 5e-09 1.9483389554221734e-118 3.2389676154399466e-139 3.832110573797696e-157 68
