116.57106579446607 2.3509465095145106e-145 3.147316694312693e-90 2811314.517245774 8.189574122376443e-293 8.012882787045175e-157 4.8116724592275614e-189 4.464808904160427e-263 1.708149991180185e-206 4.4623054885841805e-290 8.68572247679895e-124 6.432545640506284e-147 1.475605725776979e-214 67
1.07460065291164e-244 4.905317460459556e-218 3.56292156086308e-180 2811314.517245774 8.189574122376443e-293 1049.2172662437108 3.166066944843329e-178 377.74618059164584 8.807173451436643e-213 3.865654977683878e-86 3.19687670965683e-169 2.7004559970594333e-69 3.596326758586904e-265 66
9.762700504124142e-13 2.0958966200894523e-214 3.56292156086308e-180 3.274664824030713e-102 3.459302997013384e-242 1.4860364088844158e-156 5.4883142839177595e-219 3.578019388348509e-46 1.708149991180185e-206 3.865654977683878e-86 2.0832647097935334e-209 6.432545640506284e-147 3.596326758586904e-265 68
116.57106579446607 5.870940631128864e-96 3.56292156086308e-180 1.703567130015602e-139 3.459302997013384e-242 1.4860364088844158e-156 4.8116724592275614e-189 4.464808904160427e-263 4.222643825237898e-173 4.4623054885841805e-290 2.0832647097935334e-209 4.2545782953265895e-208 1.475605725776979e-214 67
116.57106579446607 2.3509465095145106e-145 3.56292156086308e-180 1.703567130015602e-139 8.189574122376443e-293 1049.2172662437108 4.8116724592275614e-189 377.74618059164584 6.316219079959319e-13 4.4623054885841805e-290 3.19687670965683e-169 2.0148656587889536e-51 3.596326758586904e-265 67
1.9881226120700393e-63 2.0958966200894523e-214 3.56292156086308e-180 3.274664824030713e-102 8.189574122376443e-293 1.4860364088844158e-156 5.4883142839177595e-219 4.464808904160427e-263 4.222643825237898e-173 4.599252648149954e-155 2.0832647097935334e-209 4.2545782953265895e-208 3.596326758586904e-265 68
116.57106579446607 2.3509465095145106e-145 3.56292156086308e-180 2811314.517245774 3.459302997013384e-242 1049.2172662437108 3.166066944843329e-178 377.74618059164584 8.807173451436643e-213 4.4623054885841805e-290 3.19687670965683e-169 6.432545640506284e-147 4.5573720773491155e-170 67
116.57106579446607 2.0958966200894523e-214 3.56292156086308e-180 2811314.517245774 8.189574122376443e-293 1.4860364088844158e-156 5.4883142839177595e-219 2.752188615928399e-45 1.708149991180185e-206 2.8196827961806728e-139 2.0832647097935334e-209 4.2545782953265895e-208 4.5573720773491155e-170 68
1.9881226120700393e-63 2.0958966200894523e-214 2.203332237195111e-13 1.703567130015602e-139 8.189574122376443e-293 1049.2172662437108 6.324982911932007e-68 2.752188615928399e-45 3.086318453572067e-66 4.4623054885841805e-290 3.19687670965683e-169 2.7004559970594333e-69 3.596326758586904e-265 66
1.07460065291164e-244 4.905317460459556e-218 3.56292156086308e-180 2811314.517245774 8.189574122376443e-293 1049.2172662437108 3.166066944843329e-178 3.578019388348509e-46 8.807173451436643e-213 3.865654977683878e-86 1.7997465302830847e-65 3.717488837176496e-195 3.596326758586904e-265 66
116.57106579446607 2.3509465095145106e-145 3.56292156086308e-180 2811314.517245774 8.189574122376443e-293 8.012882787045175e-157 5.4883142839177595e-219 4.464808904160427e-263 1.708149991180185e-206 4.4623054885841805e-290 8.68572247679895e-124 4.2545782953265895e-208 4.5573720773491155e-170 67
116.57106579446607 4.905317460459556e-218 3.56292156086308e-180 2811314.517245774 3.459302997013384e-242 8.012882787045175e-157 4.8116724592275614e-189 377.74618059164584 6.316219079959319e-13 4.4623054885841805e-290 3.19687670965683e-169 2.0148656587889536e-51 3.596326758586904e-265 67
1.07460065291164e-244 4.905317460459556e-218 1.655560159754923e-61 3.274664824030713e-102 1.917584791051965e-103 1049.2172662437108 6.324982911932007e-68 377.74618059164584 6.316219079959319e-13 4.4623054885841805e-290 3.19687670965683e-169 3.717488837176496e-195 3.596326758586904e-265 66
1.07460065291164e-244 4.905317460459556e-218 0.28 3.274664824030713e-102 8.189574122376443e-293 1049.2172662437108 3.166066944843329e-178 377.74618059164584 8.807173451436643e-213 3.865654977683878e-86 3.19687670965683e-169 6.432545640506284e-147 3.596326758586904e-265 66
116.57106579446607 5.870940631128864e-96 1.655560159754923e-61 2.218540621381016e-38 1.917584791051965e-103 1.4860364088844158e-156 5.4883142839177595e-219 4.464808904160427e-263 1.708149991180185e-206 2.8196827961806728e-139 2.0832647097935334e-209 4.2545782953265895e-208 1.475605725776979e-214 68
1.07460065291164e-244 2.0958966200894523e-214 1.655560159754923e-61 2811314.517245774 8.189574122376443e-293 1049.2172662437108 3.166066944843329e-178 377.74618059164584 6.316219079959319e-13 2.8196827961806728e-139 1.7997465302830847e-65 3.717488837176496e-195 3.596326758586904e-265 66
1.07460065291164e-244 4.905317460459556e-218 3.147316694312693e-90 1.703567130015602e-139 8.189574122376443e-293 1049.2172662437108 6.2220890916373516e-18 377.74618059164584 8.807173451436643e-213 3.865654977683878e-86 1.7997465302830847e-65 2.0148656587889536e-51 3.596326758586904e-265 66
1.07460065291164e-244 4.905317460459556e-218 3.56292156086308e-180 2811314.517245774 8.189574122376443e-293 1049.2172662437108 3.166066944843329e-178 3.578019388348509e-46 8.807173451436643e-213 3.865654977683878e-86 1.7997465302830847e-65 3.717488837176496e-195 3.596326758586904e-265 66
1.07460065291164e-244 2.0958966200894523e-214 3.56292156086308e-180 3.274664824030713e-102 3.459302997013384e-242 1.4860364088844158e-156 5.4883142839177595e-219 4.464808904160427e-263 1.708149991180185e-206 3.865654977683878e-86 2.0832647097935334e-209 4.2545782953265895e-208 1.24 68
1.9881226120700393e-63 2.0958966200894523e-214 3.56292156086308e-180 1.703567130015602e-139 8.189574122376443e-293 1.4860364088844158e-156 5.4883142839177595e-219 4.464808904160427e-263 4.222643825237898e-173 4.4623054885841805e-290 2.0832647097935334e-209 4.2545782953265895e-208 3.596326758586904e-265 68
1.07460065291164e-244 5.870940631128864e-96 2.203332237195111e-13 2.218540621381016e-38 1.917584791051965e-103 8.012882787045175e-157 5.4883142839177595e-219 4.464808904160427e-263 4.222643825237898e-173 4.599252648149954e-155 2.0832647097935334e-209 4.2545782953265895e-208 1.475605725776979e-214 68
116.57106579446607 4.905317460459556e-218 3.56292156086308e-180 2811314.517245774 8.189574122376443e-293 1049.2172662437108 4.8116724592275614e-189 377.74618059164584 4.222643825237898e-173 4.4623054885841805e-290 3.19687670965683e-169 2.7004559970594333e-69 1.475605725776979e-214 67
116.57106579446607 2.3509465095145106e-145 3.56292156086308e-180 1.703567130015602e-139 8.189574122376443e-293 1049.2172662437108 4.8116724592275614e-189 377.74618059164584 6.316219079959319e-13 4.4623054885841805e-290 3.19687670965683e-169 2.0148656587889536e-51 3.596326758586904e-265 67
116.57106579446607 2.3509465095145106e-145 3.56292156086308e-180 3.274664824030713e-102 3.459302997013384e-242 8.012882787045175e-157 4.8116724592275614e-189 377.74618059164584 1.708149991180185e-206 4.4623054885841805e-290 3.19687670965683e-169 3.717488837176496e-195 1.475605725776979e-214 67
1.07460065291164e-244 5.870940631128864e-96 3.56292156086308e-180 2811314.517245774 3.459302997013384e-242 1049.2172662437108 6.324982911932007e-68 377.74618059164584 4.222643825237898e-173 4.4623054885841805e-290 3.3868528759552106e-103 2.0148656587889536e-51 3.596326758586904e-265 66
116.57106579446607 2.3509465095145106e-145 3.147316694312693e-90 1.703567130015602e-139 3.459302997013384e-242 1049.2172662437108 4.8116724592275614e-189 4.464808904160427e-263 1.708149991180185e-206 4.4623054885841805e-290 1.7997465302830847e-65 2.0148656587889536e-51 1.475605725776979e-214 67
1.07460065291164e-244 4.905317460459556e-218 1.655560159754923e-61 2.218540621381016e-38 3.459302997013384e-242 1049.2172662437108 3.166066944843329e-178 377.74618059164584 3.086318453572067e-66 4.4623054885841805e-290 8.68572247679895e-124 2.0148656587889536e-51 1.475605725776979e-214 67
1.07460065291164e-244 5.870940631128864e-96 2.203332237195111e-13 2.218540621381016e-38 8.189574122376443e-293 8.012882787045175e-157 5.4883142839177595e-219 377.74618059164584 1.708149991180185e-206 4.599252648149954e-155 2.0832647097935334e-209 4.2545782953265895e-208 4.5573720773491155e-170 68
116.57106579446607 2.3509465095145106e-145 3.56292156086308e-180 2811314.517245774 8.189574122376443e-293 8.012882787045175e-157 5.4883142839177595e-219 4.464808904160427e-263 1.708149991180185e-206 4.4623054885841805e-290 8.68572247679895e-124 4.2545782953265895e-208 4.5573720773491155e-170 67
116.57106579446607 5.870940631128864e-96 1.655560159754923e-61 2.218540621381016e-38 1.917584791051965e-103 1.4860364088844158e-156 5.4883142839177595e-219 4.464808904160427e-263 1.708149991180185e-206 2.8196827961806728e-139 2.0832647097935334e-209 4.2545782953265895e-208 1.475605725776979e-214 68
1.07460065291164e-244 5.870940631128864e-96 3.56292156086308e-180 2811314.517245774 3.459302997013384e-242 1049.2172662437108 6.324982911932007e-68 377.74618059164584 4.222643825237898e-173 4.4623054885841805e-290 3.3868528759552106e-103 2.0148656587889536e-51 3.596326758586904e-265 66
116.57106579446607 2.3509465095145106e-145 3.56292156086308e-180 2811314.517245774 3.459302997013384e-242 1049.2172662437108 3.166066944843329e-178 377.74618059164584 8.807173451436643e-213 4.4623054885841805e-290 3.19687670965683e-169 6.432545640506284e-147 4.5573720773491155e-170 67
1.07460065291164e-244 4.905317460459556e-218 3.147316694312693e-90 1.703567130015602e-139 8.189574122376443e-293 1049.2172662437108 6.2220890916373516e-18 377.74618059164584 8.807173451436643e-213 3.865654977683878e-86 1.7997465302830847e-65 2.0148656587889536e-51 3.596326758586904e-265 66
1.9881226120700393e-63 5.870940631128864e-96 3.56292156086308e-180 3.274664824030713e-102 8.189574122376443e-293 1.4860364088844158e-156 5.4883142839177595e-219 4.464808904160427e-263 4.222643825237898e-173 4.599252648149954e-155 2.0832647097935334e-209 4.2545782953265895e-208 3.596326758586904e-265 68
116.57106579446607 2.3509465095145106e-145 3.147316694312693e-90 1.703567130015602e-139 3.459302997013384e-242 1049.2172662437108 4.8116724592275614e-189 4.464808904160427e-263 1.708149991180185e-206 4.4623054885841805e-290 1.7997465302830847e-65 2.0148656587889536e-51 1.475605725776979e-214 67
116.57106579446607 4.905317460459556e-218 3.56292156086308e-180 1.703567130015602e-139 3.459302997013384e-242 8.012882787045175e-157 4.8116724592275614e-189 377.74618059164584 4.222643825237898e-173 4.4623054885841805e-290 3.19687670965683e-169 3.717488837176496e-195 4.5573720773491155e-170 67
1.9881226120700393e-63 2.0958966200894523e-214 3.56292156086308e-180 3.274664824030713e-102 8.189574122376443e-293 1.4860364088844158e-156 5.4883142839177595e-219 4.464808904160427e-263 4.222643825237898e-173 4.599252648149954e-155 2.0832647097935334e-209 4.2545782953265895e-208 3.596326758586904e-265 68
1.07460065291164e-244 4.905317460459556e-218 3.56292156086308e-180 2811314.517245774 8.189574122376443e-293 1049.2172662437108 3.166066944843329e-178 377.74618059164584 8.807173451436643e-213 3.865654977683878e-86 3.19687670965683e-169 2.7004559970594333e-69 3.596326758586904e-265 66
1.07460065291164e-244 4.905317460459556e-218 3.56292156086308e-180 2811314.517245774 8.189574122376443e-293 1049.2172662437108 3.166066944843329e-178 377.74618059164584 8.807173451436643e-213 3.865654977683878e-86 3.19687670965683e-169 6.432545640506284e-147 3.596326758586904e-265 66
1.07460065291164e-244 4.905317460459556e-218 1.655560159754923e-61 2.218540621381016e-38 3.459302997013384e-242 1049.2172662437108 3.166066944843329e-178 377.74618059164584 3.086318453572067e-66 4.4623054885841805e-290 8.68572247679895e-124 2.0148656587889536e-51 1.475605725776979e-214 67
1.07460065291164e-244 5.870940631128864e-96 3.56292156086308e-180 2811314.517245774 3.459302997013384e-242 1049.2172662437108 6.324982911932007e-68 377.74618059164584 4.222643825237898e-173 4.4623054885841805e-290 3.3868528759552106e-103 2.0148656587889536e-51 3.596326758586904e-265 66
1.9881226120700393e-63 2.0958966200894523e-214 3.56292156086308e-180 3.274664824030713e-102 8.189574122376443e-293 1.4860364088844158e-156 5.4883142839177595e-219 4.464808904160427e-263 4.222643825237898e-173 4.599252648149954e-155 2.0832647097935334e-209 4.2545782953265895e-208 3.596326758586904e-265 68
116.57106579446607 2.3509465095145106e-145 3.56292156086308e-180 1.703567130015602e-139 8.189574122376443e-293 1049.2172662437108 4.8116724592275614e-189 377.74618059164584 6.316219079959319e-13 4.4623054885841805e-290 3.19687670965683e-169 2.0148656587889536e-51 3.596326758586904e-265 67
1.07460065291164e-244 4.905317460459556e-218 0.28 2811314.517245774 8.189574122376443e-293 1049.2172662437108 3.166066944843329e-178 377.74618059164584 4.222643825237898e-173 4.599252648149954e-155 8.68572247679895e-124 2.7004559970594333e-69 3.596326758586904e-265 66
116.57106579446607 4.905317460459556e-218 3.56292156086308e-180 2811314.517245774 8.189574122376443e-293 1049.2172662437108 4.8116724592275614e-189 377.74618059164584 4.222643825237898e-173 4.4623054885841805e-290 3.19687670965683e-169 2.7004559970594333e-69 1.475605725776979e-214 67
1.07460065291164e-244 2.0958966200894523e-214 0.28 2.218540621381016e-38 1.917584791051965e-103 1.4860364088844158e-156 5.4883142839177595e-219 4.464808904160427e-263 1.708149991180185e-206 4.4623054885841805e-290 3.3868528759552106e-103 4.2545782953265895e-208 1.475605725776979e-214 68
116.57106579446607 4.905317460459556e-218 3.56292156086308e-180 1.703567130015602e-139 3.459302997013384e-242 1049.2172662437108 4.8116724592275614e-189 4.464808904160427e-263 8.807173451436643e-213 4.4623054885841805e-290 8.68572247679895e-124 2.7004559970594333e-69 1.475605725776979e-214 67
1.07460065291164e-244 4.905317460459556e-218 3.147316694312693e-90 2811314.517245774 8.189574122376443e-293 1049.2172662437108 3.166066944843329e-178 377.74618059164584 3.086318453572067e-66 4.599252648149954e-155 8.68572247679895e-124 2.7004559970594333e-69 3.596326758586904e-265 66
1.07460065291164e-244 4.905317460459556e-218 3.56292156086308e-180 2811314.517245774 8.189574122376443e-293 1049.2172662437108 3.166066944843329e-178 377.74618059164584 8.807173451436643e-213 4.599252648149954e-155 3.19687670965683e-169 2.0148656587889536e-51 3.596326758586904e-265 66
116.57106579446607 2.3509465095145106e-145 3.147316694312693e-90 2811314.517245774 8.189574122376443e-293 8.012882787045175e-157 4.8116724592275614e-189 4.464808904160427e-263 1.708149991180185e-206 4.4623054885841805e-290 8.68572247679895e-124 6.432545640506284e-147 1.475605725776979e-214 67
116.57106579446607 2.0958966200894523e-214 3.56292156086308e-180 2.218540621381016e-38 8.189574122376443e-293 1.4860364088844158e-156 5.4883142839177595e-219 377.74618059164584 1.708149991180185e-206 3.865654977683878e-86 2.0832647097935334e-209 4.2545782953265895e-208 1.475605725776979e-214 68
1.07460065291164e-244 4.905317460459556e-218 1.655560159754923e-61 2811314.517245774 1.982552475020883e-33 1049.2172662437108 3.166066944843329e-178 377.74618059164584 8.807173451436643e-213 3.865654977683878e-86 8.68572247679895e-124 3.717488837176496e-195 3.596326758586904e-265 66
116.57106579446607 4.905317460459556e-218 3.56292156086308e-180 2811314.517245774 3.459302997013384e-242 1.4860364088844158e-156 4.8116724592275614e-189 3.578019388348509e-46 6.316219079959319e-13 4.4623054885841805e-290 3.19687670965683e-169 2.0148656587889536e-51 1.475605725776979e-214 67
116.57106579446607 5.870940631128864e-96 1.655560159754923e-61 2.218540621381016e-38 1.917584791051965e-103 1.4860364088844158e-156 5.4883142839177595e-219 4.464808904160427e-263 1.708149991180185e-206 2.8196827961806728e-139 2.0832647097935334e-209 4.2545782953265895e-208 1.475605725776979e-214 68
116.57106579446607 2.0958966200894523e-214 3.147316694312693e-90 1.703567130015602e-139 8.189574122376443e-293 1049.2172662437108 4.8116724592275614e-189 3.578019388348509e-46 4.222643825237898e-173 4.4623054885841805e-290 2.0832647097935334e-209 3.717488837176496e-195 1.475605725776979e-214 67
116.57106579446607 2.3509465095145106e-145 3.56292156086308e-180 2811314.517245774 3.459302997013384e-242 1.0557862737408127e-22 4.8116724592275614e-189 2.752188615928399e-45 8.807173451436643e-213 4.4623054885841805e-290 3.3868528759552106e-103 2.0148656587889536e-51 1.475605725776979e-214 67
1.9881226120700393e-63 2.0958966200894523e-214 3.56292156086308e-180 1.703567130015602e-139 8.189574122376443e-293 1.4860364088844158e-156 5.4883142839177595e-219 4.464808904160427e-263 4.222643825237898e-173 4.4623054885841805e-290 2.0832647097935334e-209 4.2545782953265895e-208 3.596326758586904e-265 68
1.07460065291164e-244 4.905317460459556e-218 3.56292156086308e-180 2811314.517245774 8.189574122376443e-293 1049.2172662437108 3.166066944843329e-178 377.74618059164584 8.807173451436643e-213 3.865654977683878e-86 3.19687670965683e-169 3.717488837176496e-195 3.596326758586904e-265 66
116.57106579446607 4.905317460459556e-218 3.56292156086308e-180 1.703567130015602e-139 3.459302997013384e-242 1049.2172662437108 4.8116724592275614e-189 4.464808904160427e-263 8.807173451436643e-213 4.4623054885841805e-290 8.68572247679895e-124 2.7004559970594333e-69 1.475605725776979e-214 67
116.57106579446607 2.3509465095145106e-145 3.147316694312693e-90 2.218540621381016e-38 3.459302997013384e-242 8.012882787045175e-157 4.8116724592275614e-189 2.752188615928399e-45 4.222643825237898e-173 4.4623054885841805e-290 8.68572247679895e-124 6.432545640506284e-147 4.5573720773491155e-170 67
116.57106579446607 2.0958966200894523e-214 3.56292156086308e-180 3.274664824030713e-102 8.189574122376443e-293 1.4860364088844158e-156 4.8116724592275614e-189 377.74618059164584 1.708149991180185e-206 0.96 2.0832647097935334e-209 4.2545782953265895e-208 1.475605725776979e-214 68
1.07460065291164e-244 2.0958966200894523e-214 1.655560159754923e-61 2811314.517245774 8.189574122376443e-293 1049.2172662437108 3.166066944843329e-178 377.74618059164584 6.316219079959319e-13 2.8196827961806728e-139 1.7997465302830847e-65 3.717488837176496e-195 3.596326758586904e-265 66
1.07460065291164e-244 2.3509465095145106e-145 3.147316694312693e-90 2811314.517245774 8.189574122376443e-293 1049.2172662437108 3.166066944843329e-178 377.74618059164584 8.807173451436643e-213 3.865654977683878e-86 3.3868528759552106e-103 2.7004559970594333e-69 3.596326758586904e-265 66
1.07460065291164e-244 2.0958966200894523e-214 3.56292156086308e-180 2811314.517245774 8.189574122376443e-293 1049.2172662437108 3.166066944843329e-178 377.74618059164584 8.807173451436643e-213 2.8196827961806728e-139 3.19687670965683e-169 3.717488837176496e-195 3.596326758586904e-265 66
0.04 2.3509465095145106e-145 3.56292156086308e-180 2811314.517245774 8.189574122376443e-293 0.58 6.324982911932007e-68 377.74618059164584 4.222643825237898e-173 4.4623054885841805e-290 8.68572247679895e-124 6.432545640506284e-147 3.596326758586904e-265 66
1.9881226120700393e-63 4.905317460459556e-218 1.655560159754923e-61 2811314.517245774 8.189574122376443e-293 1049.2172662437108 3.166066944843329e-178 377.74618059164584 6.316219079959319e-13 3.865654977683878e-86 3.19687670965683e-169 2.7004559970594333e-69 3.596326758586904e-265 66
116.57106579446607 4.905317460459556e-218 2.203332237195111e-13 2.218540621381016e-38 8.189574122376443e-293 1049.2172662437108 6.324982911932007e-68 4.464808904160427e-263 8.807173451436643e-213 4.4623054885841805e-290 3.19687670965683e-169 2.0148656587889536e-51 3.596326758586904e-265 66
1.9881226120700393e-63 5.870940631128864e-96 3.56292156086308e-180 2811314.517245774 8.189574122376443e-293 1049.2172662437108 6.324982911932007e-68 377.74618059164584 6.316219079959319e-13 4.4623054885841805e-290 2.0832647097935334e-209 2.0148656587889536e-51 4.5573720773491155e-170 66
0.04 2.3509465095145106e-145 3.56292156086308e-180 2811314.517245774 8.189574122376443e-293 0.58 6.324982911932007e-68 377.74618059164584 4.222643825237898e-173 4.4623054885841805e-290 8.68572247679895e-124 6.432545640506284e-147 3.596326758586904e-265 66
116.57106579446607 2.3509465095145106e-145 3.56292156086308e-180 2811314.517245774 0.5 8.012882787045175e-157 4.8116724592275614e-189 3.578019388348509e-46 8.807173451436643e-213 4.4623054885841805e-290 3.19687670965683e-169 6.432545640506284e-147 3.596326758586904e-265 67
1.07460065291164e-244 5.870940631128864e-96 2.203332237195111e-13 2.218540621381016e-38 1.917584791051965e-103 8.012882787045175e-157 5.4883142839177595e-219 4.464808904160427e-263 4.222643825237898e-173 4.599252648149954e-155 2.0832647097935334e-209 4.2545782953265895e-208 1.475605725776979e-214 68
1.07460065291164e-244 4.905317460459556e-218 0.28 3.274664824030713e-102 8.189574122376443e-293 1049.2172662437108 3.166066944843329e-178 377.74618059164584 8.807173451436643e-213 3.865654977683878e-86 3.19687670965683e-169 6.432545640506284e-147 3.596326758586904e-265 66
9.762700504124142e-13 2.0958966200894523e-214 3.56292156086308e-180 3.274664824030713e-102 3.459302997013384e-242 1.4860364088844158e-156 5.4883142839177595e-219 3.578019388348509e-46 1.708149991180185e-206 3.865654977683878e-86 2.0832647097935334e-209 6.432545640506284e-147 3.596326758586904e-265 68
116.57106579446607 2.3509465095145106e-145 3.56292156086308e-180 2811314.517245774 3.459302997013384e-242 1049.2172662437108 3.166066944843329e-178 377.74618059164584 3.086318453572067e-66 4.4623054885841805e-290 8.68572247679895e-124 2.7004559970594333e-69 1.475605725776979e-214 67
9.762700504124142e-13 2.0958966200894523e-214 3.56292156086308e-180 1.703567130015602e-139 3.459302997013384e-242 8.012882787045175e-157 5.4883142839177595e-219 4.464808904160427e-263 4.222643825237898e-173 4.599252648149954e-155 2.0832647097935334e-209 4.2545782953265895e-208 4.5573720773491155e-170 68
0.04 4.905317460459556e-218 2.203332237195111e-13 2.407089798219286e-23 8.189574122376443e-293 8.012882787045175e-157 4.8116724592275614e-189 377.74618059164584 4.222643825237898e-173 4.599252648149954e-155 2.0832647097935334e-209 4.2545782953265895e-208 1.475605725776979e-214 68
1.07460065291164e-244 2.0958966200894523e-214 1.655560159754923e-61 2.218540621381016e-38 8.189574122376443e-293 1.4860364088844158e-156 4.8116724592275614e-189 377.74618059164584 4.222643825237898e-173 4.599252648149954e-155 2.0832647097935334e-209 4.2545782953265895e-208 1.475605725776979e-214 68
116.57106579446607 5.870940631128864e-96 3.56292156086308e-180 1.703567130015602e-139 3.459302997013384e-242 1.4860364088844158e-156 4.8116724592275614e-189 4.464808904160427e-263 4.222643825237898e-173 4.4623054885841805e-290 2.0832647097935334e-209 4.2545782953265895e-208 1.475605725776979e-214 67
1.07460065291164e-244 5.870940631128864e-96 2.203332237195111e-13 2.218540621381016e-38 1.917584791051965e-103 8.012882787045175e-157 5.4883142839177595e-219 4.464808904160427e-263 4.222643825237898e-173 4.599252648149954e-155 2.0832647097935334e-209 4.2545782953265895e-208 1.475605725776979e-214 68
116.57106579446607 4.905317460459556e-218 3.147316694312693e-90 2811314.517245774 8.189574122376443e-293 1049.2172662437108 4.8116724592275614e-189 377.74618059164584 4.222643825237898e-173 4.4623054885841805e-290 3.19687670965683e-169 6.432545640506284e-147 3.596326758586904e-265 66
1.07460065291164e-244 4.905317460459556e-218 3.56292156086308e-180 2811314.517245774 8.189574122376443e-293 1049.2172662437108 3.166066944843329e-178 377.74618059164584 3.086318453572067e-66 4.599252648149954e-155 3.19687670965683e-169 2.0148656587889536e-51 3.596326758586904e-265 66
1.07460065291164e-244 5.870940631128864e-96 2.203332237195111e-13 2.218540621381016e-38 8.189574122376443e-293 8.012882787045175e-157 5.4883142839177595e-219 377.74618059164584 1.708149991180185e-206 4.599252648149954e-155 2.0832647097935334e-209 4.2545782953265895e-208 4.5573720773491155e-170 68
116.57106579446607 4.905317460459556e-218 3.56292156086308e-180 1.703567130015602e-139 3.459302997013384e-242 1.4860364088844158e-156 4.8116724592275614e-189 4.464808904160427e-263 6.316219079959319e-13 4.4623054885841805e-290 3.3868528759552106e-103 6.432545640506284e-147 1.475605725776979e-214 67
116.57106579446607 5.870940631128864e-96 0.28 2.407089798219286e-23 8.189574122376443e-293 8.012882787045175e-157 4.8116724592275614e-189 4.464808904160427e-263 6.316219079959319e-13 4.4623054885841805e-290 1.7997465302830847e-65 2.0148656587889536e-51 1.475605725776979e-214 67
1.07460065291164e-244 4.905317460459556e-218 1.655560159754923e-61 2.218540621381016e-38 3.459302997013384e-242 1049.2172662437108 3.166066944843329e-178 377.74618059164584 3.086318453572067e-66 4.4623054885841805e-290 8.68572247679895e-124 2.0148656587889536e-51 1.475605725776979e-214 67
1.07460065291164e-244 4.905317460459556e-218 1.655560159754923e-61 2811314.517245774 3.459302997013384e-242 1049.2172662437108 3.166066944843329e-178 3.578019388348509e-46 4.222643825237898e-173 4.4623054885841805e-290 1.7997465302830847e-65 2.0148656587889536e-51 3.596326758586904e-265 66
1.07460065291164e-244 4.905317460459556e-218 3.56292156086308e-180 2811314.517245774 8.189574122376443e-293 1049.2172662437108 3.166066944843329e-178 3.578019388348509e-46 8.807173451436643e-213 3.865654977683878e-86 1.7997465302830847e-65 3.717488837176496e-195 3.596326758586904e-265 66
116.57106579446607 2.0958966200894523e-214 3.56292156086308e-180 3.274664824030713e-102 8.189574122376443e-293 1.4860364088844158e-156 4.8116724592275614e-189 377.74618059164584 1.708149991180185e-206 0.96 2.0832647097935334e-209 4.2545782953265895e-208 1.475605725776979e-214 68
116.57106579446607 4.905317460459556e-218 2.203332237195111e-13 2.407089798219286e-23 3.459302997013384e-242 8.012882787045175e-157 4.8116724592275614e-189 4.464808904160427e-263 6.316219079959319e-13 4.4623054885841805e-290 1.7997465302830847e-65 6.432545640506284e-147 1.475605725776979e-214 67
1.07460065291164e-244 4.905317460459556e-218 3.56292156086308e-180 2811314.517245774 8.189574122376443e-293 1049.2172662437108 3.166066944843329e-178 377.74618059164584 3.086318453572067e-66 4.599252648149954e-155 3.19687670965683e-169 2.0148656587889536e-51 3.596326758586904e-265 66
1.07460065291164e-244 2.3509465095145106e-145 3.147316694312693e-90 2811314.517245774 8.189574122376443e-293 1049.2172662437108 3.166066944843329e-178 377.74618059164584 8.807173451436643e-213 3.865654977683878e-86 3.3868528759552106e-103 2.7004559970594333e-69 3.596326758586904e-265 66
116.57106579446607 2.3509465095145106e-145 3.147316694312693e-90 2811314.517245774 8.189574122376443e-293 8.012882787045175e-157 4.8116724592275614e-189 4.464808904160427e-263 1.708149991180185e-206 4.4623054885841805e-290 8.68572247679895e-124 6.432545640506284e-147 1.475605725776979e-214 67
116.57106579446607 2.3509465095145106e-145 3.147316694312693e-90 1.703567130015602e-139 3.459302997013384e-242 1049.2172662437108 4.8116724592275614e-189 0.78 4.222643825237898e-173 4.4623054885841805e-290 3.19687670965683e-169 6.432545640506284e-147 1.475605725776979e-214 67
1.07460065291164e-244 5.870940631128864e-96 3.56292156086308e-180 1.703567130015602e-139 3.459302997013384e-242 1.4860364088844158e-156 5.4883142839177595e-219 4.464808904160427e-263 1.708149991180185e-206 3.865654977683878e-86 2.0832647097935334e-209 4.2545782953265895e-208 1.475605725776979e-214 68
116.57106579446607 2.3509465095145106e-145 3.56292156086308e-180 2811314.517245774 3.459302997013384e-242 1049.2172662437108 3.166066944843329e-178 377.74618059164584 8.807173451436643e-213 4.4623054885841805e-290 3.19687670965683e-169 6.432545640506284e-147 4.5573720773491155e-170 67
116.57106579446607 4.905317460459556e-218 2.203332237195111e-13 2.407089798219286e-23 3.459302997013384e-242 8.012882787045175e-157 4.8116724592275614e-189 4.464808904160427e-263 6.316219079959319e-13 4.4623054885841805e-290 1.7997465302830847e-65 6.432545640506284e-147 1.475605725776979e-214 67
116.57106579446607 2.0958966200894523e-214 3.56292156086308e-180 1.703567130015602e-139 8.189574122376443e-293 1.4860364088844158e-156 5.4883142839177595e-219 377.74618059164584 1.708149991180185e-206 2.8196827961806728e-139 2.0832647097935334e-209 4.2545782953265895e-208 2.791694477069973e-20 68
116.57106579446607 4.905317460459556e-218 2.203332237195111e-13 1.703567130015602e-139 0.5 1.4860364088844158e-156 5.4883142839177595e-219 377.74618059164584 4.222643825237898e-173 4.4623054885841805e-290 1.7997465302830847e-65 6.432545640506284e-147 4.5573720773491155e-170 67
116.57106579446607 5.870940631128864e-96 3.147316694312693e-90 1.703567130015602e-139 3.459302997013384e-242 1.4860364088844158e-156 5.4883142839177595e-219 4.464808904160427e-263 1.708149991180185e-206 4.599252648149954e-155 2.0832647097935334e-209 4.2545782953265895e-208 4.5573720773491155e-170 68
116.57106579446607 2.3509465095145106e-145 3.56292156086308e-180 2811314.517245774 3.459302997013384e-242 8.012882787045175e-157 5.4883142839177595e-219 377.74618059164584 1.708149991180185e-206 4.4623054885841805e-290 3.19687670965683e-169 4.2545782953265895e-208 1.475605725776979e-214 67
1.07460065291164e-244 2.0958966200894523e-214 3.56292156086308e-180 3.274664824030713e-102 3.459302997013384e-242 1.4860364088844158e-156 5.4883142839177595e-219 4.464808904160427e-263 1.708149991180185e-206 3.865654977683878e-86 2.0832647097935334e-209 4.2545782953265895e-208 1.24 68
116.57106579446607 2.0958966200894523e-214 3.56292156086308e-180 2811314.517245774 8.189574122376443e-293 1.4860364088844158e-156 5.4883142839177595e-219 2.752188615928399e-45 1.708149991180185e-206 2.8196827961806728e-139 2.0832647097935334e-209 4.2545782953265895e-208 4.5573720773491155e-170 68
0.04 2.3509465095145106e-145 3.56292156086308e-180 2811314.517245774 8.189574122376443e-293 0.58 6.324982911932007e-68 377.74618059164584 4.222643825237898e-173 4.4623054885841805e-290 8.68572247679895e-124 6.432545640506284e-147 3.596326758586904e-265 66
9.762700504124142e-13 2.0958966200894523e-214 3.56292156086308e-180 1.703567130015602e-139 3.459302997013384e-242 8.012882787045175e-157 5.4883142839177595e-219 4.464808904160427e-263 4.222643825237898e-173 4.599252648149954e-155 2.0832647097935334e-209 4.2545782953265895e-208 4.5573720773491155e-170 68
116.57106579446607 4.905317460459556e-218 3.56292156086308e-180 1.703567130015602e-139 3.459302997013384e-242 8.012882787045175e-157 4.8116724592275614e-189 377.74618059164584 4.222643825237898e-173 4.4623054885841805e-290 3.19687670965683e-169 3.717488837176496e-195 4.5573720773491155e-170 67
0.04 2.3509465095145106e-145 3.56292156086308e-180 2811314.517245774 8.189574122376443e-293 0.58 6.324982911932007e-68 377.74618059164584 4.222643825237898e-173 4.4623054885841805e-290 8.68572247679895e-124 6.432545640506284e-147 3.596326758586904e-265 66
116.57106579446607 2.3509465095145106e-145 3.56292156086308e-180 2811314.517245774 0.5 8.012882787045175e-157 4.8116724592275614e-189 377.74618059164584 8.807173451436643e-213 4.4623054885841805e-290 8.68572247679895e-124 2.0148656587889536e-51 3.596326758586904e-265 67
116.57106579446607 5.870940631128864e-96 3.56292156086308e-180 1.703567130015602e-139 3.459302997013384e-242 1.4860364088844158e-156 4.8116724592275614e-189 4.464808904160427e-263 4.222643825237898e-173 4.4623054885841805e-290 2.0832647097935334e-209 4.2545782953265895e-208 1.475605725776979e-214 67
1.07460065291164e-244 4.905317460459556e-218 3.56292156086308e-180 2811314.517245774 8.189574122376443e-293 1049.2172662437108 3.166066944843329e-178 377.74618059164584 8.807173451436643e-213 3.865654977683878e-86 3.19687670965683e-169 3.717488837176496e-195 3.596326758586904e-265 66
1.9881226120700393e-63 2.0958966200894523e-214 3.56292156086308e-180 3.274664824030713e-102 8.189574122376443e-293 1.4860364088844158e-156 5.4883142839177595e-219 4.464808904160427e-263 4.222643825237898e-173 4.599252648149954e-155 2.0832647097935334e-209 4.2545782953265895e-208 3.596326758586904e-265 68
1.07460065291164e-244 4.905317460459556e-218 1.655560159754923e-61 2811314.517245774 8.189574122376443e-293 1049.2172662437108 4.8116724592275614e-189 377.74618059164584 4.222643825237898e-173 2.8196827961806728e-139 3.19687670965683e-169 3.717488837176496e-195 3.596326758586904e-265 66
1.07460065291164e-244 4.905317460459556e-218 3.147316694312693e-90 1.703567130015602e-139 8.189574122376443e-293 1049.2172662437108 6.2220890916373516e-18 377.74618059164584 8.807173451436643e-213 3.865654977683878e-86 1.7997465302830847e-65 2.0148656587889536e-51 3.596326758586904e-265 66
116.57106579446607 2.3509465095145106e-145 3.147316694312693e-90 1.703567130015602e-139 3.459302997013384e-242 1049.2172662437108 4.8116724592275614e-189 0.78 4.222643825237898e-173 4.4623054885841805e-290 3.19687670965683e-169 6.432545640506284e-147 1.475605725776979e-214 67
1.07460065291164e-244 4.905317460459556e-218 3.56292156086308e-180 2811314.517245774 8.189574122376443e-293 1049.2172662437108 3.166066944843329e-178 377.74618059164584 4.222643825237898e-173 3.865654977683878e-86 1.7997465302830847e-65 2.0148656587889536e-51 3.596326758586904e-265 66
