1.6638121241e-313 2.2756112555651842e-281 2.646129190631849e-82 2.8779128479832243e-49 1.4871037301555592e-305 1.0091894757432214e-92 3.066986066632214e-226 9.10108941685999e-86 1.441969634826266e-82 0.041977152973128457 6.999478751114356e-161 8.941431325164004e-67 6.343413054410995e-278 67
4.038342761496733e-99 3.2101436209745823e-121 5.296158225146618e-112 1.2083320063274192e-175 1.4871037301555592e-305 1.1683294808753655e-194 2.0159986544389143e-273 0.0004786708979814699 2.316361082441643e-265 0.041977152973128457 6.903778735703827e-262 5.769481390030837e-267 0.015564398373612676 68
4.038342761496733e-99 2.2756112555651842e-281 8.069166327987837 1.2949588376388041e-104 0.5 1.0091894757432214e-92 2.173183737790514e-250 9.10108941685999e-86 1.0511969277495446e-270 0.041977152973128457 1.0859058172532348e-220 5.057300523694202e-185 0.015564398373612676 67
1.6638121241e-313 2.2756112555651842e-281 5.296158225146618e-112 1.2949588376388041e-104 0.0021366949563424954 1.0091894757432214e-92 3.066986066632214e-226 9.10108941685999e-86 1.441969634826266e-82 3.615956127792044e-193 6.999478751114356e-161 1.5134836878513587e-93 0.015564398373612676 66
4.038342761496733e-99 2.2756112555651842e-281 8.069166327987837 1.2083320063274192e-175 1.4871037301555592e-305 7.956175685095866e-204 2.173183737790514e-250 9.10108941685999e-86 1.4343354187426594e-224 0.041977152973128457 1.0859058172532348e-220 1.2970195104661256e-248 1.2904925422285586e-213 67
0.04 2.334308881467841e-192 8.069166327987837 1.2949588376388041e-104 1.4871037301555592e-305 1.0091894757432214e-92 3.066986066632214e-226 9.10108941685999e-86 1.0511969277495446e-270 2.1056283097988936e-176 1.0859058172532348e-220 8.941431325164004e-67 6.343413054410995e-278 67
9.288777162960823e-80 7.698766046115008e-269 7.93569769311503e-19 1.2083320063274192e-175 0.0021366949563424954 1.0091894757432214e-92 1.0109401228879837e-88 3.570166307310187e-56 1.441969634826266e-82 0.041977152973128457 1.0859058172532348e-220 1.5134836878513587e-93 0.015564398373612676 66
1.6638121241e-313 2.2756112555651842e-281 2.646129190631849e-82 1.2949588376388041e-104 0.0021366949563424954 1.0091894757432214e-92 2.2409973955503054e-23 3.570166307310187e-56 2.274900005359642e-18 2.3428728611042024e-113 1.0859058172532348e-220 1.5134836878513587e-93 0.015564398373612676 66
4.038342761496733e-99 2.334308881467841e-192 5.296158225146618e-112 2.8779128479832243e-49 1.4871037301555592e-305 7.956175685095866e-204 2.173183737790514e-250 3.570166307310187e-56 1.4343354187426594e-224 0.041977152973128457 6.999478751114356e-161 5.057300523694202e-185 1.2904925422285586e-213 67
1.6638121241e-313 3.2101436209745823e-121 8.069166327987837 1.984689112123222e-129 1.4871037301555592e-305 7.956175685095866e-204 2.0159986544389143e-273 0.0004786708979814699 2.316361082441643e-265 0.041977152973128457 2.0526833702014574e-130 5.769481390030837e-267 6.343413054410995e-278 68
4.038342761496733e-99 7.698766046115008e-269 5.296158225146618e-112 1.2083320063274192e-175 0.0021366949563424954 1.1683294808753655e-194 2.173183737790514e-250 9.10108941685999e-86 1.4343354187426594e-224 3.615956127792044e-193 6.903778735703827e-262 5.769481390030837e-267 6.343413054410995e-278 68
1.6638121241e-313 2.2756112555651842e-281 8.069166327987837 1.2949588376388041e-104 0.0021366949563424954 1.0091894757432214e-92 3.066986066632214e-226 9.10108941685999e-86 1.0511969277495446e-270 3.615956127792044e-193 1.0859058172532348e-220 8.941431325164004e-67 0.015564398373612676 66
1.6638121241e-313 2.2756112555651842e-281 0.28 1.2949588376388041e-104 0.0021366949563424954 1.0091894757432214e-92 3.066986066632214e-226 9.10108941685999e-86 1.4343354187426594e-224 3.615956127792044e-193 6.999478751114356e-161 1.5134836878513587e-93 0.015564398373612676 66
9.288777162960823e-80 2.2756112555651842e-281 7.93569769311503e-19 1.2949588376388041e-104 0.0021366949563424954 1.0091894757432214e-92 1.0109401228879837e-88 1.6716989476075545e-62 1.4343354187426594e-224 0.041977152973128457 1.0859058172532348e-220 5.057300523694202e-185 0.015564398373612676 66
4.038342761496733e-99 2.334308881467841e-192 8.069166327987837 1.2949588376388041e-104 1.4871037301555592e-305 1.0091894757432214e-92 2.173183737790514e-250 9.10108941685999e-86 1.4343354187426594e-224 0.041977152973128457 6.999478751114356e-161 8.941431325164004e-67 6.343413054410995e-278 67
9.288777162960823e-80 7.698766046115008e-269 8.069166327987837 1.984689112123222e-129 0.0021366949563424954 1.1683294808753655e-194 2.0159986544389143e-273 0.0004786708979814699 1.4343354187426594e-224 3.615956127792044e-193 6.903778735703827e-262 5.769481390030837e-267 0.015564398373612676 68
0.04 2.2756112555651842e-281 7.93569769311503e-19 8.669567229301145e-29 0.0021366949563424954 7.956175685095866e-204 2.173183737790514e-250 9.10108941685999e-86 1.4343354187426594e-224 3.615956127792044e-193 6.903778735703827e-262 5.769481390030837e-267 6.343413054410995e-278 68
1.6638121241e-313 2.2756112555651842e-281 0.28 1.984689112123222e-129 0.0021366949563424954 1.0091894757432214e-92 3.066986066632214e-226 9.10108941685999e-86 1.0511969277495446e-270 2.3428728611042024e-113 1.0859058172532348e-220 5.057300523694202e-185 0.015564398373612676 66
4.038342761496733e-99 2.334308881467841e-192 8.069166327987837 1.2949588376388041e-104 1.4871037301555592e-305 1.0091894757432214e-92 2.173183737790514e-250 9.10108941685999e-86 1.4343354187426594e-224 0.041977152973128457 6.999478751114356e-161 8.941431325164004e-67 6.343413054410995e-278 67
4.038342761496733e-99 2.2756112555651842e-281 7.93569769311503e-19 2.8779128479832243e-49 0.0021366949563424954 1.0091894757432214e-92 1.0109401228879837e-88 0.0004786708979814699 1.0511969277495446e-270 0.041977152973128457 1.0859058172532348e-220 8.941431325164004e-67 0.015564398373612676 66
4.038342761496733e-99 2.334308881467841e-192 8.069166327987837 1.2949588376388041e-104 1.4871037301555592e-305 1.1683294808753655e-194 2.173183737790514e-250 9.10108941685999e-86 1.4343354187426594e-224 0.041977152973128457 1.0859058172532348e-220 5.057300523694202e-185 1.24 67
4.038342761496733e-99 7.698766046115008e-269 8.069166327987837 1.2083320063274192e-175 1.4871037301555592e-305 1.1683294808753655e-194 2.173183737790514e-250 0.0004786708979814699 1.4343354187426594e-224 0.041977152973128457 2.0526833702014574e-130 1.2970195104661256e-248 6.343413054410995e-278 67
4.038342761496733e-99 7.698766046115008e-269 8.069166327987837 2.8779128479832243e-49 0.0021366949563424954 1.1683294808753655e-194 2.0159986544389143e-273 9.10108941685999e-86 2.316361082441643e-265 2.3428728611042024e-113 6.903778735703827e-262 5.769481390030837e-267 6.343413054410995e-278 68
4.038342761496733e-99 2.334308881467841e-192 5.296158225146618e-112 1.2083320063274192e-175 1.4871037301555592e-305 1.0091894757432214e-92 2.173183737790514e-250 0.78 1.4343354187426594e-224 0.041977152973128457 1.0859058172532348e-220 5.057300523694202e-185 6.343413054410995e-278 67
1.6638121241e-313 3.2101436209745823e-121 8.069166327987837 1.2083320063274192e-175 2.4427583988207887e-43 1.1683294808753655e-194 2.0159986544389143e-273 0.0004786708979814699 2.316361082441643e-265 3.615956127792044e-193 6.903778735703827e-262 5.769481390030837e-267 0.015564398373612676 68
0.04 3.2101436209745823e-121 8.069166327987837 1.2083320063274192e-175 0.0021366949563424954 1.1683294808753655e-194 2.173183737790514e-250 1.6716989476075545e-62 2.316361082441643e-265 3.615956127792044e-193 6.903778735703827e-262 5.769481390030837e-267 6.343413054410995e-278 68
4.038342761496733e-99 2.2756112555651842e-281 7.93569769311503e-19 1.2083320063274192e-175 0.5 1.1683294808753655e-194 2.0159986544389143e-273 9.10108941685999e-86 1.4343354187426594e-224 0.041977152973128457 3.0285297970687307e-87 5.057300523694202e-185 1.2904925422285586e-213 67
4.038342761496733e-99 2.334308881467841e-192 2.646129190631849e-82 1.2949588376388041e-104 2.4427583988207887e-43 7.956175685095866e-204 2.173183737790514e-250 9.10108941685999e-86 1.0511969277495446e-270 0.041977152973128457 6.903778735703827e-262 8.941431325164004e-67 6.343413054410995e-278 67
4.038342761496733e-99 2.334308881467841e-192 8.069166327987837 1.2949588376388041e-104 1.4871037301555592e-305 7.956175685095866e-204 2.0159986544389143e-273 9.10108941685999e-86 2.316361082441643e-265 0.041977152973128457 1.0859058172532348e-220 5.769481390030837e-267 6.343413054410995e-278 67
1.6638121241e-313 2.2756112555651842e-281 8.069166327987837 1.2949588376388041e-104 1.4871037301555592e-305 1.0091894757432214e-92 2.2409973955503054e-23 9.10108941685999e-86 2.274900005359642e-18 2.3428728611042024e-113 1.0859058172532348e-220 1.5134836878513587e-93 0.015564398373612676 66
4.038342761496733e-99 2.2756112555651842e-281 8.069166327987837 1.2949588376388041e-104 1.1912531832224978e-129 1.1683294808753655e-194 2.173183737790514e-250 1.6716989476075545e-62 2.316361082441643e-265 0.041977152973128457 6.999478751114356e-161 5.057300523694202e-185 6.343413054410995e-278 67
4.038342761496733e-99 2.334308881467841e-192 8.069166327987837 1.2083320063274192e-175 1.4871037301555592e-305 7.956175685095866e-204 2.173183737790514e-250 9.10108941685999e-86 1.4343354187426594e-224 0.041977152973128457 3.0285297970687307e-87 1.2970195104661256e-248 6.343413054410995e-278 67
4.038342761496733e-99 2.2756112555651842e-281 8.069166327987837 1.2083320063274192e-175 0.0021366949563424954 1.1683294808753655e-194 2.0159986544389143e-273 1.6716989476075545e-62 1.4343354187426594e-224 0.041977152973128457 2.0526833702014574e-130 5.769481390030837e-267 0.015564398373612676 67
4.038342761496733e-99 2.334308881467841e-192 8.069166327987837 1.2949588376388041e-104 1.4871037301555592e-305 7.956175685095866e-204 2.0159986544389143e-273 9.10108941685999e-86 2.316361082441643e-265 0.041977152973128457 1.0859058172532348e-220 5.769481390030837e-267 6.343413054410995e-278 67
4.038342761496733e-99 0.18 8.069166327987837 1.984689112123222e-129 0.0021366949563424954 1.0091894757432214e-92 1.0109401228879837e-88 9.10108941685999e-86 1.0511969277495446e-270 0.041977152973128457 6.903778735703827e-262 1.5134836878513587e-93 1.24 67
4.038342761496733e-99 3.2101436209745823e-121 2.646129190631849e-82 2.8779128479832243e-49 1.1912531832224978e-129 1.1683294808753655e-194 2.0159986544389143e-273 0.0004786708979814699 2.316361082441643e-265 2.1056283097988936e-176 6.903778735703827e-262 5.769481390030837e-267 6.343413054410995e-278 68
1.6638121241e-313 2.2756112555651842e-281 8.069166327987837 1.2949588376388041e-104 1.4871037301555592e-305 1.0091894757432214e-92 3.066986066632214e-226 0.0004786708979814699 1.0511969277495446e-270 0.96 6.999478751114356e-161 5.057300523694202e-185 0.015564398373612676 66
1.6638121241e-313 2.2756112555651842e-281 8.069166327987837 1.2949588376388041e-104 0.0021366949563424954 1.0091894757432214e-92 3.066986066632214e-226 1.6716989476075545e-62 1.0511969277495446e-270 2.3428728611042024e-113 1.0859058172532348e-220 1.5134836878513587e-93 0.015564398373612676 66
4.038342761496733e-99 2.334308881467841e-192 8.069166327987837 1.2949588376388041e-104 1.4871037301555592e-305 1.0091894757432214e-92 3.066986066632214e-226 9.10108941685999e-86 1.0511969277495446e-270 0.041977152973128457 1.0859058172532348e-220 5.057300523694202e-185 1.2904925422285586e-213 67
1.6638121241e-313 2.2756112555651842e-281 2.646129190631849e-82 1.2949588376388041e-104 0.0021366949563424954 1.0091894757432214e-92 2.173183737790514e-250 9.10108941685999e-86 1.4343354187426594e-224 2.1056283097988936e-176 1.0859058172532348e-220 1.2970195104661256e-248 0.015564398373612676 66
4.038342761496733e-99 2.334308881467841e-192 5.296158225146618e-112 1.2949588376388041e-104 0.0021366949563424954 7.956175685095866e-204 2.173183737790514e-250 0.0004786708979814699 2.316361082441643e-265 0.041977152973128457 6.999478751114356e-161 5.057300523694202e-185 6.343413054410995e-278 67
0.04 2.334308881467841e-192 8.069166327987837 1.2949588376388041e-104 1.4871037301555592e-305 1.0091894757432214e-92 3.066986066632214e-226 9.10108941685999e-86 1.0511969277495446e-270 2.1056283097988936e-176 1.0859058172532348e-220 8.941431325164004e-67 6.343413054410995e-278 67
4.038342761496733e-99 2.2756112555651842e-281 8.069166327987837 1.2083320063274192e-175 1.4871037301555592e-305 1.1683294808753655e-194 2.173183737790514e-250 0.0004786708979814699 2.274900005359642e-18 0.041977152973128457 2.0526833702014574e-130 5.057300523694202e-185 6.343413054410995e-278 67
9.288777162960823e-80 7.698766046115008e-269 8.069166327987837 1.2083320063274192e-175 0.0021366949563424954 1.1683294808753655e-194 2.0159986544389143e-273 0.0004786708979814699 1.4343354187426594e-224 0.041977152973128457 6.903778735703827e-262 5.769481390030837e-267 0.015564398373612676 68
4.038342761496733e-99 7.698766046115008e-269 8.069166327987837 1.984689112123222e-129 1.1912531832224978e-129 1.0091894757432214e-92 2.2409973955503054e-23 9.10108941685999e-86 1.441969634826266e-82 0.041977152973128457 6.903778735703827e-262 1.2970195104661256e-248 1.2904925422285586e-213 67
1.6638121241e-313 3.2101436209745823e-121 7.93569769311503e-19 2.8779128479832243e-49 1.1912531832224978e-129 7.956175685095866e-204 2.0159986544389143e-273 0.0004786708979814699 1.4343354187426594e-224 3.615956127792044e-193 6.903778735703827e-262 5.769481390030837e-267 6.343413054410995e-278 68
4.038342761496733e-99 2.334308881467841e-192 8.069166327987837 2.8779128479832243e-49 1.4871037301555592e-305 7.956175685095866e-204 2.173183737790514e-250 0.78 1.4343354187426594e-224 0.041977152973128457 1.0859058172532348e-220 8.941431325164004e-67 1.2904925422285586e-213 67
3.604117639689159e-17 7.698766046115008e-269 8.069166327987837 1.984689112123222e-129 1.4871037301555592e-305 1.1683294808753655e-194 2.0159986544389143e-273 1.6716989476075545e-62 2.316361082441643e-265 2.3428728611042024e-113 6.903778735703827e-262 5.057300523694202e-185 0.015564398373612676 68
1.6638121241e-313 2.334308881467841e-192 5.296158225146618e-112 1.2949588376388041e-104 0.0021366949563424954 1.0091894757432214e-92 3.066986066632214e-226 9.10108941685999e-86 1.0511969277495446e-270 2.3428728611042024e-113 2.0526833702014574e-130 1.5134836878513587e-93 0.015564398373612676 66
1.6638121241e-313 2.2756112555651842e-281 8.069166327987837 1.2949588376388041e-104 0.0021366949563424954 1.0091894757432214e-92 3.066986066632214e-226 9.10108941685999e-86 2.274900005359642e-18 0.041977152973128457 1.0859058172532348e-220 1.2970195104661256e-248 0.015564398373612676 66
4.038342761496733e-99 3.2101436209745823e-121 8.069166327987837 1.2083320063274192e-175 1.4871037301555592e-305 7.956175685095866e-204 2.173183737790514e-250 0.78 1.4343354187426594e-224 0.041977152973128457 6.903778735703827e-262 5.057300523694202e-185 1.24 67
1.6638121241e-313 2.2756112555651842e-281 8.069166327987837 1.2949588376388041e-104 0.0021366949563424954 1.0091894757432214e-92 3.066986066632214e-226 9.10108941685999e-86 1.0511969277495446e-270 2.3428728611042024e-113 1.0859058172532348e-220 1.2970195104661256e-248 0.015564398373612676 66
0.04 2.2756112555651842e-281 7.93569769311503e-19 8.669567229301145e-29 0.0021366949563424954 7.956175685095866e-204 2.173183737790514e-250 9.10108941685999e-86 1.4343354187426594e-224 3.615956127792044e-193 6.903778735703827e-262 5.769481390030837e-267 6.343413054410995e-278 68
9.288777162960823e-80 7.698766046115008e-269 7.93569769311503e-19 1.2083320063274192e-175 0.0021366949563424954 1.0091894757432214e-92 1.0109401228879837e-88 3.570166307310187e-56 1.441969634826266e-82 0.041977152973128457 1.0859058172532348e-220 1.5134836878513587e-93 0.015564398373612676 66
4.038342761496733e-99 7.698766046115008e-269 8.069166327987837 1.2949588376388041e-104 2.4427583988207887e-43 1.1683294808753655e-194 2.0159986544389143e-273 0.0004786708979814699 2.316361082441643e-265 3.615956127792044e-193 6.903778735703827e-262 5.769481390030837e-267 0.015564398373612676 68
4.038342761496733e-99 2.2756112555651842e-281 8.069166327987837 1.2083320063274192e-175 1.4871037301555592e-305 1.1683294808753655e-194 2.173183737790514e-250 0.0004786708979814699 2.274900005359642e-18 0.041977152973128457 1.0859058172532348e-220 5.057300523694202e-185 6.343413054410995e-278 67
1.6638121241e-313 2.2756112555651842e-281 0.28 2.8779128479832243e-49 0.0021366949563424954 1.0091894757432214e-92 2.173183737790514e-250 0.0004786708979814699 1.0511969277495446e-270 3.615956127792044e-193 6.903778735703827e-262 5.769481390030837e-267 1.2904925422285586e-213 68
0.04 2.2756112555651842e-281 7.93569769311503e-19 8.669567229301145e-29 0.0021366949563424954 7.956175685095866e-204 2.173183737790514e-250 9.10108941685999e-86 1.4343354187426594e-224 3.615956127792044e-193 6.903778735703827e-262 5.769481390030837e-267 6.343413054410995e-278 68
0.04 2.334308881467841e-192 8.069166327987837 1.2949588376388041e-104 0.0021366949563424954 0.58 1.0109401228879837e-88 9.10108941685999e-86 1.4343354187426594e-224 0.041977152973128457 6.999478751114356e-161 5.057300523694202e-185 0.015564398373612676 66
9.288777162960823e-80 7.698766046115008e-269 8.069166327987837 1.2083320063274192e-175 0.0021366949563424954 1.1683294808753655e-194 2.0159986544389143e-273 0.0004786708979814699 1.4343354187426594e-224 0.041977152973128457 6.903778735703827e-262 5.769481390030837e-267 0.015564398373612676 68
1.6638121241e-313 3.2101436209745823e-121 8.069166327987837 1.2949588376388041e-104 1.4871037301555592e-305 1.0091894757432214e-92 1.0109401228879837e-88 9.10108941685999e-86 1.4343354187426594e-224 0.041977152973128457 2.0526833702014574e-130 8.941431325164004e-67 0.015564398373612676 66
4.038342761496733e-99 2.334308881467841e-192 8.069166327987837 1.2949588376388041e-104 1.4871037301555592e-305 7.956175685095866e-204 2.0159986544389143e-273 9.10108941685999e-86 2.316361082441643e-265 0.041977152973128457 1.0859058172532348e-220 5.769481390030837e-267 6.343413054410995e-278 67
4.038342761496733e-99 3.2101436209745823e-121 5.296158225146618e-112 1.2083320063274192e-175 1.4871037301555592e-305 1.1683294808753655e-194 2.0159986544389143e-273 0.0004786708979814699 2.316361082441643e-265 0.041977152973128457 6.903778735703827e-262 5.769481390030837e-267 0.015564398373612676 68
3.604117639689159e-17 7.698766046115008e-269 8.069166327987837 1.984689112123222e-129 1.4871037301555592e-305 1.1683294808753655e-194 2.0159986544389143e-273 1.6716989476075545e-62 2.316361082441643e-265 2.3428728611042024e-113 6.903778735703827e-262 5.057300523694202e-185 0.015564398373612676 68
4.038342761496733e-99 7.698766046115008e-269 8.069166327987837 1.2949588376388041e-104 1.4871037301555592e-305 1.1683294808753655e-194 2.173183737790514e-250 0.0004786708979814699 2.316361082441643e-265 0.041977152973128457 6.903778735703827e-262 5.057300523694202e-185 6.343413054410995e-278 67
4.038342761496733e-99 7.698766046115008e-269 0.28 1.2083320063274192e-175 1.1912531832224978e-129 1.1683294808753655e-194 2.0159986544389143e-273 0.0004786708979814699 2.316361082441643e-265 0.041977152973128457 6.903778735703827e-262 5.057300523694202e-185 1.005479021619033e-25 68
4.038342761496733e-99 7.698766046115008e-269 2.646129190631849e-82 1.2083320063274192e-175 0.0021366949563424954 1.1683294808753655e-194 2.0159986544389143e-273 0.0004786708979814699 2.316361082441643e-265 2.3428728611042024e-113 2.0526833702014574e-130 5.057300523694202e-185 1.24 68
4.038342761496733e-99 2.334308881467841e-192 8.069166327987837 1.984689112123222e-129 1.4871037301555592e-305 7.956175685095866e-204 2.173183737790514e-250 9.10108941685999e-86 2.316361082441643e-265 0.041977152973128457 1.0859058172532348e-220 1.2970195104661256e-248 6.343413054410995e-278 67
3.604117639689159e-17 7.698766046115008e-269 8.069166327987837 1.2083320063274192e-175 1.4871037301555592e-305 7.956175685095866e-204 2.0159986544389143e-273 0.0004786708979814699 1.4343354187426594e-224 3.615956127792044e-193 6.903778735703827e-262 5.769481390030837e-267 1.2904925422285586e-213 68
4.038342761496733e-99 7.698766046115008e-269 8.069166327987837 1.2949588376388041e-104 1.4871037301555592e-305 7.956175685095866e-204 2.173183737790514e-250 1.6716989476075545e-62 1.441969634826266e-82 0.041977152973128457 3.0285297970687307e-87 8.941431325164004e-67 1.24 67
4.038342761496733e-99 2.2756112555651842e-281 8.069166327987837 1.2083320063274192e-175 1.4871037301555592e-305 7.956175685095866e-204 2.173183737790514e-250 9.10108941685999e-86 1.4343354187426594e-224 0.041977152973128457 1.0859058172532348e-220 1.2970195104661256e-248 1.2904925422285586e-213 67
9.288777162960823e-80 7.698766046115008e-269 7.93569769311503e-19 1.2083320063274192e-175 0.0021366949563424954 1.0091894757432214e-92 1.0109401228879837e-88 3.570166307310187e-56 1.441969634826266e-82 0.041977152973128457 1.0859058172532348e-220 1.5134836878513587e-93 0.015564398373612676 66
4.038342761496733e-99 0.18 2.646129190631849e-82 1.2949588376388041e-104 0.0021366949563424954 0.58 2.173183737790514e-250 9.10108941685999e-86 1.0511969277495446e-270 0.041977152973128457 1.0859058172532348e-220 1.2970195104661256e-248 0.015564398373612676 66
1.6638121241e-313 3.2101436209745823e-121 8.069166327987837 1.2083320063274192e-175 2.4427583988207887e-43 1.1683294808753655e-194 2.0159986544389143e-273 0.0004786708979814699 2.316361082441643e-265 3.615956127792044e-193 6.903778735703827e-262 5.769481390030837e-267 0.015564398373612676 68
1.6638121241e-313 2.2756112555651842e-281 5.296158225146618e-112 1.2083320063274192e-175 0.0021366949563424954 1.0091894757432214e-92 2.2409973955503054e-23 9.10108941685999e-86 1.0511969277495446e-270 2.3428728611042024e-113 3.0285297970687307e-87 8.941431325164004e-67 0.015564398373612676 66
4.038342761496733e-99 3.2101436209745823e-121 8.069166327987837 1.2083320063274192e-175 1.4871037301555592e-305 7.956175685095866e-204 2.173183737790514e-250 0.78 1.4343354187426594e-224 0.041977152973128457 6.903778735703827e-262 5.057300523694202e-185 1.24 67
4.038342761496733e-99 2.2756112555651842e-281 8.069166327987837 1.2083320063274192e-175 1.4871037301555592e-305 1.1683294808753655e-194 2.173183737790514e-250 0.0004786708979814699 1.4343354187426594e-224 0.041977152973128457 3.0285297970687307e-87 5.769481390030837e-267 6.343413054410995e-278 67
4.038342761496733e-99 2.334308881467841e-192 8.069166327987837 1.2949588376388041e-104 1.4871037301555592e-305 1.3008638207737268e-32 2.173183737790514e-250 3.570166307310187e-56 1.0511969277495446e-270 0.041977152973128457 2.0526833702014574e-130 8.941431325164004e-67 6.343413054410995e-278 67
4.038342761496733e-99 2.2756112555651842e-281 8.069166327987837 1.984689112123222e-129 1.4871037301555592e-305 1.0091894757432214e-92 2.173183737790514e-250 1.6716989476075545e-62 1.4343354187426594e-224 0.041977152973128457 3.0285297970687307e-87 5.057300523694202e-185 6.343413054410995e-278 67
1.6638121241e-313 7.698766046115008e-269 0.28 2.8779128479832243e-49 1.1912531832224978e-129 1.1683294808753655e-194 2.0159986544389143e-273 0.0004786708979814699 2.316361082441643e-265 0.041977152973128457 2.0526833702014574e-130 5.769481390030837e-267 6.343413054410995e-278 68
9.288777162960823e-80 2.2756112555651842e-281 2.646129190631849e-82 1.2949588376388041e-104 0.0021366949563424954 1.0091894757432214e-92 3.066986066632214e-226 9.10108941685999e-86 2.274900005359642e-18 2.3428728611042024e-113 1.0859058172532348e-220 1.5134836878513587e-93 0.015564398373612676 66
1.6638121241e-313 2.2756112555651842e-281 0.28 1.2949588376388041e-104 0.0021366949563424954 1.0091894757432214e-92 3.066986066632214e-226 9.10108941685999e-86 1.4343354187426594e-224 3.615956127792044e-193 6.999478751114356e-161 1.5134836878513587e-93 0.015564398373612676 66
4.038342761496733e-99 2.334308881467841e-192 8.069166327987837 1.984689112123222e-129 1.4871037301555592e-305 7.956175685095866e-204 2.173183737790514e-250 9.10108941685999e-86 2.316361082441643e-265 0.041977152973128457 1.0859058172532348e-220 1.2970195104661256e-248 6.343413054410995e-278 67
3.604117639689159e-17 2.2756112555651842e-281 8.069166327987837 1.2949588376388041e-104 2.4427583988207887e-43 0.58 2.173183737790514e-250 9.10108941685999e-86 1.4343354187426594e-224 0.041977152973128457 1.0859058172532348e-220 5.057300523694202e-185 0.015564398373612676 66
1.6638121241e-313 7.698766046115008e-269 8.069166327987837 1.2083320063274192e-175 1.4871037301555592e-305 1.1683294808753655e-194 2.0159986544389143e-273 0.78 2.316361082441643e-265 3.615956127792044e-193 6.903778735703827e-262 5.769481390030837e-267 1.005479021619033e-25 68
9.288777162960823e-80 2.2756112555651842e-281 7.93569769311503e-19 1.2949588376388041e-104 0.0021366949563424954 1.0091894757432214e-92 1.0109401228879837e-88 1.6716989476075545e-62 1.4343354187426594e-224 0.041977152973128457 1.0859058172532348e-220 5.057300523694202e-185 0.015564398373612676 66
1.6638121241e-313 2.2756112555651842e-281 0.28 1.984689112123222e-129 0.0021366949563424954 1.0091894757432214e-92 3.066986066632214e-226 9.10108941685999e-86 1.0511969277495446e-270 2.3428728611042024e-113 1.0859058172532348e-220 5.057300523694202e-185 0.015564398373612676 66
1.6638121241e-313 3.2101436209745823e-121 8.069166327987837 1.2949588376388041e-104 0.0021366949563424954 1.0091894757432214e-92 1.0109401228879837e-88 9.10108941685999e-86 1.4343354187426594e-224 2.1056283097988936e-176 2.0526833702014574e-130 1.2970195104661256e-248 0.015564398373612676 66
4.038342761496733e-99 7.698766046115008e-269 5.296158225146618e-112 1.2083320063274192e-175 0.0021366949563424954 1.0091894757432214e-92 2.173183737790514e-250 1.6716989476075545e-62 1.4343354187426594e-224 0.041977152973128457 6.903778735703827e-262 1.2970195104661256e-248 6.343413054410995e-278 67
1.6638121241e-313 3.2101436209745823e-121 8.069166327987837 1.2083320063274192e-175 2.4427583988207887e-43 1.1683294808753655e-194 2.0159986544389143e-273 0.0004786708979814699 2.316361082441643e-265 3.615956127792044e-193 6.903778735703827e-262 5.769481390030837e-267 0.015564398373612676 68
4.038342761496733e-99 0.18 2.646129190631849e-82 1.2949588376388041e-104 0.0021366949563424954 0.58 2.173183737790514e-250 9.10108941685999e-86 1.0511969277495446e-270 0.041977152973128457 1.0859058172532348e-220 1.2970195104661256e-248 0.015564398373612676 66
1.6638121241e-313 2.2756112555651842e-281 8.069166327987837 1.2949588376388041e-104 0.0021366949563424954 1.0091894757432214e-92 3.066986066632214e-226 9.10108941685999e-86 1.441969634826266e-82 3.615956127792044e-193 1.0859058172532348e-220 8.941431325164004e-67 0.015564398373612676 66
1.6638121241e-313 2.2756112555651842e-281 8.069166327987837 1.2949588376388041e-104 0.0021366949563424954 1.0091894757432214e-92 3.066986066632214e-226 9.10108941685999e-86 1.441969634826266e-82 3.615956127792044e-193 1.0859058172532348e-220 8.941431325164004e-67 0.015564398373612676 66
1.6638121241e-313 2.2756112555651842e-281 2.646129190631849e-82 1.2949588376388041e-104 2.4427583988207887e-43 1.0091894757432214e-92 3.066986066632214e-226 9.10108941685999e-86 1.0511969277495446e-270 2.3428728611042024e-113 6.999478751114356e-161 1.2970195104661256e-248 0.015564398373612676 66
4.038342761496733e-99 2.334308881467841e-192 8.069166327987837 1.2949588376388041e-104 1.4871037301555592e-305 1.0091894757432214e-92 2.173183737790514e-250 9.10108941685999e-86 2.274900005359642e-18 0.041977152973128457 6.999478751114356e-161 5.057300523694202e-185 6.343413054410995e-278 67
1.6638121241e-313 2.2756112555651842e-281 8.069166327987837 1.2949588376388041e-104 1.4871037301555592e-305 1.0091894757432214e-92 3.066986066632214e-226 0.0004786708979814699 1.0511969277495446e-270 0.96 6.999478751114356e-161 5.057300523694202e-185 0.015564398373612676 66
1.6638121241e-313 7.698766046115008e-269 0.28 2.8779128479832243e-49 0.0021366949563424954 1.1683294808753655e-194 2.0159986544389143e-273 3.570166307310187e-56 1.4343354187426594e-224 3.615956127792044e-193 6.903778735703827e-262 5.769481390030837e-267 0.015564398373612676 68
9.288777162960823e-80 7.698766046115008e-269 8.069166327987837 1.984689112123222e-129 0.0021366949563424954 1.1683294808753655e-194 2.0159986544389143e-273 0.0004786708979814699 1.4343354187426594e-224 3.615956127792044e-193 6.903778735703827e-262 5.769481390030837e-267 0.015564398373612676 68
4.038342761496733e-99 2.334308881467841e-192 5.296158225146618e-112 1.2949588376388041e-104 0.0021366949563424954 7.956175685095866e-204 2.173183737790514e-250 0.0004786708979814699 2.316361082441643e-265 0.041977152973128457 6.999478751114356e-161 5.057300523694202e-185 6.343413054410995e-278 67
1.6638121241e-313 2.2756112555651842e-281 5.296158225146618e-112 1.2949588376388041e-104 0.0021366949563424954 1.0091894757432214e-92 3.066986066632214e-226 9.10108941685999e-86 1.441969634826266e-82 3.615956127792044e-193 6.999478751114356e-161 1.5134836878513587e-93 0.015564398373612676 66
4.038342761496733e-99 2.2756112555651842e-281 5.296158225146618e-112 1.2949588376388041e-104 2.4427583988207887e-43 1.0091894757432214e-92 2.173183737790514e-250 9.10108941685999e-86 1.4343354187426594e-224 0.041977152973128457 1.0859058172532348e-220 1.2970195104661256e-248 0.015564398373612676 66
4.038342761496733e-99 7.698766046115008e-269 8.069166327987837 1.2083320063274192e-175 0.0021366949563424954 1.1683294808753655e-194 2.0159986544389143e-273 9.10108941685999e-86 2.316361082441643e-265 2.1056283097988936e-176 6.903778735703827e-262 5.769481390030837e-267 1.005479021619033e-25 68
4.038342761496733e-99 7.698766046115008e-269 5.296158225146618e-112 1.2083320063274192e-175 0.0021366949563424954 1.1683294808753655e-194 2.173183737790514e-250 9.10108941685999e-86 1.4343354187426594e-224 3.615956127792044e-193 6.903778735703827e-262 5.769481390030837e-267 6.343413054410995e-278 68
4.038342761496733e-99 7.698766046115008e-269 2.646129190631849e-82 1.2083320063274192e-175 0.0021366949563424954 1.1683294808753655e-194 2.0159986544389143e-273 0.0004786708979814699 2.316361082441643e-265 2.3428728611042024e-113 2.0526833702014574e-130 5.057300523694202e-185 1.24 68
4.038342761496733e-99 2.334308881467841e-192 2.646129190631849e-82 1.2949588376388041e-104 2.4427583988207887e-43 7.956175685095866e-204 2.173183737790514e-250 9.10108941685999e-86 1.0511969277495446e-270 0.041977152973128457 6.903778735703827e-262 8.941431325164004e-67 6.343413054410995e-278 67
4.038342761496733e-99 2.2756112555651842e-281 2.646129190631849e-82 8.669567229301145e-29 1.4871037301555592e-305 7.956175685095866e-204 2.173183737790514e-250 3.570166307310187e-56 1.4343354187426594e-224 0.041977152973128457 6.999478751114356e-161 8.941431325164004e-67 1.24 67
4.038342761496733e-99 2.2756112555651842e-281 2.646129190631849e-82 8.669567229301145e-29 0.5 1.0091894757432214e-92 3.066986066632214e-226 9.10108941685999e-86 1.0511969277495446e-270 0.041977152973128457 6.999478751114356e-161 1.2970195104661256e-248 0.015564398373612676 67
1.6638121241e-313 2.2756112555651842e-281 2.646129190631849e-82 1.984689112123222e-129 0.0021366949563424954 1.0091894757432214e-92 3.066986066632214e-226 3.570166307310187e-56 2.274900005359642e-18 2.3428728611042024e-113 1.0859058172532348e-220 5.057300523694202e-185 0.015564398373612676 66
4.038342761496733e-99 2.334308881467841e-192 8.069166327987837 1.2949588376388041e-104 1.4871037301555592e-305 1.0091894757432214e-92 2.173183737790514e-250 9.10108941685999e-86 1.4343354187426594e-224 0.041977152973128457 6.999478751114356e-161 8.941431325164004e-67 6.343413054410995e-278 67
1.6638121241e-313 7.698766046115008e-269 2.646129190631849e-82 1.2949588376388041e-104 0.0021366949563424954 1.0091894757432214e-92 3.066986066632214e-226 9.10108941685999e-86 2.274900005359642e-18 2.1056283097988936e-176 3.0285297970687307e-87 1.2970195104661256e-248 0.015564398373612676 66
4.038342761496733e-99 2.334308881467841e-192 8.069166327987837 1.2949588376388041e-104 1.4871037301555592e-305 1.0091894757432214e-92 3.066986066632214e-226 9.10108941685999e-86 1.441969634826266e-82 0.041977152973128457 6.999478751114356e-161 1.5134836878513587e-93 6.343413054410995e-278 67
1.6638121241e-313 3.2101436209745823e-121 8.069166327987837 1.2949588376388041e-104 0.0021366949563424954 1.0091894757432214e-92 1.0109401228879837e-88 9.10108941685999e-86 1.4343354187426594e-224 2.1056283097988936e-176 2.0526833702014574e-130 1.2970195104661256e-248 0.015564398373612676 66
9.288777162960823e-80 7.698766046115008e-269 8.069166327987837 1.984689112123222e-129 0.0021366949563424954 1.1683294808753655e-194 2.0159986544389143e-273 0.0004786708979814699 1.4343354187426594e-224 3.615956127792044e-193 6.903778735703827e-262 5.769481390030837e-267 0.015564398373612676 68
0.04 3.2101436209745823e-121 8.069166327987837 1.2083320063274192e-175 0.0021366949563424954 1.1683294808753655e-194 2.173183737790514e-250 1.6716989476075545e-62 2.316361082441643e-265 3.615956127792044e-193 6.903778735703827e-262 5.769481390030837e-267 6.343413054410995e-278 68
