8.54555373882378e-10 2.3044308689865103e-11 4.706959793838138e-103 6.301178868281588e-157 3.7764310822401e-91 1.1370537159829562e-188 1.3856651908378764e-275 1.7771034965634736e-67 5.0754487742375666e-24 5.495562198879822e-137 3.741177467878449e-268 1.391565719965937e-224 4.1286370813772336e-78 66
1.0869475256521866e-198 2.3044308689865103e-11 3.645662095193733e-138 1.0324630373499234e-208 5.267820033235831e-157 3.214772876546707e-234 2.753410449710699e-305 1.8564979775946583e-79 5.064e-321 1.217464139691557e-89 8.848822103565812e-199 1.391565719965937e-224 2.0081469001168163e-10 67
1.0869475256521866e-198 2.37e-322 7.536646315974347e-134 1.0967521873414786e-213 3.7764310822401e-91 3.214772876546707e-234 2.753410449710699e-305 4.124607915455158e-173 9.975055417502553e-274 9.949657072505899e-233 5.5668803e-316 5.6000000000000005e-09 2.0081469001168163e-10 68
1.0869475256521866e-198 2.3044308689865103e-11 3.645662095193733e-138 1.0967521873414786e-213 3.7764310822401e-91 1.832367059094612e-245 2.753410449710699e-305 1.8564979775946583e-79 9.975055417502553e-274 1.217464139691557e-89 3.741177467878449e-268 1.3670491163754571e-114 2.0081469001168163e-10 67
1.0869475256521866e-198 6.458726426104824e-233 3.645662095193733e-138 1.0324630373499234e-208 0.5 1.832367059094612e-245 2.753410449710699e-305 1.8564979775946583e-79 1.9688955961917164e-10 1.217464139691557e-89 3.741177467878449e-268 1.391565719965937e-224 4.1286370813772336e-78 67
1.0869475256521866e-198 5.8535915996427494e-148 3.645662095193733e-138 1.0967521873414786e-213 6.913292606959531e-11 3.214772876546707e-234 2.753410449710699e-305 4.875212605652369e-75 9.975055417502553e-274 1.217464139691557e-89 5.5668803e-316 5.6000000000000005e-09 2.0081469001168163e-10 67
1.0869475256521866e-198 2.3044308689865103e-11 3.645662095193733e-138 1.0324630373499234e-208 3.7764310822401e-91 1.1370537159829562e-188 2.753410449710699e-305 4.124607915455158e-173 9.975055417502553e-274 1.217464139691557e-89 3.741177467878449e-268 1.3670491163754571e-114 2.0081469001168163e-10 67
1.0869475256521866e-198 6.458726426104824e-233 3.645662095193733e-138 1.0967521873414786e-213 3.7764310822401e-91 1.1370537159829562e-188 2.753410449710699e-305 4.124607915455158e-173 5.0754487742375666e-24 1.217464139691557e-89 3.741177467878449e-268 5.703114510813062e-83 4.1286370813772336e-78 67
8.54555373882378e-10 2.3044308689865103e-11 0.28 1.432524018414469e-60 3.7764310822401e-91 1.1370537159829562e-188 2.753410449710699e-305 4.875212605652369e-75 1.9688955961917164e-10 9.949657072505899e-233 5.5668803e-316 5.6000000000000005e-09 3.6398828069429286e-257 68
1.0869475256521866e-198 2.3044308689865103e-11 3.645662095193733e-138 1.0967521873414786e-213 6.913292606959531e-11 1.1370537159829562e-188 1.3856651908378764e-275 1.7771034965634736e-67 5.0754487742375666e-24 1.217464139691557e-89 5.5668803e-316 1.3670491163754571e-114 2.0081469001168163e-10 67
1.0869475256521866e-198 5.8535915996427494e-148 0.28 1.9342364175769714e-34 3.7764310822401e-91 1.832367059094612e-245 2.753410449710699e-305 4.875212605652369e-75 5.0754487742375666e-24 1.217464139691557e-89 3.980310478817821e-106 5.703114510813062e-83 2.0081469001168163e-10 67
1.0869475256521866e-198 2.37e-322 3.645662095193733e-138 1.0324630373499234e-208 6.913292606959531e-11 1.832367059094612e-245 2.753410449710699e-305 1.8564979775946583e-79 1.6013730909139267e-99 1.217464139691557e-89 3.980310478817821e-106 5.703114510813062e-83 1.24 67
1.0869475256521866e-198 6.458726426104824e-233 3.645662095193733e-138 1.0324630373499234e-208 6.913292606959531e-11 1.832367059094612e-245 1.8026706891777615e-10 4.124607915455158e-173 5.064e-321 1.217464139691557e-89 3.741177467878449e-268 5.6000000000000005e-09 2.0081469001168163e-10 67
1.0869475256521866e-198 6.458726426104824e-233 0.28 6.301178868281588e-157 6.023303913071604e-51 1.1370537159829562e-188 1.3856651908378764e-275 4.124607915455158e-173 1.9688955961917164e-10 1.217464139691557e-89 3.980310478817821e-106 5.703114510813062e-83 3.6398828069429286e-257 67
1.0869475256521866e-198 6.458726426104824e-233 7.536646315974347e-134 1.0967521873414786e-213 6.913292606959531e-11 1.1370537159829562e-188 2.753410449710699e-305 0.78 9.975055417502553e-274 1.217464139691557e-89 3.741177467878449e-268 1.391565719965937e-224 2.0081469001168163e-10 67
1.0869475256521866e-198 6.458726426104824e-233 3.645662095193733e-138 1.0324630373499234e-208 3.7764310822401e-91 1.832367059094612e-245 1.8026706891777615e-10 4.875212605652369e-75 5.064e-321 1.217464139691557e-89 8.848822103565812e-199 5.6000000000000005e-09 3.6398828069429286e-257 67
1.0869475256521866e-198 6.458726426104824e-233 7.536646315974347e-134 1.0967521873414786e-213 6.913292606959531e-11 1.1370537159829562e-188 2.753410449710699e-305 4.875212605652369e-75 5.064e-321 1.217464139691557e-89 3.980310478817821e-106 5.703114510813062e-83 2.0081469001168163e-10 67
8.54555373882378e-10 2.3044308689865103e-11 3.645662095193733e-138 1.0324630373499234e-208 6.913292606959531e-11 1.1370537159829562e-188 4.9998098630788975e-29 4.124607915455158e-173 5.0754487742375666e-24 5.495562198879822e-137 3.741177467878449e-268 1.3670491163754571e-114 4.1286370813772336e-78 66
8.54555373882378e-10 2.3044308689865103e-11 4.706959793838138e-103 1.0967521873414786e-213 6.913292606959531e-11 1.1370537159829562e-188 1.8026706891777615e-10 4.875212605652369e-75 1.9688955961917164e-10 9.949657072505899e-233 5.5668803e-316 5.6000000000000005e-09 3.6398828069429286e-257 68
8.54555373882378e-10 2.3044308689865103e-11 4.706959793838138e-103 1.432524018414469e-60 6.913292606959531e-11 1.1370537159829562e-188 1.3856651908378764e-275 4.124607915455158e-173 1.6013730909139267e-99 1.217464139691557e-89 8.848822103565812e-199 5.703114510813062e-83 2.0081469001168163e-10 67
1.0869475256521866e-198 2.3044308689865103e-11 3.645662095193733e-138 1.0324630373499234e-208 3.7764310822401e-91 1.1370537159829562e-188 2.753410449710699e-305 4.124607915455158e-173 9.975055417502553e-274 1.217464139691557e-89 3.741177467878449e-268 1.3670491163754571e-114 2.0081469001168163e-10 67
4.438399144390249e-20 2.3044308689865103e-11 3.645662095193733e-138 1.0324630373499234e-208 6.023303913071604e-51 0.58 2.753410449710699e-305 4.124607915455158e-173 9.975055417502553e-274 1.217464139691557e-89 3.741177467878449e-268 1.391565719965937e-224 4.1286370813772336e-78 66
1.0869475256521866e-198 2.37e-322 3.645662095193733e-138 1.0324630373499234e-208 6.913292606959531e-11 3.214772876546707e-234 2.753410449710699e-305 4.875212605652369e-75 5.064e-321 1.217464139691557e-89 5.5668803e-316 1.391565719965937e-224 2.0081469001168163e-10 67
8.54555373882378e-10 2.3044308689865103e-11 3.645662095193733e-138 1.0324630373499234e-208 3.7764310822401e-91 1.1370537159829562e-188 1.438608483534016e-110 0.78 1.9688955961917164e-10 1.217464139691557e-89 8.848822103565812e-199 1.3670491163754571e-114 4.1286370813772336e-78 66
8.54555373882378e-10 5.8535915996427494e-148 1.770505386361942e-24 1.432524018414469e-60 5.267820033235831e-157 1.832367059094612e-245 1.8026706891777615e-10 4.875212605652369e-75 9.975055417502553e-274 9.949657072505899e-233 5.5668803e-316 5.6000000000000005e-09 2.0081469001168163e-10 68
1.0869475256521866e-198 6.458726426104824e-233 3.645662095193733e-138 1.0324630373499234e-208 0.5 1.832367059094612e-245 2.753410449710699e-305 4.124607915455158e-173 1.9688955961917164e-10 1.217464139691557e-89 8.848822103565812e-199 5.703114510813062e-83 4.1286370813772336e-78 67
1.0869475256521866e-198 2.3044308689865103e-11 3.645662095193733e-138 1.0967521873414786e-213 6.913292606959531e-11 3.214772876546707e-234 2.753410449710699e-305 4.875212605652369e-75 5.0754487742375666e-24 1.217464139691557e-89 1.1347041665486175e-158 1.391565719965937e-224 2.0081469001168163e-10 67
8.54555373882378e-10 2.3044308689865103e-11 3.645662095193733e-138 1.0324630373499234e-208 3.7764310822401e-91 1.1370537159829562e-188 1.3856651908378764e-275 4.124607915455158e-173 1.9688955961917164e-10 5.495562198879822e-137 3.741177467878449e-268 1.3073899747491713e-303 4.1286370813772336e-78 66
1.0869475256521866e-198 6.458726426104824e-233 3.645662095193733e-138 1.0324630373499234e-208 3.7764310822401e-91 1.832367059094612e-245 2.753410449710699e-305 4.124607915455158e-173 9.975055417502553e-274 1.217464139691557e-89 8.848822103565812e-199 5.703114510813062e-83 2.0081469001168163e-10 67
1.0869475256521866e-198 6.458726426104824e-233 3.645662095193733e-138 1.432524018414469e-60 6.913292606959531e-11 1.832367059094612e-245 2.753410449710699e-305 0.78 9.975055417502553e-274 1.217464139691557e-89 3.741177467878449e-268 5.703114510813062e-83 3.6398828069429286e-257 67
1.0869475256521866e-198 6.458726426104824e-233 3.645662095193733e-138 1.0324630373499234e-208 6.913292606959531e-11 3.214772876546707e-234 2.753410449710699e-305 4.124607915455158e-173 9.975055417502553e-274 1.217464139691557e-89 3.741177467878449e-268 1.391565719965937e-224 1.24 67
8.54555373882378e-10 2.3044308689865103e-11 3.645662095193733e-138 1.0324630373499234e-208 3.7764310822401e-91 1.1370537159829562e-188 1.3856651908378764e-275 4.124607915455158e-173 1.9688955961917164e-10 9.949657072505899e-233 8.848822103565812e-199 5.703114510813062e-83 4.1286370813772336e-78 66
1.0869475256521866e-198 2.3044308689865103e-11 3.645662095193733e-138 1.0324630373499234e-208 6.913292606959531e-11 1.832367059094612e-245 2.753410449710699e-305 4.124607915455158e-173 5.0754487742375666e-24 1.217464139691557e-89 3.741177467878449e-268 5.703114510813062e-83 4.1286370813772336e-78 67
1.0315610978904872e-96 2.37e-322 3.645662095193733e-138 1.0967521873414786e-213 3.7764310822401e-91 3.214772876546707e-234 1.8026706891777615e-10 4.875212605652369e-75 9.975055417502553e-274 1.217464139691557e-89 5.5668803e-316 5.6000000000000005e-09 4.1286370813772336e-78 68
1.0869475256521866e-198 2.3044308689865103e-11 3.645662095193733e-138 1.0967521873414786e-213 6.913292606959531e-11 1.1370537159829562e-188 1.3856651908378764e-275 1.7771034965634736e-67 5.0754487742375666e-24 1.217464139691557e-89 5.5668803e-316 1.3670491163754571e-114 2.0081469001168163e-10 67
8.54555373882378e-10 2.37e-322 3.645662095193733e-138 6.301178868281588e-157 6.913292606959531e-11 3.214772876546707e-234 1.8026706891777615e-10 4.875212605652369e-75 5.064e-321 5.495562198879822e-137 5.5668803e-316 5.6000000000000005e-09 1.24 68
8.54555373882378e-10 5.8535915996427494e-148 7.536646315974347e-134 1.0324630373499234e-208 3.7764310822401e-91 1.1370537159829562e-188 1.3856651908378764e-275 4.124607915455158e-173 1.9688955961917164e-10 2.8700975506511285e-212 1.1347041665486175e-158 1.3073899747491713e-303 4.1286370813772336e-78 66
8.54555373882378e-10 5.8535915996427494e-148 3.645662095193733e-138 1.0967521873414786e-213 6.023303913071604e-51 3.214772876546707e-234 1.8026706891777615e-10 4.875212605652369e-75 5.064e-321 9.949657072505899e-233 5.5668803e-316 5.6000000000000005e-09 4.1286370813772336e-78 68
8.54555373882378e-10 2.3044308689865103e-11 3.645662095193733e-138 1.0324630373499234e-208 3.7764310822401e-91 1.1370537159829562e-188 1.3856651908378764e-275 4.124607915455158e-173 1.9688955961917164e-10 5.495562198879822e-137 3.741177467878449e-268 1.3670491163754571e-114 4.1286370813772336e-78 66
1.0869475256521866e-198 0.18 4.706959793838138e-103 1.0324630373499234e-208 3.7764310822401e-91 0.58 2.753410449710699e-305 4.124607915455158e-173 1.9688955961917164e-10 1.217464139691557e-89 3.741177467878449e-268 1.3073899747491713e-303 4.1286370813772336e-78 66
8.54555373882378e-10 2.3044308689865103e-11 3.645662095193733e-138 1.0324630373499234e-208 3.7764310822401e-91 1.1370537159829562e-188 1.3856651908378764e-275 4.124607915455158e-173 1.9688955961917164e-10 5.495562198879822e-137 1.1347041665486175e-158 1.3073899747491713e-303 4.1286370813772336e-78 66
8.54555373882378e-10 5.8535915996427494e-148 7.536646315974347e-134 1.432524018414469e-60 3.7764310822401e-91 3.214772876546707e-234 1.8026706891777615e-10 4.875212605652369e-75 9.975055417502553e-274 9.949657072505899e-233 5.5668803e-316 5.6000000000000005e-09 4.1286370813772336e-78 68
8.54555373882378e-10 2.3044308689865103e-11 4.706959793838138e-103 1.0324630373499234e-208 6.913292606959531e-11 1.1370537159829562e-188 1.3856651908378764e-275 1.8564979775946583e-79 9.975055417502553e-274 1.217464139691557e-89 3.980310478817821e-106 5.703114510813062e-83 4.1286370813772336e-78 66
1.0869475256521866e-198 2.3044308689865103e-11 1.770505386361942e-24 1.432524018414469e-60 3.7764310822401e-91 1.1370537159829562e-188 1.438608483534016e-110 4.875212605652369e-75 1.9688955961917164e-10 1.217464139691557e-89 3.741177467878449e-268 5.703114510813062e-83 4.1286370813772336e-78 66
1.0315610978904872e-96 2.37e-322 3.645662095193733e-138 1.0967521873414786e-213 3.7764310822401e-91 3.214772876546707e-234 1.8026706891777615e-10 4.875212605652369e-75 9.975055417502553e-274 1.217464139691557e-89 5.5668803e-316 5.6000000000000005e-09 4.1286370813772336e-78 68
1.0869475256521866e-198 2.3044308689865103e-11 3.645662095193733e-138 1.0967521873414786e-213 6.913292606959531e-11 3.214772876546707e-234 2.753410449710699e-305 4.875212605652369e-75 5.0754487742375666e-24 1.217464139691557e-89 1.1347041665486175e-158 1.391565719965937e-224 2.0081469001168163e-10 67
8.54555373882378e-10 2.3044308689865103e-11 0.28 6.301178868281588e-157 0.5 1.1370537159829562e-188 4.9998098630788975e-29 4.875212605652369e-75 9.975055417502553e-274 0.96 8.848822103565812e-199 5.703114510813062e-83 4.1286370813772336e-78 66
1.0869475256521866e-198 2.3044308689865103e-11 3.645662095193733e-138 1.0324630373499234e-208 0.5 1.1370537159829562e-188 2.753410449710699e-305 4.124607915455158e-173 1.9688955961917164e-10 1.217464139691557e-89 3.741177467878449e-268 1.391565719965937e-224 4.1286370813772336e-78 67
0.04 6.458726426104824e-233 3.645662095193733e-138 1.0324630373499234e-208 3.7764310822401e-91 0.58 1.438608483534016e-110 4.124607915455158e-173 9.975055417502553e-274 1.217464139691557e-89 8.848822103565812e-199 1.391565719965937e-224 4.1286370813772336e-78 66
1.0869475256521866e-198 6.458726426104824e-233 3.645662095193733e-138 1.0324630373499234e-208 6.913292606959531e-11 1.1370537159829562e-188 2.753410449710699e-305 4.124607915455158e-173 5.0754487742375666e-24 1.217464139691557e-89 8.848822103565812e-199 1.391565719965937e-224 2.0081469001168163e-10 67
1.0869475256521866e-198 5.8535915996427494e-148 7.536646315974347e-134 1.0967521873414786e-213 6.913292606959531e-11 3.214772876546707e-234 1.8026706891777615e-10 4.875212605652369e-75 5.064e-321 9.949657072505899e-233 5.5668803e-316 5.6000000000000005e-09 3.6398828069429286e-257 68
1.0869475256521866e-198 2.37e-322 3.645662095193733e-138 1.0967521873414786e-213 6.913292606959531e-11 3.214772876546707e-234 2.753410449710699e-305 4.875212605652369e-75 9.975055417502553e-274 1.217464139691557e-89 1.1347041665486175e-158 1.3073899747491713e-303 2.0081469001168163e-10 67
4.438399144390249e-20 2.37e-322 3.645662095193733e-138 1.0967521873414786e-213 6.913292606959531e-11 1.832367059094612e-245 1.8026706891777615e-10 4.875212605652369e-75 9.975055417502553e-274 9.949657072505899e-233 5.5668803e-316 5.6000000000000005e-09 3.6398828069429286e-257 68
1.0869475256521866e-198 6.458726426104824e-233 3.645662095193733e-138 1.432524018414469e-60 6.913292606959531e-11 1.832367059094612e-245 2.753410449710699e-305 0.78 9.975055417502553e-274 1.217464139691557e-89 3.741177467878449e-268 5.703114510813062e-83 3.6398828069429286e-257 67
1.0869475256521866e-198 2.3044308689865103e-11 3.645662095193733e-138 1.0324630373499234e-208 3.7764310822401e-91 1.1370537159829562e-188 2.753410449710699e-305 4.124607915455158e-173 9.975055417502553e-274 1.217464139691557e-89 3.741177467878449e-268 1.3670491163754571e-114 2.0081469001168163e-10 67
1.0869475256521866e-198 2.3044308689865103e-11 3.645662095193733e-138 1.0324630373499234e-208 6.913292606959531e-11 1.1370537159829562e-188 1.3856651908378764e-275 4.124607915455158e-173 1.9688955961917164e-10 9.949657072505899e-233 3.741177467878449e-268 1.3670491163754571e-114 4.1286370813772336e-78 66
8.54555373882378e-10 2.3044308689865103e-11 3.645662095193733e-138 1.0324630373499234e-208 3.7764310822401e-91 1.1370537159829562e-188 1.3856651908378764e-275 4.124607915455158e-173 1.9688955961917164e-10 5.495562198879822e-137 3.741177467878449e-268 1.391565719965937e-224 4.1286370813772336e-78 66
1.0869475256521866e-198 6.458726426104824e-233 7.536646315974347e-134 1.432524018414469e-60 6.913292606959531e-11 1.832367059094612e-245 2.753410449710699e-305 1.7771034965634736e-67 9.975055417502553e-274 1.217464139691557e-89 8.848822103565812e-199 1.391565719965937e-224 3.6398828069429286e-257 67
1.0869475256521866e-198 5.8535915996427494e-148 3.645662095193733e-138 1.0967521873414786e-213 6.913292606959531e-11 4.6487587205755955e-42 1.8026706891777615e-10 4.875212605652369e-75 5.064e-321 9.949657072505899e-233 5.5668803e-316 5.6000000000000005e-09 2.0081469001168163e-10 68
1.0869475256521866e-198 5.8535915996427494e-148 4.706959793838138e-103 1.432524018414469e-60 5.267820033235831e-157 3.214772876546707e-234 1.8026706891777615e-10 4.875212605652369e-75 5.064e-321 2.8700975506511285e-212 5.5668803e-316 5.6000000000000005e-09 2.0081469001168163e-10 68
1.0869475256521866e-198 2.37e-322 3.645662095193733e-138 1.0324630373499234e-208 6.023303913071604e-51 3.214772876546707e-234 1.8026706891777615e-10 4.875212605652369e-75 5.064e-321 9.949657072505899e-233 5.5668803e-316 5.6000000000000005e-09 4.1286370813772336e-78 68
1.0869475256521866e-198 2.3044308689865103e-11 3.645662095193733e-138 1.432524018414469e-60 6.913292606959531e-11 3.214772876546707e-234 2.753410449710699e-305 4.875212605652369e-75 9.975055417502553e-274 1.217464139691557e-89 8.848822103565812e-199 1.391565719965937e-224 2.0081469001168163e-10 67
8.54555373882378e-10 2.37e-322 3.645662095193733e-138 1.0324630373499234e-208 3.7764310822401e-91 1.1370537159829562e-188 1.3856651908378764e-275 4.124607915455158e-173 1.9688955961917164e-10 2.8700975506511285e-212 3.741177467878449e-268 1.3073899747491713e-303 4.1286370813772336e-78 66
1.0869475256521866e-198 2.3044308689865103e-11 4.706959793838138e-103 1.9342364175769714e-34 0.5 1.1370537159829562e-188 1.3856651908378764e-275 4.124607915455158e-173 1.9688955961917164e-10 1.217464139691557e-89 8.848822103565812e-199 1.3073899747491713e-303 4.1286370813772336e-78 67
1.0869475256521866e-198 5.8535915996427494e-148 7.536646315974347e-134 1.0967521873414786e-213 6.913292606959531e-11 3.214772876546707e-234 1.8026706891777615e-10 4.875212605652369e-75 5.064e-321 9.949657072505899e-233 5.5668803e-316 5.6000000000000005e-09 3.6398828069429286e-257 68
8.54555373882378e-10 2.37e-322 3.645662095193733e-138 1.0324630373499234e-208 3.7764310822401e-91 1.1370537159829562e-188 1.3856651908378764e-275 4.124607915455158e-173 1.9688955961917164e-10 2.8700975506511285e-212 3.741177467878449e-268 1.3073899747491713e-303 4.1286370813772336e-78 66
1.0869475256521866e-198 2.3044308689865103e-11 3.645662095193733e-138 1.0967521873414786e-213 6.913292606959531e-11 1.1370537159829562e-188 1.3856651908378764e-275 1.7771034965634736e-67 5.0754487742375666e-24 1.217464139691557e-89 5.5668803e-316 1.3670491163754571e-114 2.0081469001168163e-10 67
8.54555373882378e-10 6.458726426104824e-233 7.536646315974347e-134 1.0324630373499234e-208 3.7764310822401e-91 1.1370537159829562e-188 1.3856651908378764e-275 4.124607915455158e-173 1.9688955961917164e-10 5.495562198879822e-137 1.1347041665486175e-158 1.3670491163754571e-114 4.1286370813772336e-78 66
8.54555373882378e-10 2.3044308689865103e-11 3.645662095193733e-138 1.0324630373499234e-208 3.7764310822401e-91 1.1370537159829562e-188 1.3856651908378764e-275 4.124607915455158e-173 1.9688955961917164e-10 9.949657072505899e-233 8.848822103565812e-199 5.703114510813062e-83 4.1286370813772336e-78 66
1.0869475256521866e-198 0.18 4.706959793838138e-103 1.0324630373499234e-208 3.7764310822401e-91 0.58 2.753410449710699e-305 4.124607915455158e-173 1.9688955961917164e-10 1.217464139691557e-89 3.741177467878449e-268 1.3073899747491713e-303 4.1286370813772336e-78 66
4.438399144390249e-20 2.37e-322 3.645662095193733e-138 6.301178868281588e-157 6.913292606959531e-11 3.214772876546707e-234 1.8026706891777615e-10 1.8564979775946583e-79 5.064e-321 5.495562198879822e-137 5.5668803e-316 1.391565719965937e-224 4.1286370813772336e-78 68
1.0869475256521866e-198 6.458726426104824e-233 3.645662095193733e-138 6.301178868281588e-157 6.913292606959531e-11 1.832367059094612e-245 2.753410449710699e-305 4.124607915455158e-173 5.064e-321 1.217464139691557e-89 3.741177467878449e-268 1.3073899747491713e-303 2.0081469001168163e-10 67
8.54555373882378e-10 2.3044308689865103e-11 4.706959793838138e-103 1.0967521873414786e-213 6.913292606959531e-11 1.1370537159829562e-188 1.8026706891777615e-10 4.875212605652369e-75 1.9688955961917164e-10 9.949657072505899e-233 5.5668803e-316 5.6000000000000005e-09 3.6398828069429286e-257 68
1.0869475256521866e-198 2.37e-322 3.645662095193733e-138 1.0324630373499234e-208 6.913292606959531e-11 3.214772876546707e-234 2.753410449710699e-305 4.875212605652369e-75 5.064e-321 1.217464139691557e-89 5.5668803e-316 1.391565719965937e-224 2.0081469001168163e-10 67
1.0869475256521866e-198 2.3044308689865103e-11 1.770505386361942e-24 1.0967521873414786e-213 0.5 3.214772876546707e-234 1.8026706891777615e-10 4.124607915455158e-173 9.975055417502553e-274 1.217464139691557e-89 3.980310478817821e-106 1.391565719965937e-224 3.6398828069429286e-257 67
8.54555373882378e-10 5.8535915996427494e-148 3.645662095193733e-138 1.0324630373499234e-208 3.7764310822401e-91 1.1370537159829562e-188 1.438608483534016e-110 4.124607915455158e-173 9.975055417502553e-274 2.8700975506511285e-212 1.1347041665486175e-158 1.3073899747491713e-303 4.1286370813772336e-78 66
1.0315610978904872e-96 2.37e-322 3.645662095193733e-138 6.301178868281588e-157 3.7764310822401e-91 3.214772876546707e-234 1.8026706891777615e-10 4.875212605652369e-75 9.975055417502553e-274 9.949657072505899e-233 5.5668803e-316 5.6000000000000005e-09 4.1286370813772336e-78 68
8.54555373882378e-10 2.3044308689865103e-11 3.645662095193733e-138 1.0324630373499234e-208 3.7764310822401e-91 1.1370537159829562e-188 1.3856651908378764e-275 4.124607915455158e-173 1.9688955961917164e-10 5.495562198879822e-137 3.741177467878449e-268 1.391565719965937e-224 4.1286370813772336e-78 66
1.0869475256521866e-198 2.3044308689865103e-11 3.645662095193733e-138 1.0967521873414786e-213 6.913292606959531e-11 3.214772876546707e-234 2.753410449710699e-305 4.875212605652369e-75 9.975055417502553e-274 1.217464139691557e-89 3.980310478817821e-106 5.6000000000000005e-09 2.0081469001168163e-10 67
1.0869475256521866e-198 6.458726426104824e-233 3.645662095193733e-138 1.0324630373499234e-208 6.913292606959531e-11 1.1370537159829562e-188 2.753410449710699e-305 4.124607915455158e-173 9.975055417502553e-274 1.217464139691557e-89 8.848822103565812e-199 5.703114510813062e-83 2.0081469001168163e-10 67
1.0869475256521866e-198 2.3044308689865103e-11 3.645662095193733e-138 1.0967521873414786e-213 3.7764310822401e-91 3.214772876546707e-234 1.8026706891777615e-10 1.8564979775946583e-79 9.975055417502553e-274 1.217464139691557e-89 1.1347041665486175e-158 5.6000000000000005e-09 4.1286370813772336e-78 67
1.0869475256521866e-198 2.3044308689865103e-11 1.770505386361942e-24 1.432524018414469e-60 3.7764310822401e-91 1.1370537159829562e-188 1.438608483534016e-110 4.875212605652369e-75 1.9688955961917164e-10 1.217464139691557e-89 3.741177467878449e-268 5.703114510813062e-83 4.1286370813772336e-78 66
8.54555373882378e-10 2.3044308689865103e-11 4.706959793838138e-103 1.0967521873414786e-213 6.913292606959531e-11 1.1370537159829562e-188 1.8026706891777615e-10 4.875212605652369e-75 1.9688955961917164e-10 9.949657072505899e-233 5.5668803e-316 5.6000000000000005e-09 3.6398828069429286e-257 68
1.0869475256521866e-198 2.3044308689865103e-11 4.706959793838138e-103 1.9342364175769714e-34 6.913292606959531e-11 1.832367059094612e-245 2.753410449710699e-305 1.7771034965634736e-67 9.975055417502553e-274 1.217464139691557e-89 8.848822103565812e-199 5.703114510813062e-83 1.24 67
1.0869475256521866e-198 6.458726426104824e-233 7.536646315974347e-134 1.0967521873414786e-213 6.913292606959531e-11 1.1370537159829562e-188 2.753410449710699e-305 0.78 9.975055417502553e-274 1.217464139691557e-89 3.741177467878449e-268 1.391565719965937e-224 2.0081469001168163e-10 67
1.0869475256521866e-198 5.8535915996427494e-148 3.645662095193733e-138 1.0324630373499234e-208 3.7764310822401e-91 3.214772876546707e-234 1.8026706891777615e-10 4.124607915455158e-173 5.064e-321 9.949657072505899e-233 5.5668803e-316 5.6000000000000005e-09 4.1286370813772336e-78 68
1.0869475256521866e-198 5.8535915996427494e-148 0.28 1.9342364175769714e-34 3.7764310822401e-91 1.832367059094612e-245 2.753410449710699e-305 4.875212605652369e-75 5.0754487742375666e-24 1.217464139691557e-89 3.980310478817821e-106 5.703114510813062e-83 2.0081469001168163e-10 67
8.54555373882378e-10 2.3044308689865103e-11 4.706959793838138e-103 1.432524018414469e-60 6.913292606959531e-11 1.1370537159829562e-188 1.3856651908378764e-275 4.124607915455158e-173 1.6013730909139267e-99 1.217464139691557e-89 8.848822103565812e-199 5.703114510813062e-83 2.0081469001168163e-10 67
8.54555373882378e-10 2.3044308689865103e-11 0.28 6.301178868281588e-157 0.5 1.1370537159829562e-188 4.9998098630788975e-29 4.875212605652369e-75 9.975055417502553e-274 0.96 8.848822103565812e-199 5.703114510813062e-83 4.1286370813772336e-78 66
8.54555373882378e-10 2.3044308689865103e-11 3.645662095193733e-138 1.0324630373499234e-208 5.267820033235831e-157 1.1370537159829562e-188 2.753410449710699e-305 4.124607915455158e-173 1.9688955961917164e-10 1.217464139691557e-89 3.741177467878449e-268 1.3073899747491713e-303 4.1286370813772336e-78 66
4.438399144390249e-20 2.3044308689865103e-11 3.645662095193733e-138 1.0324630373499234e-208 6.023303913071604e-51 0.58 2.753410449710699e-305 4.124607915455158e-173 9.975055417502553e-274 1.217464139691557e-89 3.741177467878449e-268 1.391565719965937e-224 4.1286370813772336e-78 66
1.0869475256521866e-198 2.3044308689865103e-11 3.645662095193733e-138 1.0324630373499234e-208 6.913292606959531e-11 1.832367059094612e-245 2.753410449710699e-305 4.124607915455158e-173 5.0754487742375666e-24 1.217464139691557e-89 3.741177467878449e-268 5.703114510813062e-83 4.1286370813772336e-78 67
8.54555373882378e-10 2.3044308689865103e-11 3.645662095193733e-138 1.0324630373499234e-208 3.7764310822401e-91 1.1370537159829562e-188 1.3856651908378764e-275 1.8564979775946583e-79 1.9688955961917164e-10 5.495562198879822e-137 3.741177467878449e-268 1.3670491163754571e-114 4.1286370813772336e-78 66
1.0315610978904872e-96 5.8535915996427494e-148 3.645662095193733e-138 6.301178868281588e-157 3.7764310822401e-91 3.214772876546707e-234 1.8026706891777615e-10 4.875212605652369e-75 9.975055417502553e-274 9.949657072505899e-233 5.5668803e-316 5.6000000000000005e-09 4.1286370813772336e-78 68
1.0869475256521866e-198 2.3044308689865103e-11 3.645662095193733e-138 1.0324630373499234e-208 0.5 1.1370537159829562e-188 2.753410449710699e-305 4.124607915455158e-173 1.9688955961917164e-10 1.217464139691557e-89 3.741177467878449e-268 1.391565719965937e-224 4.1286370813772336e-78 67
0.04 5.8535915996427494e-148 3.645662095193733e-138 1.0967521873414786e-213 3.7764310822401e-91 3.214772876546707e-234 2.753410449710699e-305 1.8564979775946583e-79 5.064e-321 9.949657072505899e-233 5.5668803e-316 5.6000000000000005e-09 2.0081469001168163e-10 68
1.0315610978904872e-96 2.37e-322 1.770505386361942e-24 1.0967521873414786e-213 3.7764310822401e-91 1.1370537159829562e-188 1.438608483534016e-110 1.7771034965634736e-67 1.6013730909139267e-99 1.217464139691557e-89 3.741177467878449e-268 1.3670491163754571e-114 4.1286370813772336e-78 66
8.54555373882378e-10 2.3044308689865103e-11 3.645662095193733e-138 1.0324630373499234e-208 3.7764310822401e-91 1.1370537159829562e-188 1.3856651908378764e-275 1.8564979775946583e-79 1.9688955961917164e-10 5.495562198879822e-137 3.741177467878449e-268 1.3670491163754571e-114 4.1286370813772336e-78 66
1.0315610978904872e-96 2.37e-322 3.645662095193733e-138 1.0967521873414786e-213 3.7764310822401e-91 3.214772876546707e-234 1.8026706891777615e-10 4.875212605652369e-75 9.975055417502553e-274 1.217464139691557e-89 5.5668803e-316 5.6000000000000005e-09 4.1286370813772336e-78 68
1.0869475256521866e-198 5.8535915996427494e-148 3.645662095193733e-138 1.0967521873414786e-213 6.913292606959531e-11 3.214772876546707e-234 2.753410449710699e-305 4.875212605652369e-75 9.975055417502553e-274 1.217464139691557e-89 5.5668803e-316 5.6000000000000005e-09 2.0081469001168163e-10 67
8.54555373882378e-10 2.3044308689865103e-11 3.645662095193733e-138 1.0324630373499234e-208 3.7764310822401e-91 1.1370537159829562e-188 1.3856651908378764e-275 4.124607915455158e-173 1.6013730909139267e-99 9.949657072505899e-233 3.741177467878449e-268 5.703114510813062e-83 4.1286370813772336e-78 66
1.0869475256521866e-198 6.458726426104824e-233 3.645662095193733e-138 1.0967521873414786e-213 6.913292606959531e-11 1.832367059094612e-245 2.753410449710699e-305 4.124607915455158e-173 9.975055417502553e-274 1.217464139691557e-89 3.980310478817821e-106 1.3073899747491713e-303 2.0081469001168163e-10 67
1.0869475256521866e-198 2.37e-322 7.536646315974347e-134 1.0967521873414786e-213 3.7764310822401e-91 3.214772876546707e-234 2.753410449710699e-305 4.124607915455158e-173 9.975055417502553e-274 9.949657072505899e-233 5.5668803e-316 5.6000000000000005e-09 2.0081469001168163e-10 68
8.54555373882378e-10 2.3044308689865103e-11 0.28 1.0324630373499234e-208 3.7764310822401e-91 1.1370537159829562e-188 1.3856651908378764e-275 4.124607915455158e-173 9.975055417502553e-274 9.949657072505899e-233 8.848822103565812e-199 1.3670491163754571e-114 4.1286370813772336e-78 66
1.0869475256521866e-198 2.37e-322 3.645662095193733e-138 6.301178868281588e-157 3.7764310822401e-91 3.214772876546707e-234 2.753410449710699e-305 4.124607915455158e-173 5.064e-321 0.96 5.5668803e-316 5.6000000000000005e-09 2.0081469001168163e-10 68
8.54555373882378e-10 2.3044308689865103e-11 4.706959793838138e-103 1.432524018414469e-60 6.913292606959531e-11 1.1370537159829562e-188 1.3856651908378764e-275 4.124607915455158e-173 1.6013730909139267e-99 1.217464139691557e-89 8.848822103565812e-199 5.703114510813062e-83 2.0081469001168163e-10 67
1.0869475256521866e-198 6.458726426104824e-233 3.645662095193733e-138 1.0324630373499234e-208 3.7764310822401e-91 3.214772876546707e-234 2.753410449710699e-305 4.124607915455158e-173 5.064e-321 1.217464139691557e-89 5.5668803e-316 5.6000000000000005e-09 3.6398828069429286e-257 68
1.0869475256521866e-198 6.458726426104824e-233 3.645662095193733e-138 1.432524018414469e-60 6.913292606959531e-11 1.832367059094612e-245 2.753410449710699e-305 0.78 9.975055417502553e-274 1.217464139691557e-89 3.741177467878449e-268 5.703114510813062e-83 3.6398828069429286e-257 67
8.54555373882378e-10 2.37e-322 4.706959793838138e-103 1.0324630373499234e-208 3.7764310822401e-91 1.1370537159829562e-188 1.3856651908378764e-275 4.124607915455158e-173 5.0754487742375666e-24 2.8700975506511285e-212 3.980310478817821e-106 1.3073899747491713e-303 4.1286370813772336e-78 66
8.54555373882378e-10 6.458726426104824e-233 0.28 1.0967521873414786e-213 3.7764310822401e-91 1.1370537159829562e-188 1.3856651908378764e-275 4.124607915455158e-173 1.9688955961917164e-10 5.495562198879822e-137 8.848822103565812e-199 1.391565719965937e-224 4.1286370813772336e-78 66
1.0869475256521866e-198 2.3044308689865103e-11 3.645662095193733e-138 1.0324630373499234e-208 5.267820033235831e-157 3.214772876546707e-234 2.753410449710699e-305 1.8564979775946583e-79 5.064e-321 1.217464139691557e-89 8.848822103565812e-199 1.391565719965937e-224 2.0081469001168163e-10 67
1.0315610978904872e-96 2.37e-322 4.706959793838138e-103 1.0324630373499234e-208 3.7764310822401e-91 1.1370537159829562e-188 1.3856651908378764e-275 4.124607915455158e-173 1.9688955961917164e-10 5.495562198879822e-137 3.741177467878449e-268 5.703114510813062e-83 4.1286370813772336e-78 66
8.54555373882378e-10 2.3044308689865103e-11 3.645662095193733e-138 1.0324630373499234e-208 6.913292606959531e-11 1.1370537159829562e-188 4.9998098630788975e-29 4.124607915455158e-173 5.0754487742375666e-24 5.495562198879822e-137 3.741177467878449e-268 1.3670491163754571e-114 4.1286370813772336e-78 66
8.54555373882378e-10 2.3044308689865103e-11 4.706959793838138e-103 6.301178868281588e-157 3.7764310822401e-91 1.1370537159829562e-188 1.3856651908378764e-275 1.7771034965634736e-67 5.0754487742375666e-24 5.495562198879822e-137 3.741177467878449e-268 1.391565719965937e-224 4.1286370813772336e-78 66
