1e-10 1.427166764599708e-98 2.5500815739414502e-92 3.727632594279275e-143 1.8400494162769713e-248 3.251646299369805e-160 3.2431948556427662e-224 1.5755967403937034e-272 2.232070872882528e-214 3.134412988372592e-303 1.2310580335281968e-214 5.5595353677550265e-216 2.8063979219261356e-277 68
1e-10 1.9843604060599517e-227 1.433240925430518e-197 1.6e-09 1.8400494162769713e-248 1.163225604564958e-163 1.3903557623481973e-199 3.6e-09 1.9553686227008286e-14 3.134412988372592e-303 1.3923693603073092e-176 5.441345666117733e-53 2.8063979219261356e-277 67
1e-10 1.9843604060599517e-227 6.8210533350028904e-15 7.221804028522083e-24 8.309977278218567e-306 3e-09 6.434559273526655e-184 1.5755967403937034e-272 8.334910800801237e-68 9.696347550183116e-90 1.5046760990031564e-68 2.266740437806885e-201 8.098960202585462e-222 67
1e-10 3.412855582077388e-152 1.433240925430518e-197 1.6e-09 0.5 1.163225604564958e-163 1.3903557623481973e-199 3.6e-09 1.5614354173768837e-218 3.134412988372592e-303 1.4007940816619125e-129 5.441345666117733e-53 2.8063979219261356e-277 67
1.8259021075758013e-253 1.2385225744362693e-219 1.433240925430518e-197 8.213947811551857e-106 1.8400494162769713e-248 3.251646299369805e-160 3.2431948556427662e-224 1.5755967403937034e-272 2.232070872882528e-214 9.696347550183116e-90 1.2310580335281968e-214 5.5595353677550265e-216 1.24 68
1e-10 1.9843604060599517e-227 1.433240925430518e-197 3.727632594279275e-143 1.8400494162769713e-248 3e-09 6.434559273526655e-184 2.4773365377529465e-46 1.9553686227008286e-14 3.134412988372592e-303 1.2310580335281968e-214 4.838365140284947e-74 8.098960202585462e-222 67
1e-10 1.427166764599708e-98 2.5500815739414502e-92 3.727632594279275e-143 1.8400494162769713e-248 3.251646299369805e-160 3.2431948556427662e-224 1.5755967403937034e-272 2.232070872882528e-214 1.0063779570818572e-158 1.2310580335281968e-214 5.5595353677550265e-216 2.9918632743099875e-174 68
1e-10 1.9843604060599517e-227 1.433240925430518e-197 3.727632594279275e-143 8.309977278218567e-306 1.163225604564958e-163 1.3903557623481973e-199 9.970592344156713e-49 1.8391325082984633e-180 3.134412988372592e-303 1.3923693603073092e-176 4.838365140284947e-74 8.098960202585462e-222 67
1.8259021075758013e-253 1.9843604060599517e-227 1.433240925430518e-197 1.6e-09 8.309977278218567e-306 3e-09 6.434559273526655e-184 3.6e-09 1.9553686227008286e-14 3.134412988372592e-303 1.3923693603073092e-176 2.266740437806885e-201 2.8063979219261356e-277 66
1e-10 3.412855582077388e-152 1.433240925430518e-197 1.6e-09 1.8400494162769713e-248 3e-09 1.3903557623481973e-199 3.6e-09 1.9553686227008286e-14 3.134412988372592e-303 1.4007940816619125e-129 1.4075269692202083e-150 8.098960202585462e-222 67
1e-10 1.2385225744362693e-219 1.433240925430518e-197 1.6e-09 1.8400494162769713e-248 1.163225604564958e-163 1.3903557623481973e-199 9.970592344156713e-49 8.334910800801237e-68 3.134412988372592e-303 1.5046760990031564e-68 5.441345666117733e-53 1.24 67
1.8259021075758013e-253 1.9843604060599517e-227 1.3841292431625098e-64 1.9969822235393265e-39 1.8400494162769713e-248 3e-09 6.434559273526655e-184 3.6e-09 8.334910800801237e-68 3.134412988372592e-303 1.4007940816619125e-129 5.441345666117733e-53 8.098960202585462e-222 67
1.8259021075758013e-253 1.427166764599708e-98 1.433240925430518e-197 1.6e-09 1.8400494162769713e-248 3e-09 5.124753542710971e-70 3.6e-09 1.8391325082984633e-180 3.134412988372592e-303 8.23309954034199e-106 5.441345666117733e-53 2.8063979219261356e-277 66
1.8259021075758013e-253 1.9843604060599517e-227 1.3841292431625098e-64 8.213947811551857e-106 3.3296459958874035e-107 3e-09 5.124753542710971e-70 3.6e-09 1.9553686227008286e-14 3.134412988372592e-303 1.3923693603073092e-176 2.266740437806885e-201 2.8063979219261356e-277 66
1.8259021075758013e-253 1.9843604060599517e-227 0.28 1.9969822235393265e-39 8.309977278218567e-306 3e-09 1.3903557623481973e-199 1.5755967403937034e-272 1.5614354173768837e-218 1.0063779570818572e-158 1.2310580335281968e-214 5.5595353677550265e-216 2.9918632743099875e-174 68
1e-10 3.412855582077388e-152 0.28 8.213947811551857e-106 1.7845614417400617e-34 3e-09 6.434559273526655e-184 3.6e-09 1.5614354173768837e-218 3.134412988372592e-303 1.5046760990031564e-68 5.441345666117733e-53 2.9918632743099875e-174 67
1.8259021075758013e-253 1.2385225744362693e-219 1.3841292431625098e-64 1.6e-09 8.309977278218567e-306 3e-09 6.434559273526655e-184 3.6e-09 1.9553686227008286e-14 6.169842861710616e-143 1.5046760990031564e-68 2.266740437806885e-201 2.8063979219261356e-277 66
1.8259021075758013e-253 1.9843604060599517e-227 1.3841292431625098e-64 1.6e-09 1.8400494162769713e-248 3e-09 6.434559273526655e-184 9.970592344156713e-49 1.8391325082984633e-180 3.134412988372592e-303 1.5046760990031564e-68 5.441345666117733e-53 2.8063979219261356e-277 66
1.8259021075758013e-253 1.427166764599708e-98 6.8210533350028904e-15 1.9969822235393265e-39 8.309977278218567e-306 1.163225604564958e-163 3.2431948556427662e-224 3.6e-09 2.232070872882528e-214 1.0063779570818572e-158 1.2310580335281968e-214 5.5595353677550265e-216 2.9918632743099875e-174 68
2.0921837488169776e-14 1.2385225744362693e-219 1.433240925430518e-197 3.727632594279275e-143 1.8400494162769713e-248 1.163225604564958e-163 3.2431948556427662e-224 1.5755967403937034e-272 1.8391325082984633e-180 1.0063779570818572e-158 1.2310580335281968e-214 5.5595353677550265e-216 2.9918632743099875e-174 68
1e-10 1.2385225744362693e-219 2.5500815739414502e-92 3.727632594279275e-143 8.309977278218567e-306 3e-09 1.3903557623481973e-199 9.970592344156713e-49 1.8391325082984633e-180 3.134412988372592e-303 1.2310580335281968e-214 2.266740437806885e-201 8.098960202585462e-222 67
1e-10 1.427166764599708e-98 2.5500815739414502e-92 3.727632594279275e-143 1.8400494162769713e-248 3.251646299369805e-160 3.2431948556427662e-224 1.5755967403937034e-272 2.232070872882528e-214 1.0063779570818572e-158 1.2310580335281968e-214 5.5595353677550265e-216 2.9918632743099875e-174 68
1.8259021075758013e-253 1.9843604060599517e-227 1.433240925430518e-197 1.6e-09 8.309977278218567e-306 3e-09 6.434559273526655e-184 3.6e-09 1.5614354173768837e-218 9.696347550183116e-90 1.3923693603073092e-176 1.4075269692202083e-150 2.8063979219261356e-277 66
1.8259021075758013e-253 1.427166764599708e-98 2.5500815739414502e-92 1.6e-09 8.309977278218567e-306 3e-09 6.434559273526655e-184 3.6e-09 1.5614354173768837e-218 6.169842861710616e-143 8.23309954034199e-106 2.266740437806885e-201 2.8063979219261356e-277 66
1.8259021075758013e-253 1.9843604060599517e-227 1.433240925430518e-197 1.6e-09 8.309977278218567e-306 3e-09 6.434559273526655e-184 3.6e-09 8.334910800801237e-68 1.0063779570818572e-158 1.3923693603073092e-176 5.441345666117733e-53 2.8063979219261356e-277 66
1e-10 3.412855582077388e-152 2.5500815739414502e-92 3.727632594279275e-143 1.8400494162769713e-248 3e-09 1.3903557623481973e-199 0.78 1.8391325082984633e-180 3.134412988372592e-303 1.3923693603073092e-176 1.4075269692202083e-150 8.098960202585462e-222 67
1.8259021075758013e-253 1.9843604060599517e-227 1.433240925430518e-197 1.6e-09 8.309977278218567e-306 3e-09 6.434559273526655e-184 3.6e-09 1.5614354173768837e-218 1.0063779570818572e-158 1.4007940816619125e-129 5.441345666117733e-53 2.8063979219261356e-277 66
1e-10 3.412855582077388e-152 1.433240925430518e-197 1.6e-09 1.8400494162769713e-248 3.251646299369805e-160 1.3903557623481973e-199 3.6e-09 1.8391325082984633e-180 3.134412988372592e-303 1.3923693603073092e-176 1.4075269692202083e-150 1.24 67
1e-10 3.412855582077388e-152 1.433240925430518e-197 1.6e-09 8.309977278218567e-306 1.163225604564958e-163 3.2431948556427662e-224 1.5755967403937034e-272 2.232070872882528e-214 3.134412988372592e-303 1.4007940816619125e-129 5.5595353677550265e-216 2.9918632743099875e-174 67
1.8259021075758013e-253 1.9843604060599517e-227 0.28 1.9969822235393265e-39 8.309977278218567e-306 3e-09 1.3903557623481973e-199 1.5755967403937034e-272 1.5614354173768837e-218 1.0063779570818572e-158 1.2310580335281968e-214 5.5595353677550265e-216 2.9918632743099875e-174 68
1.8259021075758013e-253 1.9843604060599517e-227 1.3841292431625098e-64 1.6e-09 1.7845614417400617e-34 3e-09 6.434559273526655e-184 3.6e-09 1.5614354173768837e-218 9.696347550183116e-90 1.4007940816619125e-129 2.266740437806885e-201 2.8063979219261356e-277 66
1.8259021075758013e-253 1.427166764599708e-98 1.433240925430518e-197 3.727632594279275e-143 1.8400494162769713e-248 3.251646299369805e-160 3.2431948556427662e-224 1.5755967403937034e-272 2.232070872882528e-214 9.696347550183116e-90 1.2310580335281968e-214 5.5595353677550265e-216 8.098960202585462e-222 68
1e-10 3.412855582077388e-152 1.3841292431625098e-64 1.6e-09 1.7845614417400617e-34 1.163225604564958e-163 1.3903557623481973e-199 3.6e-09 1.5614354173768837e-218 3.134412988372592e-303 1.2310580335281968e-214 5.441345666117733e-53 8.098960202585462e-222 67
5.3691234012099e-65 1.9843604060599517e-227 6.8210533350028904e-15 1.6e-09 8.309977278218567e-306 3e-09 5.124753542710971e-70 9.970592344156713e-49 1.8391325082984633e-180 3.134412988372592e-303 1.3923693603073092e-176 1.4075269692202083e-150 2.8063979219261356e-277 66
1.8259021075758013e-253 1.9843604060599517e-227 1.3841292431625098e-64 1.9969822235393265e-39 1.8400494162769713e-248 3e-09 6.434559273526655e-184 3.6e-09 8.334910800801237e-68 3.134412988372592e-303 1.4007940816619125e-129 5.441345666117733e-53 8.098960202585462e-222 67
1.8259021075758013e-253 1.9843604060599517e-227 1.433240925430518e-197 1.6e-09 8.309977278218567e-306 3e-09 6.434559273526655e-184 3.6e-09 1.5614354173768837e-218 9.696347550183116e-90 1.3923693603073092e-176 1.4075269692202083e-150 2.8063979219261356e-277 66
1e-10 1.9843604060599517e-227 1.433240925430518e-197 1.6e-09 1.8400494162769713e-248 3.251646299369805e-160 1.3903557623481973e-199 9.970592344156713e-49 1.9553686227008286e-14 3.134412988372592e-303 1.3923693603073092e-176 5.441345666117733e-53 8.098960202585462e-222 67
1.8259021075758013e-253 1.427166764599708e-98 1.433240925430518e-197 8.213947811551857e-106 1.8400494162769713e-248 3.251646299369805e-160 3.2431948556427662e-224 1.5755967403937034e-272 1.8391325082984633e-180 1.0063779570818572e-158 1.2310580335281968e-214 5.5595353677550265e-216 8.098960202585462e-222 68
2.0921837488169776e-14 1.2385225744362693e-219 1.433240925430518e-197 8.213947811551857e-106 1.8400494162769713e-248 3.251646299369805e-160 3.2431948556427662e-224 9.970592344156713e-49 2.232070872882528e-214 9.696347550183116e-90 1.2310580335281968e-214 1.4075269692202083e-150 2.8063979219261356e-277 68
1.8259021075758013e-253 1.427166764599708e-98 1.433240925430518e-197 1.6e-09 8.309977278218567e-306 3e-09 5.124753542710971e-70 3.6e-09 1.8391325082984633e-180 6.169842861710616e-143 8.23309954034199e-106 2.266740437806885e-201 2.8063979219261356e-277 66
1e-10 1.2385225744362693e-219 1.433240925430518e-197 8.213947811551857e-106 3.3296459958874035e-107 3e-09 1.866764925058121e-18 3.6e-09 8.334910800801237e-68 3.134412988372592e-303 1.2310580335281968e-214 2.266740437806885e-201 2.9918632743099875e-174 67
1e-10 3.412855582077388e-152 1.433240925430518e-197 1.6e-09 0.5 1.163225604564958e-163 1.3903557623481973e-199 3.6e-09 1.5614354173768837e-218 3.134412988372592e-303 1.4007940816619125e-129 5.441345666117733e-53 2.8063979219261356e-277 67
1e-10 3.412855582077388e-152 2.5500815739414502e-92 3.727632594279275e-143 1.8400494162769713e-248 3e-09 1.3903557623481973e-199 1.5755967403937034e-272 2.232070872882528e-214 3.134412988372592e-303 1.5046760990031564e-68 5.441345666117733e-53 8.098960202585462e-222 67
1.8259021075758013e-253 1.9843604060599517e-227 1.3841292431625098e-64 1.6e-09 8.309977278218567e-306 3e-09 1.3903557623481973e-199 3.6e-09 1.8391325082984633e-180 6.169842861710616e-143 1.3923693603073092e-176 2.266740437806885e-201 2.8063979219261356e-277 66
1.8259021075758013e-253 1.2385225744362693e-219 1.433240925430518e-197 3.727632594279275e-143 1.8400494162769713e-248 3.251646299369805e-160 3.2431948556427662e-224 0.78 2.232070872882528e-214 1.0063779570818572e-158 1.2310580335281968e-214 5.5595353677550265e-216 8.375703488844294e-21 68
1.8259021075758013e-253 3.412855582077388e-152 2.5500815739414502e-92 1.6e-09 8.309977278218567e-306 3e-09 6.434559273526655e-184 3.6e-09 1.5614354173768837e-218 9.696347550183116e-90 8.23309954034199e-106 4.838365140284947e-74 2.8063979219261356e-277 66
1.8259021075758013e-253 1.2385225744362693e-219 1.3841292431625098e-64 1.6e-09 8.309977278218567e-306 3e-09 6.434559273526655e-184 3.6e-09 1.9553686227008286e-14 6.169842861710616e-143 1.5046760990031564e-68 2.266740437806885e-201 2.8063979219261356e-277 66
1e-10 1.9843604060599517e-227 2.5500815739414502e-92 1.6e-09 8.309977278218567e-306 3e-09 1.3903557623481973e-199 3.6e-09 1.8391325082984633e-180 3.134412988372592e-303 1.3923693603073092e-176 1.4075269692202083e-150 2.8063979219261356e-277 66
1.8259021075758013e-253 1.9843604060599517e-227 1.433240925430518e-197 1.6e-09 1.8400494162769713e-248 3e-09 6.434559273526655e-184 1.5755967403937034e-272 1.5614354173768837e-218 0.96 1.4007940816619125e-129 1.4075269692202083e-150 2.8063979219261356e-277 66
1e-10 1.2385225744362693e-219 1.433240925430518e-197 1.6e-09 8.309977278218567e-306 3.251646299369805e-160 3.2431948556427662e-224 2.4773365377529465e-46 2.232070872882528e-214 6.169842861710616e-143 1.2310580335281968e-214 5.5595353677550265e-216 2.9918632743099875e-174 68
1.8259021075758013e-253 1.9843604060599517e-227 1.433240925430518e-197 1.6e-09 8.309977278218567e-306 3e-09 6.434559273526655e-184 3.6e-09 1.5614354173768837e-218 9.696347550183116e-90 8.23309954034199e-106 2.266740437806885e-201 2.8063979219261356e-277 66
1e-10 1.2385225744362693e-219 1.433240925430518e-197 8.213947811551857e-106 3.3296459958874035e-107 3e-09 1.866764925058121e-18 3.6e-09 8.334910800801237e-68 3.134412988372592e-303 1.2310580335281968e-214 2.266740437806885e-201 2.9918632743099875e-174 67
1.8259021075758013e-253 1.9843604060599517e-227 1.3841292431625098e-64 8.213947811551857e-106 8.309977278218567e-306 3e-09 6.434559273526655e-184 2.4773365377529465e-46 1.9553686227008286e-14 9.696347550183116e-90 1.3923693603073092e-176 1.4075269692202083e-150 2.8063979219261356e-277 66
1e-10 1.9843604060599517e-227 1.3841292431625098e-64 7.221804028522083e-24 1.8400494162769713e-248 1.163225604564958e-163 1.3903557623481973e-199 2.4773365377529465e-46 1.8391325082984633e-180 3.134412988372592e-303 1.4007940816619125e-129 5.441345666117733e-53 1.24 67
1.8259021075758013e-253 1.427166764599708e-98 1.433240925430518e-197 1.6e-09 1.8400494162769713e-248 3e-09 5.124753542710971e-70 3.6e-09 1.8391325082984633e-180 3.134412988372592e-303 8.23309954034199e-106 5.441345666117733e-53 2.8063979219261356e-277 66
1.8259021075758013e-253 1.427166764599708e-98 2.5500815739414502e-92 1.6e-09 8.309977278218567e-306 3e-09 6.434559273526655e-184 3.6e-09 1.5614354173768837e-218 6.169842861710616e-143 8.23309954034199e-106 2.266740437806885e-201 2.8063979219261356e-277 66
1e-10 0.18 1.433240925430518e-197 8.213947811551857e-106 8.309977278218567e-306 3e-09 5.124753542710971e-70 3.6e-09 1.5614354173768837e-218 3.134412988372592e-303 1.2310580335281968e-214 4.838365140284947e-74 1.24 67
1e-10 1.2385225744362693e-219 1.433240925430518e-197 8.213947811551857e-106 3.3296459958874035e-107 3e-09 1.866764925058121e-18 3.6e-09 8.334910800801237e-68 3.134412988372592e-303 1.2310580335281968e-214 2.266740437806885e-201 2.9918632743099875e-174 67
1e-10 1.9843604060599517e-227 1.433240925430518e-197 3.727632594279275e-143 1.8400494162769713e-248 3.251646299369805e-160 1.3903557623481973e-199 1.5755967403937034e-272 1.9553686227008286e-14 3.134412988372592e-303 8.23309954034199e-106 1.4075269692202083e-150 8.098960202585462e-222 67
1.8259021075758013e-253 1.9843604060599517e-227 0.28 8.213947811551857e-106 0.5 3e-09 1.866764925058121e-18 1.5755967403937034e-272 1.8391325082984633e-180 0.96 1.4007940816619125e-129 5.441345666117733e-53 2.8063979219261356e-277 66
1.8259021075758013e-253 1.427166764599708e-98 2.5500815739414502e-92 1.9969822235393265e-39 8.309977278218567e-306 3.251646299369805e-160 3.2431948556427662e-224 1.5755967403937034e-272 1.8391325082984633e-180 1.0063779570818572e-158 1.2310580335281968e-214 5.5595353677550265e-216 2.8063979219261356e-277 68
1.8259021075758013e-253 1.9843604060599517e-227 2.5500815739414502e-92 3.727632594279275e-143 8.309977278218567e-306 3e-09 1.866764925058121e-18 3.6e-09 1.5614354173768837e-218 9.696347550183116e-90 1.5046760990031564e-68 5.441345666117733e-53 2.8063979219261356e-277 66
1.8259021075758013e-253 1.9843604060599517e-227 2.5500815739414502e-92 1.6e-09 8.309977278218567e-306 3e-09 6.434559273526655e-184 3.6e-09 8.334910800801237e-68 1.0063779570818572e-158 1.4007940816619125e-129 4.838365140284947e-74 2.8063979219261356e-277 66
1.8259021075758013e-253 1.9843604060599517e-227 1.433240925430518e-197 1.6e-09 8.309977278218567e-306 3e-09 6.434559273526655e-184 3.6e-09 1.5614354173768837e-218 9.696347550183116e-90 8.23309954034199e-106 2.266740437806885e-201 2.8063979219261356e-277 66
1.8259021075758013e-253 1.9843604060599517e-227 1.3841292431625098e-64 1.9969822235393265e-39 1.8400494162769713e-248 3e-09 6.434559273526655e-184 3.6e-09 8.334910800801237e-68 3.134412988372592e-303 1.4007940816619125e-129 5.441345666117733e-53 8.098960202585462e-222 67
1.8259021075758013e-253 1.2385225744362693e-219 0.28 1.9969822235393265e-39 3.3296459958874035e-107 3.251646299369805e-160 3.2431948556427662e-224 1.5755967403937034e-272 2.232070872882528e-214 3.134412988372592e-303 8.23309954034199e-106 5.5595353677550265e-216 8.098960202585462e-222 68
1e-10 1.9843604060599517e-227 2.5500815739414502e-92 1.6e-09 1.7845614417400617e-34 3e-09 1.3903557623481973e-199 3.6e-09 1.8391325082984633e-180 3.134412988372592e-303 1.3923693603073092e-176 2.266740437806885e-201 2.8063979219261356e-277 66
1.8259021075758013e-253 1.9843604060599517e-227 0.28 1.6e-09 8.309977278218567e-306 3e-09 6.434559273526655e-184 3.6e-09 1.8391325082984633e-180 1.0063779570818572e-158 1.4007940816619125e-129 4.838365140284947e-74 2.8063979219261356e-277 66
1e-10 1.427166764599708e-98 2.5500815739414502e-92 3.727632594279275e-143 1.8400494162769713e-248 3.251646299369805e-160 3.2431948556427662e-224 1.5755967403937034e-272 2.232070872882528e-214 1.0063779570818572e-158 1.2310580335281968e-214 5.5595353677550265e-216 2.9918632743099875e-174 68
1e-10 3.412855582077388e-152 1.433240925430518e-197 1.6e-09 0.5 1.163225604564958e-163 1.3903557623481973e-199 9.970592344156713e-49 1.5614354173768837e-218 3.134412988372592e-303 1.3923693603073092e-176 1.4075269692202083e-150 2.8063979219261356e-277 67
1e-10 1.9843604060599517e-227 2.5500815739414502e-92 1.6e-09 8.309977278218567e-306 3e-09 1.3903557623481973e-199 3.6e-09 1.8391325082984633e-180 3.134412988372592e-303 1.3923693603073092e-176 1.4075269692202083e-150 2.8063979219261356e-277 66
2.0921837488169776e-14 1.2385225744362693e-219 1.433240925430518e-197 8.213947811551857e-106 1.8400494162769713e-248 3.251646299369805e-160 3.2431948556427662e-224 9.970592344156713e-49 2.232070872882528e-214 9.696347550183116e-90 1.2310580335281968e-214 1.4075269692202083e-150 2.8063979219261356e-277 68
2.0921837488169776e-14 1.2385225744362693e-219 1.433240925430518e-197 3.727632594279275e-143 1.8400494162769713e-248 1.163225604564958e-163 3.2431948556427662e-224 1.5755967403937034e-272 1.8391325082984633e-180 1.0063779570818572e-158 1.2310580335281968e-214 5.5595353677550265e-216 2.9918632743099875e-174 68
1.8259021075758013e-253 1.9843604060599517e-227 1.3841292431625098e-64 1.6e-09 8.309977278218567e-306 3e-09 6.434559273526655e-184 3.6e-09 1.9553686227008286e-14 9.696347550183116e-90 8.23309954034199e-106 2.266740437806885e-201 2.8063979219261356e-277 66
1e-10 3.412855582077388e-152 2.5500815739414502e-92 1.6e-09 8.309977278218567e-306 1.163225604564958e-163 1.3903557623481973e-199 1.5755967403937034e-272 2.232070872882528e-214 3.134412988372592e-303 1.4007940816619125e-129 1.4075269692202083e-150 8.098960202585462e-222 67
1e-10 3.412855582077388e-152 1.433240925430518e-197 3.727632594279275e-143 1.8400494162769713e-248 1.163225604564958e-163 1.3903557623481973e-199 3.6e-09 1.8391325082984633e-180 3.134412988372592e-303 1.5046760990031564e-68 2.266740437806885e-201 8.098960202585462e-222 67
1.8259021075758013e-253 1.9843604060599517e-227 1.3841292431625098e-64 1.6e-09 1.7845614417400617e-34 3e-09 6.434559273526655e-184 3.6e-09 1.5614354173768837e-218 9.696347550183116e-90 1.4007940816619125e-129 2.266740437806885e-201 2.8063979219261356e-277 66
1e-10 1.9843604060599517e-227 1.433240925430518e-197 3.727632594279275e-143 1.8400494162769713e-248 3e-09 6.434559273526655e-184 2.4773365377529465e-46 1.9553686227008286e-14 3.134412988372592e-303 1.2310580335281968e-214 4.838365140284947e-74 8.098960202585462e-222 67
1.8259021075758013e-253 1.427166764599708e-98 1.433240925430518e-197 1.6e-09 1.8400494162769713e-248 3e-09 5.124753542710971e-70 3.6e-09 1.8391325082984633e-180 3.134412988372592e-303 8.23309954034199e-106 5.441345666117733e-53 2.8063979219261356e-277 66
1e-10 3.412855582077388e-152 1.433240925430518e-197 1.6e-09 0.5 1.163225604564958e-163 1.3903557623481973e-199 3.6e-09 1.5614354173768837e-218 3.134412988372592e-303 1.4007940816619125e-129 5.441345666117733e-53 2.8063979219261356e-277 67
1e-10 1.427166764599708e-98 2.5500815739414502e-92 3.727632594279275e-143 1.8400494162769713e-248 3.251646299369805e-160 3.2431948556427662e-224 1.5755967403937034e-272 2.232070872882528e-214 3.134412988372592e-303 1.2310580335281968e-214 5.5595353677550265e-216 2.8063979219261356e-277 68
1.8259021075758013e-253 1.9843604060599517e-227 1.433240925430518e-197 1.6e-09 8.309977278218567e-306 3e-09 6.434559273526655e-184 3.6e-09 1.5614354173768837e-218 1.0063779570818572e-158 1.3923693603073092e-176 5.441345666117733e-53 2.8063979219261356e-277 66
0.04 3.412855582077388e-152 1.433240925430518e-197 1.6e-09 1.8400494162769713e-248 3e-09 6.434559273526655e-184 3.6e-09 1.5614354173768837e-218 6.169842861710616e-143 1.3923693603073092e-176 5.441345666117733e-53 8.098960202585462e-222 67
5.3691234012099e-65 1.9843604060599517e-227 1.3841292431625098e-64 1.6e-09 8.309977278218567e-306 3e-09 6.434559273526655e-184 3.6e-09 1.9553686227008286e-14 9.696347550183116e-90 1.3923693603073092e-176 4.838365140284947e-74 2.8063979219261356e-277 66
1e-10 3.412855582077388e-152 2.5500815739414502e-92 1.9969822235393265e-39 1.8400494162769713e-248 1.163225604564958e-163 1.3903557623481973e-199 2.4773365377529465e-46 1.8391325082984633e-180 3.134412988372592e-303 1.4007940816619125e-129 1.4075269692202083e-150 2.9918632743099875e-174 67
1.8259021075758013e-253 1.427166764599708e-98 1.433240925430518e-197 3.727632594279275e-143 1.7845614417400617e-34 3.251646299369805e-160 3.2431948556427662e-224 1.5755967403937034e-272 2.232070872882528e-214 1.0063779570818572e-158 1.2310580335281968e-214 5.5595353677550265e-216 2.8063979219261356e-277 68
1e-10 1.9843604060599517e-227 1.433240925430518e-197 8.213947811551857e-106 1.8400494162769713e-248 3e-09 1.3903557623481973e-199 9.970592344156713e-49 1.8391325082984633e-180 3.134412988372592e-303 1.5046760990031564e-68 1.4075269692202083e-150 8.098960202585462e-222 67
1e-10 1.2385225744362693e-219 1.433240925430518e-197 3.727632594279275e-143 8.309977278218567e-306 3.251646299369805e-160 3.2431948556427662e-224 3.6e-09 2.232070872882528e-214 6.169842861710616e-143 1.2310580335281968e-214 5.5595353677550265e-216 8.375703488844294e-21 68
1.8259021075758013e-253 1.9843604060599517e-227 1.3841292431625098e-64 1.9969822235393265e-39 1.8400494162769713e-248 3e-09 6.434559273526655e-184 3.6e-09 8.334910800801237e-68 3.134412988372592e-303 1.4007940816619125e-129 5.441345666117733e-53 8.098960202585462e-222 67
1.8259021075758013e-253 1.9843604060599517e-227 1.433240925430518e-197 1.6e-09 1.8400494162769713e-248 3e-09 1.866764925058121e-18 3.6e-09 1.9553686227008286e-14 9.696347550183116e-90 1.3923693603073092e-176 4.838365140284947e-74 2.8063979219261356e-277 66
1e-10 1.427166764599708e-98 1.433240925430518e-197 3.727632594279275e-143 1.8400494162769713e-248 9.80620290172448e-25 3.2431948556427662e-224 1.5755967403937034e-272 2.232070872882528e-214 1.0063779570818572e-158 1.2310580335281968e-214 5.5595353677550265e-216 8.098960202585462e-222 68
1e-10 3.412855582077388e-152 1.433240925430518e-197 1.6e-09 1.8400494162769713e-248 9.80620290172448e-25 1.3903557623481973e-199 2.4773365377529465e-46 1.5614354173768837e-218 3.134412988372592e-303 8.23309954034199e-106 5.441345666117733e-53 8.098960202585462e-222 67
1.8259021075758013e-253 1.9843604060599517e-227 0.28 1.6e-09 8.309977278218567e-306 3e-09 6.434559273526655e-184 3.6e-09 1.8391325082984633e-180 1.0063779570818572e-158 1.4007940816619125e-129 4.838365140284947e-74 2.8063979219261356e-277 66
1e-10 1.9843604060599517e-227 1.433240925430518e-197 3.727632594279275e-143 1.8400494162769713e-248 3.251646299369805e-160 1.3903557623481973e-199 1.5755967403937034e-272 1.9553686227008286e-14 3.134412988372592e-303 1.3923693603073092e-176 1.4075269692202083e-150 8.098960202585462e-222 67
1e-10 3.412855582077388e-152 2.5500815739414502e-92 3.727632594279275e-143 1.8400494162769713e-248 3e-09 1.3903557623481973e-199 0.78 1.8391325082984633e-180 3.134412988372592e-303 1.3923693603073092e-176 1.4075269692202083e-150 8.098960202585462e-222 67
1e-10 1.2385225744362693e-219 2.5500815739414502e-92 3.727632594279275e-143 8.309977278218567e-306 3e-09 1.3903557623481973e-199 9.970592344156713e-49 1.8391325082984633e-180 3.134412988372592e-303 1.2310580335281968e-214 2.266740437806885e-201 8.098960202585462e-222 67
1.8259021075758013e-253 1.9843604060599517e-227 1.3841292431625098e-64 1.9969822235393265e-39 1.8400494162769713e-248 3e-09 6.434559273526655e-184 3.6e-09 8.334910800801237e-68 3.134412988372592e-303 1.4007940816619125e-129 5.441345666117733e-53 8.098960202585462e-222 67
1.8259021075758013e-253 1.427166764599708e-98 6.8210533350028904e-15 1.9969822235393265e-39 3.3296459958874035e-107 1.163225604564958e-163 3.2431948556427662e-224 1.5755967403937034e-272 1.8391325082984633e-180 1.0063779570818572e-158 1.2310580335281968e-214 5.5595353677550265e-216 8.098960202585462e-222 68
1.8259021075758013e-253 3.412855582077388e-152 2.5500815739414502e-92 1.6e-09 8.309977278218567e-306 3e-09 6.434559273526655e-184 3.6e-09 1.5614354173768837e-218 9.696347550183116e-90 8.23309954034199e-106 4.838365140284947e-74 2.8063979219261356e-277 66
1e-10 1.9843604060599517e-227 1.433240925430518e-197 1.6e-09 1.8400494162769713e-248 3.251646299369805e-160 1.3903557623481973e-199 9.970592344156713e-49 1.9553686227008286e-14 3.134412988372592e-303 1.3923693603073092e-176 5.441345666117733e-53 8.098960202585462e-222 67
1.8259021075758013e-253 1.427166764599708e-98 2.5500815739414502e-92 1.9969822235393265e-39 8.309977278218567e-306 3.251646299369805e-160 3.2431948556427662e-224 1.5755967403937034e-272 1.8391325082984633e-180 1.0063779570818572e-158 1.2310580335281968e-214 5.5595353677550265e-216 2.8063979219261356e-277 68
1e-10 1.2385225744362693e-219 2.5500815739414502e-92 3.727632594279275e-143 8.309977278218567e-306 3e-09 1.3903557623481973e-199 9.970592344156713e-49 1.8391325082984633e-180 3.134412988372592e-303 1.2310580335281968e-214 2.266740437806885e-201 8.098960202585462e-222 67
1.8259021075758013e-253 1.9843604060599517e-227 0.28 8.213947811551857e-106 0.5 3e-09 1.866764925058121e-18 1.5755967403937034e-272 1.8391325082984633e-180 0.96 1.4007940816619125e-129 5.441345666117733e-53 2.8063979219261356e-277 66
0.04 3.412855582077388e-152 1.433240925430518e-197 1.6e-09 1.8400494162769713e-248 3e-09 6.434559273526655e-184 3.6e-09 1.5614354173768837e-218 6.169842861710616e-143 1.3923693603073092e-176 5.441345666117733e-53 8.098960202585462e-222 67
0.04 3.412855582077388e-152 1.433240925430518e-197 1.6e-09 1.8400494162769713e-248 3e-09 6.434559273526655e-184 3.6e-09 1.5614354173768837e-218 6.169842861710616e-143 1.3923693603073092e-176 5.441345666117733e-53 8.098960202585462e-222 67
1.8259021075758013e-253 1.9843604060599517e-227 1.433240925430518e-197 1.6e-09 8.309977278218567e-306 3e-09 6.434559273526655e-184 3.6e-09 1.5614354173768837e-218 1.0063779570818572e-158 1.3923693603073092e-176 5.441345666117733e-53 2.8063979219261356e-277 66
1e-10 3.412855582077388e-152 1.433240925430518e-197 1.6e-09 1.8400494162769713e-248 3e-09 1.3903557623481973e-199 3.6e-09 1.9553686227008286e-14 3.134412988372592e-303 1.4007940816619125e-129 1.4075269692202083e-150 8.098960202585462e-222 67
1e-10 1.2385225744362693e-219 1.3841292431625098e-64 3.727632594279275e-143 8.309977278218567e-306 3.251646299369805e-160 3.2431948556427662e-224 1.5755967403937034e-272 2.232070872882528e-214 9.696347550183116e-90 8.23309954034199e-106 1.4075269692202083e-150 1.24 68
2.0921837488169776e-14 1.2385225744362693e-219 1.433240925430518e-197 8.213947811551857e-106 1.8400494162769713e-248 3.251646299369805e-160 3.2431948556427662e-224 9.970592344156713e-49 2.232070872882528e-214 9.696347550183116e-90 1.2310580335281968e-214 1.4075269692202083e-150 2.8063979219261356e-277 68
1e-10 1.2385225744362693e-219 0.28 3.727632594279275e-143 3.3296459958874035e-107 3.251646299369805e-160 3.2431948556427662e-224 1.5755967403937034e-272 2.232070872882528e-214 3.134412988372592e-303 1.2310580335281968e-214 1.4075269692202083e-150 8.375703488844294e-21 68
1e-10 1.2385225744362693e-219 1.3841292431625098e-64 3.727632594279275e-143 8.309977278218567e-306 3.251646299369805e-160 3.2431948556427662e-224 1.5755967403937034e-272 2.232070872882528e-214 9.696347550183116e-90 8.23309954034199e-106 1.4075269692202083e-150 1.24 68
0.04 3.412855582077388e-152 1.433240925430518e-197 1.6e-09 8.309977278218567e-306 0.58 5.124753542710971e-70 3.6e-09 1.8391325082984633e-180 3.134412988372592e-303 1.4007940816619125e-129 1.4075269692202083e-150 2.8063979219261356e-277 66
1e-10 3.412855582077388e-152 1.3841292431625098e-64 1.6e-09 1.7845614417400617e-34 1.163225604564958e-163 1.3903557623481973e-199 3.6e-09 1.5614354173768837e-218 3.134412988372592e-303 1.2310580335281968e-214 5.441345666117733e-53 8.098960202585462e-222 67
2.0921837488169776e-14 1.9843604060599517e-227 1.433240925430518e-197 1.6e-09 1.7845614417400617e-34 0.58 1.3903557623481973e-199 3.6e-09 1.8391325082984633e-180 3.134412988372592e-303 1.3923693603073092e-176 1.4075269692202083e-150 2.8063979219261356e-277 66
