2.392889175861457e-189 0.0049715404345739 4.604835270861196e-123 1.3789403882359703e-59 5.4997939250816956e-05 8.896164898320842e-231 1.4638001747580596e-297 3.7333492332556176e-68 5.509124357520047e-267 1.8606983200461542e-79 9.936980703092684e-195 3.850846883144554e-221 0.00015975591877618258 67
0.5719911261513041 0.0049715404345739 4.604835270861196e-123 5.933321931292084e-196 5.771668126729769e-81 5.391660764882822e-178 1.4978587791356724e-270 2.558108212012749e-162 6.390174121766262e-23 1.8606983200461542e-79 8.384786759023125e-261 7.220585403495913e-297 1.0794830404431737e-67 66
0.5719911261513041 0.0049715404345739 4.604835270861196e-123 5.933321931292084e-196 5.771668126729769e-81 5.391660764882822e-178 1.4978587791356724e-270 2.558108212012749e-162 0.0002048702178539909 1.579868997375462e-134 3.2620574002207317e-156 7.220585403495913e-297 1.0794830404431737e-67 66
2.392889175861457e-189 1.682795600686323e-145 4.604835270861196e-123 3.035016371565467e-210 5.4997939250816956e-05 1.8159213686199367e-40 1.4898216999916114e-05 3.7333492332556176e-68 1.25016582e-315 2.7533450541562913e-229 4.6007632223794e-311 0.0014359116372728853 0.00015975591877618258 68
2.392889175861457e-189 6.98167215525339e-228 4.604835270861196e-123 7.351013333836337e-154 5.4997939250816956e-05 1.9807288977247609e-240 1.4638001747580596e-297 2.558108212012749e-162 1.25016582e-315 1.8606983200461542e-79 8.384786759023125e-261 7.220585403495913e-297 0.00015975591877618258 67
2.392889175861457e-189 1.682795600686323e-145 6.983373881765611e-132 3.035016371565467e-210 5.4997939250816956e-05 8.896164898320842e-231 1.4898216999916114e-05 3.7333492332556176e-68 1.25016582e-315 1.8606983200461542e-79 4.6007632223794e-311 0.0014359116372728853 1.0794830404431737e-67 68
0.5719911261513041 0.0049715404345739 1.769881140103397e-100 3.035016371565467e-210 5.4997939250816956e-05 5.391660764882822e-178 1.4898216999916114e-05 3.7333492332556176e-68 0.0002048702178539909 2.7533450541562913e-229 4.6007632223794e-311 0.0014359116372728853 3.1250841747041204e-253 68
2.392889175861457e-189 6.98167215525339e-228 4.604835270861196e-123 5.933321931292084e-196 5.4997939250816956e-05 5.391660764882822e-178 1.4978587791356724e-270 2.558108212012749e-162 0.0002048702178539909 1.8606983200461542e-79 8.384786759023125e-261 3.850846883144554e-221 3.1250841747041204e-253 67
2.392889175861457e-189 6.98167215525339e-228 4.604835270861196e-123 5.933321931292084e-196 5.4997939250816956e-05 5.391660764882822e-178 1.4638001747580596e-297 2.558108212012749e-162 5.509124357520047e-267 1.8606983200461542e-79 9.936980703092684e-195 1.7032463276493318e-81 0.00015975591877618258 67
2.392889175861457e-189 6.98167215525339e-228 1.769881140103397e-100 5.933321931292084e-196 2.352853082485751e-49 1.9807288977247609e-240 1.4638001747580596e-297 2.558108212012749e-162 0.0002048702178539909 1.8606983200461542e-79 4.6007632223794e-311 1.7032463276493318e-81 0.00015975591877618258 67
0.5719911261513041 0.0049715404345739 4.604835270861196e-123 5.933321931292084e-196 5.771668126729769e-81 5.391660764882822e-178 1.332998855035043e-108 0.78 0.0002048702178539909 1.8606983200461542e-79 9.936980703092684e-195 6.471813216300912e-111 1.0794830404431737e-67 66
2.392889175861457e-189 0.0049715404345739 4.604835270861196e-123 3.035016371565467e-210 5.4997939250816956e-05 5.391660764882822e-178 1.4978587791356724e-270 1.7106308543426695e-66 6.390174121766262e-23 1.8606983200461542e-79 4.6007632223794e-311 6.471813216300912e-111 0.00015975591877618258 67
1.2501921817670567e-94 1.682795600686323e-145 4.604835270861196e-123 7.351013333836337e-154 5.771668126729769e-81 8.896164898320842e-231 1.4898216999916114e-05 3.7333492332556176e-68 5.509124357520047e-267 2.7533450541562913e-229 4.6007632223794e-311 0.0014359116372728853 1.0794830404431737e-67 68
0.5719911261513041 1.682795600686323e-145 4.604835270861196e-123 3.035016371565467e-210 5.4997939250816956e-05 8.896164898320842e-231 1.4898216999916114e-05 3.7333492332556176e-68 1.25016582e-315 1.579868997375462e-134 4.6007632223794e-311 0.0014359116372728853 0.00015975591877618258 68
0.5719911261513041 0.0049715404345739 6.983373881765611e-132 3.035016371565467e-210 5.771668126729769e-81 5.391660764882822e-178 6.294941988769843e-28 2.558108212012749e-162 0.0002048702178539909 1.579868997375462e-134 3.68811206918111e-104 1.7032463276493318e-81 1.0794830404431737e-67 66
2.392889175861457e-189 0.0049715404345739 4.604835270861196e-123 5.933321931292084e-196 6.14548739434963e-154 8.896164898320842e-231 1.4638001747580596e-297 2.249967802975054e-77 1.25016582e-315 1.8606983200461542e-79 9.936980703092684e-195 3.850846883144554e-221 0.00015975591877618258 67
2.392889175861457e-189 0.0049715404345739 4.604835270861196e-123 3.035016371565467e-210 5.771668126729769e-81 1.9807288977247609e-240 1.4638001747580596e-297 2.249967802975054e-77 5.509124357520047e-267 1.8606983200461542e-79 8.384786759023125e-261 6.471813216300912e-111 0.00015975591877618258 67
0.5719911261513041 0.0049715404345739 4.604835270861196e-123 5.933321931292084e-196 6.14548739434963e-154 5.391660764882822e-178 1.4638001747580596e-297 2.558108212012749e-162 0.0002048702178539909 1.8606983200461542e-79 8.384786759023125e-261 7.220585403495913e-297 1.0794830404431737e-67 66
0.5719911261513041 1.915864e-317 1.769881140103397e-100 1.3789403882359703e-59 5.771668126729769e-81 8.896164898320842e-231 1.4638001747580596e-297 2.558108212012749e-162 5.509124357520047e-267 2.7533450541562913e-229 4.6007632223794e-311 0.0014359116372728853 0.00015975591877618258 68
2.392889175861457e-189 0.0049715404345739 4.604835270861196e-123 5.933321931292084e-196 5.4997939250816956e-05 8.896164898320842e-231 1.4638001747580596e-297 2.249967802975054e-77 6.390174121766262e-23 1.8606983200461542e-79 8.384786759023125e-261 1.7032463276493318e-81 0.00015975591877618258 67
2.392889175861457e-189 1.915864e-317 4.604835270861196e-123 7.351013333836337e-154 5.4997939250816956e-05 8.896164898320842e-231 1.4898216999916114e-05 3.7333492332556176e-68 1.25016582e-315 2.7533450541562913e-229 4.6007632223794e-311 0.0014359116372728853 0.00015975591877618258 68
0.5719911261513041 0.0049715404345739 6.983373881765611e-132 3.035016371565467e-210 5.771668126729769e-81 5.391660764882822e-178 6.294941988769843e-28 2.558108212012749e-162 0.0002048702178539909 1.579868997375462e-134 3.68811206918111e-104 1.7032463276493318e-81 1.0794830404431737e-67 66
2.392889175861457e-189 6.98167215525339e-228 6.983373881765611e-132 5.933321931292084e-196 5.771668126729769e-81 1.9807288977247609e-240 1.4638001747580596e-297 3.7333492332556176e-68 1.25016582e-315 1.8606983200461542e-79 9.936980703092684e-195 3.850846883144554e-221 0.00015975591877618258 67
2.392889175861457e-189 0.0049715404345739 2.229130507592882e-23 6.001106659946661e-34 5.771668126729769e-81 5.391660764882822e-178 1.4978587791356724e-270 3.7333492332556176e-68 4.7825321254276495e-98 1.579868997375462e-134 3.68811206918111e-104 7.220585403495913e-297 0.00015975591877618258 67
2.392889175861457e-189 1.915864e-317 6.983373881765611e-132 3.035016371565467e-210 5.771668126729769e-81 8.896164898320842e-231 1.4638001747580596e-297 2.558108212012749e-162 5.509124357520047e-267 2.7533450541562913e-229 4.6007632223794e-311 0.0014359116372728853 0.00015975591877618258 68
2.392889175861457e-189 0.0049715404345739 4.604835270861196e-123 3.035016371565467e-210 5.771668126729769e-81 1.9807288977247609e-240 1.4638001747580596e-297 2.249967802975054e-77 5.509124357520047e-267 1.8606983200461542e-79 8.384786759023125e-261 6.471813216300912e-111 0.00015975591877618258 67
1.2501921817670567e-94 1.682795600686323e-145 4.604835270861196e-123 5.933321931292084e-196 5.771668126729769e-81 5.391660764882822e-178 1.332998855035043e-108 2.558108212012749e-162 6.390174121766262e-23 1.8606983200461542e-79 4.6007632223794e-311 1.7032463276493318e-81 3.1250841747041204e-253 66
2.392889175861457e-189 0.0049715404345739 2.229130507592882e-23 6.001106659946661e-34 5.771668126729769e-81 5.391660764882822e-178 1.4978587791356724e-270 3.7333492332556176e-68 4.7825321254276495e-98 1.579868997375462e-134 3.68811206918111e-104 7.220585403495913e-297 0.00015975591877618258 67
0.5719911261513041 0.0049715404345739 1.769881140103397e-100 5.933321931292084e-196 5.4997939250816956e-05 5.391660764882822e-178 1.4978587791356724e-270 2.249967802975054e-77 5.509124357520047e-267 1.8606983200461542e-79 3.68811206918111e-104 1.7032463276493318e-81 1.0794830404431737e-67 66
2.392889175861457e-189 0.0049715404345739 4.604835270861196e-123 3.035016371565467e-210 5.4997939250816956e-05 8.896164898320842e-231 1.4638001747580596e-297 3.7333492332556176e-68 6.390174121766262e-23 1.8606983200461542e-79 8.384786759023125e-261 3.850846883144554e-221 0.00015975591877618258 67
2.392889175861457e-189 6.98167215525339e-228 4.604835270861196e-123 5.933321931292084e-196 5.4997939250816956e-05 1.8159213686199367e-40 1.4638001747580596e-297 1.7106308543426695e-66 0.0002048702178539909 1.8606983200461542e-79 3.2620574002207317e-156 1.7032463276493318e-81 0.00015975591877618258 67
2.392889175861457e-189 1.915864e-317 4.604835270861196e-123 5.933321931292084e-196 5.4997939250816956e-05 8.896164898320842e-231 1.4638001747580596e-297 3.7333492332556176e-68 1.25016582e-315 1.8606983200461542e-79 4.6007632223794e-311 3.850846883144554e-221 0.00015975591877618258 67
0.5719911261513041 0.0049715404345739 1.769881140103397e-100 7.351013333836337e-154 6.14548739434963e-154 5.391660764882822e-178 1.332998855035043e-108 2.558108212012749e-162 6.390174121766262e-23 1.8606983200461542e-79 8.384786759023125e-261 7.220585403495913e-297 1.0794830404431737e-67 66
0.5719911261513041 0.0049715404345739 4.604835270861196e-123 5.933321931292084e-196 5.771668126729769e-81 5.391660764882822e-178 1.4978587791356724e-270 2.558108212012749e-162 0.0002048702178539909 1.579868997375462e-134 3.2620574002207317e-156 7.220585403495913e-297 1.0794830404431737e-67 66
0.5719911261513041 0.0049715404345739 6.983373881765611e-132 3.035016371565467e-210 5.771668126729769e-81 5.391660764882822e-178 6.294941988769843e-28 2.558108212012749e-162 0.0002048702178539909 1.579868997375462e-134 3.68811206918111e-104 1.7032463276493318e-81 1.0794830404431737e-67 66
0.5719911261513041 0.0049715404345739 1.769881140103397e-100 3.035016371565467e-210 5.4997939250816956e-05 5.391660764882822e-178 1.4898216999916114e-05 3.7333492332556176e-68 0.0002048702178539909 2.7533450541562913e-229 4.6007632223794e-311 0.0014359116372728853 3.1250841747041204e-253 68
2.392889175861457e-189 6.98167215525339e-228 4.604835270861196e-123 7.351013333836337e-154 5.4997939250816956e-05 1.9807288977247609e-240 1.4638001747580596e-297 2.558108212012749e-162 1.25016582e-315 1.8606983200461542e-79 8.384786759023125e-261 7.220585403495913e-297 0.00015975591877618258 67
0.5719911261513041 0.0049715404345739 4.604835270861196e-123 5.933321931292084e-196 5.4997939250816956e-05 5.391660764882822e-178 6.294941988769843e-28 2.558108212012749e-162 6.390174121766262e-23 1.579868997375462e-134 8.384786759023125e-261 6.471813216300912e-111 1.0794830404431737e-67 66
2.392889175861457e-189 6.98167215525339e-228 6.983373881765611e-132 3.035016371565467e-210 5.4997939250816956e-05 5.391660764882822e-178 1.4638001747580596e-297 3.7333492332556176e-68 1.25016582e-315 1.8606983200461542e-79 3.68811206918111e-104 1.7032463276493318e-81 0.00015975591877618258 67
1.2501921817670567e-94 1.915864e-317 4.604835270861196e-123 7.351013333836337e-154 5.771668126729769e-81 8.896164898320842e-231 1.4898216999916114e-05 3.7333492332556176e-68 5.509124357520047e-267 2.7533450541562913e-229 4.6007632223794e-311 0.0014359116372728853 1.0794830404431737e-67 68
0.5719911261513041 0.0049715404345739 1.769881140103397e-100 5.933321931292084e-196 5.771668126729769e-81 5.391660764882822e-178 1.4638001747580596e-297 2.558108212012749e-162 5.509124357520047e-267 1.307922749490323e-207 8.384786759023125e-261 7.220585403495913e-297 1.0794830404431737e-67 66
0.5719911261513041 0.0049715404345739 1.769881140103397e-100 5.933321931292084e-196 5.4997939250816956e-05 5.391660764882822e-178 1.4978587791356724e-270 2.249967802975054e-77 5.509124357520047e-267 1.8606983200461542e-79 3.68811206918111e-104 1.7032463276493318e-81 1.0794830404431737e-67 66
0.5719911261513041 1.915864e-317 4.604835270861196e-123 7.351013333836337e-154 5.4997939250816956e-05 8.896164898320842e-231 1.4898216999916114e-05 3.7333492332556176e-68 1.25016582e-315 1.579868997375462e-134 4.6007632223794e-311 0.0014359116372728853 1.24 68
0.5719911261513041 0.0049715404345739 4.604835270861196e-123 5.933321931292084e-196 5.771668126729769e-81 5.391660764882822e-178 1.4978587791356724e-270 2.558108212012749e-162 0.0002048702178539909 1.579868997375462e-134 3.2620574002207317e-156 7.220585403495913e-297 1.0794830404431737e-67 66
1.3770450407643595e-19 0.0049715404345739 4.604835270861196e-123 5.933321931292084e-196 2.352853082485751e-49 0.58 1.4638001747580596e-297 2.558108212012749e-162 5.509124357520047e-267 1.8606983200461542e-79 8.384786759023125e-261 3.850846883144554e-221 1.0794830404431737e-67 66
2.392889175861457e-189 0.0049715404345739 4.604835270861196e-123 5.933321931292084e-196 5.4997939250816956e-05 5.391660764882822e-178 1.4978587791356724e-270 2.558108212012749e-162 0.0002048702178539909 2.7533450541562913e-229 8.384786759023125e-261 6.471813216300912e-111 1.0794830404431737e-67 66
2.392889175861457e-189 1.915864e-317 6.983373881765611e-132 3.035016371565467e-210 5.771668126729769e-81 5.391660764882822e-178 1.4638001747580596e-297 2.249967802975054e-77 5.509124357520047e-267 1.8606983200461542e-79 4.6007632223794e-311 7.220585403495913e-297 0.00015975591877618258 67
0.5719911261513041 0.0049715404345739 4.604835270861196e-123 5.933321931292084e-196 6.14548739434963e-154 5.391660764882822e-178 1.4638001747580596e-297 2.558108212012749e-162 0.0002048702178539909 1.8606983200461542e-79 8.384786759023125e-261 7.220585403495913e-297 1.0794830404431737e-67 66
0.5719911261513041 1.682795600686323e-145 6.983373881765611e-132 5.933321931292084e-196 5.771668126729769e-81 5.391660764882822e-178 1.4978587791356724e-270 2.558108212012749e-162 0.0002048702178539909 1.307922749490323e-207 3.2620574002207317e-156 7.220585403495913e-297 1.0794830404431737e-67 66
1.2501921817670567e-94 0.0049715404345739 2.229130507592882e-23 5.933321931292084e-196 5.771668126729769e-81 5.391660764882822e-178 1.332998855035043e-108 2.249967802975054e-77 5.509124357520047e-267 1.8606983200461542e-79 8.384786759023125e-261 3.850846883144554e-221 1.0794830404431737e-67 66
0.5719911261513041 0.0049715404345739 0.28 5.933321931292084e-196 5.771668126729769e-81 5.391660764882822e-178 1.4978587791356724e-270 2.558108212012749e-162 5.509124357520047e-267 2.7533450541562913e-229 9.936980703092684e-195 6.471813216300912e-111 1.0794830404431737e-67 66
2.392889175861457e-189 0.0049715404345739 4.604835270861196e-123 5.933321931292084e-196 6.14548739434963e-154 8.896164898320842e-231 1.4638001747580596e-297 2.249967802975054e-77 1.25016582e-315 1.8606983200461542e-79 9.936980703092684e-195 3.850846883144554e-221 0.00015975591877618258 67
2.392889175861457e-189 0.0049715404345739 4.604835270861196e-123 3.035016371565467e-210 5.4997939250816956e-05 8.896164898320842e-231 1.4638001747580596e-297 3.7333492332556176e-68 5.509124357520047e-267 1.8606983200461542e-79 3.68811206918111e-104 0.0014359116372728853 0.00015975591877618258 67
2.392889175861457e-189 0.0049715404345739 4.604835270861196e-123 3.035016371565467e-210 5.4997939250816956e-05 1.9807288977247609e-240 1.4638001747580596e-297 2.558108212012749e-162 5.509124357520047e-267 1.8606983200461542e-79 8.384786759023125e-261 7.220585403495913e-297 3.1250841747041204e-253 67
2.392889175861457e-189 6.98167215525339e-228 4.604835270861196e-123 5.933321931292084e-196 0.5 1.9807288977247609e-240 1.4638001747580596e-297 2.558108212012749e-162 0.0002048702178539909 1.8606983200461542e-79 9.936980703092684e-195 1.7032463276493318e-81 1.0794830404431737e-67 67
2.392889175861457e-189 1.915864e-317 6.983373881765611e-132 3.035016371565467e-210 5.771668126729769e-81 5.391660764882822e-178 1.4638001747580596e-297 2.249967802975054e-77 5.509124357520047e-267 1.8606983200461542e-79 4.6007632223794e-311 7.220585403495913e-297 0.00015975591877618258 67
0.5719911261513041 0.0049715404345739 4.604835270861196e-123 5.933321931292084e-196 5.771668126729769e-81 5.391660764882822e-178 1.4978587791356724e-270 2.558108212012749e-162 0.0002048702178539909 2.7533450541562913e-229 8.384786759023125e-261 1.7032463276493318e-81 1.0794830404431737e-67 66
2.392889175861457e-189 6.98167215525339e-228 4.604835270861196e-123 5.933321931292084e-196 5.4997939250816956e-05 1.9807288977247609e-240 1.4898216999916114e-05 2.558108212012749e-162 1.25016582e-315 1.8606983200461542e-79 8.384786759023125e-261 0.0014359116372728853 0.00015975591877618258 67
0.5719911261513041 1.682795600686323e-145 4.604835270861196e-123 5.933321931292084e-196 5.771668126729769e-81 5.391660764882822e-178 1.332998855035043e-108 2.558108212012749e-162 5.509124357520047e-267 1.307922749490323e-207 3.2620574002207317e-156 7.220585403495913e-297 1.0794830404431737e-67 66
2.392889175861457e-189 1.915864e-317 4.604835270861196e-123 3.035016371565467e-210 5.771668126729769e-81 8.896164898320842e-231 1.4898216999916114e-05 2.558108212012749e-162 1.25016582e-315 1.307922749490323e-207 4.6007632223794e-311 0.0014359116372728853 6.959963160192291e-31 68
2.392889175861457e-189 0.0049715404345739 4.604835270861196e-123 5.933321931292084e-196 5.4997939250816956e-05 8.896164898320842e-231 1.4638001747580596e-297 3.7333492332556176e-68 6.390174121766262e-23 1.8606983200461542e-79 8.384786759023125e-261 3.850846883144554e-221 0.00015975591877618258 67
2.392889175861457e-189 6.98167215525339e-228 0.28 7.351013333836337e-154 2.352853082485751e-49 5.391660764882822e-178 1.4978587791356724e-270 2.558108212012749e-162 0.0002048702178539909 1.8606983200461542e-79 3.68811206918111e-104 1.7032463276493318e-81 3.1250841747041204e-253 67
1.2501921817670567e-94 1.915864e-317 2.229130507592882e-23 3.035016371565467e-210 5.771668126729769e-81 5.391660764882822e-178 1.332998855035043e-108 1.7106308543426695e-66 4.7825321254276495e-98 1.8606983200461542e-79 8.384786759023125e-261 6.471813216300912e-111 1.0794830404431737e-67 66
0.04 6.98167215525339e-228 4.604835270861196e-123 5.933321931292084e-196 5.4997939250816956e-05 5.391660764882822e-178 1.4978587791356724e-270 2.558108212012749e-162 0.0002048702178539909 1.307922749490323e-207 8.384786759023125e-261 1.7032463276493318e-81 0.00015975591877618258 67
2.392889175861457e-189 0.0049715404345739 4.604835270861196e-123 3.035016371565467e-210 5.4997939250816956e-05 5.391660764882822e-178 1.4978587791356724e-270 1.7106308543426695e-66 6.390174121766262e-23 1.8606983200461542e-79 4.6007632223794e-311 6.471813216300912e-111 0.00015975591877618258 67
0.5719911261513041 0.0049715404345739 4.604835270861196e-123 5.933321931292084e-196 5.771668126729769e-81 5.391660764882822e-178 1.4978587791356724e-270 2.558108212012749e-162 0.0002048702178539909 1.579868997375462e-134 8.384786759023125e-261 6.471813216300912e-111 1.0794830404431737e-67 66
0.5719911261513041 1.682795600686323e-145 6.983373881765611e-132 5.933321931292084e-196 5.771668126729769e-81 5.391660764882822e-178 1.4978587791356724e-270 2.558108212012749e-162 0.0002048702178539909 1.307922749490323e-207 3.2620574002207317e-156 7.220585403495913e-297 1.0794830404431737e-67 66
0.5719911261513041 0.0049715404345739 6.983373881765611e-132 3.035016371565467e-210 5.771668126729769e-81 5.391660764882822e-178 6.294941988769843e-28 2.558108212012749e-162 0.0002048702178539909 1.579868997375462e-134 3.68811206918111e-104 1.7032463276493318e-81 1.0794830404431737e-67 66
2.392889175861457e-189 6.98167215525339e-228 0.28 7.351013333836337e-154 2.352853082485751e-49 5.391660764882822e-178 1.4978587791356724e-270 2.558108212012749e-162 0.0002048702178539909 1.8606983200461542e-79 3.68811206918111e-104 1.7032463276493318e-81 3.1250841747041204e-253 67
0.5719911261513041 0.0049715404345739 4.604835270861196e-123 5.933321931292084e-196 5.771668126729769e-81 5.391660764882822e-178 1.4978587791356724e-270 2.558108212012749e-162 0.0002048702178539909 2.7533450541562913e-229 8.384786759023125e-261 1.7032463276493318e-81 1.0794830404431737e-67 66
2.392889175861457e-189 1.915864e-317 4.604835270861196e-123 7.351013333836337e-154 6.14548739434963e-154 5.391660764882822e-178 6.294941988769843e-28 2.558108212012749e-162 4.7825321254276495e-98 1.8606983200461542e-79 4.6007632223794e-311 7.220585403495913e-297 3.1250841747041204e-253 67
1.2501921817670567e-94 1.915864e-317 2.229130507592882e-23 3.035016371565467e-210 5.771668126729769e-81 5.391660764882822e-178 1.332998855035043e-108 1.7106308543426695e-66 4.7825321254276495e-98 1.8606983200461542e-79 8.384786759023125e-261 6.471813216300912e-111 1.0794830404431737e-67 66
1.2501921817670567e-94 1.915864e-317 4.604835270861196e-123 3.035016371565467e-210 5.771668126729769e-81 8.896164898320842e-231 1.4898216999916114e-05 3.7333492332556176e-68 5.509124357520047e-267 1.8606983200461542e-79 4.6007632223794e-311 0.0014359116372728853 1.0794830404431737e-67 68
2.392889175861457e-189 0.0049715404345739 6.983373881765611e-132 5.933321931292084e-196 2.352853082485751e-49 5.391660764882822e-178 1.4638001747580596e-297 2.558108212012749e-162 5.509124357520047e-267 1.8606983200461542e-79 8.384786759023125e-261 7.220585403495913e-297 1.0794830404431737e-67 66
2.392889175861457e-189 0.0049715404345739 4.604835270861196e-123 3.035016371565467e-210 5.4997939250816956e-05 8.896164898320842e-231 1.4638001747580596e-297 3.7333492332556176e-68 6.390174121766262e-23 1.8606983200461542e-79 8.384786759023125e-261 3.850846883144554e-221 0.00015975591877618258 67
2.392889175861457e-189 1.915864e-317 4.604835270861196e-123 5.933321931292084e-196 5.771668126729769e-81 8.896164898320842e-231 1.4898216999916114e-05 1.7106308543426695e-66 1.25016582e-315 1.307922749490323e-207 4.6007632223794e-311 0.0014359116372728853 3.1250841747041204e-253 68
2.392889175861457e-189 1.682795600686323e-145 6.983373881765611e-132 3.035016371565467e-210 5.4997939250816956e-05 8.896164898320842e-231 1.4898216999916114e-05 3.7333492332556176e-68 1.25016582e-315 1.8606983200461542e-79 4.6007632223794e-311 0.0014359116372728853 1.0794830404431737e-67 68
0.5719911261513041 0.0049715404345739 4.604835270861196e-123 5.933321931292084e-196 6.14548739434963e-154 5.391660764882822e-178 1.4638001747580596e-297 2.558108212012749e-162 0.0002048702178539909 1.8606983200461542e-79 8.384786759023125e-261 7.220585403495913e-297 1.0794830404431737e-67 66
0.5719911261513041 0.0049715404345739 1.769881140103397e-100 3.035016371565467e-210 5.4997939250816956e-05 5.391660764882822e-178 1.4898216999916114e-05 3.7333492332556176e-68 0.0002048702178539909 2.7533450541562913e-229 4.6007632223794e-311 0.0014359116372728853 3.1250841747041204e-253 68
1.2501921817670567e-94 1.915864e-317 4.604835270861196e-123 3.035016371565467e-210 5.771668126729769e-81 8.896164898320842e-231 1.4898216999916114e-05 3.7333492332556176e-68 5.509124357520047e-267 1.8606983200461542e-79 4.6007632223794e-311 0.0014359116372728853 1.0794830404431737e-67 68
0.5719911261513041 0.0049715404345739 4.604835270861196e-123 5.933321931292084e-196 5.771668126729769e-81 5.391660764882822e-178 1.4978587791356724e-270 2.558108212012749e-162 0.0002048702178539909 1.579868997375462e-134 8.384786759023125e-261 3.850846883144554e-221 1.0794830404431737e-67 66
0.5719911261513041 1.682795600686323e-145 2.229130507592882e-23 1.3789403882359703e-59 6.14548739434963e-154 1.9807288977247609e-240 1.4898216999916114e-05 3.7333492332556176e-68 5.509124357520047e-267 2.7533450541562913e-229 4.6007632223794e-311 0.0014359116372728853 0.00015975591877618258 68
1.2501921817670567e-94 1.682795600686323e-145 4.604835270861196e-123 5.933321931292084e-196 5.771668126729769e-81 5.391660764882822e-178 1.332998855035043e-108 2.558108212012749e-162 6.390174121766262e-23 1.8606983200461542e-79 4.6007632223794e-311 1.7032463276493318e-81 3.1250841747041204e-253 66
0.5719911261513041 0.0049715404345739 4.604835270861196e-123 5.933321931292084e-196 5.771668126729769e-81 5.391660764882822e-178 1.332998855035043e-108 0.78 0.0002048702178539909 1.8606983200461542e-79 9.936980703092684e-195 6.471813216300912e-111 1.0794830404431737e-67 66
2.392889175861457e-189 1.915864e-317 1.769881140103397e-100 3.035016371565467e-210 5.771668126729769e-81 8.896164898320842e-231 1.4898216999916114e-05 3.7333492332556176e-68 1.25016582e-315 1.579868997375462e-134 3.2620574002207317e-156 3.850846883144554e-221 1.24 68
0.5719911261513041 1.915864e-317 4.604835270861196e-123 7.351013333836337e-154 5.4997939250816956e-05 8.896164898320842e-231 1.4898216999916114e-05 3.7333492332556176e-68 1.25016582e-315 1.579868997375462e-134 4.6007632223794e-311 0.0014359116372728853 1.24 68
2.392889175861457e-189 1.682795600686323e-145 1.769881140103397e-100 1.3789403882359703e-59 6.14548739434963e-154 8.896164898320842e-231 1.4898216999916114e-05 3.7333492332556176e-68 1.25016582e-315 1.307922749490323e-207 4.6007632223794e-311 0.0014359116372728853 0.00015975591877618258 68
1.3770450407643595e-19 1.915864e-317 4.604835270861196e-123 7.351013333836337e-154 5.4997939250816956e-05 8.896164898320842e-231 1.4898216999916114e-05 2.249967802975054e-77 1.25016582e-315 1.579868997375462e-134 4.6007632223794e-311 3.850846883144554e-221 1.0794830404431737e-67 68
2.392889175861457e-189 1.682795600686323e-145 4.604835270861196e-123 3.035016371565467e-210 5.4997939250816956e-05 1.9807288977247609e-240 1.4638001747580596e-297 0.78 5.509124357520047e-267 1.8606983200461542e-79 4.6007632223794e-311 3.850846883144554e-221 1.24 67
1.3770450407643595e-19 0.0049715404345739 4.604835270861196e-123 5.933321931292084e-196 2.352853082485751e-49 0.58 1.4638001747580596e-297 2.558108212012749e-162 5.509124357520047e-267 1.8606983200461542e-79 8.384786759023125e-261 3.850846883144554e-221 1.0794830404431737e-67 66
2.392889175861457e-189 6.98167215525339e-228 4.604835270861196e-123 5.933321931292084e-196 5.771668126729769e-81 8.896164898320842e-231 1.4638001747580596e-297 2.558108212012749e-162 1.25016582e-315 1.8606983200461542e-79 4.6007632223794e-311 0.0014359116372728853 3.1250841747041204e-253 68
0.5719911261513041 0.0049715404345739 4.604835270861196e-123 1.3789403882359703e-59 5.4997939250816956e-05 1.9807288977247609e-240 1.4638001747580596e-297 2.558108212012749e-162 1.25016582e-315 1.8606983200461542e-79 3.68811206918111e-104 3.850846883144554e-221 0.00015975591877618258 67
0.5719911261513041 0.0049715404345739 1.769881140103397e-100 5.933321931292084e-196 5.771668126729769e-81 5.391660764882822e-178 1.4638001747580596e-297 2.558108212012749e-162 5.509124357520047e-267 1.307922749490323e-207 8.384786759023125e-261 7.220585403495913e-297 1.0794830404431737e-67 66
2.392889175861457e-189 1.915864e-317 0.28 3.035016371565467e-210 6.14548739434963e-154 8.896164898320842e-231 1.4898216999916114e-05 3.7333492332556176e-68 1.25016582e-315 1.8606983200461542e-79 4.6007632223794e-311 3.850846883144554e-221 6.959963160192291e-31 68
0.5719911261513041 0.0049715404345739 4.604835270861196e-123 5.933321931292084e-196 5.4997939250816956e-05 5.391660764882822e-178 6.294941988769843e-28 2.558108212012749e-162 6.390174121766262e-23 1.579868997375462e-134 8.384786759023125e-261 6.471813216300912e-111 1.0794830404431737e-67 66
0.5719911261513041 1.682795600686323e-145 4.604835270861196e-123 7.351013333836337e-154 5.4997939250816956e-05 1.9807288977247609e-240 1.4898216999916114e-05 3.7333492332556176e-68 1.25016582e-315 1.8606983200461542e-79 3.2620574002207317e-156 0.0014359116372728853 0.00015975591877618258 68
2.392889175861457e-189 6.98167215525339e-228 4.604835270861196e-123 5.933321931292084e-196 5.4997939250816956e-05 8.896164898320842e-231 1.4638001747580596e-297 2.558108212012749e-162 5.509124357520047e-267 1.8606983200461542e-79 8.384786759023125e-261 3.850846883144554e-221 1.24 67
0.5719911261513041 1.915864e-317 4.604835270861196e-123 3.035016371565467e-210 5.4997939250816956e-05 8.896164898320842e-231 1.4898216999916114e-05 0.78 1.25016582e-315 2.7533450541562913e-229 4.6007632223794e-311 0.0014359116372728853 6.959963160192291e-31 68
2.392889175861457e-189 1.682795600686323e-145 4.604835270861196e-123 3.035016371565467e-210 5.4997939250816956e-05 1.8159213686199367e-40 1.4898216999916114e-05 3.7333492332556176e-68 1.25016582e-315 2.7533450541562913e-229 4.6007632223794e-311 0.0014359116372728853 0.00015975591877618258 68
2.392889175861457e-189 1.915864e-317 4.604835270861196e-123 7.351013333836337e-154 5.771668126729769e-81 8.896164898320842e-231 1.4638001747580596e-297 2.558108212012749e-162 1.25016582e-315 0.96 4.6007632223794e-311 0.0014359116372728853 0.00015975591877618258 68
0.04 1.682795600686323e-145 4.604835270861196e-123 3.035016371565467e-210 5.771668126729769e-81 8.896164898320842e-231 1.4638001747580596e-297 2.249967802975054e-77 1.25016582e-315 2.7533450541562913e-229 4.6007632223794e-311 0.0014359116372728853 0.00015975591877618258 68
0.5719911261513041 0.0049715404345739 1.769881140103397e-100 5.933321931292084e-196 5.771668126729769e-81 5.391660764882822e-178 6.294941988769843e-28 1.7106308543426695e-66 6.390174121766262e-23 1.579868997375462e-134 8.384786759023125e-261 6.471813216300912e-111 1.0794830404431737e-67 66
0.5719911261513041 0.0049715404345739 4.604835270861196e-123 5.933321931292084e-196 5.771668126729769e-81 5.391660764882822e-178 1.4978587791356724e-270 2.558108212012749e-162 0.0002048702178539909 1.579868997375462e-134 8.384786759023125e-261 7.220585403495913e-297 1.0794830404431737e-67 66
0.5719911261513041 0.0049715404345739 1.769881140103397e-100 5.933321931292084e-196 5.771668126729769e-81 5.391660764882822e-178 1.4638001747580596e-297 2.558108212012749e-162 5.509124357520047e-267 1.307922749490323e-207 8.384786759023125e-261 7.220585403495913e-297 1.0794830404431737e-67 66
2.392889175861457e-189 1.915864e-317 6.983373881765611e-132 3.035016371565467e-210 5.771668126729769e-81 5.391660764882822e-178 1.4638001747580596e-297 2.249967802975054e-77 5.509124357520047e-267 1.8606983200461542e-79 4.6007632223794e-311 7.220585403495913e-297 0.00015975591877618258 67
2.392889175861457e-189 6.98167215525339e-228 4.604835270861196e-123 5.933321931292084e-196 5.771668126729769e-81 1.9807288977247609e-240 1.4898216999916114e-05 3.7333492332556176e-68 1.25016582e-315 1.8606983200461542e-79 9.936980703092684e-195 0.0014359116372728853 3.1250841747041204e-253 67
2.392889175861457e-189 1.915864e-317 4.604835270861196e-123 3.035016371565467e-210 5.771668126729769e-81 8.896164898320842e-231 1.4898216999916114e-05 2.558108212012749e-162 1.25016582e-315 1.307922749490323e-207 4.6007632223794e-311 0.0014359116372728853 6.959963160192291e-31 68
0.5719911261513041 1.915864e-317 0.28 1.3789403882359703e-59 5.771668126729769e-81 8.896164898320842e-231 1.4898216999916114e-05 1.7106308543426695e-66 5.509124357520047e-267 2.7533450541562913e-229 4.6007632223794e-311 0.0014359116372728853 1.0794830404431737e-67 68
2.392889175861457e-189 1.915864e-317 4.604835270861196e-123 7.351013333836337e-154 5.771668126729769e-81 8.896164898320842e-231 1.4638001747580596e-297 2.558108212012749e-162 1.25016582e-315 0.96 4.6007632223794e-311 0.0014359116372728853 0.00015975591877618258 68
2.392889175861457e-189 6.98167215525339e-228 4.604835270861196e-123 5.933321931292084e-196 5.4997939250816956e-05 5.391660764882822e-178 1.4978587791356724e-270 2.558108212012749e-162 4.7825321254276495e-98 1.8606983200461542e-79 9.936980703092684e-195 6.471813216300912e-111 0.00015975591877618258 67
2.392889175861457e-189 0.0049715404345739 1.769881140103397e-100 6.001106659946661e-34 5.4997939250816956e-05 1.9807288977247609e-240 1.4638001747580596e-297 1.7106308543426695e-66 5.509124357520047e-267 1.8606983200461542e-79 9.936980703092684e-195 1.7032463276493318e-81 1.24 67
2.392889175861457e-189 0.0049715404345739 4.604835270861196e-123 5.933321931292084e-196 5.4997939250816956e-05 8.896164898320842e-231 1.4638001747580596e-297 2.249967802975054e-77 6.390174121766262e-23 1.8606983200461542e-79 8.384786759023125e-261 1.7032463276493318e-81 0.00015975591877618258 67
2.392889175861457e-189 1.915864e-317 6.983373881765611e-132 3.035016371565467e-210 5.771668126729769e-81 5.391660764882822e-178 1.4638001747580596e-297 2.249967802975054e-77 5.509124357520047e-267 1.8606983200461542e-79 4.6007632223794e-311 7.220585403495913e-297 0.00015975591877618258 67
2.392889175861457e-189 1.682795600686323e-145 0.28 6.001106659946661e-34 5.771668126729769e-81 1.9807288977247609e-240 1.4638001747580596e-297 3.7333492332556176e-68 6.390174121766262e-23 1.8606983200461542e-79 3.68811206918111e-104 1.7032463276493318e-81 0.00015975591877618258 67
