4.892621451440656e-13 1.310880197703735e-223 2.9151360357498687e-189 0.014981322651469085 4.9792965097488846e-34 0.58 1.285854829066847e-194 0.000309268835846456 4.354306417081869e-177 3.769757605709592e-297 3.296555747439593e-173 5.1072182503313705e-149 1.2096785349510967e-271 66
1.4391784014724262e-250 1.310880197703735e-223 1.0775802209850632e-63 5.5719945433788603e-39 8.68257188431394e-246 0.00043049999949020315 6.514528398383514e-182 0.000309268835846456 3.884683864334332e-67 3.769757605709592e-297 7.115829596945594e-127 2.5360688571977418e-52 3.8216258501049555e-219 67
2.3970116362202964e-05 2.0945288387216454e-217 1.1393828734942843e-14 1.0681768166122476e-104 7.138936107625438e-301 1.179861394269724e-158 1.285854829066847e-194 2.9041831893511054e-268 8.827387440818197e-211 3.769757605709592e-297 7.115829596945594e-127 5.1072182503313705e-149 1.399070296032434e-20 67
2.3970116362202964e-05 4.837329110888634e-149 2.9151360357498687e-189 0.014981322651469085 8.68257188431394e-246 2.7361339733327233e-24 1.285854829066847e-194 6.912282697242878e-46 4.410874338555475e-216 3.769757605709592e-297 1.0706673891312123e-104 2.5360688571977418e-52 3.8216258501049555e-219 67
1.4391784014724262e-250 1.310880197703735e-223 2.9151360357498687e-189 0.014981322651469085 7.138936107625438e-301 0.00043049999949020315 6.514528398383514e-182 0.000309268835846456 4.354306417081869e-177 1.2609544029917264e-88 1.1714290491906002e-67 2.5360688571977418e-52 1.2096785349510967e-271 66
1.4391784014724262e-250 1.8559485479575994e-97 2.9151360357498687e-189 1.0681768166122476e-104 8.68257188431394e-246 1.648738115097163e-160 5.484732612023136e-222 2.9041831893511054e-268 8.827387440818197e-211 3.769757605709592e-297 1.0706673891312123e-104 2.1986834413876678e-212 3.8216258501049555e-219 68
2.3970116362202964e-05 2.0945288387216454e-217 1.9853041033214659e-91 1.3525732460089515e-141 7.138936107625438e-301 1.179861394269724e-158 1.285854829066847e-194 0.000309268835846456 4.354306417081869e-177 3.651647166652293e-157 2.081905172005766e-212 2.1986834413876678e-212 3.8216258501049555e-219 68
1.4391784014724262e-250 1.8559485479575994e-97 2.9151360357498687e-189 0.014981322651469085 7.138936107625438e-301 0.00043049999949020315 3.9897524615771013e-69 0.000309268835846456 4.354306417081869e-177 2.2387303940941627e-141 1.0706673891312123e-104 3.83340062981416e-199 1.2096785349510967e-271 66
2.3970116362202964e-05 4.837329110888634e-149 2.9151360357498687e-189 0.014981322651469085 8.68257188431394e-246 0.00043049999949020315 1.285854829066847e-194 0.000309268835846456 4.354306417081869e-177 3.769757605709592e-297 7.115829596945594e-127 2.5360688571977418e-52 3.8216258501049555e-219 67
1.4391784014724262e-250 1.8559485479575994e-97 1.9853041033214659e-91 5.5719945433788603e-39 7.138936107625438e-301 1.179861394269724e-158 5.484732612023136e-222 2.9041831893511054e-268 4.354306417081869e-177 3.651647166652293e-157 2.081905172005766e-212 2.1986834413876678e-212 1.2096785349510967e-271 68
1.4391784014724262e-250 1.310880197703735e-223 0.28 1.0681768166122476e-104 7.138936107625438e-301 0.00043049999949020315 6.514528398383514e-182 0.000309268835846456 4.410874338555475e-216 1.2609544029917264e-88 3.296555747439593e-173 5.1072182503313705e-149 1.2096785349510967e-271 66
2.3970116362202964e-05 1.310880197703735e-223 1.0775802209850632e-63 1.2063239241372393e-23 0.5 0.00043049999949020315 6.514528398383514e-182 0.000309268835846456 4.410874338555475e-216 3.769757605709592e-297 7.115829596945594e-127 3.83340062981416e-199 1.2096785349510967e-271 67
2.3970116362202964e-05 2.0945288387216454e-217 2.9151360357498687e-189 1.0681768166122476e-104 7.138936107625438e-301 1.179861394269724e-158 1.285854829066847e-194 0.000309268835846456 8.827387440818197e-211 0.96 2.081905172005766e-212 2.1986834413876678e-212 3.8216258501049555e-219 68
1.4391784014724262e-250 1.310880197703735e-223 1.0775802209850632e-63 1.0681768166122476e-104 7.138936107625438e-301 0.00043049999949020315 6.514528398383514e-182 6.912282697242878e-46 3.266230904016948e-14 1.2609544029917264e-88 3.296555747439593e-173 5.1072182503313705e-149 1.2096785349510967e-271 66
2.3970116362202964e-05 2.0945288387216454e-217 2.9151360357498687e-189 1.0681768166122476e-104 7.138936107625438e-301 1.179861394269724e-158 1.285854829066847e-194 0.000309268835846456 8.827387440818197e-211 0.96 2.081905172005766e-212 2.1986834413876678e-212 3.8216258501049555e-219 68
1.4391784014724262e-250 1.310880197703735e-223 1.0775802209850632e-63 1.0681768166122476e-104 7.138936107625438e-301 0.00043049999949020315 6.514528398383514e-182 6.912282697242878e-46 3.266230904016948e-14 1.2609544029917264e-88 3.296555747439593e-173 5.1072182503313705e-149 1.2096785349510967e-271 66
2.3970116362202964e-05 0.18 2.9151360357498687e-189 1.0681768166122476e-104 7.138936107625438e-301 0.00043049999949020315 3.9897524615771013e-69 0.000309268835846456 4.410874338555475e-216 3.769757605709592e-297 2.081905172005766e-212 8.808732024030026e-72 1.24 67
2.3970116362202964e-05 2.0945288387216454e-217 2.9151360357498687e-189 1.0681768166122476e-104 8.68257188431394e-246 1.179861394269724e-158 5.484732612023136e-222 2.9041831893511054e-268 8.827387440818197e-211 3.651647166652293e-157 2.081905172005766e-212 2.1986834413876678e-212 3.8216258501049555e-219 68
2.3970116362202964e-05 4.837329110888634e-149 1.9853041033214659e-91 1.3525732460089515e-141 8.68257188431394e-246 0.00043049999949020315 1.285854829066847e-194 0.78 4.354306417081869e-177 3.769757605709592e-297 3.296555747439593e-173 5.1072182503313705e-149 3.8216258501049555e-219 67
1.4391784014724262e-250 4.837329110888634e-149 0.28 1.3525732460089515e-141 7.138936107625438e-301 0.00043049999949020315 6.514528398383514e-182 0.000309268835846456 4.410874338555475e-216 1.2609544029917264e-88 7.115829596945594e-127 5.1072182503313705e-149 1.2096785349510967e-271 66
2.3970116362202964e-05 4.837329110888634e-149 1.9853041033214659e-91 1.3525732460089515e-141 8.68257188431394e-246 0.00043049999949020315 1.285854829066847e-194 0.78 4.354306417081869e-177 3.769757605709592e-297 3.296555747439593e-173 5.1072182503313705e-149 3.8216258501049555e-219 67
2.3970116362202964e-05 0.18 2.9151360357498687e-189 1.0681768166122476e-104 7.138936107625438e-301 0.00043049999949020315 3.9897524615771013e-69 0.000309268835846456 4.410874338555475e-216 3.769757605709592e-297 2.081905172005766e-212 8.808732024030026e-72 1.24 67
2.3970116362202964e-05 1.310880197703735e-223 2.9151360357498687e-189 1.3525732460089515e-141 7.138936107625438e-301 1.648738115097163e-160 1.285854829066847e-194 4.6470322386026775e-48 4.354306417081869e-177 3.769757605709592e-297 3.296555747439593e-173 8.808732024030026e-72 3.8216258501049555e-219 67
2.3970116362202964e-05 2.0945288387216454e-217 2.9151360357498687e-189 1.0681768166122476e-104 8.68257188431394e-246 1.179861394269724e-158 5.484732612023136e-222 6.912282697242878e-46 8.827387440818197e-211 3.651647166652293e-157 2.081905172005766e-212 2.1986834413876678e-212 1.8133752200797167e-172 68
2.3970116362202964e-05 4.837329110888634e-149 2.9151360357498687e-189 0.014981322651469085 8.68257188431394e-246 0.00043049999949020315 6.514528398383514e-182 0.000309268835846456 4.410874338555475e-216 3.769757605709592e-297 3.296555747439593e-173 5.1072182503313705e-149 1.8133752200797167e-172 67
1.4391784014724262e-250 1.8559485479575994e-97 2.9151360357498687e-189 1.0681768166122476e-104 8.68257188431394e-246 1.648738115097163e-160 5.484732612023136e-222 2.9041831893511054e-268 8.827387440818197e-211 3.769757605709592e-297 1.0706673891312123e-104 2.1986834413876678e-212 3.8216258501049555e-219 68
2.3970116362202964e-05 1.310880197703735e-223 2.9151360357498687e-189 1.3525732460089515e-141 8.68257188431394e-246 0.00043049999949020315 1.285854829066847e-194 2.9041831893511054e-268 4.410874338555475e-216 3.769757605709592e-297 7.115829596945594e-127 8.808732024030026e-72 3.8216258501049555e-219 67
1.4391784014724262e-250 1.310880197703735e-223 1.0775802209850632e-63 5.5719945433788603e-39 8.68257188431394e-246 0.00043049999949020315 6.514528398383514e-182 0.000309268835846456 3.884683864334332e-67 3.769757605709592e-297 7.115829596945594e-127 2.5360688571977418e-52 3.8216258501049555e-219 67
2.3970116362202964e-05 2.0945288387216454e-217 2.9151360357498687e-189 1.0681768166122476e-104 7.138936107625438e-301 1.179861394269724e-158 1.285854829066847e-194 0.000309268835846456 8.827387440818197e-211 0.96 2.081905172005766e-212 2.1986834413876678e-212 3.8216258501049555e-219 68
2.3970116362202964e-05 1.310880197703735e-223 2.9151360357498687e-189 0.014981322651469085 7.138936107625438e-301 0.00043049999949020315 1.285854829066847e-194 0.000309268835846456 4.354306417081869e-177 3.769757605709592e-297 3.296555747439593e-173 8.808732024030026e-72 3.8216258501049555e-219 67
2.3970116362202964e-05 1.310880197703735e-223 1.0775802209850632e-63 1.2063239241372393e-23 8.68257188431394e-246 1.648738115097163e-160 1.285854829066847e-194 6.912282697242878e-46 4.354306417081869e-177 3.769757605709592e-297 7.115829596945594e-127 2.5360688571977418e-52 1.24 67
1.4391784014724262e-250 1.310880197703735e-223 2.9151360357498687e-189 0.014981322651469085 7.138936107625438e-301 0.00043049999949020315 6.514528398383514e-182 4.6470322386026775e-48 4.410874338555475e-216 1.2609544029917264e-88 1.1714290491906002e-67 3.83340062981416e-199 1.2096785349510967e-271 66
1.4391784014724262e-250 1.8559485479575994e-97 1.1393828734942843e-14 5.5719945433788603e-39 6.061956562238579e-105 1.648738115097163e-160 5.484732612023136e-222 2.9041831893511054e-268 4.354306417081869e-177 3.651647166652293e-157 2.081905172005766e-212 2.1986834413876678e-212 3.8216258501049555e-219 68
2.3970116362202964e-05 2.0945288387216454e-217 2.9151360357498687e-189 1.0681768166122476e-104 7.138936107625438e-301 1.179861394269724e-158 1.285854829066847e-194 0.000309268835846456 8.827387440818197e-211 0.96 2.081905172005766e-212 2.1986834413876678e-212 3.8216258501049555e-219 68
2.3970116362202964e-05 4.837329110888634e-149 2.9151360357498687e-189 1.3525732460089515e-141 8.68257188431394e-246 1.648738115097163e-160 1.285854829066847e-194 0.000309268835846456 4.354306417081869e-177 3.769757605709592e-297 1.1714290491906002e-67 3.83340062981416e-199 3.8216258501049555e-219 67
1.4391784014724262e-250 4.837329110888634e-149 1.9853041033214659e-91 0.014981322651469085 7.138936107625438e-301 0.00043049999949020315 6.514528398383514e-182 0.000309268835846456 4.410874338555475e-216 1.2609544029917264e-88 1.0706673891312123e-104 8.808732024030026e-72 1.2096785349510967e-271 66
2.3970116362202964e-05 1.310880197703735e-223 1.9853041033214659e-91 0.014981322651469085 4.9792965097488846e-34 0.00043049999949020315 1.285854829066847e-194 0.000309268835846456 4.354306417081869e-177 3.769757605709592e-297 3.296555747439593e-173 3.83340062981416e-199 1.2096785349510967e-271 66
2.3970116362202964e-05 2.0945288387216454e-217 2.9151360357498687e-189 0.014981322651469085 7.138936107625438e-301 1.179861394269724e-158 5.484732612023136e-222 6.912282697242878e-46 8.827387440818197e-211 2.2387303940941627e-141 2.081905172005766e-212 2.1986834413876678e-212 1.8133752200797167e-172 68
2.3970116362202964e-05 4.837329110888634e-149 1.9853041033214659e-91 1.3525732460089515e-141 8.68257188431394e-246 0.00043049999949020315 1.285854829066847e-194 0.78 4.354306417081869e-177 3.769757605709592e-297 3.296555747439593e-173 5.1072182503313705e-149 3.8216258501049555e-219 67
2.3970116362202964e-05 1.310880197703735e-223 1.0775802209850632e-63 1.2063239241372393e-23 0.5 0.00043049999949020315 6.514528398383514e-182 0.000309268835846456 4.410874338555475e-216 3.769757605709592e-297 7.115829596945594e-127 3.83340062981416e-199 1.2096785349510967e-271 67
1.4391784014724262e-250 1.310880197703735e-223 1.0775802209850632e-63 1.0681768166122476e-104 6.061956562238579e-105 0.00043049999949020315 3.9897524615771013e-69 0.000309268835846456 3.266230904016948e-14 3.769757605709592e-297 3.296555747439593e-173 3.83340062981416e-199 1.2096785349510967e-271 66
1.4391784014724262e-250 2.0945288387216454e-217 1.0775802209850632e-63 5.5719945433788603e-39 7.138936107625438e-301 1.179861394269724e-158 5.484732612023136e-222 2.9041831893511054e-268 4.354306417081869e-177 3.651647166652293e-157 2.081905172005766e-212 2.1986834413876678e-212 1.2096785349510967e-271 68
2.3970116362202964e-05 4.837329110888634e-149 2.9151360357498687e-189 0.014981322651469085 8.68257188431394e-246 1.648738115097163e-160 5.484732612023136e-222 0.000309268835846456 8.827387440818197e-211 3.769757605709592e-297 3.296555747439593e-173 2.1986834413876678e-212 3.8216258501049555e-219 67
2.3970116362202964e-05 4.837329110888634e-149 2.9151360357498687e-189 0.014981322651469085 8.68257188431394e-246 0.00043049999949020315 6.514528398383514e-182 0.000309268835846456 4.410874338555475e-216 3.769757605709592e-297 3.296555747439593e-173 5.1072182503313705e-149 1.8133752200797167e-172 67
1.4391784014724262e-250 1.310880197703735e-223 1.0775802209850632e-63 0.014981322651469085 7.138936107625438e-301 0.00043049999949020315 3.118228050697632e-18 6.912282697242878e-46 3.266230904016948e-14 1.2609544029917264e-88 3.296555747439593e-173 8.808732024030026e-72 1.2096785349510967e-271 66
2.3970116362202964e-05 1.8559485479575994e-97 2.9151360357498687e-189 1.3525732460089515e-141 8.68257188431394e-246 1.648738115097163e-160 1.285854829066847e-194 0.78 4.354306417081869e-177 3.769757605709592e-297 2.081905172005766e-212 5.1072182503313705e-149 1.24 67
2.3970116362202964e-05 4.837329110888634e-149 1.9853041033214659e-91 1.3525732460089515e-141 8.68257188431394e-246 0.00043049999949020315 1.285854829066847e-194 2.9041831893511054e-268 8.827387440818197e-211 3.769757605709592e-297 1.1714290491906002e-67 2.5360688571977418e-52 3.8216258501049555e-219 67
2.3970116362202964e-05 2.0945288387216454e-217 1.9853041033214659e-91 1.3525732460089515e-141 7.138936107625438e-301 1.179861394269724e-158 1.285854829066847e-194 0.000309268835846456 4.354306417081869e-177 3.651647166652293e-157 2.081905172005766e-212 2.1986834413876678e-212 3.8216258501049555e-219 68
2.3970116362202964e-05 2.0945288387216454e-217 2.9151360357498687e-189 5.5719945433788603e-39 7.138936107625438e-301 1.179861394269724e-158 5.484732612023136e-222 0.000309268835846456 8.827387440818197e-211 1.2609544029917264e-88 2.081905172005766e-212 2.1986834413876678e-212 3.8216258501049555e-219 68
2.3970116362202964e-05 1.310880197703735e-223 2.9151360357498687e-189 0.014981322651469085 8.68257188431394e-246 1.179861394269724e-158 1.285854829066847e-194 2.9041831893511054e-268 3.266230904016948e-14 3.769757605709592e-297 3.296555747439593e-173 5.1072182503313705e-149 3.8216258501049555e-219 67
2.3970116362202964e-05 1.310880197703735e-223 2.9151360357498687e-189 1.3525732460089515e-141 8.68257188431394e-246 1.179861394269724e-158 1.285854829066847e-194 2.9041831893511054e-268 3.266230904016948e-14 3.769757605709592e-297 3.296555747439593e-173 5.1072182503313705e-149 3.8216258501049555e-219 67
1.4391784014724262e-250 1.310880197703735e-223 0.28 5.5719945433788603e-39 7.138936107625438e-301 0.00043049999949020315 1.285854829066847e-194 2.9041831893511054e-268 4.410874338555475e-216 3.651647166652293e-157 2.081905172005766e-212 2.1986834413876678e-212 1.8133752200797167e-172 68
1.4391784014724262e-250 2.0945288387216454e-217 0.28 5.5719945433788603e-39 6.061956562238579e-105 1.179861394269724e-158 5.484732612023136e-222 2.9041831893511054e-268 8.827387440818197e-211 3.769757605709592e-297 1.0706673891312123e-104 2.1986834413876678e-212 3.8216258501049555e-219 68
2.3970116362202964e-05 1.310880197703735e-223 2.9151360357498687e-189 1.3525732460089515e-141 8.68257188431394e-246 0.00043049999949020315 6.514528398383514e-182 6.912282697242878e-46 3.266230904016948e-14 3.769757605709592e-297 2.081905172005766e-212 8.808732024030026e-72 3.8216258501049555e-219 67
2.3970116362202964e-05 2.0945288387216454e-217 0.28 1.3525732460089515e-141 6.061956562238579e-105 1.179861394269724e-158 5.484732612023136e-222 2.9041831893511054e-268 8.827387440818197e-211 3.769757605709592e-297 2.081905172005766e-212 5.1072182503313705e-149 1.399070296032434e-20 68
2.3970116362202964e-05 0.18 1.0775802209850632e-63 0.014981322651469085 7.138936107625438e-301 0.58 1.285854829066847e-194 0.000309268835846456 4.410874338555475e-216 3.769757605709592e-297 3.296555747439593e-173 3.83340062981416e-199 1.2096785349510967e-271 66
2.3970116362202964e-05 1.8559485479575994e-97 1.9853041033214659e-91 1.3525732460089515e-141 8.68257188431394e-246 1.179861394269724e-158 5.484732612023136e-222 2.9041831893511054e-268 8.827387440818197e-211 3.769757605709592e-297 2.081905172005766e-212 2.1986834413876678e-212 1.2096785349510967e-271 68
2.3970116362202964e-05 1.310880197703735e-223 2.9151360357498687e-189 0.014981322651469085 8.68257188431394e-246 1.179861394269724e-158 1.285854829066847e-194 4.6470322386026775e-48 3.266230904016948e-14 3.769757605709592e-297 3.296555747439593e-173 2.5360688571977418e-52 3.8216258501049555e-219 67
2.3970116362202964e-05 1.310880197703735e-223 2.9151360357498687e-189 5.5719945433788603e-39 8.68257188431394e-246 1.648738115097163e-160 1.285854829066847e-194 6.912282697242878e-46 4.410874338555475e-216 3.769757605709592e-297 1.0706673891312123e-104 5.1072182503313705e-149 3.8216258501049555e-219 67
2.3970116362202964e-05 4.837329110888634e-149 1.9853041033214659e-91 5.5719945433788603e-39 8.68257188431394e-246 1.648738115097163e-160 1.285854829066847e-194 6.912282697242878e-46 4.354306417081869e-177 3.769757605709592e-297 7.115829596945594e-127 5.1072182503313705e-149 1.8133752200797167e-172 67
2.3970116362202964e-05 1.310880197703735e-223 2.9151360357498687e-189 0.014981322651469085 8.68257188431394e-246 1.179861394269724e-158 1.285854829066847e-194 2.9041831893511054e-268 3.266230904016948e-14 3.769757605709592e-297 3.296555747439593e-173 5.1072182503313705e-149 3.8216258501049555e-219 67
2.3970116362202964e-05 1.8559485479575994e-97 2.9151360357498687e-189 1.3525732460089515e-141 8.68257188431394e-246 1.179861394269724e-158 1.285854829066847e-194 2.9041831893511054e-268 4.354306417081869e-177 3.769757605709592e-297 2.081905172005766e-212 2.1986834413876678e-212 3.8216258501049555e-219 67
2.3970116362202964e-05 1.310880197703735e-223 1.1393828734942843e-14 1.3525732460089515e-141 0.5 1.179861394269724e-158 5.484732612023136e-222 0.000309268835846456 4.354306417081869e-177 3.769757605709592e-297 1.1714290491906002e-67 5.1072182503313705e-149 1.8133752200797167e-172 67
1.4391784014724262e-250 2.0945288387216454e-217 0.28 5.5719945433788603e-39 6.061956562238579e-105 1.179861394269724e-158 5.484732612023136e-222 2.9041831893511054e-268 8.827387440818197e-211 3.769757605709592e-297 1.0706673891312123e-104 2.1986834413876678e-212 3.8216258501049555e-219 68
1.4391784014724262e-250 2.0945288387216454e-217 1.0775802209850632e-63 5.5719945433788603e-39 7.138936107625438e-301 1.179861394269724e-158 1.285854829066847e-194 0.000309268835846456 4.354306417081869e-177 3.651647166652293e-157 2.081905172005766e-212 2.1986834413876678e-212 3.8216258501049555e-219 68
2.3970116362202964e-05 4.837329110888634e-149 2.9151360357498687e-189 1.3525732460089515e-141 7.138936107625438e-301 0.00043049999949020315 1.285854829066847e-194 0.000309268835846456 3.266230904016948e-14 3.769757605709592e-297 3.296555747439593e-173 2.5360688571977418e-52 1.2096785349510967e-271 67
4.892621451440656e-13 1.310880197703735e-223 2.9151360357498687e-189 0.014981322651469085 4.9792965097488846e-34 0.58 1.285854829066847e-194 0.000309268835846456 4.354306417081869e-177 3.769757605709592e-297 3.296555747439593e-173 5.1072182503313705e-149 1.2096785349510967e-271 66
1.4391784014724262e-250 1.8559485479575994e-97 1.1393828734942843e-14 5.5719945433788603e-39 7.138936107625438e-301 1.648738115097163e-160 5.484732612023136e-222 0.000309268835846456 8.827387440818197e-211 3.651647166652293e-157 2.081905172005766e-212 2.1986834413876678e-212 1.8133752200797167e-172 68
2.3970116362202964e-05 1.310880197703735e-223 2.9151360357498687e-189 0.014981322651469085 7.138936107625438e-301 0.00043049999949020315 1.285854829066847e-194 0.000309268835846456 4.354306417081869e-177 3.769757605709592e-297 3.296555747439593e-173 8.808732024030026e-72 3.8216258501049555e-219 67
2.3970116362202964e-05 4.837329110888634e-149 1.9853041033214659e-91 1.3525732460089515e-141 8.68257188431394e-246 0.00043049999949020315 1.285854829066847e-194 0.78 4.354306417081869e-177 3.769757605709592e-297 3.296555747439593e-173 5.1072182503313705e-149 3.8216258501049555e-219 67
2.3970116362202964e-05 1.310880197703735e-223 2.9151360357498687e-189 0.014981322651469085 8.68257188431394e-246 0.00043049999949020315 6.514528398383514e-182 0.000309268835846456 4.410874338555475e-216 3.651647166652293e-157 3.296555747439593e-173 8.808732024030026e-72 1.2096785349510967e-271 66
2.3970116362202964e-05 1.8559485479575994e-97 2.9151360357498687e-189 1.3525732460089515e-141 8.68257188431394e-246 2.7361339733327233e-24 5.484732612023136e-222 2.9041831893511054e-268 8.827387440818197e-211 3.651647166652293e-157 2.081905172005766e-212 2.1986834413876678e-212 3.8216258501049555e-219 68
1.4391784014724262e-250 1.310880197703735e-223 1.0775802209850632e-63 0.014981322651469085 7.138936107625438e-301 0.00043049999949020315 6.514528398383514e-182 0.000309268835846456 3.266230904016948e-14 1.2609544029917264e-88 1.0706673891312123e-104 3.83340062981416e-199 1.2096785349510967e-271 66
1.4391784014724262e-250 1.310880197703735e-223 2.9151360357498687e-189 0.014981322651469085 7.138936107625438e-301 0.00043049999949020315 6.514528398383514e-182 0.000309268835846456 4.410874338555475e-216 1.2609544029917264e-88 3.296555747439593e-173 5.1072182503313705e-149 1.2096785349510967e-271 66
2.3970116362202964e-05 2.0945288387216454e-217 2.9151360357498687e-189 0.014981322651469085 7.138936107625438e-301 1.179861394269724e-158 5.484732612023136e-222 6.912282697242878e-46 8.827387440818197e-211 2.2387303940941627e-141 2.081905172005766e-212 2.1986834413876678e-212 1.8133752200797167e-172 68
2.3970116362202964e-05 1.310880197703735e-223 2.9151360357498687e-189 1.3525732460089515e-141 8.68257188431394e-246 0.00043049999949020315 6.514528398383514e-182 6.912282697242878e-46 3.266230904016948e-14 3.769757605709592e-297 2.081905172005766e-212 8.808732024030026e-72 3.8216258501049555e-219 67
1.4391784014724262e-250 1.310880197703735e-223 1.0775802209850632e-63 0.014981322651469085 4.9792965097488846e-34 0.00043049999949020315 6.514528398383514e-182 0.000309268835846456 4.410874338555475e-216 1.2609544029917264e-88 7.115829596945594e-127 3.83340062981416e-199 1.2096785349510967e-271 66
1.4391784014724262e-250 1.310880197703735e-223 1.0775802209850632e-63 1.3525732460089515e-141 8.68257188431394e-246 0.00043049999949020315 5.484732612023136e-222 2.9041831893511054e-268 4.410874338555475e-216 3.651647166652293e-157 2.081905172005766e-212 2.1986834413876678e-212 1.8133752200797167e-172 68
2.3970116362202964e-05 2.0945288387216454e-217 1.9853041033214659e-91 1.3525732460089515e-141 7.138936107625438e-301 0.00043049999949020315 1.285854829066847e-194 4.6470322386026775e-48 4.354306417081869e-177 3.769757605709592e-297 2.081905172005766e-212 3.83340062981416e-199 3.8216258501049555e-219 67
2.3970116362202964e-05 1.8559485479575994e-97 2.9151360357498687e-189 1.3525732460089515e-141 8.68257188431394e-246 2.7361339733327233e-24 5.484732612023136e-222 2.9041831893511054e-268 8.827387440818197e-211 3.651647166652293e-157 2.081905172005766e-212 2.1986834413876678e-212 3.8216258501049555e-219 68
2.3970116362202964e-05 0.18 1.0775802209850632e-63 0.014981322651469085 7.138936107625438e-301 0.58 1.285854829066847e-194 0.000309268835846456 4.410874338555475e-216 3.769757605709592e-297 3.296555747439593e-173 3.83340062981416e-199 1.2096785349510967e-271 66
2.3970116362202964e-05 2.0945288387216454e-217 1.1393828734942843e-14 1.0681768166122476e-104 7.138936107625438e-301 1.179861394269724e-158 1.285854829066847e-194 2.9041831893511054e-268 8.827387440818197e-211 3.769757605709592e-297 7.115829596945594e-127 5.1072182503313705e-149 1.399070296032434e-20 67
2.3970116362202964e-05 4.837329110888634e-149 2.9151360357498687e-189 1.3525732460089515e-141 7.138936107625438e-301 0.00043049999949020315 1.285854829066847e-194 0.000309268835846456 3.266230904016948e-14 3.769757605709592e-297 3.296555747439593e-173 2.5360688571977418e-52 1.2096785349510967e-271 67
2.3970116362202964e-05 4.837329110888634e-149 1.9853041033214659e-91 0.014981322651469085 7.138936107625438e-301 1.648738115097163e-160 1.285854829066847e-194 2.9041831893511054e-268 8.827387440818197e-211 3.769757605709592e-297 7.115829596945594e-127 5.1072182503313705e-149 3.8216258501049555e-219 67
2.5024079490202757e-64 1.310880197703735e-223 1.0775802209850632e-63 0.014981322651469085 7.138936107625438e-301 0.00043049999949020315 6.514528398383514e-182 0.000309268835846456 3.266230904016948e-14 1.2609544029917264e-88 3.296555747439593e-173 8.808732024030026e-72 1.2096785349510967e-271 66
2.3970116362202964e-05 1.310880197703735e-223 2.9151360357498687e-189 1.3525732460089515e-141 7.138936107625438e-301 1.179861394269724e-158 5.484732612023136e-222 4.6470322386026775e-48 4.354306417081869e-177 3.769757605709592e-297 1.0706673891312123e-104 2.1986834413876678e-212 1.2096785349510967e-271 67
1.4391784014724262e-250 1.310880197703735e-223 2.9151360357498687e-189 0.014981322651469085 8.68257188431394e-246 0.00043049999949020315 6.514528398383514e-182 2.9041831893511054e-268 4.410874338555475e-216 0.96 7.115829596945594e-127 5.1072182503313705e-149 1.2096785349510967e-271 66
2.3970116362202964e-05 4.837329110888634e-149 2.9151360357498687e-189 0.014981322651469085 0.5 1.648738115097163e-160 1.285854829066847e-194 0.000309268835846456 4.410874338555475e-216 3.769757605709592e-297 7.115829596945594e-127 2.5360688571977418e-52 1.2096785349510967e-271 67
2.3970116362202964e-05 1.310880197703735e-223 2.9151360357498687e-189 1.3525732460089515e-141 8.68257188431394e-246 1.179861394269724e-158 1.285854829066847e-194 2.9041831893511054e-268 4.354306417081869e-177 3.769757605709592e-297 1.1714290491906002e-67 2.1986834413876678e-212 3.8216258501049555e-219 67
1.4391784014724262e-250 1.8559485479575994e-97 2.9151360357498687e-189 1.3525732460089515e-141 4.9792965097488846e-34 1.179861394269724e-158 5.484732612023136e-222 2.9041831893511054e-268 8.827387440818197e-211 3.651647166652293e-157 2.081905172005766e-212 2.1986834413876678e-212 1.2096785349510967e-271 68
2.5024079490202757e-64 2.0945288387216454e-217 1.1393828734942843e-14 1.3525732460089515e-141 7.138936107625438e-301 0.00043049999949020315 3.9897524615771013e-69 6.912282697242878e-46 3.884683864334332e-67 3.769757605709592e-297 3.296555747439593e-173 8.808732024030026e-72 1.2096785349510967e-271 66
4.892621451440656e-13 1.310880197703735e-223 2.9151360357498687e-189 0.014981322651469085 4.9792965097488846e-34 0.58 1.285854829066847e-194 0.000309268835846456 4.354306417081869e-177 3.769757605709592e-297 3.296555747439593e-173 5.1072182503313705e-149 1.2096785349510967e-271 66
1.4391784014724262e-250 1.8559485479575994e-97 2.9151360357498687e-189 1.0681768166122476e-104 8.68257188431394e-246 1.648738115097163e-160 5.484732612023136e-222 2.9041831893511054e-268 8.827387440818197e-211 3.769757605709592e-297 1.0706673891312123e-104 2.1986834413876678e-212 3.8216258501049555e-219 68
1.4391784014724262e-250 1.8559485479575994e-97 2.9151360357498687e-189 1.0681768166122476e-104 8.68257188431394e-246 1.179861394269724e-158 5.484732612023136e-222 2.9041831893511054e-268 4.354306417081869e-177 3.651647166652293e-157 2.081905172005766e-212 2.1986834413876678e-212 3.8216258501049555e-219 68
1.4391784014724262e-250 1.8559485479575994e-97 1.9853041033214659e-91 0.014981322651469085 7.138936107625438e-301 0.00043049999949020315 6.514528398383514e-182 0.000309268835846456 4.410874338555475e-216 2.2387303940941627e-141 1.0706673891312123e-104 3.83340062981416e-199 1.2096785349510967e-271 66
2.3970116362202964e-05 4.837329110888634e-149 2.9151360357498687e-189 0.014981322651469085 7.138936107625438e-301 1.179861394269724e-158 1.285854829066847e-194 0.000309268835846456 8.827387440818197e-211 3.769757605709592e-297 2.081905172005766e-212 2.1986834413876678e-212 1.8133752200797167e-172 68
2.3970116362202964e-05 4.837329110888634e-149 2.9151360357498687e-189 0.014981322651469085 8.68257188431394e-246 0.00043049999949020315 1.285854829066847e-194 0.000309268835846456 4.354306417081869e-177 3.769757605709592e-297 7.115829596945594e-127 2.5360688571977418e-52 3.8216258501049555e-219 67
1.4391784014724262e-250 1.310880197703735e-223 1.9853041033214659e-91 1.3525732460089515e-141 7.138936107625438e-301 0.00043049999949020315 3.118228050697632e-18 0.000309268835846456 4.410874338555475e-216 1.2609544029917264e-88 1.1714290491906002e-67 2.5360688571977418e-52 1.2096785349510967e-271 66
2.3970116362202964e-05 4.837329110888634e-149 2.9151360357498687e-189 0.014981322651469085 0.5 1.648738115097163e-160 1.285854829066847e-194 4.6470322386026775e-48 4.410874338555475e-216 3.769757605709592e-297 3.296555747439593e-173 5.1072182503313705e-149 1.2096785349510967e-271 67
1.4391784014724262e-250 1.310880197703735e-223 1.9853041033214659e-91 1.3525732460089515e-141 7.138936107625438e-301 0.00043049999949020315 3.118228050697632e-18 0.000309268835846456 4.410874338555475e-216 1.2609544029917264e-88 1.1714290491906002e-67 2.5360688571977418e-52 1.2096785349510967e-271 66
2.3970116362202964e-05 4.837329110888634e-149 2.9151360357498687e-189 0.014981322651469085 7.138936107625438e-301 1.648738115097163e-160 5.484732612023136e-222 2.9041831893511054e-268 8.827387440818197e-211 3.769757605709592e-297 7.115829596945594e-127 2.1986834413876678e-212 1.8133752200797167e-172 67
1.4391784014724262e-250 1.8559485479575994e-97 1.1393828734942843e-14 5.5719945433788603e-39 7.138936107625438e-301 1.648738115097163e-160 5.484732612023136e-222 0.000309268835846456 8.827387440818197e-211 3.651647166652293e-157 2.081905172005766e-212 2.1986834413876678e-212 1.8133752200797167e-172 68
2.5024079490202757e-64 1.8559485479575994e-97 2.9151360357498687e-189 0.014981322651469085 7.138936107625438e-301 0.00043049999949020315 3.9897524615771013e-69 0.000309268835846456 3.266230904016948e-14 3.769757605709592e-297 2.081905172005766e-212 2.5360688571977418e-52 1.8133752200797167e-172 66
2.3970116362202964e-05 4.837329110888634e-149 1.9853041033214659e-91 1.3525732460089515e-141 8.68257188431394e-246 0.00043049999949020315 1.285854829066847e-194 0.78 4.354306417081869e-177 3.769757605709592e-297 3.296555747439593e-173 5.1072182503313705e-149 3.8216258501049555e-219 67
4.892621451440656e-13 2.0945288387216454e-217 2.9151360357498687e-189 1.0681768166122476e-104 8.68257188431394e-246 1.179861394269724e-158 5.484732612023136e-222 4.6470322386026775e-48 8.827387440818197e-211 1.2609544029917264e-88 2.081905172005766e-212 5.1072182503313705e-149 1.2096785349510967e-271 68
2.3970116362202964e-05 4.837329110888634e-149 1.9853041033214659e-91 0.014981322651469085 7.138936107625438e-301 1.648738115097163e-160 1.285854829066847e-194 2.9041831893511054e-268 8.827387440818197e-211 3.769757605709592e-297 7.115829596945594e-127 5.1072182503313705e-149 3.8216258501049555e-219 67
2.3970116362202964e-05 4.837329110888634e-149 2.9151360357498687e-189 0.014981322651469085 7.138936107625438e-301 1.179861394269724e-158 1.285854829066847e-194 0.000309268835846456 8.827387440818197e-211 3.769757605709592e-297 2.081905172005766e-212 2.1986834413876678e-212 1.8133752200797167e-172 68
2.3970116362202964e-05 4.837329110888634e-149 2.9151360357498687e-189 0.014981322651469085 8.68257188431394e-246 0.00043049999949020315 1.285854829066847e-194 0.000309268835846456 3.266230904016948e-14 3.769757605709592e-297 7.115829596945594e-127 5.1072182503313705e-149 3.8216258501049555e-219 67
2.3970116362202964e-05 1.8559485479575994e-97 1.9853041033214659e-91 1.3525732460089515e-141 8.68257188431394e-246 1.179861394269724e-158 5.484732612023136e-222 2.9041831893511054e-268 8.827387440818197e-211 3.769757605709592e-297 2.081905172005766e-212 2.1986834413876678e-212 1.2096785349510967e-271 68
1.4391784014724262e-250 1.8559485479575994e-97 2.9151360357498687e-189 1.3525732460089515e-141 8.68257188431394e-246 1.179861394269724e-158 5.484732612023136e-222 2.9041831893511054e-268 8.827387440818197e-211 1.2609544029917264e-88 2.081905172005766e-212 2.1986834413876678e-212 3.8216258501049555e-219 68
2.3970116362202964e-05 4.837329110888634e-149 0.28 1.0681768166122476e-104 4.9792965097488846e-34 0.00043049999949020315 6.514528398383514e-182 0.000309268835846456 4.410874338555475e-216 3.769757605709592e-297 1.1714290491906002e-67 2.5360688571977418e-52 1.8133752200797167e-172 67
2.3970116362202964e-05 1.310880197703735e-223 2.9151360357498687e-189 1.3525732460089515e-141 8.68257188431394e-246 0.00043049999949020315 1.285854829066847e-194 2.9041831893511054e-268 4.410874338555475e-216 3.769757605709592e-297 7.115829596945594e-127 8.808732024030026e-72 3.8216258501049555e-219 67
1.4391784014724262e-250 1.310880197703735e-223 0.28 5.5719945433788603e-39 7.138936107625438e-301 0.00043049999949020315 1.285854829066847e-194 2.9041831893511054e-268 4.410874338555475e-216 3.651647166652293e-157 2.081905172005766e-212 2.1986834413876678e-212 1.8133752200797167e-172 68
2.3970116362202964e-05 1.310880197703735e-223 2.9151360357498687e-189 5.5719945433788603e-39 8.68257188431394e-246 1.179861394269724e-158 1.285854829066847e-194 2.9041831893511054e-268 4.354306417081869e-177 3.769757605709592e-297 7.115829596945594e-127 5.1072182503313705e-149 3.8216258501049555e-219 67
