1e-10 3e-10 5e-10 7.000000000000001e-10 9e-10 1.2e-09 1.4000000000000001e-09 1.6e-09 1.8e-09 1.9e-09 2.2000000000000003e-09 2.3e-09 2.5e-09 3.1e-09 3.2e-09 3.4000000000000003e-09 38
1e-10 3e-10 6e-10 7.000000000000001e-10 9e-10 1.2e-09 1.3e-09 1.6e-09 1.8e-09 1.9e-09 2.1e-09 2.4e-09 2.5e-09 3.1e-09 3.2e-09 3.4000000000000003e-09 39
1e-10 3e-10 6e-10 7.000000000000001e-10 9e-10 1.2e-09 1.4000000000000001e-09 1.6e-09 1.8e-09 1.9e-09 2.1e-09 2.4e-09 2.5e-09 3.1e-09 3.2e-09 3.5000000000000003e-09 39
2e-10 3e-10 5e-10 8e-10 9e-10 1.2e-09 1.4000000000000001e-09 1.6e-09 1.8e-09 2e-09 2.1e-09 2.4e-09 2.6e-09 3.1e-09 3.2e-09 3.5000000000000003e-09 36
2e-10 3e-10 5e-10 8e-10 9e-10 1.1000000000000001e-09 1.4000000000000001e-09 1.6e-09 1.8e-09 2e-09 2.1e-09 2.3e-09 2.7e-09 3.1e-09 3.2e-09 3.5000000000000003e-09 36
2e-10 3e-10 5e-10 8e-10 9e-10 1.1000000000000001e-09 1.4000000000000001e-09 1.6e-09 1.8e-09 2e-09 2.1e-09 2.3e-09 2.7e-09 3.1e-09 3.2e-09 3.5000000000000003e-09 36
1e-10 4e-10 6e-10 7.000000000000001e-10 1e-09 1.2e-09 1.3e-09 1.5e-09 1.8e-09 2e-09 2.1e-09 2.3e-09 2.6e-09 3.1e-09 3.2e-09 3.4000000000000003e-09 37
2e-10 3e-10 5e-10 8e-10 9e-10 1.1000000000000001e-09 1.3e-09 1.6e-09 1.8e-09 2e-09 2.1e-09 2.3e-09 2.7e-09 3.1e-09 3.2e-09 3.5000000000000003e-09 36
2e-10 3e-10 5e-10 8e-10 9e-10 1.2e-09 1.4000000000000001e-09 1.6e-09 1.8e-09 2e-09 2.1e-09 2.4e-09 2.6e-09 3.1e-09 3.2e-09 3.5000000000000003e-09 36
1e-10 3e-10 6e-10 7.000000000000001e-10 9e-10 1.1000000000000001e-09 1.4000000000000001e-09 1.6e-09 1.8e-09 2e-09 2.1e-09 2.3e-09 2.5e-09 3.1e-09 3.2e-09 3.4000000000000003e-09 38
2e-10 3e-10 5e-10 8e-10 9e-10 1.1000000000000001e-09 1.4000000000000001e-09 1.6e-09 1.8e-09 2e-09 2.1e-09 2.3e-09 2.7e-09 3.1e-09 1.881105310834445e-155 3.5000000000000003e-09 36
2e-10 3e-10 5e-10 8e-10 9e-10 1.1000000000000001e-09 1.3e-09 1.6e-09 1.8e-09 2e-09 2.1e-09 2.3e-09 2.7e-09 3.1e-09 3.2e-09 3.5000000000000003e-09 36
1e-10 3e-10 6e-10 7.000000000000001e-10 9e-10 1.2e-09 1.4000000000000001e-09 1.6e-09 1.8e-09 1.9e-09 2.1e-09 2.4e-09 2.5e-09 3.1e-09 3.2e-09 3.4000000000000003e-09 39
1e-10 3e-10 6e-10 7.000000000000001e-10 9e-10 1.1000000000000001e-09 1.3e-09 1.5e-09 1.7000000000000001e-09 2e-09 2.1e-09 2.3e-09 2.5e-09 3e-09 3.2e-09 3.4000000000000003e-09 42
1e-10 3e-10 6e-10 7.000000000000001e-10 9e-10 1.2e-09 1.4000000000000001e-09 1.6e-09 1.8e-09 1.9e-09 2.1e-09 2.4e-09 2.5e-09 3.1e-09 3.2e-09 3.4000000000000003e-09 39
2e-10 3e-10 5e-10 8e-10 9e-10 1.1000000000000001e-09 1.4000000000000001e-09 1.6e-09 1.8e-09 2e-09 2.1e-09 2.3e-09 2.7e-09 3.1e-09 3.2e-09 3.5000000000000003e-09 36
2e-10 3e-10 6e-10 7.000000000000001e-10 1e-09 1.1000000000000001e-09 1.3e-09 1.5e-09 1.7000000000000001e-09 2e-09 2.2000000000000003e-09 2.3e-09 3.3923358189433696e-300 3e-09 1.881105310834445e-155 3.4000000000000003e-09 41
1e-10 3e-10 6e-10 7.000000000000001e-10 9e-10 1.2e-09 1.3e-09 1.6e-09 1.8e-09 1.9e-09 2.1e-09 2.4e-09 2.5e-09 3.1e-09 3.2e-09 3.4000000000000003e-09 39
1e-10 4e-10 6e-10 7.000000000000001e-10 1e-09 1.1000000000000001e-09 1.4000000000000001e-09 1.5e-09 1.8e-09 2e-09 2.1e-09 2.3e-09 2.6e-09 3.1e-09 3.2e-09 3.4000000000000003e-09 37
1e-10 4e-10 6e-10 7.000000000000001e-10 1e-09 1.1000000000000001e-09 1.3e-09 1.5e-09 1.8e-09 2e-09 2.1e-09 2.3e-09 2.6e-09 3.1e-09 1.881105310834445e-155 3.4000000000000003e-09 37
2e-10 3e-10 5e-10 8e-10 9e-10 1.1000000000000001e-09 1.4000000000000001e-09 1.6e-09 1.8e-09 2e-09 2.1e-09 2.3e-09 2.7e-09 3.1e-09 3.2e-09 3.5000000000000003e-09 36
1e-10 3e-10 6e-10 7.000000000000001e-10 9e-10 1.2e-09 1.4000000000000001e-09 1.6e-09 1.8e-09 1.9e-09 2.1e-09 2.4e-09 2.5e-09 3.1e-09 3.2e-09 3.5000000000000003e-09 39
1e-10 3e-10 6e-10 7.000000000000001e-10 9e-10 1.2e-09 1.4000000000000001e-09 1.6e-09 1.8e-09 1.9e-09 2.1e-09 2.4e-09 2.5e-09 3.1e-09 3.2e-09 3.5000000000000003e-09 39
1e-10 3e-10 6e-10 7.000000000000001e-10 9e-10 1.2e-09 1.3e-09 1.6e-09 1.8e-09 1.9e-09 2.1e-09 2.4e-09 2.5e-09 3.1e-09 3.2e-09 3.4000000000000003e-09 39
1e-10 4e-10 6e-10 7.000000000000001e-10 1e-09 1.2e-09 1.4000000000000001e-09 1.5e-09 1.8e-09 2e-09 2.1e-09 2.3e-09 2.6e-09 3.1e-09 3.2e-09 3.4000000000000003e-09 37
2e-10 3e-10 5e-10 8e-10 9e-10 1.1000000000000001e-09 1.4000000000000001e-09 1.6e-09 1.8e-09 2e-09 2.1e-09 2.3e-09 2.7e-09 3.1e-09 3.2e-09 3.4000000000000003e-09 36
1e-10 3e-10 6e-10 7.000000000000001e-10 9e-10 1.2e-09 1.4000000000000001e-09 1.6e-09 1.8e-09 2e-09 2.1e-09 2.3e-09 2.7e-09 3.1e-09 3.2e-09 3.4000000000000003e-09 40
1e-10 3e-10 6e-10 7.000000000000001e-10 9e-10 1.1000000000000001e-09 1.3e-09 1.5e-09 1.7000000000000001e-09 2e-09 2.1e-09 2.3e-09 2.5e-09 3e-09 3.2e-09 3.4000000000000003e-09 42
1e-10 4e-10 6e-10 7.000000000000001e-10 9e-10 1.2e-09 1.4000000000000001e-09 1.5e-09 1.8e-09 2e-09 2.1e-09 2.3e-09 2.6e-09 3.1e-09 3.2e-09 3.5000000000000003e-09 37
2e-10 3e-10 5e-10 8e-10 9e-10 1.1000000000000001e-09 1.4000000000000001e-09 1.6e-09 1.8e-09 2e-09 2.1e-09 2.3e-09 2.6e-09 3e-09 1.881105310834445e-155 3.5000000000000003e-09 36
1e-10 3e-10 6e-10 7.000000000000001e-10 9e-10 1.2e-09 1.3e-09 1.6e-09 1.8e-09 2e-09 2.1e-09 2.3e-09 2.7e-09 3e-09 3.2e-09 3.4000000000000003e-09 40
1e-10 3e-10 6e-10 7.000000000000001e-10 9e-10 1.1000000000000001e-09 1.3e-09 1.5e-09 1.7000000000000001e-09 2e-09 2.1e-09 2.3e-09 2.5e-09 3e-09 3.2e-09 3.4000000000000003e-09 42
1e-10 3e-10 6e-10 7.000000000000001e-10 9e-10 1.1000000000000001e-09 1.3e-09 1.5e-09 1.7000000000000001e-09 2e-09 2.1e-09 2.3e-09 2.5e-09 3e-09 3.2e-09 3.4000000000000003e-09 42
2e-10 3e-10 5e-10 8e-10 9e-10 1.2e-09 1.4000000000000001e-09 1.6e-09 1.8e-09 2e-09 2.1e-09 2.4e-09 2.6e-09 3.1e-09 3.2e-09 3.5000000000000003e-09 36
1e-10 4e-10 6e-10 7.000000000000001e-10 1e-09 1.2e-09 1.4000000000000001e-09 1.5e-09 1.8e-09 2e-09 2.1e-09 2.3e-09 2.6e-09 3.1e-09 3.2e-09 3.4000000000000003e-09 37
2e-10 3e-10 5e-10 8e-10 9e-10 1.1000000000000001e-09 1.3e-09 1.6e-09 1.8e-09 2e-09 2.1e-09 2.3e-09 2.7e-09 3.1e-09 1.881105310834445e-155 3.4000000000000003e-09 36
2e-10 3e-10 5e-10 8e-10 9e-10 1.1000000000000001e-09 1.3e-09 1.6e-09 1.8e-09 2e-09 2.1e-09 2.3e-09 2.7e-09 3.1e-09 3.2e-09 3.5000000000000003e-09 36
2e-10 3e-10 5e-10 8e-10 9e-10 1.1000000000000001e-09 1.4000000000000001e-09 1.6e-09 1.8e-09 2e-09 2.1e-09 2.3e-09 2.7e-09 3.1e-09 3.2e-09 3.4000000000000003e-09 36
2e-10 3e-10 5e-10 8e-10 9e-10 1.1000000000000001e-09 1.3e-09 1.6e-09 1.8e-09 2e-09 2.1e-09 2.3e-09 2.7e-09 3.1e-09 1.881105310834445e-155 3.4000000000000003e-09 36
1e-10 4e-10 6e-10 7.000000000000001e-10 1e-09 1.1000000000000001e-09 1.3e-09 1.5e-09 1.8e-09 2e-09 2.1e-09 2.3e-09 2.6e-09 3.1e-09 1.881105310834445e-155 3.4000000000000003e-09 37
1e-10 3e-10 6e-10 7.000000000000001e-10 9e-10 1.2e-09 1.4000000000000001e-09 1.5e-09 1.7000000000000001e-09 1.9e-09 2.1e-09 2.3e-09 1.5960893546474079e-155 3e-09 3.2e-09 3.4000000000000003e-09 42
2e-10 3e-10 5e-10 8e-10 9e-10 1.1000000000000001e-09 1.3e-09 1.6e-09 1.8e-09 2e-09 2.1e-09 2.3e-09 2.7e-09 3.1e-09 3.2e-09 3.5000000000000003e-09 36
2e-10 3e-10 5e-10 8e-10 9e-10 1.1000000000000001e-09 1.3e-09 1.6e-09 1.8e-09 2e-09 2.1e-09 2.3e-09 2.7e-09 3.1e-09 1.881105310834445e-155 3.4000000000000003e-09 36
1e-10 3e-10 6e-10 7.000000000000001e-10 9e-10 1.2e-09 1.4000000000000001e-09 1.5e-09 1.7000000000000001e-09 1.9e-09 2.1e-09 2.3e-09 3.3923358189433696e-300 3e-09 3.2e-09 3.4000000000000003e-09 42
1e-10 3e-10 6e-10 7.000000000000001e-10 9e-10 1.2e-09 1.4000000000000001e-09 1.6e-09 1.8e-09 1.9e-09 2.1e-09 2.4e-09 2.5e-09 3.1e-09 3.2e-09 3.5000000000000003e-09 39
1e-10 3e-10 6e-10 7.000000000000001e-10 9e-10 1.1000000000000001e-09 1.3e-09 1.5e-09 1.8e-09 2e-09 2.1e-09 2.3e-09 2.7e-09 3.1e-09 3.2e-09 3.5000000000000003e-09 38
1e-10 4e-10 6e-10 7.000000000000001e-10 1e-09 1.2e-09 1.3e-09 1.5e-09 1.8e-09 2e-09 2.1e-09 2.3e-09 2.6e-09 3.1e-09 3.2e-09 3.4000000000000003e-09 37
1e-10 4e-10 6e-10 7.000000000000001e-10 1e-09 1.2e-09 1.4000000000000001e-09 1.5e-09 1.8e-09 2e-09 2.1e-09 2.3e-09 2.6e-09 3.1e-09 3.2e-09 3.4000000000000003e-09 37
2e-10 3e-10 5e-10 8e-10 9e-10 1.1000000000000001e-09 1.4000000000000001e-09 1.6e-09 1.8e-09 2e-09 2.1e-09 2.3e-09 2.7e-09 3.1e-09 1.881105310834445e-155 3.5000000000000003e-09 36
1e-10 3e-10 6e-10 7.000000000000001e-10 9e-10 1.1000000000000001e-09 1.3e-09 1.5e-09 1.7000000000000001e-09 2e-09 2.1e-09 2.3e-09 3.3923358189433696e-300 3e-09 3.2e-09 3.4000000000000003e-09 41
2e-10 3e-10 5e-10 8e-10 9e-10 1.1000000000000001e-09 1.4000000000000001e-09 1.6e-09 1.8e-09 2e-09 2.1e-09 2.3e-09 2.7e-09 3.1e-09 3.2e-09 3.5000000000000003e-09 36
1e-10 3e-10 6e-10 7.000000000000001e-10 1e-09 1.1000000000000001e-09 1.3e-09 1.5e-09 1.7000000000000001e-09 2e-09 2.1e-09 2.3e-09 3.3923358189433696e-300 3e-09 3.2e-09 3.4000000000000003e-09 41
1e-10 3e-10 6e-10 7.000000000000001e-10 9e-10 1.2e-09 1.4000000000000001e-09 1.6e-09 1.8e-09 2e-09 2.1e-09 2.3e-09 2.7e-09 3e-09 3.2e-09 3.4000000000000003e-09 40
2e-10 3e-10 5e-10 8e-10 9e-10 1.1000000000000001e-09 1.3e-09 1.6e-09 1.8e-09 2e-09 2.1e-09 2.3e-09 2.7e-09 3.1e-09 3.2e-09 3.5000000000000003e-09 36
2e-10 3e-10 5e-10 8e-10 9e-10 1.1000000000000001e-09 1.3e-09 1.6e-09 1.8e-09 2e-09 2.1e-09 2.3e-09 2.7e-09 3.1e-09 3.2e-09 3.5000000000000003e-09 36
2e-10 3e-10 5e-10 8e-10 9e-10 1.1000000000000001e-09 1.4000000000000001e-09 1.6e-09 1.8e-09 2e-09 2.1e-09 2.3e-09 2.7e-09 3e-09 3.2e-09 3.5000000000000003e-09 36
1e-10 4e-10 6e-10 7.000000000000001e-10 1e-09 1.1000000000000001e-09 1.3e-09 1.5e-09 1.8e-09 2e-09 2.1e-09 2.3e-09 2.6e-09 3.1e-09 1.881105310834445e-155 3.4000000000000003e-09 37
2e-10 3e-10 5e-10 8e-10 9e-10 1.1000000000000001e-09 1.4000000000000001e-09 1.6e-09 1.8e-09 2e-09 2.1e-09 2.3e-09 2.7e-09 3.1e-09 3.2e-09 3.5000000000000003e-09 36
1e-10 4e-10 6e-10 7.000000000000001e-10 1e-09 1.2e-09 1.4000000000000001e-09 1.5e-09 1.8e-09 2e-09 2.1e-09 2.3e-09 2.6e-09 3.1e-09 3.2e-09 3.4000000000000003e-09 37
1e-10 3e-10 6e-10 7.000000000000001e-10 9e-10 1.2e-09 1.4000000000000001e-09 1.6e-09 1.8e-09 2e-09 2.1e-09 2.3e-09 2.7e-09 3e-09 3.2e-09 3.4000000000000003e-09 40
2e-10 3e-10 5e-10 8e-10 9e-10 1.1000000000000001e-09 1.4000000000000001e-09 1.6e-09 1.8e-09 2e-09 2.1e-09 2.3e-09 2.7e-09 3.1e-09 3.2e-09 3.4000000000000003e-09 36
1e-10 3e-10 6e-10 7.000000000000001e-10 9e-10 1.2e-09 1.4000000000000001e-09 1.6e-09 1.8e-09 1.9e-09 2.1e-09 2.4e-09 2.5e-09 3.1e-09 3.2e-09 3.4000000000000003e-09 39
1e-10 3e-10 6e-10 7.000000000000001e-10 9e-10 1.2e-09 1.4000000000000001e-09 1.6e-09 1.8e-09 2e-09 2.1e-09 2.3e-09 2.7e-09 3.1e-09 3.2e-09 3.4000000000000003e-09 40
2e-10 3e-10 5e-10 8e-10 9e-10 1.1000000000000001e-09 1.4000000000000001e-09 1.6e-09 1.8e-09 2e-09 2.1e-09 2.3e-09 2.7e-09 3.1e-09 3.2e-09 3.5000000000000003e-09 36
