1.222814452319681e+48 2.075104022052812e+107 4.466550628040473e+56 1.1370820737437629e+48 1.5760147045126657e+90 1.7688156055136533e+107 3.6221020098476843e+81 3.0511644679365234e+73 4.878878091376707e+130 6.3042782141554066e+140 8.316458899812517e+138 7.249919946278718e+140 7.733052393302827e+32 8.402512268482105e+130 3.740290357552747e-282 7.268445855962543e+56 36
1.222814452319681e+48 2.075104022052812e+107 4.466550628040473e+56 1.1370820737437629e+48 1.5760147045126657e+90 1.7688156055136533e+107 4.940047832665917e+74 3.0511644679365234e+73 4.878878091376707e+130 6.3042782141554066e+140 8.316458899812517e+138 7.249919946278718e+140 7.733052393302827e+32 8.402512268482105e+130 2.1532712024195836e+157 7.268445855962543e+56 36
1.6080141868305933e+106 5.6854103687188146e+47 6.603427849381066e+98 4.8419093847898955e+107 5.614391424791918e+65 7.336886713918085e+48 3.6221020098476843e+81 7.733321521751948e+82 4.878878091376707e+130 6.3042782141554066e+140 8.316458899812517e+138 7.249919946278718e+140 1.1526308575830324e+73 8.402512268482105e+130 2.1532712024195836e+157 1.6096292117512457e+100 37
1.6080141868305933e+106 2.075104022052812e+107 6.603427849381066e+98 4.8419093847898955e+107 1.5760147045126657e+90 7.336886713918085e+48 4.940047832665917e+74 3.0511644679365234e+73 4.878878091376707e+130 6.3042782141554066e+140 8.316458899812517e+138 7.249919946278718e+140 7.733052393302827e+32 8.402512268482105e+130 2.1532712024195836e+157 1.6096292117512457e+100 40
1.6080141868305933e+106 2.075104022052812e+107 4.466550628040473e+56 1.1370820737437629e+48 1.5760147045126657e+90 7.336886713918085e+48 4.940047832665917e+74 3.0511644679365234e+73 4.878878091376707e+130 6.3042782141554066e+140 8.316458899812517e+138 7485594716717144.0 7797494496580358.0 8.402512268482105e+130 2.1532712024195836e+157 7.268445855962543e+56 36
1.6080141868305933e+106 2.075104022052812e+107 6.603427849381066e+98 4.8419093847898955e+107 1.5760147045126657e+90 1.7688156055136533e+107 3.6221020098476843e+81 7.733321521751948e+82 6.166261001110865e+25 6.3042782141554066e+140 8.316458899812517e+138 7.249919946278718e+140 7797494496580358.0 1.0881637060783881e+26 2.1532712024195836e+157 1.6096292117512457e+100 42
1.222814452319681e+48 2.075104022052812e+107 4.466550628040473e+56 1.1370820737437629e+48 5.614391424791918e+65 1.7688156055136533e+107 3.6221020098476843e+81 3.0511644679365234e+73 4.878878091376707e+130 6.3042782141554066e+140 8.316458899812517e+138 7.249919946278718e+140 1.1526308575830324e+73 8.402512268482105e+130 2.1532712024195836e+157 1.6096292117512457e+100 36
1.222814452319681e+48 2.075104022052812e+107 4.466550628040473e+56 1.1370820737437629e+48 1.5760147045126657e+90 1.7688156055136533e+107 4.940047832665917e+74 3.0511644679365234e+73 4.878878091376707e+130 6.3042782141554066e+140 8.316458899812517e+138 7.249919946278718e+140 7.733052393302827e+32 8.402512268482105e+130 2.1532712024195836e+157 7.268445855962543e+56 36
1.6080141868305933e+106 5.6854103687188146e+47 6.603427849381066e+98 4.8419093847898955e+107 5.614391424791918e+65 1.7688156055136533e+107 3.6221020098476843e+81 7.733321521751948e+82 4.878878091376707e+130 6.3042782141554066e+140 8.316458899812517e+138 7.249919946278718e+140 1.1526308575830324e+73 8.402512268482105e+130 3.740290357552747e-282 1.6096292117512457e+100 37
1.222814452319681e+48 2.075104022052812e+107 4.466550628040473e+56 1.1370820737437629e+48 1.5760147045126657e+90 1.7688156055136533e+107 4.940047832665917e+74 3.0511644679365234e+73 4.878878091376707e+130 6.3042782141554066e+140 8.316458899812517e+138 7.249919946278718e+140 7.733052393302827e+32 8.402512268482105e+130 2.1532712024195836e+157 7.268445855962543e+56 36
1.6080141868305933e+106 2.075104022052812e+107 6.603427849381066e+98 4.8419093847898955e+107 1.5760147045126657e+90 7.336886713918085e+48 4.940047832665917e+74 3.0511644679365234e+73 4.878878091376707e+130 5926095817401072.0 8.316458899812517e+138 7485594716717144.0 7797494496580358.0 8.402512268482105e+130 2.1532712024195836e+157 1.6096292117512457e+100 39
1.6080141868305933e+106 2.075104022052812e+107 6.603427849381066e+98 4.8419093847898955e+107 1.5760147045126657e+90 7.336886713918085e+48 4.940047832665917e+74 7.733321521751948e+82 6.166261001110865e+25 5926095817401072.0 5.461651353215765e+17 7.249919946278718e+140 7797494496580358.0 1.0881637060783881e+26 2.1532712024195836e+157 1.6096292117512457e+100 42
1.222814452319681e+48 2.075104022052812e+107 6.603427849381066e+98 1.1370820737437629e+48 1.5760147045126657e+90 7.336886713918085e+48 4.940047832665917e+74 7.733321521751948e+82 4.878878091376707e+130 6.3042782141554066e+140 8.316458899812517e+138 7.249919946278718e+140 7.733052393302827e+32 8.402512268482105e+130 2.1532712024195836e+157 7.268445855962543e+56 36
1.222814452319681e+48 2.075104022052812e+107 4.466550628040473e+56 1.1370820737437629e+48 1.5760147045126657e+90 1.7688156055136533e+107 3.6221020098476843e+81 3.0511644679365234e+73 4.878878091376707e+130 6.3042782141554066e+140 8.316458899812517e+138 7.249919946278718e+140 7.733052393302827e+32 8.402512268482105e+130 3.740290357552747e-282 7.268445855962543e+56 36
1.222814452319681e+48 2.075104022052812e+107 4.466550628040473e+56 1.1370820737437629e+48 1.5760147045126657e+90 1.7688156055136533e+107 4.940047832665917e+74 3.0511644679365234e+73 4.878878091376707e+130 6.3042782141554066e+140 8.316458899812517e+138 7.249919946278718e+140 7.733052393302827e+32 1.0881637060783881e+26 2.1532712024195836e+157 7.268445855962543e+56 36
1.6080141868305933e+106 2.075104022052812e+107 6.603427849381066e+98 4.8419093847898955e+107 1.5760147045126657e+90 7.336886713918085e+48 4.940047832665917e+74 7.733321521751948e+82 6.166261001110865e+25 5926095817401072.0 5.461651353215765e+17 7.249919946278718e+140 7797494496580358.0 1.0881637060783881e+26 2.1532712024195836e+157 1.6096292117512457e+100 42
1.222814452319681e+48 2.075104022052812e+107 4.466550628040473e+56 1.1370820737437629e+48 1.5760147045126657e+90 1.7688156055136533e+107 4.940047832665917e+74 3.0511644679365234e+73 4.878878091376707e+130 6.3042782141554066e+140 8.316458899812517e+138 7.249919946278718e+140 7.733052393302827e+32 8.402512268482105e+130 2.1532712024195836e+157 7.268445855962543e+56 36
1.6080141868305933e+106 2.075104022052812e+107 6.603427849381066e+98 4.8419093847898955e+107 1.5760147045126657e+90 1.7688156055136533e+107 3.6221020098476843e+81 7.733321521751948e+82 6.166261001110865e+25 6.3042782141554066e+140 8.316458899812517e+138 7.249919946278718e+140 7797494496580358.0 1.0881637060783881e+26 2.1532712024195836e+157 1.6096292117512457e+100 42
1.222814452319681e+48 2.075104022052812e+107 4.466550628040473e+56 1.1370820737437629e+48 1.5760147045126657e+90 7.336886713918085e+48 4.940047832665917e+74 3.0511644679365234e+73 4.878878091376707e+130 6.3042782141554066e+140 8.316458899812517e+138 7485594716717144.0 7797494496580358.0 1.0881637060783881e+26 2.1532712024195836e+157 7.268445855962543e+56 36
1.6080141868305933e+106 5.6854103687188146e+47 6.603427849381066e+98 4.8419093847898955e+107 5.614391424791918e+65 1.7688156055136533e+107 3.6221020098476843e+81 7.733321521751948e+82 4.878878091376707e+130 6.3042782141554066e+140 8.316458899812517e+138 7.249919946278718e+140 1.1526308575830324e+73 8.402512268482105e+130 2.1532712024195836e+157 1.6096292117512457e+100 37
1.222814452319681e+48 2.075104022052812e+107 4.466550628040473e+56 1.1370820737437629e+48 1.5760147045126657e+90 1.7688156055136533e+107 3.6221020098476843e+81 3.0511644679365234e+73 4.878878091376707e+130 6.3042782141554066e+140 8.316458899812517e+138 7.249919946278718e+140 7.733052393302827e+32 8.402512268482105e+130 2.1532712024195836e+157 7.268445855962543e+56 36
1.6080141868305933e+106 2.075104022052812e+107 6.603427849381066e+98 4.8419093847898955e+107 1.5760147045126657e+90 1.7688156055136533e+107 4.940047832665917e+74 7.733321521751948e+82 6.166261001110865e+25 5926095817401072.0 8.316458899812517e+138 7.249919946278718e+140 7797494496580358.0 1.0881637060783881e+26 2.1532712024195836e+157 1.6096292117512457e+100 42
1.6080141868305933e+106 2.075104022052812e+107 6.603427849381066e+98 4.8419093847898955e+107 1.5760147045126657e+90 1.7688156055136533e+107 3.6221020098476843e+81 7.733321521751948e+82 6.166261001110865e+25 6.3042782141554066e+140 8.316458899812517e+138 7.249919946278718e+140 1145509933.3887198 1.0881637060783881e+26 2.1532712024195836e+157 1.6096292117512457e+100 41
1.222814452319681e+48 2.075104022052812e+107 4.466550628040473e+56 1.1370820737437629e+48 1.5760147045126657e+90 1.7688156055136533e+107 4.940047832665917e+74 3.0511644679365234e+73 4.878878091376707e+130 6.3042782141554066e+140 8.316458899812517e+138 7.249919946278718e+140 7.733052393302827e+32 8.402512268482105e+130 3.740290357552747e-282 7.268445855962543e+56 36
1.222814452319681e+48 2.075104022052812e+107 4.466550628040473e+56 1.1370820737437629e+48 1.5760147045126657e+90 1.7688156055136533e+107 4.940047832665917e+74 3.0511644679365234e+73 4.878878091376707e+130 6.3042782141554066e+140 8.316458899812517e+138 7.249919946278718e+140 7.733052393302827e+32 8.402512268482105e+130 2.1532712024195836e+157 7.268445855962543e+56 36
1.222814452319681e+48 2.075104022052812e+107 4.466550628040473e+56 1.1370820737437629e+48 1.5760147045126657e+90 1.7688156055136533e+107 4.940047832665917e+74 3.0511644679365234e+73 4.878878091376707e+130 6.3042782141554066e+140 8.316458899812517e+138 7.249919946278718e+140 7.733052393302827e+32 8.402512268482105e+130 2.1532712024195836e+157 7.268445855962543e+56 36
1.222814452319681e+48 2.075104022052812e+107 6.603427849381066e+98 4.8419093847898955e+107 5.614391424791918e+65 1.7688156055136533e+107 3.6221020098476843e+81 7.733321521751948e+82 6.166261001110865e+25 6.3042782141554066e+140 5.461651353215765e+17 7.249919946278718e+140 1145509933.3887198 1.0881637060783881e+26 3.740290357552747e-282 1.6096292117512457e+100 41
1.6080141868305933e+106 2.075104022052812e+107 6.603427849381066e+98 4.8419093847898955e+107 1.5760147045126657e+90 1.7688156055136533e+107 3.6221020098476843e+81 7.733321521751948e+82 6.166261001110865e+25 6.3042782141554066e+140 8.316458899812517e+138 7.249919946278718e+140 1145509933.3887198 1.0881637060783881e+26 2.1532712024195836e+157 1.6096292117512457e+100 41
1.6080141868305933e+106 2.075104022052812e+107 6.603427849381066e+98 4.8419093847898955e+107 1.5760147045126657e+90 1.7688156055136533e+107 3.6221020098476843e+81 7.733321521751948e+82 6.166261001110865e+25 6.3042782141554066e+140 8.316458899812517e+138 7.249919946278718e+140 1145509933.3887198 1.0881637060783881e+26 2.1532712024195836e+157 1.6096292117512457e+100 41
1.6080141868305933e+106 2.075104022052812e+107 6.603427849381066e+98 4.8419093847898955e+107 1.5760147045126657e+90 7.336886713918085e+48 4.940047832665917e+74 3.0511644679365234e+73 4.878878091376707e+130 5926095817401072.0 8.316458899812517e+138 7485594716717144.0 7797494496580358.0 8.402512268482105e+130 2.1532712024195836e+157 7.268445855962543e+56 39
1.222814452319681e+48 2.075104022052812e+107 4.466550628040473e+56 1.1370820737437629e+48 1.5760147045126657e+90 1.7688156055136533e+107 3.6221020098476843e+81 3.0511644679365234e+73 4.878878091376707e+130 6.3042782141554066e+140 8.316458899812517e+138 7.249919946278718e+140 7.733052393302827e+32 8.402512268482105e+130 2.1532712024195836e+157 7.268445855962543e+56 36
1.6080141868305933e+106 2.075104022052812e+107 6.603427849381066e+98 4.8419093847898955e+107 1.5760147045126657e+90 7.336886713918085e+48 4.940047832665917e+74 3.0511644679365234e+73 4.878878091376707e+130 5926095817401072.0 8.316458899812517e+138 7485594716717144.0 7797494496580358.0 8.402512268482105e+130 2.1532712024195836e+157 1.6096292117512457e+100 39
1.222814452319681e+48 2.075104022052812e+107 4.466550628040473e+56 1.1370820737437629e+48 1.5760147045126657e+90 1.7688156055136533e+107 4.940047832665917e+74 3.0511644679365234e+73 4.878878091376707e+130 6.3042782141554066e+140 8.316458899812517e+138 7.249919946278718e+140 7.733052393302827e+32 1.0881637060783881e+26 2.1532712024195836e+157 7.268445855962543e+56 36
1.6080141868305933e+106 2.075104022052812e+107 6.603427849381066e+98 4.8419093847898955e+107 1.5760147045126657e+90 7.336886713918085e+48 4.940047832665917e+74 7.733321521751948e+82 6.166261001110865e+25 5926095817401072.0 8.316458899812517e+138 7.249919946278718e+140 1145509933.3887198 1.0881637060783881e+26 2.1532712024195836e+157 1.6096292117512457e+100 42
1.6080141868305933e+106 2.075104022052812e+107 6.603427849381066e+98 4.8419093847898955e+107 1.5760147045126657e+90 7.336886713918085e+48 4.940047832665917e+74 7.733321521751948e+82 6.166261001110865e+25 5926095817401072.0 8.316458899812517e+138 7.249919946278718e+140 1.3651430126556149e-281 1.0881637060783881e+26 2.1532712024195836e+157 1.6096292117512457e+100 42
1.222814452319681e+48 2.075104022052812e+107 4.466550628040473e+56 1.1370820737437629e+48 1.5760147045126657e+90 1.7688156055136533e+107 3.6221020098476843e+81 3.0511644679365234e+73 4.878878091376707e+130 6.3042782141554066e+140 8.316458899812517e+138 7.249919946278718e+140 7.733052393302827e+32 8.402512268482105e+130 2.1532712024195836e+157 7.268445855962543e+56 36
1.222814452319681e+48 2.075104022052812e+107 4.466550628040473e+56 1.1370820737437629e+48 1.5760147045126657e+90 1.7688156055136533e+107 3.6221020098476843e+81 3.0511644679365234e+73 4.878878091376707e+130 6.3042782141554066e+140 8.316458899812517e+138 7.249919946278718e+140 7.733052393302827e+32 8.402512268482105e+130 2.1532712024195836e+157 7.268445855962543e+56 36
1.6080141868305933e+106 2.075104022052812e+107 6.603427849381066e+98 4.8419093847898955e+107 1.5760147045126657e+90 1.7688156055136533e+107 3.6221020098476843e+81 7.733321521751948e+82 6.166261001110865e+25 6.3042782141554066e+140 8.316458899812517e+138 7.249919946278718e+140 7797494496580358.0 1.0881637060783881e+26 2.1532712024195836e+157 1.6096292117512457e+100 42
1.222814452319681e+48 2.075104022052812e+107 4.466550628040473e+56 1.1370820737437629e+48 1.5760147045126657e+90 1.7688156055136533e+107 4.940047832665917e+74 3.0511644679365234e+73 4.878878091376707e+130 6.3042782141554066e+140 8.316458899812517e+138 7.249919946278718e+140 7.733052393302827e+32 8.402512268482105e+130 2.1532712024195836e+157 7.268445855962543e+56 36
1.222814452319681e+48 2.075104022052812e+107 4.466550628040473e+56 1.1370820737437629e+48 1.5760147045126657e+90 1.7688156055136533e+107 4.940047832665917e+74 3.0511644679365234e+73 4.878878091376707e+130 6.3042782141554066e+140 8.316458899812517e+138 7.249919946278718e+140 7.733052393302827e+32 8.402512268482105e+130 2.1532712024195836e+157 1.6096292117512457e+100 36
1.222814452319681e+48 2.075104022052812e+107 4.466550628040473e+56 1.1370820737437629e+48 1.5760147045126657e+90 1.7688156055136533e+107 4.940047832665917e+74 3.0511644679365234e+73 4.878878091376707e+130 6.3042782141554066e+140 8.316458899812517e+138 7.249919946278718e+140 7.733052393302827e+32 1.0881637060783881e+26 2.1532712024195836e+157 7.268445855962543e+56 36
1.6080141868305933e+106 2.075104022052812e+107 6.603427849381066e+98 4.8419093847898955e+107 1.5760147045126657e+90 1.7688156055136533e+107 3.6221020098476843e+81 7.733321521751948e+82 6.166261001110865e+25 6.3042782141554066e+140 8.316458899812517e+138 7.249919946278718e+140 7797494496580358.0 1.0881637060783881e+26 2.1532712024195836e+157 1.6096292117512457e+100 42
1.6080141868305933e+106 2.075104022052812e+107 6.603427849381066e+98 4.8419093847898955e+107 1.5760147045126657e+90 7.336886713918085e+48 3.6221020098476843e+81 3.0511644679365234e+73 4.878878091376707e+130 6.3042782141554066e+140 8.316458899812517e+138 7.249919946278718e+140 7.733052393302827e+32 1.0881637060783881e+26 2.1532712024195836e+157 1.6096292117512457e+100 40
1.222814452319681e+48 2.075104022052812e+107 4.466550628040473e+56 1.1370820737437629e+48 1.5760147045126657e+90 1.7688156055136533e+107 4.940047832665917e+74 3.0511644679365234e+73 4.878878091376707e+130 6.3042782141554066e+140 8.316458899812517e+138 7.249919946278718e+140 7.733052393302827e+32 8.402512268482105e+130 2.1532712024195836e+157 7.268445855962543e+56 36
1.6080141868305933e+106 2.075104022052812e+107 6.603427849381066e+98 4.8419093847898955e+107 1.5760147045126657e+90 7.336886713918085e+48 4.940047832665917e+74 3.0511644679365234e+73 4.878878091376707e+130 5926095817401072.0 8.316458899812517e+138 7485594716717144.0 7797494496580358.0 8.402512268482105e+130 2.1532712024195836e+157 7.268445855962543e+56 39
1.6080141868305933e+106 2.075104022052812e+107 6.603427849381066e+98 4.8419093847898955e+107 1.5760147045126657e+90 7.336886713918085e+48 4.940047832665917e+74 3.0511644679365234e+73 4.878878091376707e+130 5926095817401072.0 8.316458899812517e+138 7485594716717144.0 7797494496580358.0 8.402512268482105e+130 2.1532712024195836e+157 7.268445855962543e+56 39
1.6080141868305933e+106 5.6854103687188146e+47 6.603427849381066e+98 4.8419093847898955e+107 5.614391424791918e+65 1.7688156055136533e+107 3.6221020098476843e+81 7.733321521751948e+82 4.878878091376707e+130 6.3042782141554066e+140 8.316458899812517e+138 7.249919946278718e+140 1.1526308575830324e+73 8.402512268482105e+130 2.1532712024195836e+157 1.6096292117512457e+100 37
1.6080141868305933e+106 2.075104022052812e+107 6.603427849381066e+98 4.8419093847898955e+107 1.5760147045126657e+90 7.336886713918085e+48 3.6221020098476843e+81 3.0511644679365234e+73 4.878878091376707e+130 5926095817401072.0 8.316458899812517e+138 7485594716717144.0 7797494496580358.0 8.402512268482105e+130 3.740290357552747e-282 1.6096292117512457e+100 39
1.222814452319681e+48 2.075104022052812e+107 4.466550628040473e+56 1.1370820737437629e+48 1.5760147045126657e+90 1.7688156055136533e+107 4.940047832665917e+74 3.0511644679365234e+73 4.878878091376707e+130 6.3042782141554066e+140 8.316458899812517e+138 7.249919946278718e+140 7.733052393302827e+32 1.0881637060783881e+26 2.1532712024195836e+157 7.268445855962543e+56 36
1.222814452319681e+48 2.075104022052812e+107 4.466550628040473e+56 1.1370820737437629e+48 1.5760147045126657e+90 1.7688156055136533e+107 4.940047832665917e+74 3.0511644679365234e+73 4.878878091376707e+130 6.3042782141554066e+140 8.316458899812517e+138 7.249919946278718e+140 7.733052393302827e+32 8.402512268482105e+130 2.1532712024195836e+157 7.268445855962543e+56 36
1.6080141868305933e+106 5.6854103687188146e+47 6.603427849381066e+98 4.8419093847898955e+107 5.614391424791918e+65 7.336886713918085e+48 4.940047832665917e+74 7.733321521751948e+82 4.878878091376707e+130 6.3042782141554066e+140 8.316458899812517e+138 7.249919946278718e+140 1.1526308575830324e+73 8.402512268482105e+130 2.1532712024195836e+157 1.6096292117512457e+100 37
1.222814452319681e+48 2.075104022052812e+107 4.466550628040473e+56 1.1370820737437629e+48 1.5760147045126657e+90 1.7688156055136533e+107 4.940047832665917e+74 3.0511644679365234e+73 4.878878091376707e+130 6.3042782141554066e+140 8.316458899812517e+138 7.249919946278718e+140 7.733052393302827e+32 8.402512268482105e+130 2.1532712024195836e+157 7.268445855962543e+56 36
1.222814452319681e+48 2.075104022052812e+107 4.466550628040473e+56 1.1370820737437629e+48 1.5760147045126657e+90 1.7688156055136533e+107 4.940047832665917e+74 3.0511644679365234e+73 4.878878091376707e+130 6.3042782141554066e+140 8.316458899812517e+138 7.249919946278718e+140 7.733052393302827e+32 8.402512268482105e+130 2.1532712024195836e+157 1.6096292117512457e+100 36
1.6080141868305933e+106 2.075104022052812e+107 6.603427849381066e+98 4.8419093847898955e+107 1.5760147045126657e+90 1.7688156055136533e+107 4.940047832665917e+74 3.0511644679365234e+73 4.878878091376707e+130 6.3042782141554066e+140 8.316458899812517e+138 7.249919946278718e+140 7797494496580358.0 8.402512268482105e+130 2.1532712024195836e+157 1.6096292117512457e+100 38
1.6080141868305933e+106 2.075104022052812e+107 6.603427849381066e+98 4.8419093847898955e+107 1.5760147045126657e+90 1.7688156055136533e+107 4.940047832665917e+74 3.0511644679365234e+73 4.878878091376707e+130 6.3042782141554066e+140 8.316458899812517e+138 7.249919946278718e+140 7797494496580358.0 8.402512268482105e+130 2.1532712024195836e+157 1.6096292117512457e+100 38
1.222814452319681e+48 2.075104022052812e+107 4.466550628040473e+56 1.1370820737437629e+48 1.5760147045126657e+90 1.7688156055136533e+107 4.940047832665917e+74 3.0511644679365234e+73 4.878878091376707e+130 6.3042782141554066e+140 8.316458899812517e+138 7.249919946278718e+140 7.733052393302827e+32 8.402512268482105e+130 2.1532712024195836e+157 1.6096292117512457e+100 36
1.222814452319681e+48 2.075104022052812e+107 4.466550628040473e+56 1.1370820737437629e+48 1.5760147045126657e+90 1.7688156055136533e+107 4.940047832665917e+74 3.0511644679365234e+73 4.878878091376707e+130 6.3042782141554066e+140 8.316458899812517e+138 7.249919946278718e+140 7.733052393302827e+32 8.402512268482105e+130 2.1532712024195836e+157 7.268445855962543e+56 36
1.222814452319681e+48 2.075104022052812e+107 4.466550628040473e+56 1.1370820737437629e+48 1.5760147045126657e+90 1.7688156055136533e+107 3.6221020098476843e+81 3.0511644679365234e+73 4.878878091376707e+130 6.3042782141554066e+140 8.316458899812517e+138 7.249919946278718e+140 7.733052393302827e+32 8.402512268482105e+130 3.740290357552747e-282 7.268445855962543e+56 36
1.6080141868305933e+106 2.075104022052812e+107 6.603427849381066e+98 4.8419093847898955e+107 1.5760147045126657e+90 1.7688156055136533e+107 4.940047832665917e+74 3.0511644679365234e+73 4.878878091376707e+130 6.3042782141554066e+140 5.461651353215765e+17 7.249919946278718e+140 7797494496580358.0 8.402512268482105e+130 2.1532712024195836e+157 1.6096292117512457e+100 38
1.222814452319681e+48 2.075104022052812e+107 4.466550628040473e+56 1.1370820737437629e+48 1.5760147045126657e+90 1.7688156055136533e+107 4.940047832665917e+74 3.0511644679365234e+73 4.878878091376707e+130 6.3042782141554066e+140 8.316458899812517e+138 7.249919946278718e+140 1.1526308575830324e+73 1.0881637060783881e+26 3.740290357552747e-282 7.268445855962543e+56 36
1.6080141868305933e+106 2.075104022052812e+107 6.603427849381066e+98 4.8419093847898955e+107 1.5760147045126657e+90 7.336886713918085e+48 4.940047832665917e+74 7.733321521751948e+82 6.166261001110865e+25 5926095817401072.0 8.316458899812517e+138 7.249919946278718e+140 1.3651430126556149e-281 1.0881637060783881e+26 2.1532712024195836e+157 1.6096292117512457e+100 42
1.6080141868305933e+106 2.075104022052812e+107 6.603427849381066e+98 4.8419093847898955e+107 1.5760147045126657e+90 7.336886713918085e+48 3.6221020098476843e+81 3.0511644679365234e+73 4.878878091376707e+130 6.3042782141554066e+140 8.316458899812517e+138 7.249919946278718e+140 7.733052393302827e+32 1.0881637060783881e+26 2.1532712024195836e+157 1.6096292117512457e+100 40
1.6080141868305933e+106 2.075104022052812e+107 6.603427849381066e+98 4.8419093847898955e+107 1.5760147045126657e+90 7.336886713918085e+48 4.940047832665917e+74 3.0511644679365234e+73 4.878878091376707e+130 6.3042782141554066e+140 8.316458899812517e+138 7.249919946278718e+140 7.733052393302827e+32 8.402512268482105e+130 2.1532712024195836e+157 1.6096292117512457e+100 40
1.6080141868305933e+106 5.6854103687188146e+47 6.603427849381066e+98 4.8419093847898955e+107 5.614391424791918e+65 1.7688156055136533e+107 3.6221020098476843e+81 7.733321521751948e+82 4.878878091376707e+130 6.3042782141554066e+140 8.316458899812517e+138 7.249919946278718e+140 1.1526308575830324e+73 8.402512268482105e+130 3.740290357552747e-282 1.6096292117512457e+100 37
