1.6074932026954844e+46 1.8514902231614114e+104 3.807287573138451e+55 6.429972810781937e+46 7.551101971342589e+62 6.9456343905175064e+103 9.222419497862096e+78 1.1446081797735356e+72 1.0349718011637804e+128 1.089463124741101e+137 1.1974019606138923e+135 1.2528825934522661e+137 1.9029583186829e+71 1.782451435337621e+128 1.6376598565056075e+153 2.164878326850166e+97 36
6.171634077204704e+103 1.8514902231614114e+104 3.9086329721814327e+95 4.320143854043293e+104 5.912232333540984e+88 6.9456343905175064e+103 9.789169150401885e+72 1.0400966902675732e+80 1.4666018456480132e+24 1730176381956676.2 1.1974019606138923e+135 1.2528825934522661e+137 2276547870995626.5 2.588120904084728e+24 1.6376598565056075e+153 2.164878326850166e+97 42
1.6074932026954844e+46 1.8514902231614114e+104 3.807287573138451e+55 6.429972810781937e+46 5.912232333540984e+88 6.9456343905175064e+103 9.222419497862096e+78 1.1446081797735356e+72 1.0349718011637804e+128 1.089463124741101e+137 1.1974019606138923e+135 1.2528825934522661e+137 2.2577334257807847e+32 1.782451435337621e+128 1.6376598565056075e+153 2.726671298254271e+55 36
1.6074932026954844e+46 1.8514902231614114e+104 3.807287573138451e+55 6.429972810781937e+46 5.912232333540984e+88 6.9456343905175064e+103 9.789169150401885e+72 1.1446081797735356e+72 1.0349718011637804e+128 1.089463124741101e+137 1.1974019606138923e+135 1.2528825934522661e+137 2.2577334257807847e+32 2.588120904084728e+24 1.6376598565056075e+153 2.726671298254271e+55 36
6.171634077204704e+103 3.2149864053909687e+46 3.9086329721814327e+95 4.320143854043293e+104 7.551101971342589e+62 6.9456343905175064e+103 9.789169150401885e+72 1.0400966902675732e+80 1.0349718011637804e+128 1.089463124741101e+137 1.1974019606138923e+135 1.2528825934522661e+137 1.9029583186829e+71 1.782451435337621e+128 1.6376598565056075e+153 2.164878326850166e+97 37
6.171634077204704e+103 1.8514902231614114e+104 3.807287573138451e+55 6.429972810781937e+46 5.912232333540984e+88 9.42716981451738e+47 9.789169150401885e+72 1.1446081797735356e+72 1.0349718011637804e+128 1.089463124741101e+137 1.1974019606138923e+135 2185485956155801.5 2276547870995626.5 1.782451435337621e+128 1.6376598565056075e+153 2.726671298254271e+55 36
6.171634077204704e+103 1.8514902231614114e+104 3.9086329721814327e+95 4.320143854043293e+104 5.912232333540984e+88 6.9456343905175064e+103 9.222419497862096e+78 1.0400966902675732e+80 1.4666018456480132e+24 1.089463124741101e+137 1.1974019606138923e+135 1.2528825934522661e+137 27245148.757299967 2.588120904084728e+24 1.6376598565056075e+153 2.164878326850166e+97 41
6.171634077204704e+103 3.2149864053909687e+46 3.9086329721814327e+95 4.320143854043293e+104 7.551101971342589e+62 6.9456343905175064e+103 9.789169150401885e+72 1.0400966902675732e+80 1.0349718011637804e+128 1.089463124741101e+137 1.1974019606138923e+135 1.2528825934522661e+137 1.9029583186829e+71 1.782451435337621e+128 1.6376598565056075e+153 2.726671298254271e+55 37
1.6074932026954844e+46 1.8514902231614114e+104 3.807287573138451e+55 6.429972810781937e+46 5.912232333540984e+88 6.9456343905175064e+103 9.222419497862096e+78 1.1446081797735356e+72 1.0349718011637804e+128 1.089463124741101e+137 1.1974019606138923e+135 1.2528825934522661e+137 1.9029583186829e+71 2.588120904084728e+24 1.6376598565056075e+153 2.726671298254271e+55 36
6.171634077204704e+103 1.8514902231614114e+104 3.9086329721814327e+95 4.320143854043293e+104 5.912232333540984e+88 9.42716981451738e+47 9.789169150401885e+72 1.1446081797735356e+72 1.0349718011637804e+128 1730176381956676.2 1.1974019606138923e+135 2185485956155801.5 2276547870995626.5 1.782451435337621e+128 1.6376598565056075e+153 2.164878326850166e+97 39
1.6074932026954844e+46 1.8514902231614114e+104 3.807287573138451e+55 6.429972810781937e+46 5.912232333540984e+88 6.9456343905175064e+103 9.222419497862096e+78 1.1446081797735356e+72 1.0349718011637804e+128 1.089463124741101e+137 1.1974019606138923e+135 1.2528825934522661e+137 2.2577334257807847e+32 1.782451435337621e+128 1.8841236057200533e-145 2.726671298254271e+55 36
6.171634077204704e+103 1.8514902231614114e+104 3.9086329721814327e+95 4.320143854043293e+104 5.912232333540984e+88 6.9456343905175064e+103 9.789169150401885e+72 1.0400966902675732e+80 1.4666018456480132e+24 1730176381956676.2 1.1974019606138923e+135 1.2528825934522661e+137 2276547870995626.5 2.588120904084728e+24 1.6376598565056075e+153 2.164878326850166e+97 42
6.171634077204704e+103 3.2149864053909687e+46 3.9086329721814327e+95 4.320143854043293e+104 7.551101971342589e+62 6.9456343905175064e+103 9.222419497862096e+78 1.0400966902675732e+80 1.0349718011637804e+128 1.089463124741101e+137 1.1974019606138923e+135 1.2528825934522661e+137 1.9029583186829e+71 1.782451435337621e+128 1.8841236057200533e-145 2.164878326850166e+97 37
1.6074932026954844e+46 1.8514902231614114e+104 3.807287573138451e+55 6.429972810781937e+46 5.912232333540984e+88 6.9456343905175064e+103 9.789169150401885e+72 1.1446081797735356e+72 1.0349718011637804e+128 1.089463124741101e+137 1.1974019606138923e+135 1.2528825934522661e+137 2.2577334257807847e+32 1.782451435337621e+128 1.6376598565056075e+153 2.164878326850166e+97 36
1.6074932026954844e+46 1.8514902231614114e+104 3.807287573138451e+55 6.429972810781937e+46 5.912232333540984e+88 6.9456343905175064e+103 9.789169150401885e+72 1.1446081797735356e+72 1.0349718011637804e+128 1.089463124741101e+137 1.1974019606138923e+135 1.2528825934522661e+137 2.2577334257807847e+32 1.782451435337621e+128 1.6376598565056075e+153 2.164878326850166e+97 36
6.171634077204704e+103 1.8514902231614114e+104 3.9086329721814327e+95 4.320143854043293e+104 5.912232333540984e+88 9.42716981451738e+47 9.222419497862096e+78 1.1446081797735356e+72 1.0349718011637804e+128 1730176381956676.2 1.1974019606138923e+135 2185485956155801.5 2276547870995626.5 1.782451435337621e+128 1.6376598565056075e+153 2.164878326850166e+97 39
1.6074932026954844e+46 1.8514902231614114e+104 3.807287573138451e+55 6.429972810781937e+46 5.912232333540984e+88 6.9456343905175064e+103 9.789169150401885e+72 1.1446081797735356e+72 1.0349718011637804e+128 1.089463124741101e+137 1.1974019606138923e+135 1.2528825934522661e+137 2.2577334257807847e+32 1.782451435337621e+128 1.6376598565056075e+153 2.726671298254271e+55 36
1.6074932026954844e+46 1.8514902231614114e+104 3.807287573138451e+55 6.429972810781937e+46 5.912232333540984e+88 6.9456343905175064e+103 9.222419497862096e+78 1.1446081797735356e+72 1.0349718011637804e+128 1.089463124741101e+137 1.1974019606138923e+135 1.2528825934522661e+137 1.9029583186829e+71 2.588120904084728e+24 1.6376598565056075e+153 2.726671298254271e+55 36
1.6074932026954844e+46 1.8514902231614114e+104 3.807287573138451e+55 6.429972810781937e+46 5.912232333540984e+88 6.9456343905175064e+103 9.789169150401885e+72 1.1446081797735356e+72 1.0349718011637804e+128 1.089463124741101e+137 1.1974019606138923e+135 1.2528825934522661e+137 2.2577334257807847e+32 1.782451435337621e+128 1.6376598565056075e+153 2.726671298254271e+55 36
6.171634077204704e+103 1.8514902231614114e+104 3.9086329721814327e+95 4.320143854043293e+104 5.912232333540984e+88 9.42716981451738e+47 9.789169150401885e+72 1.0400966902675732e+80 1.4666018456480132e+24 1730176381956676.2 1.1974019606138923e+135 1.2528825934522661e+137 1.4746582388259202e-143 2.588120904084728e+24 1.6376598565056075e+153 2.726671298254271e+55 42
6.171634077204704e+103 1.8514902231614114e+104 3.9086329721814327e+95 4.320143854043293e+104 5.912232333540984e+88 9.42716981451738e+47 9.789169150401885e+72 1.1446081797735356e+72 1.0349718011637804e+128 1730176381956676.2 1.1974019606138923e+135 2185485956155801.5 2276547870995626.5 1.782451435337621e+128 1.6376598565056075e+153 2.164878326850166e+97 39
6.171634077204704e+103 1.8514902231614114e+104 3.807287573138451e+55 4.320143854043293e+104 5.912232333540984e+88 9.42716981451738e+47 9.789169150401885e+72 1.1446081797735356e+72 1.0349718011637804e+128 1730176381956676.2 1.9139091932325574e+17 1.2528825934522661e+137 2276547870995626.5 1.782451435337621e+128 1.6376598565056075e+153 2.164878326850166e+97 38
1.6074932026954844e+46 1.8514902231614114e+104 3.807287573138451e+55 6.429972810781937e+46 5.912232333540984e+88 6.9456343905175064e+103 9.222419497862096e+78 1.1446081797735356e+72 1.0349718011637804e+128 1.089463124741101e+137 1.1974019606138923e+135 1.2528825934522661e+137 2.2577334257807847e+32 1.782451435337621e+128 1.6376598565056075e+153 2.726671298254271e+55 36
1.6074932026954844e+46 1.8514902231614114e+104 3.807287573138451e+55 6.429972810781937e+46 5.912232333540984e+88 9.42716981451738e+47 9.789169150401885e+72 1.1446081797735356e+72 1.0349718011637804e+128 1.089463124741101e+137 1.1974019606138923e+135 2185485956155801.5 2276547870995626.5 2.588120904084728e+24 1.6376598565056075e+153 2.726671298254271e+55 36
1.6074932026954844e+46 1.8514902231614114e+104 3.9086329721814327e+95 4.320143854043293e+104 7.551101971342589e+62 6.9456343905175064e+103 9.222419497862096e+78 1.0400966902675732e+80 1.4666018456480132e+24 1.089463124741101e+137 1.1974019606138923e+135 1.2528825934522661e+137 27245148.757299967 2.588120904084728e+24 1.6376598565056075e+153 2.164878326850166e+97 41
1.6074932026954844e+46 1.8514902231614114e+104 3.807287573138451e+55 6.429972810781937e+46 5.912232333540984e+88 6.9456343905175064e+103 9.789169150401885e+72 1.1446081797735356e+72 1.0349718011637804e+128 1.089463124741101e+137 1.1974019606138923e+135 1.2528825934522661e+137 2.2577334257807847e+32 1.782451435337621e+128 1.6376598565056075e+153 2.726671298254271e+55 36
6.171634077204704e+103 1.8514902231614114e+104 3.9086329721814327e+95 4.320143854043293e+104 5.912232333540984e+88 9.42716981451738e+47 9.222419497862096e+78 1.1446081797735356e+72 1.0349718011637804e+128 1730176381956676.2 1.1974019606138923e+135 2185485956155801.5 2276547870995626.5 1.782451435337621e+128 1.6376598565056075e+153 2.164878326850166e+97 39
6.171634077204704e+103 3.2149864053909687e+46 3.9086329721814327e+95 4.320143854043293e+104 7.551101971342589e+62 9.42716981451738e+47 9.789169150401885e+72 1.0400966902675732e+80 1.0349718011637804e+128 1.089463124741101e+137 1.1974019606138923e+135 1.2528825934522661e+137 1.9029583186829e+71 1.782451435337621e+128 1.6376598565056075e+153 2.164878326850166e+97 37
6.171634077204704e+103 1.8514902231614114e+104 3.9086329721814327e+95 4.320143854043293e+104 5.912232333540984e+88 9.42716981451738e+47 9.222419497862096e+78 1.1446081797735356e+72 1.0349718011637804e+128 1730176381956676.2 1.1974019606138923e+135 2185485956155801.5 2276547870995626.5 1.782451435337621e+128 1.6376598565056075e+153 2.164878326850166e+97 39
6.171634077204704e+103 1.8514902231614114e+104 3.9086329721814327e+95 4.320143854043293e+104 5.912232333540984e+88 6.9456343905175064e+103 9.789169150401885e+72 1.1446081797735356e+72 1.0349718011637804e+128 1.089463124741101e+137 1.9139091932325574e+17 1.2528825934522661e+137 2276547870995626.5 1.782451435337621e+128 1.6376598565056075e+153 2.164878326850166e+97 38
1.6074932026954844e+46 1.8514902231614114e+104 3.807287573138451e+55 6.429972810781937e+46 5.912232333540984e+88 6.9456343905175064e+103 9.789169150401885e+72 1.1446081797735356e+72 1.0349718011637804e+128 1.089463124741101e+137 1.1974019606138923e+135 1.2528825934522661e+137 2.2577334257807847e+32 1.782451435337621e+128 1.6376598565056075e+153 2.726671298254271e+55 36
6.171634077204704e+103 1.8514902231614114e+104 3.9086329721814327e+95 4.320143854043293e+104 5.912232333540984e+88 9.42716981451738e+47 9.222419497862096e+78 1.1446081797735356e+72 1.0349718011637804e+128 1730176381956676.2 1.1974019606138923e+135 2185485956155801.5 2276547870995626.5 1.782451435337621e+128 1.8841236057200533e-145 2.164878326850166e+97 39
6.171634077204704e+103 3.2149864053909687e+46 3.9086329721814327e+95 4.320143854043293e+104 7.551101971342589e+62 9.42716981451738e+47 9.222419497862096e+78 1.0400966902675732e+80 1.0349718011637804e+128 1.089463124741101e+137 1.1974019606138923e+135 1.2528825934522661e+137 1.9029583186829e+71 1.782451435337621e+128 1.6376598565056075e+153 2.164878326850166e+97 37
6.171634077204704e+103 1.8514902231614114e+104 3.9086329721814327e+95 4.320143854043293e+104 5.912232333540984e+88 6.9456343905175064e+103 9.789169150401885e+72 1.1446081797735356e+72 1.0349718011637804e+128 1.089463124741101e+137 1.1974019606138923e+135 1.2528825934522661e+137 2.2577334257807847e+32 1.782451435337621e+128 1.6376598565056075e+153 2.164878326850166e+97 38
6.171634077204704e+103 1.8514902231614114e+104 3.9086329721814327e+95 4.320143854043293e+104 5.912232333540984e+88 6.9456343905175064e+103 9.222419497862096e+78 1.0400966902675732e+80 1.4666018456480132e+24 1.089463124741101e+137 1.1974019606138923e+135 1.2528825934522661e+137 27245148.757299967 2.588120904084728e+24 1.6376598565056075e+153 2.164878326850166e+97 41
6.171634077204704e+103 1.8514902231614114e+104 3.9086329721814327e+95 4.320143854043293e+104 5.912232333540984e+88 6.9456343905175064e+103 9.222419497862096e+78 1.0400966902675732e+80 1.4666018456480132e+24 1.089463124741101e+137 1.1974019606138923e+135 1.2528825934522661e+137 2276547870995626.5 2.588120904084728e+24 1.6376598565056075e+153 2.164878326850166e+97 42
1.6074932026954844e+46 1.8514902231614114e+104 3.807287573138451e+55 6.429972810781937e+46 5.912232333540984e+88 6.9456343905175064e+103 9.789169150401885e+72 1.1446081797735356e+72 1.0349718011637804e+128 1.089463124741101e+137 1.1974019606138923e+135 1.2528825934522661e+137 2.2577334257807847e+32 1.782451435337621e+128 1.8841236057200533e-145 2.726671298254271e+55 36
6.171634077204704e+103 1.8514902231614114e+104 3.9086329721814327e+95 4.320143854043293e+104 5.912232333540984e+88 9.42716981451738e+47 9.222419497862096e+78 1.1446081797735356e+72 1.0349718011637804e+128 1730176381956676.2 1.1974019606138923e+135 2185485956155801.5 2276547870995626.5 1.782451435337621e+128 1.8841236057200533e-145 2.164878326850166e+97 39
1.6074932026954844e+46 1.8514902231614114e+104 3.807287573138451e+55 6.429972810781937e+46 5.912232333540984e+88 6.9456343905175064e+103 9.222419497862096e+78 1.1446081797735356e+72 1.0349718011637804e+128 1.089463124741101e+137 1.1974019606138923e+135 1.2528825934522661e+137 2.2577334257807847e+32 1.782451435337621e+128 1.8841236057200533e-145 2.164878326850166e+97 36
1.6074932026954844e+46 1.8514902231614114e+104 3.807287573138451e+55 6.429972810781937e+46 5.912232333540984e+88 6.9456343905175064e+103 9.222419497862096e+78 1.1446081797735356e+72 1.0349718011637804e+128 1.089463124741101e+137 1.1974019606138923e+135 1.2528825934522661e+137 2.2577334257807847e+32 1.782451435337621e+128 1.8841236057200533e-145 2.726671298254271e+55 36
1.6074932026954844e+46 1.8514902231614114e+104 3.807287573138451e+55 6.429972810781937e+46 5.912232333540984e+88 9.42716981451738e+47 9.789169150401885e+72 1.1446081797735356e+72 1.0349718011637804e+128 1.089463124741101e+137 1.1974019606138923e+135 2185485956155801.5 1.9029583186829e+71 1.782451435337621e+128 1.6376598565056075e+153 2.726671298254271e+55 36
6.171634077204704e+103 3.2149864053909687e+46 3.9086329721814327e+95 4.320143854043293e+104 7.551101971342589e+62 9.42716981451738e+47 9.789169150401885e+72 1.0400966902675732e+80 1.0349718011637804e+128 1.089463124741101e+137 1.1974019606138923e+135 1.2528825934522661e+137 1.9029583186829e+71 1.782451435337621e+128 1.6376598565056075e+153 2.164878326850166e+97 37
1.6074932026954844e+46 1.8514902231614114e+104 3.807287573138451e+55 6.429972810781937e+46 5.912232333540984e+88 9.42716981451738e+47 9.789169150401885e+72 1.1446081797735356e+72 1.0349718011637804e+128 1.089463124741101e+137 1.1974019606138923e+135 2185485956155801.5 1.9029583186829e+71 1.782451435337621e+128 1.6376598565056075e+153 2.726671298254271e+55 36
1.6074932026954844e+46 1.8514902231614114e+104 3.807287573138451e+55 6.429972810781937e+46 5.912232333540984e+88 6.9456343905175064e+103 9.789169150401885e+72 1.1446081797735356e+72 1.0349718011637804e+128 1.089463124741101e+137 1.1974019606138923e+135 1.2528825934522661e+137 2.2577334257807847e+32 1.782451435337621e+128 1.6376598565056075e+153 2.726671298254271e+55 36
6.171634077204704e+103 1.8514902231614114e+104 3.9086329721814327e+95 4.320143854043293e+104 5.912232333540984e+88 9.42716981451738e+47 9.789169150401885e+72 1.1446081797735356e+72 1.0349718011637804e+128 1730176381956676.2 1.1974019606138923e+135 2185485956155801.5 2276547870995626.5 1.782451435337621e+128 1.6376598565056075e+153 2.726671298254271e+55 39
6.171634077204704e+103 1.8514902231614114e+104 3.9086329721814327e+95 4.320143854043293e+104 5.912232333540984e+88 9.42716981451738e+47 9.789169150401885e+72 1.1446081797735356e+72 1.0349718011637804e+128 1.089463124741101e+137 1.1974019606138923e+135 1.2528825934522661e+137 2.2577334257807847e+32 2.588120904084728e+24 1.6376598565056075e+153 2.164878326850166e+97 40
1.6074932026954844e+46 1.8514902231614114e+104 3.807287573138451e+55 6.429972810781937e+46 5.912232333540984e+88 6.9456343905175064e+103 9.789169150401885e+72 1.1446081797735356e+72 1.0349718011637804e+128 1.089463124741101e+137 1.1974019606138923e+135 1.2528825934522661e+137 2.2577334257807847e+32 1.782451435337621e+128 1.8841236057200533e-145 2.726671298254271e+55 36
6.171634077204704e+103 3.2149864053909687e+46 3.9086329721814327e+95 4.320143854043293e+104 7.551101971342589e+62 6.9456343905175064e+103 9.222419497862096e+78 1.0400966902675732e+80 1.0349718011637804e+128 1.089463124741101e+137 1.1974019606138923e+135 1.2528825934522661e+137 1.9029583186829e+71 1.782451435337621e+128 1.6376598565056075e+153 2.164878326850166e+97 37
1.6074932026954844e+46 1.8514902231614114e+104 3.807287573138451e+55 6.429972810781937e+46 5.912232333540984e+88 6.9456343905175064e+103 9.789169150401885e+72 1.1446081797735356e+72 1.0349718011637804e+128 1.089463124741101e+137 1.1974019606138923e+135 1.2528825934522661e+137 2.2577334257807847e+32 1.782451435337621e+128 1.6376598565056075e+153 2.164878326850166e+97 36
6.171634077204704e+103 3.2149864053909687e+46 3.9086329721814327e+95 4.320143854043293e+104 7.551101971342589e+62 9.42716981451738e+47 9.222419497862096e+78 1.0400966902675732e+80 1.0349718011637804e+128 1.089463124741101e+137 1.1974019606138923e+135 1.2528825934522661e+137 1.9029583186829e+71 1.782451435337621e+128 1.6376598565056075e+153 2.164878326850166e+97 37
6.171634077204704e+103 3.2149864053909687e+46 3.9086329721814327e+95 4.320143854043293e+104 5.912232333540984e+88 6.9456343905175064e+103 9.789169150401885e+72 1.0400966902675732e+80 1.0349718011637804e+128 1.089463124741101e+137 1.1974019606138923e+135 1.2528825934522661e+137 1.9029583186829e+71 1.782451435337621e+128 1.6376598565056075e+153 2.164878326850166e+97 37
6.171634077204704e+103 1.8514902231614114e+104 3.9086329721814327e+95 4.320143854043293e+104 5.912232333540984e+88 6.9456343905175064e+103 9.789169150401885e+72 1.1446081797735356e+72 1.0349718011637804e+128 1.089463124741101e+137 1.9139091932325574e+17 1.2528825934522661e+137 2276547870995626.5 1.782451435337621e+128 1.6376598565056075e+153 2.164878326850166e+97 38
6.171634077204704e+103 3.2149864053909687e+46 3.9086329721814327e+95 4.320143854043293e+104 5.912232333540984e+88 6.9456343905175064e+103 9.789169150401885e+72 1.0400966902675732e+80 1.0349718011637804e+128 1.089463124741101e+137 1.1974019606138923e+135 1.2528825934522661e+137 1.9029583186829e+71 1.782451435337621e+128 1.6376598565056075e+153 2.164878326850166e+97 37
6.171634077204704e+103 3.2149864053909687e+46 3.9086329721814327e+95 4.320143854043293e+104 5.912232333540984e+88 6.9456343905175064e+103 9.222419497862096e+78 1.0400966902675732e+80 1.0349718011637804e+128 1.089463124741101e+137 1.1974019606138923e+135 1.2528825934522661e+137 1.9029583186829e+71 1.782451435337621e+128 1.6376598565056075e+153 2.726671298254271e+55 37
1.6074932026954844e+46 1.8514902231614114e+104 3.807287573138451e+55 6.429972810781937e+46 5.912232333540984e+88 6.9456343905175064e+103 9.222419497862096e+78 1.1446081797735356e+72 1.0349718011637804e+128 1.089463124741101e+137 1.1974019606138923e+135 1.2528825934522661e+137 2.2577334257807847e+32 1.782451435337621e+128 1.8841236057200533e-145 2.726671298254271e+55 36
6.171634077204704e+103 3.2149864053909687e+46 3.9086329721814327e+95 4.320143854043293e+104 7.551101971342589e+62 6.9456343905175064e+103 9.222419497862096e+78 1.0400966902675732e+80 1.0349718011637804e+128 1.089463124741101e+137 1.1974019606138923e+135 1.2528825934522661e+137 1.9029583186829e+71 1.782451435337621e+128 1.8841236057200533e-145 2.164878326850166e+97 37
6.171634077204704e+103 3.2149864053909687e+46 3.9086329721814327e+95 4.320143854043293e+104 7.551101971342589e+62 9.42716981451738e+47 9.789169150401885e+72 1.0400966902675732e+80 1.0349718011637804e+128 1.089463124741101e+137 1.1974019606138923e+135 1.2528825934522661e+137 1.9029583186829e+71 1.782451435337621e+128 1.6376598565056075e+153 2.164878326850166e+97 37
6.171634077204704e+103 3.2149864053909687e+46 3.9086329721814327e+95 4.320143854043293e+104 7.551101971342589e+62 9.42716981451738e+47 9.789169150401885e+72 1.0400966902675732e+80 1.0349718011637804e+128 1.089463124741101e+137 1.1974019606138923e+135 1.2528825934522661e+137 1.9029583186829e+71 1.782451435337621e+128 1.6376598565056075e+153 2.164878326850166e+97 37
1.6074932026954844e+46 1.8514902231614114e+104 3.807287573138451e+55 6.429972810781937e+46 5.912232333540984e+88 6.9456343905175064e+103 9.222419497862096e+78 1.1446081797735356e+72 1.0349718011637804e+128 1.089463124741101e+137 1.1974019606138923e+135 1.2528825934522661e+137 2.2577334257807847e+32 1.782451435337621e+128 1.6376598565056075e+153 2.726671298254271e+55 36
1.6074932026954844e+46 1.8514902231614114e+104 3.807287573138451e+55 6.429972810781937e+46 5.912232333540984e+88 6.9456343905175064e+103 9.789169150401885e+72 1.1446081797735356e+72 1.0349718011637804e+128 1.089463124741101e+137 1.1974019606138923e+135 1.2528825934522661e+137 2.2577334257807847e+32 1.782451435337621e+128 1.6376598565056075e+153 2.726671298254271e+55 36
6.171634077204704e+103 1.8514902231614114e+104 3.9086329721814327e+95 4.320143854043293e+104 5.912232333540984e+88 6.9456343905175064e+103 9.789169150401885e+72 1.1446081797735356e+72 1.0349718011637804e+128 1.089463124741101e+137 1.9139091932325574e+17 1.2528825934522661e+137 2276547870995626.5 1.782451435337621e+128 1.6376598565056075e+153 2.164878326850166e+97 38
6.171634077204704e+103 3.2149864053909687e+46 3.9086329721814327e+95 4.320143854043293e+104 5.912232333540984e+88 6.9456343905175064e+103 9.222419497862096e+78 1.0400966902675732e+80 1.0349718011637804e+128 1.089463124741101e+137 1.1974019606138923e+135 1.2528825934522661e+137 1.9029583186829e+71 1.782451435337621e+128 1.6376598565056075e+153 2.726671298254271e+55 37
6.171634077204704e+103 3.2149864053909687e+46 3.9086329721814327e+95 4.320143854043293e+104 7.551101971342589e+62 6.9456343905175064e+103 9.222419497862096e+78 1.0400966902675732e+80 1.0349718011637804e+128 1.089463124741101e+137 1.1974019606138923e+135 1.2528825934522661e+137 1.9029583186829e+71 1.782451435337621e+128 1.6376598565056075e+153 2.164878326850166e+97 37
6.171634077204704e+103 1.8514902231614114e+104 3.9086329721814327e+95 4.320143854043293e+104 5.912232333540984e+88 6.9456343905175064e+103 9.222419497862096e+78 1.0400966902675732e+80 1.4666018456480132e+24 1.089463124741101e+137 1.1974019606138923e+135 1.2528825934522661e+137 27245148.757299967 2.588120904084728e+24 1.6376598565056075e+153 2.164878326850166e+97 41
