1.5162952559269716e-52 6.2243999744613395e-65 1.0042597932016205e-55 1.1716364254018905e-55 7.80187197728273e-51 3.8303929519397286e-50 2.383997738029949e-38 6.731319704138821e-38 1.4264408618109733e-47 8.485994344771223e-58 2.470840757347034e-63 9.670848359516448e-57 7.589493573883243e-20 8.859110515875158e-42 1.8097548190563005e-68 4.32301094678191e-22 38
6.205690015097501e-25 6.2243999744613395e-65 1.4054617729413413e-20 2.2487388367061463e-20 7.80187197728273e-51 1.6213413546568877e-25 3.591777350868452e-37 1.6774704652093866e-37 1.4264408618109733e-47 8.485994344771223e-58 2.470840757347034e-63 9.670848359516448e-57 7.589493573883243e-20 8.859110515875158e-42 1.8097548190563005e-68 4.32301094678191e-22 36
1.5162952559269716e-52 6.2243999744613395e-65 1.0042597932016205e-55 1.1716364254018905e-55 7.80187197728273e-51 1.6213413546568877e-25 2.383997738029949e-38 1.6774704652093866e-37 1.4264408618109733e-47 2.106806827810682e-17 2.470840757347034e-63 2.6854579892431164e-18 3.377794488868516e-25 8.859110515875158e-42 1.8097548190563005e-68 1.2951035227673785e-52 39
1.5162952559269716e-52 6.2243999744613395e-65 1.0042597932016205e-55 1.1716364254018905e-55 7.80187197728273e-51 3.8303929519397286e-50 2.383997738029949e-38 6.731319704138821e-38 1.0092796434673177e-27 8.485994344771223e-58 2.470840757347034e-63 9.670848359516448e-57 1.4258521583016575e-20 4.938973405337434e-33 1.8097548190563005e-68 1.2951035227673785e-52 41
1.5162952559269716e-52 9.070424492243544e-12 1.0042597932016205e-55 1.1716364254018905e-55 5.427346488983683e-25 3.8303929519397286e-50 2.383997738029949e-38 6.731319704138821e-38 1.4264408618109733e-47 8.485994344771223e-58 2.470840757347034e-63 9.670848359516448e-57 5.895775919958303e-11 8.859110515875158e-42 2.7452887793074965e-06 1.2951035227673785e-52 37
1.5162952559269716e-52 9.070424492243544e-12 1.0042597932016205e-55 1.1716364254018905e-55 5.427346488983683e-25 3.8303929519397286e-50 2.383997738029949e-38 6.731319704138821e-38 1.4264408618109733e-47 8.485994344771223e-58 2.470840757347034e-63 9.670848359516448e-57 5.895775919958303e-11 8.859110515875158e-42 1.8097548190563005e-68 4.32301094678191e-22 37
1.5162952559269716e-52 6.2243999744613395e-65 1.0042597932016205e-55 1.1716364254018905e-55 7.80187197728273e-51 1.6213413546568877e-25 3.591777350868452e-37 6.731319704138821e-38 1.0092796434673177e-27 2.106806827810682e-17 2.470840757347034e-63 9.670848359516448e-57 1.4258521583016575e-20 4.938973405337434e-33 1.8097548190563005e-68 1.2951035227673785e-52 42
6.205690015097501e-25 6.2243999744613395e-65 1.4054617729413413e-20 2.2487388367061463e-20 7.80187197728273e-51 1.6213413546568877e-25 3.591777350868452e-37 1.6774704652093866e-37 1.4264408618109733e-47 8.485994344771223e-58 2.470840757347034e-63 2.6854579892431164e-18 5.895775919958303e-11 8.859110515875158e-42 1.8097548190563005e-68 4.32301094678191e-22 36
6.205690015097501e-25 6.2243999744613395e-65 1.4054617729413413e-20 2.2487388367061463e-20 7.80187197728273e-51 3.8303929519397286e-50 2.383997738029949e-38 1.6774704652093866e-37 1.4264408618109733e-47 8.485994344771223e-58 2.470840757347034e-63 9.670848359516448e-57 7.589493573883243e-20 8.859110515875158e-42 2.7452887793074965e-06 1.2951035227673785e-52 36
1.5162952559269716e-52 9.070424492243544e-12 1.0042597932016205e-55 1.1716364254018905e-55 5.427346488983683e-25 3.8303929519397286e-50 2.383997738029949e-38 6.731319704138821e-38 1.4264408618109733e-47 8.485994344771223e-58 2.470840757347034e-63 9.670848359516448e-57 5.895775919958303e-11 8.859110515875158e-42 2.7452887793074965e-06 1.2951035227673785e-52 37
6.205690015097501e-25 6.2243999744613395e-65 1.4054617729413413e-20 2.2487388367061463e-20 7.80187197728273e-51 3.8303929519397286e-50 3.591777350868452e-37 1.6774704652093866e-37 1.4264408618109733e-47 8.485994344771223e-58 2.470840757347034e-63 9.670848359516448e-57 7.589493573883243e-20 8.859110515875158e-42 1.8097548190563005e-68 4.32301094678191e-22 36
1.5162952559269716e-52 9.070424492243544e-12 1.0042597932016205e-55 1.1716364254018905e-55 5.427346488983683e-25 3.8303929519397286e-50 3.591777350868452e-37 6.731319704138821e-38 1.4264408618109733e-47 8.485994344771223e-58 2.470840757347034e-63 9.670848359516448e-57 5.895775919958303e-11 8.859110515875158e-42 1.8097548190563005e-68 4.32301094678191e-22 37
6.205690015097501e-25 6.2243999744613395e-65 1.4054617729413413e-20 2.2487388367061463e-20 7.80187197728273e-51 3.8303929519397286e-50 3.591777350868452e-37 1.6774704652093866e-37 1.4264408618109733e-47 8.485994344771223e-58 2.470840757347034e-63 9.670848359516448e-57 7.589493573883243e-20 8.859110515875158e-42 1.8097548190563005e-68 4.32301094678191e-22 36
1.5162952559269716e-52 6.2243999744613395e-65 1.0042597932016205e-55 1.1716364254018905e-55 7.80187197728273e-51 3.8303929519397286e-50 2.383997738029949e-38 6.731319704138821e-38 1.4264408618109733e-47 8.485994344771223e-58 2.470840757347034e-63 9.670848359516448e-57 7.589493573883243e-20 8.859110515875158e-42 1.8097548190563005e-68 4.32301094678191e-22 38
1.5162952559269716e-52 9.070424492243544e-12 1.0042597932016205e-55 1.1716364254018905e-55 7.80187197728273e-51 3.8303929519397286e-50 2.383997738029949e-38 6.731319704138821e-38 1.4264408618109733e-47 8.485994344771223e-58 2.470840757347034e-63 9.670848359516448e-57 5.895775919958303e-11 8.859110515875158e-42 1.8097548190563005e-68 4.32301094678191e-22 37
6.205690015097501e-25 6.2243999744613395e-65 1.4054617729413413e-20 2.2487388367061463e-20 7.80187197728273e-51 3.8303929519397286e-50 3.591777350868452e-37 1.6774704652093866e-37 1.4264408618109733e-47 8.485994344771223e-58 2.470840757347034e-63 9.670848359516448e-57 7.589493573883243e-20 8.859110515875158e-42 1.8097548190563005e-68 4.32301094678191e-22 36
6.205690015097501e-25 6.2243999744613395e-65 1.4054617729413413e-20 2.2487388367061463e-20 7.80187197728273e-51 3.8303929519397286e-50 2.383997738029949e-38 1.6774704652093866e-37 1.4264408618109733e-47 8.485994344771223e-58 2.470840757347034e-63 9.670848359516448e-57 7.589493573883243e-20 8.859110515875158e-42 1.8097548190563005e-68 4.32301094678191e-22 36
6.205690015097501e-25 6.2243999744613395e-65 1.4054617729413413e-20 2.2487388367061463e-20 7.80187197728273e-51 1.6213413546568877e-25 3.591777350868452e-37 1.6774704652093866e-37 1.4264408618109733e-47 8.485994344771223e-58 2.470840757347034e-63 9.670848359516448e-57 7.589493573883243e-20 8.859110515875158e-42 1.8097548190563005e-68 4.32301094678191e-22 36
1.5162952559269716e-52 6.2243999744613395e-65 1.0042597932016205e-55 1.1716364254018905e-55 7.80187197728273e-51 3.8303929519397286e-50 3.591777350868452e-37 1.6774704652093866e-37 1.4264408618109733e-47 8.485994344771223e-58 2.470840757347034e-63 9.670848359516448e-57 3.377794488868516e-25 8.859110515875158e-42 1.8097548190563005e-68 1.2951035227673785e-52 38
1.5162952559269716e-52 6.2243999744613395e-65 1.0042597932016205e-55 1.1716364254018905e-55 7.80187197728273e-51 1.6213413546568877e-25 3.591777350868452e-37 1.6774704652093866e-37 1.4264408618109733e-47 2.106806827810682e-17 2.470840757347034e-63 2.6854579892431164e-18 3.377794488868516e-25 8.859110515875158e-42 1.8097548190563005e-68 1.2951035227673785e-52 39
1.5162952559269716e-52 6.2243999744613395e-65 1.0042597932016205e-55 1.1716364254018905e-55 7.80187197728273e-51 1.6213413546568877e-25 3.591777350868452e-37 6.731319704138821e-38 1.0092796434673177e-27 2.106806827810682e-17 2.470840757347034e-63 9.670848359516448e-57 0.84 4.938973405337434e-33 1.8097548190563005e-68 4.32301094678191e-22 42
1.5162952559269716e-52 6.2243999744613395e-65 1.0042597932016205e-55 1.1716364254018905e-55 7.80187197728273e-51 1.6213413546568877e-25 2.383997738029949e-38 1.6774704652093866e-37 1.4264408618109733e-47 2.106806827810682e-17 2.470840757347034e-63 2.6854579892431164e-18 3.377794488868516e-25 8.859110515875158e-42 2.7452887793074965e-06 1.2951035227673785e-52 39
1.5162952559269716e-52 6.2243999744613395e-65 1.0042597932016205e-55 1.1716364254018905e-55 7.80187197728273e-51 1.6213413546568877e-25 3.591777350868452e-37 1.6774704652093866e-37 1.4264408618109733e-47 2.106806827810682e-17 2.470840757347034e-63 2.6854579892431164e-18 3.377794488868516e-25 8.859110515875158e-42 1.8097548190563005e-68 4.32301094678191e-22 39
6.205690015097501e-25 6.2243999744613395e-65 1.4054617729413413e-20 2.2487388367061463e-20 7.80187197728273e-51 3.8303929519397286e-50 3.591777350868452e-37 1.6774704652093866e-37 1.4264408618109733e-47 8.485994344771223e-58 2.470840757347034e-63 9.670848359516448e-57 7.589493573883243e-20 8.859110515875158e-42 1.8097548190563005e-68 4.32301094678191e-22 36
6.205690015097501e-25 6.2243999744613395e-65 1.4054617729413413e-20 2.2487388367061463e-20 7.80187197728273e-51 3.8303929519397286e-50 3.591777350868452e-37 1.6774704652093866e-37 1.4264408618109733e-47 8.485994344771223e-58 2.470840757347034e-63 9.670848359516448e-57 7.589493573883243e-20 8.859110515875158e-42 1.8097548190563005e-68 4.32301094678191e-22 36
6.205690015097501e-25 6.2243999744613395e-65 1.4054617729413413e-20 2.2487388367061463e-20 7.80187197728273e-51 1.6213413546568877e-25 3.591777350868452e-37 1.6774704652093866e-37 1.4264408618109733e-47 8.485994344771223e-58 2.470840757347034e-63 2.6854579892431164e-18 5.895775919958303e-11 8.859110515875158e-42 1.8097548190563005e-68 4.32301094678191e-22 36
1.5162952559269716e-52 9.070424492243544e-12 1.0042597932016205e-55 1.1716364254018905e-55 5.427346488983683e-25 1.6213413546568877e-25 2.383997738029949e-38 6.731319704138821e-38 1.4264408618109733e-47 8.485994344771223e-58 2.470840757347034e-63 9.670848359516448e-57 5.895775919958303e-11 8.859110515875158e-42 1.8097548190563005e-68 1.2951035227673785e-52 37
6.205690015097501e-25 6.2243999744613395e-65 1.4054617729413413e-20 2.2487388367061463e-20 7.80187197728273e-51 1.6213413546568877e-25 3.591777350868452e-37 1.6774704652093866e-37 1.4264408618109733e-47 8.485994344771223e-58 2.470840757347034e-63 9.670848359516448e-57 7.589493573883243e-20 8.859110515875158e-42 1.8097548190563005e-68 4.32301094678191e-22 36
6.205690015097501e-25 6.2243999744613395e-65 1.4054617729413413e-20 2.2487388367061463e-20 7.80187197728273e-51 3.8303929519397286e-50 2.383997738029949e-38 1.6774704652093866e-37 1.4264408618109733e-47 8.485994344771223e-58 2.470840757347034e-63 9.670848359516448e-57 7.589493573883243e-20 8.859110515875158e-42 2.7452887793074965e-06 1.2951035227673785e-52 36
1.5162952559269716e-52 6.2243999744613395e-65 1.0042597932016205e-55 1.1716364254018905e-55 7.80187197728273e-51 1.6213413546568877e-25 3.591777350868452e-37 6.731319704138821e-38 1.0092796434673177e-27 2.106806827810682e-17 2.470840757347034e-63 9.670848359516448e-57 1.4258521583016575e-20 4.938973405337434e-33 1.8097548190563005e-68 1.2951035227673785e-52 42
6.205690015097501e-25 6.2243999744613395e-65 1.4054617729413413e-20 2.2487388367061463e-20 7.80187197728273e-51 3.8303929519397286e-50 3.591777350868452e-37 1.6774704652093866e-37 1.4264408618109733e-47 8.485994344771223e-58 2.470840757347034e-63 9.670848359516448e-57 7.589493573883243e-20 8.859110515875158e-42 1.8097548190563005e-68 4.32301094678191e-22 36
6.205690015097501e-25 6.2243999744613395e-65 1.4054617729413413e-20 2.2487388367061463e-20 7.80187197728273e-51 3.8303929519397286e-50 2.383997738029949e-38 1.6774704652093866e-37 1.4264408618109733e-47 8.485994344771223e-58 2.470840757347034e-63 9.670848359516448e-57 7.589493573883243e-20 8.859110515875158e-42 1.8097548190563005e-68 1.2951035227673785e-52 36
6.205690015097501e-25 6.2243999744613395e-65 1.4054617729413413e-20 2.2487388367061463e-20 7.80187197728273e-51 3.8303929519397286e-50 3.591777350868452e-37 1.6774704652093866e-37 1.4264408618109733e-47 8.485994344771223e-58 2.470840757347034e-63 9.670848359516448e-57 7.589493573883243e-20 8.859110515875158e-42 1.8097548190563005e-68 4.32301094678191e-22 36
6.205690015097501e-25 6.2243999744613395e-65 1.4054617729413413e-20 2.2487388367061463e-20 7.80187197728273e-51 3.8303929519397286e-50 3.591777350868452e-37 1.6774704652093866e-37 1.4264408618109733e-47 8.485994344771223e-58 2.470840757347034e-63 9.670848359516448e-57 7.589493573883243e-20 8.859110515875158e-42 1.8097548190563005e-68 4.32301094678191e-22 36
1.5162952559269716e-52 6.2243999744613395e-65 1.0042597932016205e-55 1.1716364254018905e-55 7.80187197728273e-51 1.6213413546568877e-25 2.383997738029949e-38 1.6774704652093866e-37 1.4264408618109733e-47 2.106806827810682e-17 2.470840757347034e-63 2.6854579892431164e-18 3.377794488868516e-25 8.859110515875158e-42 1.8097548190563005e-68 1.2951035227673785e-52 39
6.205690015097501e-25 6.2243999744613395e-65 1.0042597932016205e-55 1.1716364254018905e-55 5.427346488983683e-25 3.8303929519397286e-50 2.383997738029949e-38 6.731319704138821e-38 1.0092796434673177e-27 8.485994344771223e-58 8.797131371922189e-12 9.670848359516448e-57 1.4258521583016575e-20 4.938973405337434e-33 2.7452887793074965e-06 1.2951035227673785e-52 41
6.205690015097501e-25 6.2243999744613395e-65 1.4054617729413413e-20 2.2487388367061463e-20 7.80187197728273e-51 3.8303929519397286e-50 2.383997738029949e-38 1.6774704652093866e-37 1.4264408618109733e-47 8.485994344771223e-58 2.470840757347034e-63 9.670848359516448e-57 7.589493573883243e-20 8.859110515875158e-42 1.8097548190563005e-68 1.2951035227673785e-52 36
1.5162952559269716e-52 6.2243999744613395e-65 1.0042597932016205e-55 1.1716364254018905e-55 7.80187197728273e-51 1.6213413546568877e-25 2.383997738029949e-38 1.6774704652093866e-37 1.4264408618109733e-47 2.106806827810682e-17 2.470840757347034e-63 2.6854579892431164e-18 3.377794488868516e-25 8.859110515875158e-42 1.8097548190563005e-68 1.2951035227673785e-52 39
