7.353938922001623e+103 2.2061816766004866e+104 4.473152361840564e+96 5.147757245401136e+104 6.802168288472019e+88 9.711766227896674e+48 1.1183473375112923e+79 1.316899780648184e+72 1.3461959894976791e+128 1.7210096242482136e+16 1.5492184477738633e+136 2303477503350694.0 2399455732656973.0 2.4566343296204893e+127 2.167781290339044e+153 2.5347863383763195e+97 39
1.8173268382538409e+46 2.2061816766004866e+104 4.481574566018354e+54 7.269307353015363e+46 6.802168288472019e+88 9.08236130185368e+102 1.0874711469883828e+73 1.316899780648184e+72 1.3461959894976791e+128 1.4754461407370128e+136 1.5492184477738633e+136 1.6013201396186387e+137 2.245771584490925e+33 2.4566343296204893e+127 1.734857566688664e-288 3.137102196212848e+55 36
1.8173268382538409e+46 2.2061816766004866e+104 4.481574566018354e+54 7.269307353015363e+46 6.802168288472019e+88 9.08236130185368e+102 1.0874711469883828e+73 1.316899780648184e+72 1.3461959894976791e+128 1.4754461407370128e+136 1.5492184477738633e+136 1.6013201396186387e+137 2.245771584490925e+33 2.4566343296204893e+127 2.167781290339044e+153 3.137102196212848e+55 36
1.8173268382538409e+46 2.2061816766004866e+104 4.481574566018354e+54 7.269307353015363e+46 6.802168288472019e+88 9.08236130185368e+102 1.0874711469883828e+73 1.316899780648184e+72 1.3461959894976791e+128 1.4754461407370128e+136 1.5492184477738633e+136 1.6013201396186387e+137 2.245771584490925e+33 2.5296794643150723e+25 2.167781290339044e+153 3.137102196212848e+55 36
1.8173268382538409e+46 2.2061816766004866e+104 4.481574566018354e+54 7.269307353015363e+46 6.802168288472019e+88 9.08236130185368e+102 1.0874711469883828e+73 1.316899780648184e+72 1.3461959894976791e+128 1.4754461407370128e+136 1.5492184477738633e+136 1.6013201396186387e+137 2.245771584490925e+33 2.4566343296204893e+127 1.734857566688664e-288 3.137102196212848e+55 36
1.8173268382538409e+46 2.2061816766004866e+104 4.481574566018354e+54 7.269307353015363e+46 6.802168288472019e+88 9.08236130185368e+102 1.0874711469883828e+73 1.316899780648184e+72 1.3461959894976791e+128 1.4754461407370128e+136 1.5492184477738633e+136 1.6013201396186387e+137 2.245771584490925e+33 2.4566343296204893e+127 2.167781290339044e+153 2.5347863383763195e+97 36
7.353938922001623e+103 2.2061816766004866e+104 4.473152361840564e+96 5.147757245401136e+104 6.802168288472019e+88 9.711766227896674e+48 1.0874711469883828e+73 1.316899780648184e+72 1.3461959894976791e+128 1.7210096242482136e+16 1.5492184477738633e+136 2303477503350694.0 2399455732656973.0 2.4566343296204893e+127 2.167781290339044e+153 3.137102196212848e+55 39
7.353938922001623e+103 3.6346536765076817e+46 4.473152361840564e+96 5.147757245401136e+104 8.841342203510553e+62 9.711766227896674e+48 1.0874711469883828e+73 1.2178157305110946e+80 1.3461959894976791e+128 1.4754461407370128e+136 1.5492184477738633e+136 1.6013201396186387e+137 2.267509556082966e+71 2.4566343296204893e+127 2.167781290339044e+153 2.5347863383763195e+97 37
7.353938922001623e+103 2.2061816766004866e+104 4.473152361840564e+96 5.147757245401136e+104 6.802168288472019e+88 9.711766227896674e+48 1.0874711469883828e+73 1.316899780648184e+72 1.3461959894976791e+128 1.4754461407370128e+136 1.5492184477738633e+136 1.6013201396186387e+137 2.245771584490925e+33 2.5296794643150723e+25 2.167781290339044e+153 2.5347863383763195e+97 40
7.353938922001623e+103 2.2061816766004866e+104 4.481574566018354e+54 7.269307353015363e+46 6.802168288472019e+88 9.711766227896674e+48 1.0874711469883828e+73 1.316899780648184e+72 1.3461959894976791e+128 1.4754461407370128e+136 1.5492184477738633e+136 2303477503350694.0 2399455732656973.0 2.4566343296204893e+127 2.167781290339044e+153 3.137102196212848e+55 36
7.353938922001623e+103 2.2061816766004866e+104 4.473152361840564e+96 5.147757245401136e+104 6.802168288472019e+88 9.711766227896674e+48 1.1183473375112923e+79 1.316899780648184e+72 1.3461959894976791e+128 1.7210096242482136e+16 1.5492184477738633e+136 2303477503350694.0 2399455732656973.0 2.4566343296204893e+127 2.167781290339044e+153 2.5347863383763195e+97 39
1.8173268382538409e+46 2.2061816766004866e+104 4.481574566018354e+54 7.269307353015363e+46 6.802168288472019e+88 9.08236130185368e+102 1.1183473375112923e+79 1.316899780648184e+72 1.3461959894976791e+128 1.4754461407370128e+136 1.5492184477738633e+136 1.6013201396186387e+137 2.245771584490925e+33 2.4566343296204893e+127 2.167781290339044e+153 3.137102196212848e+55 36
1.8173268382538409e+46 2.2061816766004866e+104 4.481574566018354e+54 7.269307353015363e+46 6.802168288472019e+88 9.08236130185368e+102 1.0874711469883828e+73 1.316899780648184e+72 1.3461959894976791e+128 1.4754461407370128e+136 1.5492184477738633e+136 1.6013201396186387e+137 2.245771584490925e+33 2.4566343296204893e+127 2.167781290339044e+153 3.137102196212848e+55 36
7.353938922001623e+103 2.2061816766004866e+104 4.473152361840564e+96 5.147757245401136e+104 6.802168288472019e+88 9.711766227896674e+48 1.0874711469883828e+73 1.316899780648184e+72 1.3461959894976791e+128 1.7210096242482136e+16 1.5492184477738633e+136 2303477503350694.0 2399455732656973.0 2.4566343296204893e+127 2.167781290339044e+153 2.5347863383763195e+97 39
1.8173268382538409e+46 2.2061816766004866e+104 4.481574566018354e+54 7.269307353015363e+46 6.802168288472019e+88 9.08236130185368e+102 1.0874711469883828e+73 1.316899780648184e+72 1.3461959894976791e+128 1.4754461407370128e+136 1.5492184477738633e+136 1.6013201396186387e+137 2.245771584490925e+33 2.4566343296204893e+127 2.167781290339044e+153 3.137102196212848e+55 36
1.8173268382538409e+46 2.2061816766004866e+104 4.481574566018354e+54 7.269307353015363e+46 6.802168288472019e+88 9.08236130185368e+102 1.1183473375112923e+79 1.316899780648184e+72 1.3461959894976791e+128 1.4754461407370128e+136 1.5492184477738633e+136 1.6013201396186387e+137 2.245771584490925e+33 2.4566343296204893e+127 2.167781290339044e+153 3.137102196212848e+55 36
1.8173268382538409e+46 2.2061816766004866e+104 4.481574566018354e+54 7.269307353015363e+46 6.802168288472019e+88 9.08236130185368e+102 1.0874711469883828e+73 1.316899780648184e+72 1.3461959894976791e+128 1.4754461407370128e+136 1.5492184477738633e+136 1.6013201396186387e+137 2.245771584490925e+33 2.4566343296204893e+127 2.167781290339044e+153 3.137102196212848e+55 36
1.8173268382538409e+46 2.2061816766004866e+104 4.481574566018354e+54 7.269307353015363e+46 6.802168288472019e+88 9.08236130185368e+102 1.0874711469883828e+73 1.316899780648184e+72 1.3461959894976791e+128 1.4754461407370128e+136 1.5492184477738633e+136 1.6013201396186387e+137 2.267509556082966e+71 2.5296794643150723e+25 1.734857566688664e-288 3.137102196212848e+55 36
7.353938922001623e+103 2.2061816766004866e+104 4.473152361840564e+96 5.147757245401136e+104 6.802168288472019e+88 9.711766227896674e+48 1.0874711469883828e+73 1.316899780648184e+72 1.3461959894976791e+128 1.7210096242482136e+16 1.9927479859716156e+16 2303477503350694.0 2399455732656973.0 2.4566343296204893e+127 2.167781290339044e+153 3.137102196212848e+55 39
7.353938922001623e+103 3.6346536765076817e+46 4.473152361840564e+96 5.147757245401136e+104 8.841342203510553e+62 9.08236130185368e+102 1.1183473375112923e+79 1.2178157305110946e+80 1.3461959894976791e+128 1.4754461407370128e+136 1.5492184477738633e+136 1.6013201396186387e+137 2.267509556082966e+71 2.4566343296204893e+127 1.734857566688664e-288 2.5347863383763195e+97 37
7.353938922001623e+103 2.2061816766004866e+104 4.473152361840564e+96 5.147757245401136e+104 6.802168288472019e+88 9.711766227896674e+48 1.0874711469883828e+73 1.2178157305110946e+80 1.5189245348646795e+24 1.7210096242482136e+16 1.5492184477738633e+136 1.6013201396186387e+137 28217150.43268323 2.5296794643150723e+25 2.167781290339044e+153 2.5347863383763195e+97 42
1.8173268382538409e+46 2.2061816766004866e+104 4.473152361840564e+96 5.147757245401136e+104 8.841342203510553e+62 9.08236130185368e+102 1.1183473375112923e+79 1.2178157305110946e+80 1.5189245348646795e+24 1.4754461407370128e+136 1.5492184477738633e+136 1.6013201396186387e+137 28217150.43268323 2.5296794643150723e+25 2.167781290339044e+153 2.5347863383763195e+97 41
7.353938922001623e+103 2.2061816766004866e+104 4.473152361840564e+96 5.147757245401136e+104 6.802168288472019e+88 9.711766227896674e+48 1.0874711469883828e+73 1.316899780648184e+72 1.3461959894976791e+128 1.7210096242482136e+16 1.5492184477738633e+136 2303477503350694.0 2399455732656973.0 2.4566343296204893e+127 2.167781290339044e+153 3.137102196212848e+55 39
7.353938922001623e+103 3.6346536765076817e+46 4.473152361840564e+96 5.147757245401136e+104 8.841342203510553e+62 9.08236130185368e+102 1.1183473375112923e+79 1.2178157305110946e+80 1.3461959894976791e+128 1.4754461407370128e+136 1.5492184477738633e+136 1.6013201396186387e+137 2.267509556082966e+71 2.4566343296204893e+127 1.734857566688664e-288 2.5347863383763195e+97 37
1.8173268382538409e+46 2.2061816766004866e+104 4.473152361840564e+96 5.147757245401136e+104 8.841342203510553e+62 9.08236130185368e+102 1.1183473375112923e+79 1.2178157305110946e+80 1.5189245348646795e+24 1.4754461407370128e+136 1.9927479859716156e+16 1.6013201396186387e+137 28217150.43268323 2.5296794643150723e+25 1.734857566688664e-288 2.5347863383763195e+97 41
1.8173268382538409e+46 2.2061816766004866e+104 4.481574566018354e+54 7.269307353015363e+46 6.802168288472019e+88 9.08236130185368e+102 1.0874711469883828e+73 1.316899780648184e+72 1.3461959894976791e+128 1.4754461407370128e+136 1.5492184477738633e+136 1.6013201396186387e+137 2.245771584490925e+33 2.5296794643150723e+25 2.167781290339044e+153 3.137102196212848e+55 36
1.8173268382538409e+46 2.2061816766004866e+104 4.481574566018354e+54 7.269307353015363e+46 6.802168288472019e+88 9.08236130185368e+102 1.0874711469883828e+73 1.316899780648184e+72 1.3461959894976791e+128 1.4754461407370128e+136 1.5492184477738633e+136 1.6013201396186387e+137 2.245771584490925e+33 2.4566343296204893e+127 1.734857566688664e-288 3.137102196212848e+55 36
7.353938922001623e+103 2.2061816766004866e+104 4.473152361840564e+96 5.147757245401136e+104 6.802168288472019e+88 9.711766227896674e+48 1.0874711469883828e+73 1.2178157305110946e+80 1.5189245348646795e+24 1.7210096242482136e+16 1.5492184477738633e+136 1.6013201396186387e+137 2.796800683267786e-287 2.5296794643150723e+25 2.167781290339044e+153 3.137102196212848e+55 42
1.8173268382538409e+46 2.2061816766004866e+104 4.481574566018354e+54 7.269307353015363e+46 6.802168288472019e+88 9.08236130185368e+102 1.0874711469883828e+73 1.316899780648184e+72 1.3461959894976791e+128 1.4754461407370128e+136 1.5492184477738633e+136 1.6013201396186387e+137 2.245771584490925e+33 2.4566343296204893e+127 2.167781290339044e+153 3.137102196212848e+55 36
7.353938922001623e+103 3.6346536765076817e+46 4.473152361840564e+96 5.147757245401136e+104 8.841342203510553e+62 9.711766227896674e+48 1.0874711469883828e+73 1.2178157305110946e+80 1.3461959894976791e+128 1.4754461407370128e+136 1.5492184477738633e+136 1.6013201396186387e+137 2.267509556082966e+71 2.4566343296204893e+127 2.167781290339044e+153 2.5347863383763195e+97 37
7.353938922001623e+103 2.2061816766004866e+104 4.473152361840564e+96 5.147757245401136e+104 6.802168288472019e+88 9.711766227896674e+48 1.0874711469883828e+73 1.316899780648184e+72 1.3461959894976791e+128 1.7210096242482136e+16 1.5492184477738633e+136 2303477503350694.0 2399455732656973.0 2.4566343296204893e+127 2.167781290339044e+153 2.5347863383763195e+97 39
1.8173268382538409e+46 2.2061816766004866e+104 4.481574566018354e+54 7.269307353015363e+46 6.802168288472019e+88 9.08236130185368e+102 1.1183473375112923e+79 1.316899780648184e+72 1.3461959894976791e+128 1.4754461407370128e+136 1.5492184477738633e+136 1.6013201396186387e+137 2.245771584490925e+33 2.4566343296204893e+127 1.734857566688664e-288 3.137102196212848e+55 36
7.353938922001623e+103 3.6346536765076817e+46 4.473152361840564e+96 5.147757245401136e+104 8.841342203510553e+62 9.08236130185368e+102 1.0874711469883828e+73 1.2178157305110946e+80 1.3461959894976791e+128 1.4754461407370128e+136 1.5492184477738633e+136 1.6013201396186387e+137 2.267509556082966e+71 2.4566343296204893e+127 2.167781290339044e+153 2.5347863383763195e+97 37
1.8173268382538409e+46 2.2061816766004866e+104 4.481574566018354e+54 7.269307353015363e+46 6.802168288472019e+88 9.08236130185368e+102 1.1183473375112923e+79 1.316899780648184e+72 1.3461959894976791e+128 1.4754461407370128e+136 1.5492184477738633e+136 1.6013201396186387e+137 2.245771584490925e+33 2.4566343296204893e+127 2.167781290339044e+153 3.137102196212848e+55 36
1.8173268382538409e+46 2.2061816766004866e+104 4.481574566018354e+54 7.269307353015363e+46 8.841342203510553e+62 9.08236130185368e+102 1.1183473375112923e+79 1.316899780648184e+72 1.3461959894976791e+128 1.4754461407370128e+136 1.5492184477738633e+136 1.6013201396186387e+137 2.267509556082966e+71 2.4566343296204893e+127 2.167781290339044e+153 2.5347863383763195e+97 36
7.353938922001623e+103 2.2061816766004866e+104 4.473152361840564e+96 5.147757245401136e+104 6.802168288472019e+88 9.08236130185368e+102 1.0874711469883828e+73 1.316899780648184e+72 1.3461959894976791e+128 1.4754461407370128e+136 1.5492184477738633e+136 1.6013201396186387e+137 2.245771584490925e+33 2.4566343296204893e+127 2.167781290339044e+153 2.5347863383763195e+97 38
1.8173268382538409e+46 2.2061816766004866e+104 4.481574566018354e+54 7.269307353015363e+46 6.802168288472019e+88 9.08236130185368e+102 1.0874711469883828e+73 1.316899780648184e+72 1.3461959894976791e+128 1.4754461407370128e+136 1.5492184477738633e+136 1.6013201396186387e+137 2.245771584490925e+33 2.4566343296204893e+127 2.167781290339044e+153 3.137102196212848e+55 36
7.353938922001623e+103 2.2061816766004866e+104 4.473152361840564e+96 5.147757245401136e+104 6.802168288472019e+88 9.711766227896674e+48 1.0874711469883828e+73 1.316899780648184e+72 1.3461959894976791e+128 1.7210096242482136e+16 1.5492184477738633e+136 2303477503350694.0 2399455732656973.0 2.4566343296204893e+127 2.167781290339044e+153 2.5347863383763195e+97 39
7.353938922001623e+103 2.2061816766004866e+104 4.473152361840564e+96 5.147757245401136e+104 6.802168288472019e+88 9.711766227896674e+48 1.0874711469883828e+73 1.316899780648184e+72 1.3461959894976791e+128 1.4754461407370128e+136 1.5492184477738633e+136 1.6013201396186387e+137 2.245771584490925e+33 2.5296794643150723e+25 2.167781290339044e+153 2.5347863383763195e+97 40
1.8173268382538409e+46 2.2061816766004866e+104 4.481574566018354e+54 7.269307353015363e+46 6.802168288472019e+88 9.08236130185368e+102 1.0874711469883828e+73 1.316899780648184e+72 1.3461959894976791e+128 1.4754461407370128e+136 1.5492184477738633e+136 1.6013201396186387e+137 2.245771584490925e+33 2.4566343296204893e+127 2.167781290339044e+153 3.137102196212848e+55 36
7.353938922001623e+103 2.2061816766004866e+104 4.473152361840564e+96 5.147757245401136e+104 6.802168288472019e+88 9.711766227896674e+48 1.1183473375112923e+79 1.316899780648184e+72 1.3461959894976791e+128 1.4754461407370128e+136 1.5492184477738633e+136 1.6013201396186387e+137 2.245771584490925e+33 2.5296794643150723e+25 2.167781290339044e+153 2.5347863383763195e+97 40
7.353938922001623e+103 3.6346536765076817e+46 4.473152361840564e+96 5.147757245401136e+104 8.841342203510553e+62 9.08236130185368e+102 1.0874711469883828e+73 1.2178157305110946e+80 1.3461959894976791e+128 1.4754461407370128e+136 1.5492184477738633e+136 1.6013201396186387e+137 2.267509556082966e+71 2.4566343296204893e+127 2.167781290339044e+153 2.5347863383763195e+97 37
1.8173268382538409e+46 2.2061816766004866e+104 4.481574566018354e+54 7.269307353015363e+46 6.802168288472019e+88 9.08236130185368e+102 1.1183473375112923e+79 1.316899780648184e+72 1.3461959894976791e+128 1.4754461407370128e+136 1.5492184477738633e+136 1.6013201396186387e+137 2.245771584490925e+33 2.4566343296204893e+127 2.167781290339044e+153 3.137102196212848e+55 36
1.8173268382538409e+46 2.2061816766004866e+104 4.481574566018354e+54 7.269307353015363e+46 6.802168288472019e+88 9.08236130185368e+102 1.1183473375112923e+79 1.316899780648184e+72 1.3461959894976791e+128 1.4754461407370128e+136 1.5492184477738633e+136 1.6013201396186387e+137 2.245771584490925e+33 2.4566343296204893e+127 1.734857566688664e-288 3.137102196212848e+55 36
7.353938922001623e+103 2.2061816766004866e+104 4.473152361840564e+96 5.147757245401136e+104 6.802168288472019e+88 9.711766227896674e+48 1.0874711469883828e+73 1.316899780648184e+72 1.3461959894976791e+128 1.7210096242482136e+16 1.5492184477738633e+136 2303477503350694.0 2399455732656973.0 2.4566343296204893e+127 2.167781290339044e+153 2.5347863383763195e+97 39
7.353938922001623e+103 3.6346536765076817e+46 4.473152361840564e+96 5.147757245401136e+104 8.841342203510553e+62 9.08236130185368e+102 1.0874711469883828e+73 1.2178157305110946e+80 1.3461959894976791e+128 1.4754461407370128e+136 1.5492184477738633e+136 1.6013201396186387e+137 2.267509556082966e+71 2.4566343296204893e+127 2.167781290339044e+153 2.5347863383763195e+97 37
7.353938922001623e+103 3.6346536765076817e+46 4.473152361840564e+96 5.147757245401136e+104 8.841342203510553e+62 9.711766227896674e+48 1.1183473375112923e+79 1.2178157305110946e+80 1.3461959894976791e+128 1.4754461407370128e+136 1.5492184477738633e+136 1.6013201396186387e+137 2.267509556082966e+71 2.4566343296204893e+127 2.167781290339044e+153 2.5347863383763195e+97 37
7.353938922001623e+103 3.6346536765076817e+46 4.473152361840564e+96 5.147757245401136e+104 8.841342203510553e+62 9.711766227896674e+48 1.0874711469883828e+73 1.2178157305110946e+80 1.3461959894976791e+128 1.4754461407370128e+136 1.5492184477738633e+136 1.6013201396186387e+137 2.267509556082966e+71 2.4566343296204893e+127 2.167781290339044e+153 2.5347863383763195e+97 37
7.353938922001623e+103 2.2061816766004866e+104 4.473152361840564e+96 5.147757245401136e+104 6.802168288472019e+88 9.711766227896674e+48 1.0874711469883828e+73 1.2178157305110946e+80 1.5189245348646795e+24 1.7210096242482136e+16 1.5492184477738633e+136 1.6013201396186387e+137 28217150.43268323 2.5296794643150723e+25 2.167781290339044e+153 2.5347863383763195e+97 42
7.353938922001623e+103 2.2061816766004866e+104 4.473152361840564e+96 5.147757245401136e+104 6.802168288472019e+88 9.711766227896674e+48 1.1183473375112923e+79 1.316899780648184e+72 1.3461959894976791e+128 1.7210096242482136e+16 1.5492184477738633e+136 2303477503350694.0 2399455732656973.0 2.4566343296204893e+127 2.167781290339044e+153 2.5347863383763195e+97 39
1.8173268382538409e+46 2.2061816766004866e+104 4.481574566018354e+54 7.269307353015363e+46 6.802168288472019e+88 9.08236130185368e+102 1.0874711469883828e+73 1.316899780648184e+72 1.3461959894976791e+128 1.4754461407370128e+136 1.5492184477738633e+136 1.6013201396186387e+137 2.245771584490925e+33 2.4566343296204893e+127 2.167781290339044e+153 3.137102196212848e+55 36
1.8173268382538409e+46 2.2061816766004866e+104 4.481574566018354e+54 7.269307353015363e+46 6.802168288472019e+88 9.08236130185368e+102 1.1183473375112923e+79 1.316899780648184e+72 1.3461959894976791e+128 1.4754461407370128e+136 1.5492184477738633e+136 1.6013201396186387e+137 2.267509556082966e+71 2.5296794643150723e+25 2.167781290339044e+153 3.137102196212848e+55 36
7.353938922001623e+103 2.2061816766004866e+104 4.473152361840564e+96 5.147757245401136e+104 6.802168288472019e+88 9.711766227896674e+48 1.1183473375112923e+79 1.316899780648184e+72 1.3461959894976791e+128 1.7210096242482136e+16 1.5492184477738633e+136 2303477503350694.0 2399455732656973.0 2.4566343296204893e+127 1.734857566688664e-288 2.5347863383763195e+97 39
1.8173268382538409e+46 2.2061816766004866e+104 4.481574566018354e+54 7.269307353015363e+46 6.802168288472019e+88 9.08236130185368e+102 1.1183473375112923e+79 1.316899780648184e+72 1.3461959894976791e+128 1.4754461407370128e+136 1.5492184477738633e+136 1.6013201396186387e+137 2.245771584490925e+33 2.4566343296204893e+127 2.167781290339044e+153 3.137102196212848e+55 36
1.8173268382538409e+46 2.2061816766004866e+104 4.481574566018354e+54 7.269307353015363e+46 6.802168288472019e+88 9.08236130185368e+102 1.1183473375112923e+79 1.316899780648184e+72 1.3461959894976791e+128 1.4754461407370128e+136 1.5492184477738633e+136 1.6013201396186387e+137 2.245771584490925e+33 2.4566343296204893e+127 1.734857566688664e-288 3.137102196212848e+55 36
7.353938922001623e+103 3.6346536765076817e+46 4.473152361840564e+96 5.147757245401136e+104 8.841342203510553e+62 9.08236130185368e+102 1.0874711469883828e+73 1.2178157305110946e+80 1.3461959894976791e+128 1.4754461407370128e+136 1.5492184477738633e+136 1.6013201396186387e+137 2.267509556082966e+71 2.4566343296204893e+127 2.167781290339044e+153 3.137102196212848e+55 37
1.8173268382538409e+46 2.2061816766004866e+104 4.481574566018354e+54 7.269307353015363e+46 6.802168288472019e+88 9.08236130185368e+102 1.1183473375112923e+79 1.316899780648184e+72 1.3461959894976791e+128 1.4754461407370128e+136 1.5492184477738633e+136 1.6013201396186387e+137 2.267509556082966e+71 2.5296794643150723e+25 2.167781290339044e+153 3.137102196212848e+55 36
1.8173268382538409e+46 2.2061816766004866e+104 4.481574566018354e+54 7.269307353015363e+46 6.802168288472019e+88 9.08236130185368e+102 1.1183473375112923e+79 1.316899780648184e+72 1.3461959894976791e+128 1.4754461407370128e+136 1.5492184477738633e+136 1.6013201396186387e+137 2.245771584490925e+33 2.4566343296204893e+127 2.167781290339044e+153 3.137102196212848e+55 36
1.8173268382538409e+46 2.2061816766004866e+104 4.481574566018354e+54 7.269307353015363e+46 6.802168288472019e+88 9.08236130185368e+102 1.0874711469883828e+73 1.316899780648184e+72 1.3461959894976791e+128 1.4754461407370128e+136 1.5492184477738633e+136 1.6013201396186387e+137 2.267509556082966e+71 2.5296794643150723e+25 1.734857566688664e-288 3.137102196212848e+55 36
7.353938922001623e+103 2.2061816766004866e+104 4.473152361840564e+96 5.147757245401136e+104 6.802168288472019e+88 9.711766227896674e+48 1.0874711469883828e+73 1.2178157305110946e+80 1.5189245348646795e+24 1.7210096242482136e+16 1.5492184477738633e+136 1.6013201396186387e+137 2.796800683267786e-287 2.5296794643150723e+25 2.167781290339044e+153 3.137102196212848e+55 42
7.353938922001623e+103 2.2061816766004866e+104 4.473152361840564e+96 5.147757245401136e+104 6.802168288472019e+88 9.711766227896674e+48 1.0874711469883828e+73 1.2178157305110946e+80 1.5189245348646795e+24 1.7210096242482136e+16 1.5492184477738633e+136 1.6013201396186387e+137 28217150.43268323 2.5296794643150723e+25 2.167781290339044e+153 2.5347863383763195e+97 42
1.8173268382538409e+46 2.2061816766004866e+104 4.481574566018354e+54 7.269307353015363e+46 6.802168288472019e+88 9.08236130185368e+102 1.1183473375112923e+79 1.316899780648184e+72 1.3461959894976791e+128 1.4754461407370128e+136 1.5492184477738633e+136 1.6013201396186387e+137 2.245771584490925e+33 2.4566343296204893e+127 2.167781290339044e+153 3.137102196212848e+55 36
7.353938922001623e+103 2.2061816766004866e+104 4.473152361840564e+96 5.147757245401136e+104 6.802168288472019e+88 9.711766227896674e+48 1.1183473375112923e+79 1.316899780648184e+72 1.3461959894976791e+128 1.7210096242482136e+16 1.5492184477738633e+136 2303477503350694.0 2399455732656973.0 2.4566343296204893e+127 2.167781290339044e+153 2.5347863383763195e+97 39
1.8173268382538409e+46 2.2061816766004866e+104 4.481574566018354e+54 7.269307353015363e+46 8.841342203510553e+62 9.08236130185368e+102 1.1183473375112923e+79 1.316899780648184e+72 1.3461959894976791e+128 1.4754461407370128e+136 1.5492184477738633e+136 1.6013201396186387e+137 2.267509556082966e+71 2.4566343296204893e+127 2.167781290339044e+153 2.5347863383763195e+97 36
